#----------------------------------------------------------------------------------------------------------------------------------------------------------
# Output file for vampire simulation
#   time       : 2025-06-06 20:48:41     process id : 1698954
#   hostname   : thor8.psi.ch
#   path       : /scratch/dossan_f/Na2BaMn(PO4)2/vampire_tripleUC_3mat_2d_k0.35_Jnn0.11/output-Field8-0T-Ba_high_res_steps10000x10000/run_T_0.400
#   version    : 6.0.0
#   githash    : 4c9651daecc86c3e6b6df0c8055fcd9e89fd900c
#----------------------------------------------------------------------------------------------------------------------------------------------------------
2e-11      	8          	0.999728   	0.000516408	0.000741153	0.956958   	0.999913   	-0.000575496	-7.05246e-05	0.957107   	0.999779   	9.01496e-05	-0.000748059	0.95689    	36.1861    	1.49216    	4.98158    	26.8305    	21.2889    	3.16147    	1.20023    	18.6842    	38.6089    	0.630467   	2.22559    	32.7227    	7503.46	2831.03	8440.93	0.999999   	-2.58481e-05	-3.67283e-06	0.956917   	94.5293    	0.140193   	0.121701   	94.5071    	17868.5	
3e-11      	7.8        	0.999992   	3.39535e-05	2.8454e-05 	0.954301   	0.999992   	4.12926e-05	0.000103605	0.954318   	0.999992   	-2.43779e-05	-3.06002e-05	0.954292   	0.0176293  	0.50454    	0.652671   	0.017608   	0.0174432  	0.509506   	0.624      	0.0174343  	0.0170791  	0.526355   	0.62564    	0.0170775  	5.58637	5.59285	5.58475	0.999999   	1.69254e-05	3.38208e-05	0.954297   	0.0191439  	0.125936   	0.127838   	0.0191439  	1.38834	
4e-11      	7.6        	0.999991   	-2.87446e-05	0.000118946	0.950288   	0.999991   	5.29179e-05	-0.000355412	0.95025    	0.999991   	-5.68993e-05	0.000252068	0.950251   	0.0213046  	0.651632   	0.71122    	0.021315   	0.0211911  	0.588995   	0.728543   	0.0211708  	0.0218596  	0.594549   	0.710744   	0.0218448  	6.37572	6.12026	6.33724	0.999999   	-1.09189e-05	5.23837e-06	0.950255   	0.0239497  	0.121894   	0.130779   	0.0239502  	1.42528	
5e-11      	7.4        	0.99999    	-0.000240559	8.66256e-05	0.945493   	0.999989   	0.000381052	-8.06116e-05	0.945463   	0.99999    	-0.000143073	-5.7734e-05	0.94546    	0.0250346  	0.619991   	0.819697   	0.0250502  	0.0242293  	0.647291   	0.882618   	0.0242279  	0.0247897  	0.625208   	0.833359   	0.0247728  	6.76333	6.58514	6.7425	0.999999   	-8.80202e-07	-1.72118e-05	0.945463   	0.0268839  	0.128859   	0.131508   	0.0268831  	1.34861	
6e-11      	7.2        	0.999987   	0.00017298 	-0.000171001	0.93967    	0.999987   	-0.000288091	0.000175357	0.939678   	0.999987   	8.72075e-05	8.98264e-06	0.939675   	0.0302709  	0.785991   	1.06263    	0.0302794  	0.0318304  	0.806084   	1.06949    	0.0318511  	0.0291928  	0.796319   	1.06112    	0.0292029  	7.43595	7.70645	7.09023	0.999999   	-9.30833e-06	4.42686e-06	0.939663   	0.0338722  	0.129946   	0.135625   	0.0338711  	1.32399	
7e-11      	7          	0.999984   	-5.81449e-06	-0.000133465	0.932637   	0.999983   	6.19329e-05	-6.00935e-05	0.932668   	0.999984   	5.6242e-05 	0.000152317	0.932665   	0.0378857  	0.967105   	1.33885    	0.0378489  	0.0402378  	0.942771   	1.39014    	0.0402317  	0.0372907  	0.949323   	1.32015    	0.0372952  	8.42046	8.77652	8.2851	0.999999   	3.74374e-05	-1.37704e-05	0.932642   	0.042408   	0.132766   	0.137599   	0.0424099  	1.31063	
8e-11      	6.8        	0.99998    	3.03317e-05	-0.000222594	0.924022   	0.999979   	8.54096e-05	6.58437e-05	0.924002   	0.999979   	-4.24812e-05	0.000176573	0.92404    	0.0479404  	1.10356    	1.57708    	0.0478903  	0.0494049  	1.0635     	1.77984    	0.0493665  	0.0473644  	1.10193    	1.72223    	0.0473154  	9.6686	9.45854	9.26839	0.999999   	2.44862e-05	6.65243e-06	0.924003   	0.0527832  	0.135856   	0.139744   	0.0527866  	1.23277	
9e-11      	6.6        	0.999968   	-7.99637e-05	-0.000886698	0.913238   	0.999969   	4.52329e-05	0.000809351	0.913297   	0.999967   	-3.31741e-05	0.000109931	0.913295   	0.0630831  	1.64922    	2.66366    	0.062953   	0.0671901  	1.44331    	2.6265     	0.0670987  	0.064033   	1.47991    	2.9376     	0.0638021  	11.278	12.3063	11.5365	0.999999   	-2.27801e-05	1.09939e-05	0.913248   	0.0670435  	0.137776   	0.138865   	0.0670425  	1.21609	
1e-10      	6.4        	0.99995    	0.000191074	-0.0014824 	0.899874   	0.999955   	-0.00101222	-0.000612569	0.899936   	0.999955   	0.000749051	0.0020892  	0.899875   	0.0895213  	2.20571    	4.12336    	0.089624   	0.0877716  	1.9172     	3.85763    	0.0882258  	0.0945294  	2.07188    	3.52899    	0.0937287  	14.1821	14.6342	14.4556	0.999999   	-2.38683e-05	-2.0443e-06	0.899854   	0.0890488  	0.142873   	0.146627   	0.0890504  	1.15606	
1.1e-10    	6.2        	0.999894   	0.000229729	-0.00355365	0.88294    	0.999926   	0.000370668	0.00184595 	0.882947   	0.999922   	-0.000532237	0.00171769 	0.882872   	0.126057   	2.4549     	10.0733    	0.12476    	0.139908   	2.58112    	6.44256    	0.13886    	0.134056   	2.22139    	7.34921    	0.134714   	18.1474	19.9806	19.5087	0.999999   	2.28036e-05	3.47719e-06	0.882845   	0.106913   	0.142819   	0.14419    	0.106915   	1.16056	
1.2e-10    	6          	0.999831   	-0.000214904	0.00810892 	0.861458   	0.99975    	-0.000867893	-0.0114417 	0.861935   	0.999846   	0.00110911 	0.00336291 	0.861192   	0.193086   	4.12885    	12.1446    	0.191122   	0.212486   	3.37974    	18.6561    	0.215072   	0.223812   	3.72347    	13.9317    	0.222033   	24.6562	24.7645	25.496	0.999999   	8.69093e-06	1.04927e-05	0.861365   	0.166218   	0.14424    	0.147552   	0.166219   	1.55122	
1.3e-10    	5.8        	0.99735    	0.000502831	0.0153702  	0.834711   	0.998532   	8.94606e-05	-0.040564  	0.836246   	0.997614   	-0.000567093	0.0251335  	0.835049   	0.583405   	3.66301    	280.245    	0.514059   	0.759543   	3.52441    	69.2611    	0.830661   	0.816793   	3.97006    	229.788    	1.279      	52.825	78.1346	76.3613	0.999999   	1.04485e-05	-7.06472e-06	0.833522   	0.308118   	0.141256   	0.145893   	0.308125   	3.46716	
1.4e-10    	5.6        	0.993774   	0.00140357 	-0.090155  	0.802486   	0.99959    	-0.000519534	-0.00717056	0.78839    	0.994271   	-0.00094792	0.0951064  	0.823243   	1.89711    	3.93323    	220.268    	3.31072    	12.9785    	4.00241    	34.5313    	12.8965    	6.99355    	3.72864    	122.206    	3.04421    	184.684	952.295	770.426	0.999999   	-1.44974e-05	1.31357e-05	0.80136    	0.395582   	0.145661   	0.149584   	0.395576   	7.01863	
1.5e-10    	5.4        	0.998398   	-0.000157142	0.0353818  	0.778393   	0.998705   	0.000307022	-0.0214971 	0.743649   	0.999221   	-9.32901e-05	-0.014558  	0.79319    	4.85919    	2.9979     	92.5935    	5.30284    	8.15363    	2.98143    	90.3979    	7.3644     	3.04673    	3.72558    	64.5129    	3.08413    	398.172	675.12	246.861	0.999999   	2.02135e-05	7.92223e-05	0.770802   	0.200509   	0.1422     	0.150415   	0.200508   	2.10138	
1.6e-10    	5.2        	0.998366   	-0.0011036 	0.0304512  	0.768318   	0.997789   	0.000290304	0.0575862  	0.695848   	0.995023   	0.000802217	-0.08367   	0.767226   	2.84136    	3.01896    	107.968    	2.81273    	4.25974    	3.08465    	39.4847    	3.93928    	4.96942    	3.26433    	135.15     	3.85827    	222.666	319.928	378.016	0.999999   	-1.90218e-05	-0.000262695	0.741595   	0.193869   	0.141312   	0.150668   	0.193867   	2.1689	
1.7e-10    	5          	0.999144   	0.00124579 	0.0237108  	0.734409   	0.998723   	-0.000632904	0.0405656  	0.662124   	0.997338   	-0.000739111	-0.0601652 	0.745636   	6.56502    	3.86495    	45.2659    	5.97835    	24.3564    	3.25238    	29.3416    	24.9087    	13.5214    	3.90965    	70.2667    	11.3046    	456.238	1678.8	937.224	0.999999   	-2.23702e-05	-0.000120962	0.712909   	0.177802   	0.141695   	0.149398   	0.177799   	1.79498	
1.8e-10    	4.8        	0.999325   	-0.000335389	0.00876691 	0.674711   	0.998907   	0.00164659 	0.0290105  	0.668931   	0.998318   	-0.00115463	-0.0337664 	0.712305   	14.1266    	3.94358    	43.5365    	14.3901    	27.904     	3.45603    	44.8631    	27.5599    	10.3247    	3.76117    	88.8454    	11.3648    	892.242	1760.17	664.737	0.999999   	1.23148e-05	0.000329097	0.684519   	0.160902   	0.141176   	0.159624   	0.160902   	1.79988	
1.9e-10    	4.6        	0.991375   	0.000105268	0.118996   	0.618855   	0.999169   	-0.000401808	0.00278738 	0.685757   	0.993236   	0.000136597	-0.11055   	0.674713   	5.51073    	3.28742    	89.6337    	5.77216    	21.8336    	3.76479    	60.0016    	22.3359    	18.3664    	3.29576    	40.7908    	15.8323    	325.255	1271.65	1055.4	0.999998   	-5.01486e-05	0.000430437	0.656286   	0.168697   	0.139662   	0.159934   	0.168699   	1.67245	
2e-10      	4.4        	0.988126   	0.000439217	0.149534   	0.61532    	0.999157   	0.00027912 	0.0268216  	0.654059   	0.984067   	-0.000750283	-0.174064  	0.63322    	9.54885    	2.9496     	31.7703    	6.17697    	20.4139    	3.2589     	29.4554    	20.0453    	9.74213    	3.57003    	38.2042    	8.7984     	506.307	1066.9	515.157	0.999998   	1.24916e-05	-0.000465075	0.628229   	0.157998   	0.145604   	0.168831   	0.157994   	1.79508	
2.1e-10    	4.2        	0.98075    	-0.000274415	0.193114   	0.555707   	0.999195   	-0.000454201	0.00492255 	0.652096   	0.982898   	0.000691524	-0.181025  	0.61468    	32.5681    	3.6568     	11.5346    	27.1077    	21.1895    	3.73633    	50.3254    	20.9901    	3.89452    	3.68696    	31.014     	3.80536    	1518.75	1024.74	196.783	0.999998   	-2.33034e-06	-0.000823885	0.600272   	0.15593    	0.143387   	0.177832   	0.155923   	1.72016	
2.2e-10    	4          	0.977486   	0.00287009 	0.209241   	0.479833   	0.999201   	-0.00341034	0.0270266  	0.649005   	0.981131   	0.0013794  	-0.191378  	0.610714   	12.3569    	3.62199    	8.06912    	10.3335    	5.51703    	3.42077    	26.0764    	5.76721    	9.35656    	3.6886     	20.4314    	11.0286    	518.699	242.342	400.149	0.999998   	-1.86783e-05	0.000485184	0.572238   	0.159132   	0.141351   	0.21472    	0.159143   	1.7864	
2.3e-10    	3.8        	0.974776   	-0.00444336	0.221074   	0.447346   	0.999724   	0.00207163 	0.0124859  	0.629068   	0.982443   	0.00111664 	-0.185153  	0.578324   	6.78436    	3.86052    	9.66264    	5.53258    	6.75885    	4.22142    	8.14331    	6.69609    	5.79624    	3.59443    	10.8907    	6.21995    	269.164	264.142	232.782	0.999998   	-2.73738e-05	-0.000269227	0.54438    	0.16295    	0.141543   	0.197142   	0.162947   	1.67147	
2.4e-10    	3.6        	0.969551   	-0.000708672	0.243146   	0.415969   	0.999789   	0.000208082	-0.00441199	0.604513   	0.983556   	0.000266436	-0.178883  	0.550633   	6.10679    	4.40406    	6.10138    	4.8197     	8.23232    	3.91095    	7.98491    	8.23911    	3.59456    	4.84485    	9.6579     	2.99418    	208.018	280.313	134.685	0.999998   	8.68464e-07	-4.06098e-05	0.51643    	0.166187   	0.136803   	0.182996   	0.16618    	1.77104	
2.5e-10    	3.4        	0.960292   	-0.000793308	0.278143   	0.381079   	0.999861   	0.00350838 	0.00300433 	0.586394   	0.978568   	-0.0034422 	-0.205021  	0.524525   	5.88593    	3.00459    	1.93474    	5.27435    	3.29562    	3.81482    	3.32383    	3.29476    	5.41231    	4.15901    	3.56745    	5.17672    	182.49	109.678	168.218	0.999997   	-3.37119e-05	0.000124985	0.488522   	0.149928   	0.142113   	0.20235    	0.149923   	1.75275	
2.6e-10    	3.2        	0.949664   	-0.00228104	0.312373   	0.344823   	0.99988    	-0.000413671	-0.00188067	0.567592   	0.976731   	0.0020686  	-0.213783  	0.498384   	7.82653    	3.08003    	1.20041    	6.78751    	2.63092    	3.81629    	2.32074    	2.63486    	4.82706    	3.94856    	1.9042     	4.87278    	205.446	80.2798	133.991	0.999997   	3.70063e-05	1.62872e-05	0.460603   	0.161177   	0.141483   	0.190962   	0.161183   	1.88677	
2.7e-10    	3          	0.934538   	0.000923351	0.355058   	0.307934   	0.999884   	0.00200336 	0.000523856	0.54806    	0.97287    	-0.00300616	-0.230636  	0.475233   	3.41337    	3.44228    	0.669566   	3.1438     	2.26862    	4.18091    	1.33747    	2.26435    	3.071      	4.43278    	1.24587    	2.88731    	86.9301	63.6967	78.649	0.999996   	-1.56861e-05	4.53347e-06	0.432711   	0.153769   	0.138553   	0.192701   	0.153778   	1.67917	
2.8e-10    	2.8        	0.916244   	-0.00221682	0.399357   	0.276294   	0.999858   	-0.000467574	0.000283814	0.526263   	0.969058   	0.00210053 	-0.246098  	0.448808   	3.19789    	5.21745    	0.526086   	2.75762    	1.90691    	5.37858    	0.943722   	1.90986    	2.28816    	4.86977    	0.783522   	2.13562    	70.9548	48.7658	59.5588	0.999996   	4.61517e-05	8.91023e-06	0.404763   	0.151084   	0.142408   	0.1753     	0.151085   	1.7959	
2.9e-10    	2.6        	0.887623   	0.00178705 	0.459185   	0.242396   	0.999852   	0.00118039 	0.000527575	0.505807   	0.964643   	-0.00200455	-0.262952  	0.424428   	3.06017    	5.04986    	0.40517    	2.50224    	1.6698     	5.24999    	0.813364   	1.67411    	2.26153    	3.75133    	0.661603   	2.09242    	63.4539	39.7009	51.0673	0.999996   	0.000101082	-5.95282e-05	0.376782   	0.157693   	0.139777   	0.164999   	0.157699   	1.60293	
3e-10      	2.4        	0.846796   	0.00184592 	0.530541   	0.211567   	0.999845   	0.000156386	-0.000850262	0.485809   	0.959374   	-0.00127832	-0.281441  	0.397792   	2.43784    	4.38892    	0.308873   	1.85855    	1.50062    	5.28762    	0.606851   	1.49811    	2.04504    	4.37325    	0.482731   	1.93096    	46.397	33.7144	39.9438	0.999994   	-3.26166e-05	-0.000153401	0.348853   	0.149183   	0.144505   	0.185531   	0.149198   	1.6882	
3.1e-10    	2.2        	0.781439   	-0.00469561	0.622382   	0.180591   	0.999826   	0.00644963 	-0.000162524	0.464251   	0.953837   	-0.00588361	-0.299563  	0.374532   	2.10609    	4.24692    	0.238355   	1.4211     	1.30995    	4.82137    	0.521798   	1.31669    	1.93556    	4.23038    	0.42182    	1.80118    	40.3498	27.9951	36.3564	0.999994   	-4.63323e-05	9.40047e-05	0.320861   	0.157646   	0.144589   	0.176198   	0.157644   	1.75137	
3.2e-10    	2          	0.684089   	-0.0053329 	0.727168   	0.154391   	0.999798   	0.0014883  	5.00043e-05	0.44192    	0.94679    	0.000312012	-0.320946  	0.34974    	2.55696    	4.66411    	0.228667   	1.2726     	1.75074    	5.85825    	0.492471   	1.75945    	1.9228     	5.15459    	0.421422   	1.75045    	37.1489	29.3839	29.4257	0.999992   	-7.72401e-05	-5.73359e-06	0.292886   	0.152907   	0.147251   	0.168338   	0.152899   	1.7219	
3.3e-10    	1.8        	0.530801   	-0.0026742 	0.844328   	0.132868   	0.999703   	0.00556467 	0.000531693	0.420487   	0.93751    	-0.00608423	-0.346653  	0.323756   	2.20153    	6.03648    	0.272275   	0.855808   	1.16847    	7.54363    	0.488953   	1.17182    	1.71713    	6.72172    	0.464765   	1.57068    	30.208	21.0169	27.1265	0.999991   	1.314e-05  	0.000182264	0.264831   	0.154949   	0.143953   	0.172981   	0.154927   	1.73485	
3.4e-10    	1.6        	0.295504   	0.00894026 	0.952237   	0.117345   	0.999751   	0.00655212 	0.000120873	0.398633   	0.926804   	-0.0126165 	-0.373918  	0.298921   	1.83674    	4.81317    	0.289214   	0.451167   	1.43188    	5.26308    	0.55639    	1.42897    	1.619      	6.94678    	0.507442   	1.45561    	25.4628	22.249	23.6104	0.999988   	-0.000157053	2.13093e-05	0.236771   	0.157523   	0.147188   	0.166657   	0.157495   	1.761	
3.5e-10    	1.4        	-0.0255149 	0.0123554  	0.994796   	0.111743   	0.999622   	0.00715779 	-0.00117515	0.378253   	0.913703   	-0.014662  	-0.403856  	0.274549   	2.72689    	6.99423    	0.355682   	0.388019   	1.54856    	7.43646    	0.687783   	1.55815    	1.60764    	10.5129    	0.47554    	1.44841    	30.6056	20.8823	21.5562	0.999985   	0.000144778	-0.000230692	0.208708   	0.154387   	0.146025   	0.178384   	0.154377   	1.65637	
3.6e-10    	1.2        	-0.315961  	0.0186416  	0.944386   	0.116908   	0.999293   	-0.0109303 	-0.000612665	0.355398   	0.89622    	0.00616452 	-0.441657  	0.249421   	2.65344    	6.27331    	0.407636   	0.561606   	1.51199    	12.4579    	0.71858    	1.50664    	1.95484    	7.57925    	0.746091   	1.79493    	26.1406	18.031	21.0291	0.999979   	-0.000268084	5.53947e-05	0.180569   	0.154391   	0.146835   	0.17622    	0.15436    	1.66912	
3.7e-10    	1          	-0.551978  	-0.0279714 	0.829201   	0.131619   	0.998896   	-0.0104911 	-0.000716364	0.332799   	0.873022   	0.0314214  	-0.481841  	0.226067   	2.56767    	7.66524    	0.535127   	1.02652    	2.09727    	17.364     	1.22144    	2.01945    	2.1213     	18.2812    	0.972637   	2.09504    	22.2882	18.2076	20.6966	0.999971   	-0.00023598	-0.000141629	0.152365   	0.158062   	0.145293   	0.177402   	0.158042   	1.64755	
3.8e-10    	0.8        	-0.697202  	0.0310009  	0.713085   	0.150249   	0.998702   	-0.0129123 	0.00255292 	0.308756   	0.840621   	-0.00277301	-0.537348  	0.200874   	2.61404    	6.32556    	0.714034   	1.50143    	1.52115    	17.0369    	1.59755    	1.5274     	2.33771    	13.5698    	1.21853    	2.12537    	19.5119	15.1942	17.2502	0.999955   	0.000309999	-0.000118795	0.124145   	0.155383   	0.154065   	0.177705   	0.155367   	1.63703	
3.9e-10    	0.6        	-0.799225  	0.0263908  	0.59638    	0.178404   	0.998504   	-0.00767963	-0.00695032	0.284886   	0.80815    	-0.0156298 	-0.581012  	0.179994   	3.59353    	10.4977    	1.45444    	3.06069    	2.48573    	16.1907    	2.56999    	2.43466    	3.44053    	21.5822    	2.18805    	3.56273    	18.0837	15.1593	16.7467	0.99992    	-0.00115421	-0.000732328	0.095778   	0.1556     	0.174533   	0.178098   	0.155596   	1.56697	
4e-10      	0.4        	-0.859586  	-0.0353772 	0.502832   	0.205047   	0.996035   	-0.0369449 	-0.00128483	0.262941   	0.740982   	0.108126   	-0.65474   	0.156897   	4.56891    	21.1166    	1.74168    	3.78246    	3.03587    	31.9324    	4.72425    	3.02946    	3.59253    	17.397     	3.17423    	3.3105     	17.7165	14.7662	15.534	0.999838   	0.000378397	-3.84839e-05	0.0672937  	0.163648   	0.153135   	0.201212   	0.1637     	1.64975	
4.1e-10    	0.2        	-0.892505  	0.0888741  	0.431915   	0.231867   	0.987853   	-0.0931768 	-0.00297549	0.235703   	0.651612   	0.00704275 	-0.72512   	0.137385   	10.7973    	34.6282    	2.49681    	8.36681    	6.72095    	62.3529    	8.1271     	7.32966    	5.38665    	71.0293    	6.78642    	6.7102     	24.2712	15.3998	14.8802	0.999471   	-0.00573242	-0.0024857 	0.0384115  	0.165187   	0.157724   	0.204765   	0.164899   	1.61963	
4.2e-10    	-0         	-0.91019   	0.0552465  	0.395907   	0.228182   	0.941931   	-0.176796  	0.231213   	0.194845   	0.319942   	0.126901   	-0.923263  	0.143163   	41.8681    	44.4886    	7.69766    	46.0328    	34.7823    	36.979     	42.4566    	27.9581    	19.3755    	39.5163    	35.3007    	48.0627    	21.6322	35.5502	27.7223	0.973862   	-0.0725177 	0.100926   	0.00772924 	0.320211   	0.172983   	0.298197   	0.283492   	1.64794	
