#----------------------------------------------------------------------------------------------------------------------------------------------------------
# Output file for vampire simulation
#   time       : 2025-06-06 20:48:41     process id : 1784486
#   hostname   : thor9.psi.ch
#   path       : /scratch/dossan_f/Na2BaMn(PO4)2/vampire_tripleUC_3mat_2d_k0.35_Jnn0.11/output-Field8-0T-Ba_high_res_steps10000x10000/run_T_0.450
#   version    : 6.0.0
#   githash    : 4c9651daecc86c3e6b6df0c8055fcd9e89fd900c
#----------------------------------------------------------------------------------------------------------------------------------------------------------
2e-11      	8          	0.999752   	0.000135064	0.00107342 	0.95263    	0.999713   	-0.000127902	-0.000829787	0.952263   	0.999823   	-0.000232003	-0.000676096	0.952373   	17.3276    	0.922147   	12.1092    	9.45888    	34.9256    	0.541205   	3.85245    	27.4616    	26.7032    	0.925164   	3.20012    	21.9927    	2028.98	7494.59	4726.99	0.999999   	-5.83993e-05	-4.14255e-06	0.952321   	77.3486    	0.149168   	0.124175   	77.3108    	13315.4	
3e-11      	7.8        	0.999992   	-5.89686e-05	1.3091e-07 	0.949423   	0.999992   	-5.41281e-05	0.000180351	0.949402   	0.999991   	0.000132377	-0.000181381	0.94939    	0.0197174  	0.486851   	0.57406    	0.0197081  	0.0189264  	0.466377   	0.61379    	0.0188975  	0.0190442  	0.498221   	0.609425   	0.0190583  	5.87523	5.53059	5.62575	0.999999   	6.42077e-06	-3.07551e-07	0.949398   	0.0204341  	0.118692   	0.125787   	0.0204351  	1.36839	
4e-11      	7.6        	0.99999    	-9.47843e-05	6.56546e-05	0.945068   	0.999989   	-1.0568e-05	-0.000309486	0.945084   	0.999991   	0.000132129	0.000252528	0.945083   	0.0224404  	0.567945   	0.693535   	0.0224328  	0.0219956  	0.584286   	0.775221   	0.0220027  	0.0219661  	0.554216   	0.647604   	0.0219403  	6.01805	6.0632	5.95398	0.999999   	8.85578e-06	2.8851e-06 	0.94507    	0.0236714  	0.121335   	0.127369   	0.0236709  	1.34255	
5e-11      	7.4        	0.999988   	-0.000266937	0.000191219	0.940006   	0.999989   	5.2484e-05 	7.54369e-05	0.939987   	0.999989   	0.000146595	-0.000167352	0.939956   	0.0262513  	0.670927   	0.789271   	0.026249   	0.0268948  	0.636177   	0.728001   	0.0268779  	0.0266931  	0.618431   	0.794926   	0.0266963  	6.76361	6.67275	6.61557	0.999999   	-2.26103e-05	3.31043e-05	0.939973   	0.0274603  	0.124368   	0.128717   	0.0274611  	1.29585	
6e-11      	7.2        	0.999987   	0.000263256	-0.00010265	0.933944   	0.999987   	-0.0004565 	-5.09534e-05	0.933926   	0.999986   	0.000130979	0.000179198	0.933905   	0.0313764  	0.744825   	0.927245   	0.0313778  	0.0326599  	0.777887   	0.860094   	0.0326174  	0.0340315  	0.760002   	1.00048    	0.0340166  	7.38802	7.35261	7.91053	0.999999   	-2.07632e-05	8.47453e-06	0.933913   	0.0321392  	0.133241   	0.132458   	0.0321397  	1.24923	
7e-11      	7          	0.999982   	0.00017166 	-0.000539525	0.926626   	0.999984   	5.1642e-06 	0.000193804	0.926671   	0.999984   	-0.000231766	0.000325246	0.92664    	0.0415831  	0.905349   	1.24532    	0.041611   	0.0413862  	0.875948   	1.10067    	0.0413921  	0.0419158  	0.886439   	1.08204    	0.0419421  	8.19377	8.45112	8.31817	0.999999   	-1.82354e-05	-6.82897e-06	0.926631   	0.0455372  	0.131643   	0.135001   	0.0455364  	1.33426	
8e-11      	6.8        	0.999979   	0.0001302  	-0.00032606	0.917872   	0.999979   	0.000158401	-0.000215911	0.917924   	0.999976   	-0.000232199	0.000465763	0.917882   	0.0504445  	1.02527    	1.51733    	0.0503141  	0.0497944  	1.02765    	1.52874    	0.0498141  	0.0521692  	1.23444    	1.66635    	0.052247   	9.33738	9.16745	9.6913	0.999999   	1.90447e-05	-2.53382e-05	0.917873   	0.0523392  	0.135223   	0.138508   	0.0523397  	1.21435	
9e-11      	6.6        	0.999972   	0.000365321	0.000164277	0.907279   	0.999969   	0.00024344 	-6.799e-05 	0.907212   	0.999971   	-0.000623767	-6.13804e-05	0.907203   	0.06475    	1.22203    	2.11874    	0.0650245  	0.0681436  	1.4946     	2.21021    	0.068108   	0.0595845  	1.35881    	2.06406    	0.0596435  	10.5708	11.3024	10.6558	0.999999   	-4.93419e-06	1.15753e-05	0.907205   	0.0621094  	0.136274   	0.142342   	0.0621134  	1.15467	
1e-10      	6.4        	0.999956   	-0.000367947	-0.000482155	0.894061   	0.999958   	-3.30657e-05	-0.000333134	0.894136   	0.999957   	0.000375829	0.000681985	0.894045   	0.0820372  	1.69817    	3.29711    	0.0820841  	0.0858154  	1.72884    	3.05463    	0.0858922  	0.0892816  	1.46606    	3.40591    	0.0891257  	12.5748	12.7819	12.7237	0.999999   	-8.27011e-06	-4.41154e-05	0.894043   	0.0839455  	0.139908   	0.144265   	0.0839427  	1.17566	
1.1e-10    	6.2        	0.999945   	-0.000706226	-0.000448457	0.878094   	0.999933   	0.00125486 	-0.00108121	0.878125   	0.999935   	-0.000510195	0.00153157 	0.878056   	0.113349   	2.0376     	4.02079    	0.1132     	0.11799    	2.15569    	5.08821    	0.117515   	0.113762   	2.08525    	4.9836     	0.113612   	15.454	16.2388	15.1979	0.999999   	1.30907e-05	1.77089e-07	0.878038   	0.102747   	0.145443   	0.148741   	0.102747   	1.16973	
1.2e-10    	6          	0.999899   	-0.000102156	0.00185346 	0.858314   	0.999855   	-8.02865e-06	0.00186093 	0.85853    	0.999853   	0.000180602	-0.00376576	0.858447   	0.162113   	3.07174    	7.43375    	0.162219   	0.170366   	3.17749    	11.9084    	0.170283   	0.172868   	3.13384    	11.6663    	0.173579   	19.5221	20.0634	20.899	0.999999   	2.32248e-05	-1.65557e-05	0.858318   	0.126269   	0.139423   	0.149959   	0.126271   	1.24739	
1.3e-10    	5.8        	0.999381   	7.44172e-05	0.0215595  	0.835297   	0.999635   	-0.00108953	-0.0105457 	0.834759   	0.999497   	0.00110315 	-0.0110998 	0.834463   	0.285524   	3.11818    	35.6324    	0.321238   	0.283221   	3.70111    	27.1307    	0.270093   	0.311351   	3.69914    	40.2416    	0.318823   	28.4816	29.059	31.2712	0.999999   	2.87904e-05	-2.3291e-05	0.834427   	0.181336   	0.145201   	0.14961    	0.181337   	1.70738	
1.4e-10    	5.6        	0.99482    	0.000237716	-0.0864628 	0.812115   	0.998737   	-0.000782042	-0.00367718	0.804235   	0.995257   	0.000479938	0.0907061  	0.807251   	0.567012   	3.64254    	132.079    	1.11652    	0.571323   	3.67873    	112.839    	0.632131   	0.712631   	3.7743     	54.6811    	1.42327    	54.3346	45.6665	58.5887	0.999999   	-2.05901e-05	-9.62373e-06	0.804842   	0.255551   	0.143736   	0.139235   	0.255554   	3.78756	
1.5e-10    	5.4        	0.995963   	-0.000250541	0.0619273  	0.786897   	0.997649   	3.13905e-05	-0.0544491 	0.765134   	0.9991     	0.000303305	-0.00885621	0.771625   	2.74328    	4.39607    	182.2      	1.9214     	1.83697    	3.74685    	68.5175    	1.46083    	4.55152    	3.53672    	70.733     	5.05676    	207.107	115.211	354.645	0.999999   	3.40441e-05	2.74704e-05	0.772661   	0.273572   	0.143282   	0.145891   	0.273566   	4.85752	
1.6e-10    	5.2        	0.996973   	-0.000435068	-0.00150303	0.763544   	0.998149   	0.000799833	-0.0200269 	0.744923   	0.998848   	-0.000327287	0.0214491  	0.724005   	3.59871    	3.91263    	249.35     	3.96829    	8.49258    	3.81605    	125.909    	7.32698    	3.17889    	4.62484    	64.1445    	2.86597    	240.577	580.825	207.221	0.999999   	1.43409e-05	0.000104385	0.742653   	0.188775   	0.14361    	0.144552   	0.188776   	2.08346	
1.7e-10    	5          	0.997473   	-0.000692228	-0.0654167 	0.727437   	0.989649   	0.0010648  	0.139273   	0.715268   	0.99642    	-0.000458382	-0.0719186 	0.709541   	19.8895    	3.49854    	26.0807    	20.3622    	3.72431    	3.91646    	39.4061    	3.04931    	20.3635    	4.19107    	71.2926    	23.3349    	1215.32	234.386	1243.47	0.999999   	8.13253e-07	0.000301622	0.713476   	0.176554   	0.144553   	0.155669   	0.176553   	1.96486	
1.8e-10    	4.8        	0.99943    	0.000787355	0.0111882  	0.68625    	0.978576   	-0.00110633	0.203704   	0.699548   	0.976747   	0.000331596	-0.212341  	0.700362   	3.65981    	3.47732    	30.8723    	3.68291    	3.66077    	3.86599    	26.2515    	2.678      	4.20603    	3.56101    	27.906     	4.84576    	218.623	216.939	244.676	0.999998   	-7.35054e-06	0.000637463	0.684827   	0.158419   	0.143841   	0.154932   	0.15842    	1.77684	
1.9e-10    	4.6        	0.995507   	-0.00261383	-0.0807028 	0.655117   	0.964124   	0.00299741 	0.261948   	0.673959   	0.983147   	-0.000581787	-0.181164  	0.678753   	10.2935    	3.67454    	74.6177    	12.7772    	3.11736    	3.39454    	56.6985    	3.30618    	7.95907    	4.00749    	15.7828    	7.93872    	527.518	166.048	420.39	0.999998   	-2.2998e-05	0.00027705 	0.656399   	0.160155   	0.14228    	0.173578   	0.160154   	1.6937	
2e-10      	4.4        	0.998431   	-0.00027724	-0.047344  	0.607659   	0.968779   	-0.00297306	0.246382   	0.661838   	0.978344   	0.0032997  	-0.205631  	0.651013   	7.15228    	3.58263    	20.3982    	7.66348    	5.63819    	4.52755    	18.1734    	4.56763    	9.00853    	3.78529    	13.3379    	9.48789    	338.427	277.976	415.119	0.999998   	1.46281e-05	0.0001102  	0.628263   	0.162705   	0.149242   	0.159762   	0.162705   	1.84073	
2.1e-10    	4.2        	0.989087   	-0.00134701	0.139881   	0.541386   	0.971007   	-0.000195001	0.235959   	0.660213   	0.934489   	0.00120011 	-0.351105  	0.668073   	21.0009    	3.73027    	43.8729    	22.9615    	12.2719    	3.13297    	39.6372    	9.16793    	11.4886    	3.54217    	122.732    	28.3967    	873.423	533.63	493.193	0.999995   	-2.80997e-05	-0.00212609	0.600186   	0.163124   	0.143344   	0.234451   	0.163119   	1.60015	
2.2e-10    	4          	0.986164   	0.00241375 	0.163941   	0.499258   	0.981827   	-0.00305772	0.185385   	0.602846   	0.953808   	0.000999265	-0.297059  	0.66314    	10.1358    	3.36934    	8.88213    	11.6812    	17.4118    	3.71489    	47.5443    	25.382     	8.18892    	3.57194    	54.9078    	3.70609    	395.598	658.79	327.425	0.999996   	2.17115e-06	-0.00163575	0.572209   	0.155608   	0.139307   	0.255393   	0.155671   	1.8053	
2.3e-10    	3.8        	0.978736   	-0.00106886	0.201705   	0.474948   	0.981521   	0.00131797 	0.18945    	0.563316   	0.948508   	-0.000367684	-0.314499  	0.648644   	8.98199    	4.07489    	19.6139    	10.1724    	8.01123    	3.0881     	14.037     	8.78473    	7.54028    	3.54288    	38.6189    	6.6109     	304.791	276.384	262.03	0.999997   	5.74841e-06	-0.000842749	0.544314   	0.155102   	0.144861   	0.229553   	0.155098   	1.76977	
2.4e-10    	3.6        	0.971151   	-0.00155427	0.236825   	0.426306   	0.980691   	0.000398691	0.193518   	0.547835   	0.944795   	0.000798172	-0.326681  	0.632899   	14.8617    	3.39773    	5.03301    	13.1882    	7.83096    	4.44911    	11.8077    	6.95975    	5.72787    	3.442      	14.3408    	5.15273    	426.964	237.477	183.436	0.999997   	-1.16761e-05	1.04903e-05	0.516422   	0.158875   	0.14245    	0.189444   	0.158871   	1.8687	
2.5e-10    	3.4        	0.963721   	0.0017742  	0.265581   	0.383539   	0.980147   	-0.00123613	0.197502   	0.52471    	0.942905   	-0.000114227	-0.332476  	0.616889   	5.49844    	3.74752    	4.14231    	5.98269    	7.64783    	3.30828    	3.18973    	8.14156    	4.97336    	5.52609    	5.02952    	4.90352    	153.554	202.422	149.099	0.999997   	-1.64643e-05	0.00029854 	0.488527   	0.152825   	0.143299   	0.199999   	0.152832   	1.68073	
2.6e-10    	3.2        	0.95557    	-0.000206898	0.293554   	0.347984   	0.977248   	-0.000739767	0.211307   	0.500753   	0.937588   	0.000831401	-0.347354  	0.597233   	5.41189    	3.93435    	1.83975    	5.02866    	4.99376    	3.21849    	2.66458    	4.86326    	2.80889    	3.75588    	2.92317    	2.50222    	128.946	124.008	75.7885	0.999996   	4.46562e-05	0.000336237	0.460622   	0.149445   	0.144916   	0.173546   	0.149456   	1.88754	
2.7e-10    	3          	0.938985   	0.000244853	0.342639   	0.314263   	0.974268   	0.00125002 	0.224448   	0.471106   	0.930592   	-0.00101179	-0.365615  	0.584588   	4.52701    	4.63379    	1.1266     	3.87645    	2.94978    	4.65602    	1.90723    	2.78838    	2.75547    	5.22118    	2.34374    	2.39981    	99.957	70.807	66.7743	0.999996   	4.38629e-05	-0.000290874	0.432706   	0.151886   	0.144096   	0.18558    	0.151899   	1.8669	
2.8e-10    	2.8        	0.922183   	-0.0101441 	0.385238   	0.278886   	0.970225   	0.00300349 	0.241379   	0.449216   	0.923763   	0.00269545 	-0.382562  	0.564233   	3.89471    	4.6361     	0.812234   	3.4285     	2.8363     	4.33229    	1.19883    	2.7318     	2.17368    	5.10643    	1.43979    	1.86487    	76.0628	59.8402	47.9589	0.999995   	4.2886e-05 	-3.02545e-05	0.404759   	0.152462   	0.143792   	0.180072   	0.15246    	1.78078	
2.9e-10    	2.6        	0.895348   	0.00498215 	0.443986   	0.246932   	0.965745   	-0.00117942	0.258619   	0.421915   	0.916547   	-0.00147942	-0.399532  	0.547581   	3.65794    	4.07859    	0.519207   	2.9789     	2.35423    	4.77399    	0.927965   	2.30645    	2.27146    	5.30285    	1.02174    	1.86546    	63.6141	43.1179	44.549	0.999995   	-3.66326e-05	-7.71894e-05	0.376828   	0.156177   	0.141999   	0.179172   	0.156166   	1.7547	
3e-10      	2.4        	0.857833   	0.00151877 	0.512621   	0.214414   	0.960864   	0.00640425 	0.276043   	0.396974   	0.909625   	-0.00534097	-0.415104  	0.528785   	3.41335    	3.20126    	0.405789   	2.59639    	2.57046    	4.79372    	0.658407   	2.37226    	2.04985    	3.79828    	0.75801    	1.74719    	53.3137	43.1424	37.8935	0.999994   	5.05801e-05	-8.37541e-05	0.348809   	0.149778   	0.142803   	0.173398   	0.149758   	1.73929	
3.1e-10    	2.2        	0.798199   	0.000119658	0.6006     	0.183677   	0.954772   	0.00249781 	0.296395   	0.372707   	0.901378   	-0.00186772	-0.43259   	0.510195   	2.22971    	4.15566    	0.298243   	1.45561    	1.78325    	4.88714    	0.512772   	1.66728    	1.55929    	6.29809    	0.536533   	1.31694    	34.1651	29.9354	27.8968	0.999993   	-2.48989e-05	2.02839e-05	0.3208     	0.155291   	0.144769   	0.185157   	0.155269   	1.89701	
3.2e-10    	2          	0.710671   	-0.0243979 	0.700707   	0.157936   	0.947497   	0.00415562 	0.318515   	0.345736   	0.893015   	0.00493218 	-0.449527  	0.490884   	2.38361    	4.6306     	0.248584   	1.24369    	2.12291    	6.08341    	0.414704   	1.92726    	1.34711    	6.68724    	0.493988   	1.19176    	33.6915	30.7654	23.5406	0.999991   	1.28043e-06	4.98141e-05	0.292759   	0.150216   	0.142504   	0.171698   	0.150228   	1.69653	
3.3e-10    	1.8        	0.555763   	0.0123261  	0.827622   	0.133451   	0.938712   	-0.0073607 	0.34316    	0.322963   	0.88307    	0.00152462 	-0.468628  	0.471741   	2.39195    	6.03247    	0.294751   	1.02247    	1.825      	6.93895    	0.42983    	1.67066    	1.61524    	8.3419     	0.568376   	1.41068    	28.6646	24.4454	22.0386	0.999989   	-7.50069e-05	0.000173568	0.264674   	0.149346   	0.144501   	0.177414   	0.149332   	1.62386	
3.4e-10    	1.6        	0.331808   	-0.0257789 	0.938352   	0.117178   	0.928438   	0.00118577 	0.369882   	0.297481   	0.873318   	0.00623658 	-0.486487  	0.451824   	2.38586    	6.45574    	0.295806   	0.522473   	2.04886    	6.84602    	0.474796   	1.83439    	1.63874    	8.11609    	0.566249   	1.44346    	25.7268	24.4861	20.1459	0.999986   	0.000215733	0.000201689	0.236585   	0.149263   	0.144536   	0.18582    	0.149242   	1.80633	
3.5e-10    	1.4        	0.0351695  	-0.016413  	0.994006   	0.110041   	0.914788   	0.0128765  	0.401523   	0.271846   	0.86228    	-0.00371238	-0.505762  	0.432145   	2.39119    	6.77284    	0.380732   	0.42519    	1.71398    	8.71813    	0.551138   	1.55554    	1.97757    	7.9217     	0.707028   	1.6985     	23.2314	18.9208	20.4007	0.999983   	0.000174185	-6.23591e-05	0.20841    	0.15426    	0.146433   	0.163183   	0.154266   	1.67066	
3.6e-10    	1.2        	-0.269703  	-0.0285977 	0.956367   	0.113574   	0.898889   	0.0182148  	0.435108   	0.247996   	0.848819   	-0.00212008	-0.527584  	0.410665   	2.63252    	8.45824    	0.512117   	0.629925   	1.95344    	9.26712    	0.850164   	1.72907    	1.90833    	12.8472    	0.962984   	1.73279    	20.8679	17.9408	18.481	0.999977   	0.000659432	-0.000305481	0.180283   	0.145265   	0.145371   	0.169302   	0.145256   	1.68847	
3.7e-10    	1          	-0.515816  	0.00328793 	0.851519   	0.126035   	0.874918   	0.00654052 	0.480106   	0.221704   	0.836548   	-0.00430249	-0.546865  	0.390895   	2.40096    	8.25883    	0.619446   	1.13983    	2.10974    	12.9081    	0.928573   	1.92929    	1.62092    	10.9523    	1.14924    	1.62243    	19.8874	18.0068	15.4782	0.999967   	0.000383972	-0.000163176	0.151975   	0.159991   	0.153038   	0.172196   	0.15993    	1.651	
3.8e-10    	0.8        	-0.690568  	-0.0132758 	0.71774    	0.146462   	0.846088   	0.0133575  	0.528759   	0.198955   	0.82213    	-0.00134975	-0.567962  	0.369719   	3.45368    	9.63346    	0.717301   	1.82454    	2.5989     	11.1391    	1.38673    	2.67065    	1.8332     	13.3746    	1.64144    	1.94776    	18.6794	16.0273	14.1413	0.99995    	0.000371205	0.000604595	0.123696   	0.160774   	0.151454   	0.173512   	0.160753   	1.76803	
3.9e-10    	0.6        	-0.792758  	-0.010142  	0.6041     	0.17098    	0.800949   	-0.00897589	0.592387   	0.175705   	0.803567   	0.00889029 	-0.59323   	0.349282   	3.92257    	11.2905    	1.25285    	2.88582    	3.46829    	13.7977    	2.08745    	2.68637    	2.57658    	17.9836    	1.91179    	2.57177    	17.7592	15.9924	14.4394	0.999911   	-0.000721586	0.000178142	0.0952836  	0.1583     	0.154865   	0.19047    	0.158376   	1.73663	
4e-10      	0.4        	-0.851727  	-0.0143537 	0.517294   	0.197814   	0.743882   	-0.0682438 	0.651529   	0.154646   	0.777459   	0.0408981  	-0.622058  	0.325927   	5.10447    	15.8317    	1.97994    	4.02237    	3.07047    	27.6059    	3.32997    	4.01374    	2.38788    	49.4622    	4.31506    	3.57194    	17.5164	14.8861	12.1832	0.999817   	-0.000129776	0.0012034  	0.0666257  	0.159812   	0.150773   	0.196193   	0.159786   	1.65202	
4.1e-10    	0.2        	-0.888327  	-0.0386394 	0.450666   	0.221508   	0.651468   	0.0706931  	0.739976   	0.127582   	0.757879   	-0.00547422	-0.648045  	0.298744   	10.4724    	16.3836    	4.37801    	8.92885    	8.06352    	20.1448    	5.09322    	6.87954    	5.19886    	28.1626    	8.21263    	5.69193    	19.396	16.2523	13.121	0.999279   	-0.012208  	0.002801   	0.0376171  	0.158212   	0.199697   	0.190839   	0.158007   	1.64864	
4.2e-10    	-0         	-0.806052  	0.299925   	0.466104   	0.282238   	0.58954    	-0.126968  	0.766429   	0.140615   	0.534919   	-0.239009  	-0.786585  	0.302962   	14.4394    	198.825    	68.5769    	49.2725    	51.9131    	36.2391    	20.5144    	42.5682    	63.0818    	123.813    	107.995    	47.4499    	17.632	17.4983	22.5807	0.948435   	-0.212444  	0.0031649  	0.00646059 	0.359556   	0.225988   	0.207711   	0.310155   	1.7719	
