#----------------------------------------------------------------------------------------------------------------------------------------------------------
# Output file for vampire simulation
#   time       : 2025-06-06 20:48:42     process id : 1675557
#   hostname   : thor4.psi.ch
#   path       : /scratch/dossan_f/Na2BaMn(PO4)2/vampire_tripleUC_3mat_2d_k0.35_Jnn0.11/output-Field8-0T-Ba_high_res_steps10000x10000/run_T_0.200
#   version    : 6.0.0
#   githash    : 4c9651daecc86c3e6b6df0c8055fcd9e89fd900c
#----------------------------------------------------------------------------------------------------------------------------------------------------------
2e-11      	8          	0.999251   	-0.000109301	0.00138328 	0.976025   	0.999935   	-6.74143e-06	-0.000619678	0.976485   	0.999942   	-0.000158983	-0.000373302	0.976504   	174.352    	0.887302   	15.691     	126.923    	78.8677    	0.520078   	3.98447    	75.3003    	76.2882    	0.657243   	4.15031    	72.9795    	88952.6	21272.6	19892.4	0.999998   	-0.000100227	2.45339e-05	0.976254   	316.075    	0.395489   	0.139204   	315.791    	112803	
3e-11      	7.8        	0.999996   	-7.15528e-05	8.78601e-05	0.975419   	0.999996   	-7.87158e-05	-3.776e-05 	0.975428   	0.999996   	0.000156349	-3.25595e-05	0.975425   	0.0107543  	0.611872   	0.703459   	0.0107548  	0.0105589  	0.643703   	0.676508   	0.0105522  	0.0105554  	0.586041   	0.738519   	0.0105543  	6.48305	6.38299	6.35554	1          	2.01838e-06	5.85199e-06	0.97542    	0.0120118  	0.123598   	0.123843   	0.0120117  	1.43689	
4e-11      	7.6        	0.999994   	-0.000130394	1.99448e-05	0.972838   	0.999995   	-7.11674e-05	-0.000210837	0.972809   	0.999994   	0.000228432	0.000136078	0.972826   	0.0130668  	0.738093   	0.944913   	0.0130648  	0.0127602  	0.714889   	0.833688   	0.0127643  	0.013293   	0.70429    	1.02157    	0.0132925  	7.04525	6.97805	7.00504	1          	8.97279e-06	-1.82569e-05	0.972819   	0.0153633  	0.126886   	0.129017   	0.0153637  	1.43893	
5e-11      	7.4        	0.999994   	-8.12311e-05	5.36268e-05	0.969558   	0.999994   	-0.000183969	7.9508e-05 	0.969545   	0.999994   	0.000212881	-0.000128303	0.969539   	0.016142   	0.876727   	1.04676    	0.0161318  	0.0172353  	0.854422   	1.0857     	0.0172265  	0.0165734  	0.777563   	1.07196    	0.0165675  	7.62001	8.25405	7.67823	1          	-1.74252e-05	1.62022e-06	0.969542   	0.0203988  	0.130275   	0.136585   	0.0203986  	1.4326	
6e-11      	7.2        	0.999992   	0.000173546	-0.000120935	0.965304   	0.999992   	0.000212198	0.000339377	0.965291   	0.99999    	-0.000335111	-0.000211858	0.965288   	0.0215968  	1.03591    	1.45592    	0.0216442  	0.0228083  	0.996761   	1.52639    	0.0227728  	0.021422   	1.04607    	1.79966    	0.0213788  	9.03565	9.16224	9.01851	1          	1.68906e-05	2.16838e-06	0.965286   	0.0274716  	0.136913   	0.140136   	0.0274722  	1.40613	
7e-11      	7          	0.999988   	0.000135904	-8.85705e-05	0.959588   	0.999988   	-1.42735e-05	0.000338897	0.959558   	0.999988   	-0.000143748	-0.000232653	0.959577   	0.0304641  	1.2419     	2.33519    	0.0305152  	0.0302977  	1.34512    	2.28203    	0.0301653  	0.0330217  	1.29103    	2.33667    	0.0330457  	11.157	11.2005	11.4392	1          	-7.36783e-06	5.8964e-06 	0.959563   	0.038712   	0.140341   	0.137007   	0.0387113  	1.3811	
8e-11      	6.8        	0.999978   	-0.000176644	-0.000411634	0.951484   	0.999977   	-0.000495455	-0.000310862	0.951447   	0.999976   	0.000692062	0.000725561	0.951421   	0.0507714  	1.98137    	4.32955    	0.0505899  	0.0494578  	2.05023    	4.74168    	0.0497667  	0.0481532  	2.0097     	4.73222    	0.0478389  	15.0834	14.9505	14.9528	1          	6.63399e-06	8.98155e-07	0.951429   	0.061624   	0.141097   	0.147533   	0.0616244  	1.27486	
9e-11      	6.6        	0.999952   	0.000382815	-0.00181328	0.938778   	0.999946   	-1.99515e-05	0.000424723	0.938918   	0.999939   	-0.000338934	0.00138365 	0.938765   	0.104873   	2.44048    	10.7844    	0.104717   	0.101555   	2.8422     	12.3778    	0.100728   	0.101742   	2.52595    	14.6073    	0.100436   	24.2623	26.123	22.8573	1          	7.96229e-06	-1.50727e-06	0.938769   	0.120329   	0.143789   	0.145824   	0.120331   	1.35525	
1e-10      	6.4        	0.99946    	0.000624703	-0.0179599 	0.914725   	0.997782   	-0.000942724	0.0574802  	0.918017   	0.999058   	0.000302942	-0.0396881 	0.915266   	0.791678   	3.43652    	98.8193    	0.982974   	1.3787     	4.12392    	148.167    	0.698822   	0.678531   	3.32486    	38.2163    	0.566342   	163.477	249.121	119.911	1          	-5.76353e-06	-3.5397e-06	0.914872   	0.726359   	0.14015    	0.146242   	0.726365   	5.44509	
1.1e-10    	6.2        	0.996347   	-0.000229587	-0.0837339 	0.883953   	0.993078   	0.00068352 	0.115547   	0.897295   	0.999252   	-0.00049121	-0.0336386 	0.876925   	4.07004    	3.43908    	32.3149    	4.39614    	3.02866    	3.52144    	53.0056    	1.86785    	2.29043    	3.45054    	41.3713    	2.20934    	806.394	731.078	391.569	1          	-6.00085e-06	5.01842e-05	0.882693   	0.711781   	0.141739   	0.150109   	0.711787   	6.8133	
1.2e-10    	6          	0.991663   	0.00030056 	-0.127662  	0.845158   	0.989939   	-3.32785e-05	0.137462   	0.883453   	0.999653   	-0.000242531	-0.0152372 	0.847076   	1.91927    	2.9835     	32.8841    	2.43563    	2.65946    	3.53235    	137.545    	2.15896    	2.84889    	2.98102    	50.4894    	2.95072    	366.149	567.442	564.823	1          	5.3361e-06 	0.000242643	0.85315    	0.305449   	0.140961   	0.14687    	0.305448   	2.43488	
1.3e-10    	5.8        	0.98577    	-0.00090141	-0.167665  	0.809797   	0.985786   	-0.00023217	0.166828   	0.860894   	0.999812   	0.00111742 	-0.00806116	0.826685   	7.91298    	3.24072    	13.7632    	9.57957    	10.002     	3.78793    	40.3328    	6.7781     	5.77137    	3.60105    	30.7462    	5.94107    	1485.05	1885.45	1130.45	0.999999   	-3.4708e-06	0.000414735	0.824487   	0.245632   	0.146402   	0.15242    	0.245636   	1.92134	
1.4e-10    	5.6        	0.969803   	-0.000356424	-0.243513  	0.777897   	0.991706   	-0.00144856	0.127104   	0.844225   	0.994522   	0.00194904 	0.102452   	0.800943   	12.4766    	3.53204    	11.793     	9.89744    	12.1958    	3.07192    	35.3285    	9.07099    	10.3916    	3.07572    	42.5855    	11.7313    	2147.51	2204.62	1819.3	1          	2.04087e-05	-2.03474e-05	0.796066   	0.235078   	0.14403    	0.156288   	0.235079   	1.91525	
1.5e-10    	5.4        	0.945846   	-0.000640522	-0.323763  	0.736476   	0.997526   	0.000215411	0.0649971  	0.81006    	0.973129   	0.000347236	0.227408   	0.821127   	4.29616    	3.09128    	47.8998    	7.29245    	7.46758    	3.1509     	74.5109    	9.22687    	6.0657     	3.12306    	146.69     	15.171     	696.456	1219.55	1027.04	0.999999   	-2.83128e-06	0.000534605	0.767872   	0.202803   	0.144526   	0.150162   	0.202795   	1.71213	
1.6e-10    	5.2        	0.932199   	0.000136683	-0.361733  	0.72274    	0.999237   	-0.000607113	0.0189988  	0.793906   	0.949695   	0.000478903	0.311131   	0.792118   	7.00994    	3.30797    	8.32857    	5.69334    	5.08152    	2.81434    	114.662    	4.39799    	13.8022    	3.06295    	120.667    	7.90425    	1067.83	785.953	2047.83	0.999999   	-4.44065e-06	2.49218e-05	0.739765   	0.204149   	0.143674   	0.213636   	0.204154   	1.7263	
1.7e-10    	5          	0.923822   	-0.000507471	-0.382524  	0.700583   	0.999677   	0.000358934	-0.0158712 	0.767176   	0.932332   	0.000195097	0.361271   	0.77321    	6.90992    	3.0421     	11.8583    	3.76249    	4.53878    	3.54184    	33.7944    	4.57841    	4.22616    	3.28942    	22.1843    	6.53906    	962.111	636.363	591.951	0.999999   	3.49058e-05	-0.000371926	0.711674   	0.192887   	0.141516   	0.171689   	0.192883   	1.72077	
1.8e-10    	4.8        	0.900051   	-0.000473823	-0.435445  	0.671514   	0.999912   	0.000347732	0.00105391 	0.748244   	0.922614   	7.41599e-05	0.385578   	0.757119   	16.6678    	3.18055    	10.2416    	8.60746    	5.8265     	3.31603    	12.6126    	5.86574    	7.10621    	3.44281    	6.55923    	6.61948    	2065.74	736.142	902.554	0.999999   	-5.47409e-06	0.000202315	0.683713   	0.186596   	0.142602   	0.162332   	0.18659    	1.75577	
1.9e-10    	4.6        	0.883506   	-0.00188174	-0.46826   	0.643515   	0.999935   	-4.65836e-05	-0.0011509 	0.727156   	0.911931   	0.00163529 	0.410181   	0.73643    	5.46604    	3.32106    	5.90791    	4.95431    	3.71909    	3.3213     	7.59807    	3.72767    	3.90381    	3.99944    	5.97241    	2.47693    	622.993	436.434	463.578	0.999999   	-2.22568e-05	-5.71602e-05	0.655746   	0.184885   	0.142026   	0.16837    	0.184881   	1.7232	
2e-10      	4.4        	0.862029   	-0.00107423	-0.506737  	0.613727   	0.999943   	0.000103738	-0.000940902	0.707009   	0.900977   	0.000841435	0.433741   	0.718698   	4.3859     	3.00267    	3.13088    	3.05952    	1.68569    	3.90186    	5.22594    	1.68563    	4.47206    	3.73172    	4.30576    	3.47812    	456.9	194.96	478.224	0.999999   	9.06314e-06	3.71539e-05	0.627853   	0.182779   	0.141471   	0.17644    	0.182779   	1.72645	
2.1e-10    	4.2        	0.839413   	-0.00105349	-0.543376  	0.586525   	0.999941   	-0.000749694	-0.00244601	0.687186   	0.888565   	0.00167686 	0.458635   	0.698082   	4.13847    	2.97718    	3.222      	3.32122    	2.44953    	3.20397    	5.33117    	2.45562    	3.13448    	3.49773    	4.7313     	3.21339    	399.033	245.541	302.15	0.999999   	1.9331e-05 	-0.000118393	0.599926   	0.182055   	0.146555   	0.176959   	0.182064   	1.5219	
2.2e-10    	4          	0.811308   	0.000452014	-0.58452   	0.558762   	0.999951   	-0.000255508	0.000583253	0.666563   	0.877306   	-8.77326e-05	0.479822   	0.679721   	3.15157    	3.33957    	1.48061    	2.13187    	2.09294    	3.65442    	3.27397    	2.09327    	2.64185    	3.75553    	2.98415    	1.62033    	283.906	196.647	242.96	0.999999   	1.16252e-05	-4.09501e-05	0.572064   	0.177302   	0.144175   	0.169806   	0.177293   	1.56063	
2.3e-10    	3.8        	0.780733   	0.00138137 	-0.624755  	0.53453    	0.999949   	-0.00131219	0.000396353	0.646003   	0.862675   	0.00011885 	0.505658   	0.659993   	2.66839    	3.74125    	1.23757    	1.38597    	1.63643    	4.3385     	2.4448     	1.63753    	2.16303    	4.52091    	1.98941    	1.57211    	222.037	144.639	176.166	0.999999   	-1.78273e-05	2.6351e-05 	0.544222   	0.175924   	0.149605   	0.168829   	0.175927   	1.7035	
2.4e-10    	3.6        	0.747762   	0.0017997  	-0.663861  	0.510565   	0.999959   	-0.00156652	-0.00128902	0.624264   	0.847765   	5.25231e-05	0.530294   	0.640548   	3.47742    	3.26104    	0.717212   	1.72574    	1.74912    	3.43835    	1.48094    	1.74802    	2.19426    	3.79142    	1.05328    	1.5657     	258.516	131.924	171.054	0.999999   	-1.47943e-05	-4.01984e-05	0.516357   	0.173645   	0.140607   	0.153858   	0.173639   	1.62003	
2.5e-10    	3.4        	0.706864   	-0.000348257	-0.707245  	0.487001   	0.999943   	0.00125017 	-0.000270874	0.604625   	0.831838   	-0.000910042	0.554927   	0.621071   	3.1059     	3.60665    	0.455957   	1.51374    	1.66621    	5.2211     	1.43502    	1.66992    	2.13742    	4.36687    	1.24818    	1.52727    	206.625	120.536	149.467	0.999999   	1.21504e-05	4.26595e-05	0.488494   	0.172644   	0.142361   	0.160442   	0.172639   	1.63992	
2.6e-10    	3.2        	0.661342   	-0.000104158	-0.749985  	0.464218   	0.999954   	-0.00141649	0.000104816	0.583387   	0.816063   	0.00147769 	0.577877   	0.602401   	2.65074    	3.46651    	0.320557   	1.27864    	1.58       	4.09767    	0.826797   	1.58109    	2.30152    	4.14799    	0.648453   	1.41054    	165.358	103.512	144.88	0.999999   	1.03154e-05	1.39135e-05	0.460661   	0.177633   	0.142222   	0.163378   	0.177638   	1.68078	
2.7e-10    	3          	0.611208   	-0.000188311	-0.791346  	0.444069   	0.999937   	-0.000113611	-0.000329246	0.561539   	0.797868   	0.000227345	0.602721   	0.583396   	2.21205    	4.593      	0.264655   	0.812599   	1.39145    	5.70802    	0.657575   	1.39374    	1.92385    	6.09943    	0.536612   	1.17936    	119.867	80.3662	115.398	0.999998   	-9.08888e-06	2.27906e-05	0.432804   	0.165444   	0.144272   	0.170954   	0.165446   	1.77655	
2.8e-10    	2.8        	0.55022    	0.000192377	-0.834898  	0.42423    	0.999947   	0.000212403	-0.000328717	0.542303   	0.778225   	-0.000360464	0.627893   	0.564367   	2.52183    	3.90364    	0.229033   	0.728213   	1.47056    	4.47702    	0.515556   	1.47225    	1.92179    	4.70473    	0.446816   	1.13083    	120.396	80.4021	99.4354	0.999998   	-1.0397e-05	-2.48661e-06	0.404973   	0.17103    	0.143704   	0.170154   	0.171029   	1.55417	
2.9e-10    	2.6        	0.485255   	0.00101543 	-0.874228  	0.407091   	0.999905   	-0.00246602	-0.000191781	0.520715   	0.75747    	0.00155248 	0.65277    	0.545453   	2.05591    	5.08356    	0.159377   	0.543852   	1.29938    	7.57938    	0.439581   	1.29742    	1.51952    	5.22426    	0.319371   	0.925818   	93.8804	65.27	73.141	0.999998   	-1.78053e-05	5.77172e-05	0.37713    	0.166357   	0.144941   	0.175121   	0.166376   	1.68927	
3e-10      	2.4        	0.410513   	-0.0014604 	-0.911715  	0.391735   	0.999915   	0.00241364 	-3.90714e-05	0.499933   	0.734917   	-0.00121473	0.678055   	0.526817   	2.12155    	4.48778    	0.129566   	0.467316   	1.12625    	6.21559    	0.370906   	1.13233    	1.72911    	5.06854    	0.287028   	0.98356    	90.8231	53.3926	72.8465	0.999997   	8.60793e-06	3.78624e-05	0.349296   	0.165624   	0.142724   	0.165444   	0.165624   	1.67541	
3.1e-10    	2.2        	0.330093   	-0.0032845 	-0.94377   	0.37887    	0.999893   	0.00397183 	2.3881e-05 	0.479006   	0.709664   	-0.00107078	0.704411   	0.507578   	2.34129    	5.43814    	0.124906   	0.354912   	1.24307    	7.02468    	0.33285    	1.23992    	1.81996    	6.42583    	0.266971   	1.03211    	83.7719	52.8852	70.6171	0.999997   	0.000124183	-1.5519e-05	0.321416   	0.165279   	0.14332    	0.170367   	0.165274   	1.58484	
3.2e-10    	2          	0.240365   	-0.00059248	-0.970525  	0.368133   	0.999897   	-0.000798053	0.000105083	0.457329   	0.683828   	0.00128253 	0.729521   	0.489709   	2.27734    	4.56952    	0.137194   	0.287681   	1.22467    	6.60977    	0.339892   	1.22337    	1.55463    	5.89437    	0.262599   	0.897392   	73.6969	48.3937	53.6318	0.999996   	5.3868e-05 	1.75042e-05	0.293554   	0.168594   	0.145614   	0.159662   	0.168605   	1.59242	
3.3e-10    	1.8        	0.143495   	0.00129059 	-0.989484  	0.360126   	0.99987    	-0.000812764	2.08156e-05	0.436908   	0.654589   	-0.000115107	0.755837   	0.471256   	2.19987    	4.72711    	0.134887   	0.193556   	1.20955    	7.55643    	0.386935   	1.20491    	1.52573    	7.07731    	0.303499   	0.932293   	65.0378	43.0055	49.9489	0.999995   	6.69279e-05	-0.000178645	0.265674   	0.171122   	0.147156   	0.16159    	0.171123   	1.59208	
3.4e-10    	1.6        	0.0459283  	0.00317169 	-0.998701  	0.354991   	0.9998     	-0.0053702 	-0.000617087	0.415018   	0.62218    	0.00259935 	0.782688   	0.453293   	1.97639    	7.74855    	0.183911   	0.199319   	1.32101    	9.89126    	0.445176   	1.33233    	1.42871    	8.58162    	0.332042   	0.887466   	51.124	38.7119	45.3728	0.999994   	9.94315e-05	-4.29175e-06	0.23776    	0.176189   	0.151093   	0.168839   	0.176194   	1.50116	
3.5e-10    	1.4        	-0.0528056 	0.00235632 	-0.998397  	0.352963   	0.999834   	6.8774e-05 	0.000158378	0.39324    	0.586233   	-0.00206325	0.809957   	0.435056   	2.31135    	5.89663    	0.279445   	0.2646     	1.33689    	7.75405    	0.533571   	1.33905    	1.84098    	7.77486    	0.409417   	0.982173   	48.7246	34.9641	42.5502	0.999992   	-5.40235e-05	5.59617e-05	0.209865   	0.171873   	0.147842   	0.174619   	0.17189    	1.53633	
3.6e-10    	1.2        	-0.157599  	0.000811632	-0.987266  	0.353923   	0.99978    	0.0034643  	-0.000501686	0.37159    	0.54969    	-0.00390372	0.835119   	0.418543   	2.61784    	6.7686     	0.386974   	0.309057   	1.47437    	8.84498    	0.709576   	1.48489    	1.46069    	10.3132    	0.563539   	0.983114   	48.8279	35.8178	32.6768	0.99999    	-0.000115519	-0.000137876	0.181937   	0.163936   	0.152964   	0.164      	0.163931   	1.57586	
3.7e-10    	1          	-0.253544  	0.000404064	-0.967105  	0.357618   	0.999536   	0.00507596 	0.00100005 	0.35034    	0.505418   	-0.00530663	0.862544   	0.400573   	2.64419    	6.09062    	0.425632   	0.414361   	1.83062    	16.8577    	0.977519   	1.82954    	1.852      	12.694     	0.93008    	1.42605    	42.4695	33.3844	35.6694	0.999986   	-0.000386944	1.28012e-05	0.153991   	0.16587    	0.157255   	0.169377   	0.165844   	1.47152	
3.8e-10    	0.8        	-0.350269  	-0.00572796	-0.936286  	0.364092   	0.999444   	0.00371798 	0.000285282	0.329142   	0.459765   	0.00237978 	0.887639   	0.384018   	3.18562    	10.7008    	0.557124   	0.595839   	2.01877    	17.7269    	1.37469    	1.98252    	1.83869    	15.3053    	1.32768    	1.66972    	41.3013	32.1479	29.9939	0.999978   	0.000126406	0.000191401	0.125998   	0.174869   	0.163088   	0.181214   	0.174862   	1.48062	
3.9e-10    	0.6        	-0.437827  	-0.00157616	-0.898741  	0.373238   	0.999262   	-0.0128338 	0.000280197	0.307024   	0.409123   	0.0121068  	0.911942   	0.367675   	3.34448    	9.28638    	0.996233   	0.845831   	1.88525    	17.7973    	2.13476    	1.87747    	1.93042    	16.6259    	1.1752     	1.5778     	36.9037	27.2949	26.4225	0.999961   	-0.000217299	-0.00020702	0.0979404  	0.178799   	0.164155   	0.197145   	0.178785   	1.59987	
4e-10      	0.4        	-0.518803  	-0.0185183 	-0.854139  	0.385162   	0.998587   	0.0275526  	0.00246334 	0.285889   	0.352526   	-0.00189748	0.935156   	0.350916   	5.34206    	17.571     	1.14673    	1.44797    	3.2555     	25.2032    	2.26249    	3.47586    	3.16493    	20.9696    	2.59283    	2.82299    	40.3933	29.3421	28.1287	0.999921   	0.000557503	-0.000479939	0.0697894  	0.173246   	0.168403   	0.202042   	0.173234   	1.50943	
4.1e-10    	0.2        	-0.588344  	0.0254613  	-0.807122  	0.398912   	0.997971   	0.0119466  	-0.00358747	0.260549   	0.292423   	-0.0402064 	0.95448    	0.33856    	11.3931    	35.6262    	2.31965    	4.13738    	4.56843    	33.5438    	8.23876    	4.05792    	6.57111    	28.9105    	7.70782    	9.11393    	50.3246	29.9181	33.0741	0.999735   	-0.00276732	0.00186712 	0.0414497  	0.187452   	0.184304   	0.246435   	0.187482   	1.55521	
4.2e-10    	-0         	-0.614165  	0.0344943  	-0.786801  	0.40013    	0.957638   	-0.00151966	0.248517   	0.22529    	0.232614   	-0.0514698 	0.969326   	0.267806   	33.9045    	33.4233    	8.01087    	9.28734    	26.0735    	16.6136    	143.445    	15.2861    	25.7806    	27.9897    	101.615    	113.629    	30.2004	45.8303	37.0559	0.993831   	-0.0051161 	0.027402   	0.010897   	0.66138    	0.285211   	0.359067   	0.649232   	1.62798	
