#----------------------------------------------------------------------------------------------------------------------------------------------------------
# Output file for vampire simulation
#   time       : 2025-06-06 20:53:05     process id : 1676112
#   hostname   : thor4.psi.ch
#   path       : /scratch/dossan_f/Na2BaMn(PO4)2/vampire_tripleUC_3mat_2d_k0.35_Jnn0.11/output-Field8-0T-Ba_high_res_steps10000x10000/run_T_1.000
#   version    : 6.0.0
#   githash    : 4c9651daecc86c3e6b6df0c8055fcd9e89fd900c
#----------------------------------------------------------------------------------------------------------------------------------------------------------
2e-11      	8          	0.999984   	-0.000117025	-3.53854e-05	0.906726   	0.999985   	-8.06369e-05	-0.000197627	0.906687   	0.999984   	0.000247162	0.000114458	0.906667   	6.30523    	0.357029   	0.398796   	6.28892    	6.39741    	0.341099   	0.373311   	6.3804     	5.78953    	0.372111   	0.389269   	5.77549    	621.239	634.266	537.844	0.999998   	1.75821e-05	-3.8984e-05	0.906682   	18.4259    	0.114486   	0.118105   	18.424     	1778.77	
3e-11      	7.8        	0.999984   	-0.000162173	-0.000170912	0.901495   	0.999985   	0.000209922	-0.000111081	0.901437   	0.999984   	-7.60027e-05	0.000161712	0.901398   	0.0327716  	0.379146   	0.464775   	0.0327549  	0.0316023  	0.363595   	0.432477   	0.0315856  	0.032517   	0.388182   	0.434914   	0.0325238  	4.91237	4.80143	4.69601	0.999999   	-9.30532e-06	-4.0121e-05	0.901431   	0.0317937  	0.115816   	0.114253   	0.0317962  	1.33455	
4e-11      	7.6        	0.999983   	-0.000242138	0.000393401	0.895066   	0.999983   	-3.1342e-06	-0.000121484	0.895064   	0.999982   	0.0002388  	-0.000275102	0.895034   	0.0352632  	0.411993   	0.445634   	0.035233   	0.0363458  	0.436277   	0.450207   	0.0363734  	0.0353162  	0.447192   	0.494078   	0.0353106  	4.94046	5.00479	4.88076	0.999998   	-2.00928e-06	-1.01936e-06	0.89504    	0.0347874  	0.120633   	0.123318   	0.0347828  	1.27517	
5e-11      	7.4        	0.999982   	3.54007e-05	0.000234498	0.887974   	0.999982   	-3.85327e-05	-4.67921e-05	0.887904   	0.999981   	-8.22439e-06	-0.000144505	0.887948   	0.0381504  	0.452908   	0.480632   	0.0381379  	0.0409548  	0.436449   	0.484189   	0.0409305  	0.0401509  	0.442107   	0.514315   	0.0401584  	5.04732	5.32712	5.08452	0.999998   	-3.75582e-06	1.46329e-05	0.887927   	0.0374408  	0.122055   	0.127311   	0.0374418  	1.2218	
6e-11      	7.2        	0.999978   	-5.14134e-06	-0.000268537	0.880036   	0.999978   	-0.000141285	0.000129044	0.879949   	0.999978   	0.000180969	0.000273453	0.880017   	0.0440508  	0.536923   	0.568036   	0.0440121  	0.0431049  	0.483525   	0.61857    	0.0430596  	0.0451998  	0.532264   	0.569753   	0.045202   	5.29365	5.30766	5.3565	0.999998   	1.14621e-05	4.46034e-05	0.879983   	0.0412534  	0.117616   	0.119611   	0.0412551  	1.19142	
7e-11      	7          	0.999977   	5.91603e-05	-6.52678e-05	0.871077   	0.999975   	-7.258e-05 	-0.000280779	0.871012   	0.999975   	-5.34506e-05	0.000338159	0.871112   	0.0513593  	0.575639   	0.570678   	0.0513905  	0.0528562  	0.565216   	0.674408   	0.0527159  	0.0501842  	0.556314   	0.666413   	0.0502055  	5.76819	6.04659	5.61837	0.999998   	-2.24995e-05	-2.55696e-06	0.871047   	0.0473946  	0.124133   	0.130073   	0.0473951  	1.16391	
8e-11      	6.8        	0.999969   	0.000312689	7.49559e-05	0.861123   	0.999972   	-0.000188  	-0.00029606	0.861068   	0.999973   	-8.96704e-05	0.000119718	0.861024   	0.0595542  	0.646638   	0.815461   	0.0595351  	0.0635153  	0.601419   	0.714657   	0.0635227  	0.0600796  	0.603891   	0.690287   	0.0600793  	6.39757	6.63429	6.4871	0.999998   	1.16181e-05	-3.40191e-05	0.861049   	0.0520398  	0.123583   	0.132815   	0.0520349  	1.10828	
9e-11      	6.6        	0.999967   	-0.000271662	-8.38367e-05	0.849873   	0.999966   	0.000178864	0.000100309	0.84987    	0.999967   	6.55601e-05	2.07277e-05	0.849939   	0.0692672  	0.706241   	0.837935   	0.0691799  	0.0688073  	0.76001    	0.801683   	0.0688717  	0.0699235  	0.683055   	0.843196   	0.0698841  	6.83007	6.70991	6.96746	0.999998   	-8.85055e-06	1.23286e-05	0.849867   	0.0580966  	0.126729   	0.130618   	0.0580931  	1.09851	
1e-10      	6.4        	0.999962   	0.00046259 	5.35803e-05	0.83743    	0.999962   	-0.00027405	-1.28633e-05	0.83732    	0.999963   	-0.000124038	8.8216e-05 	0.837357   	0.07817    	0.783012   	0.938691   	0.0781561  	0.0833852  	0.775659   	0.953545   	0.0833152  	0.0858376  	0.748902   	0.901247   	0.0859148  	7.16964	7.51474	7.63737	0.999998   	2.13712e-05	4.3142e-05 	0.837339   	0.0663202  	0.133526   	0.132574   	0.0663199  	1.05778	
1.1e-10    	6.2        	0.999956   	0.000316957	-0.000195245	0.823433   	0.999955   	0.000222288	-8.79027e-06	0.823462   	0.999953   	-0.000499335	0.000250042	0.82346    	0.0957066  	0.791734   	1.1193     	0.0955904  	0.0971553  	0.849685   	1.12306    	0.0971034  	0.0952003  	0.822741   	1.2077     	0.0952396  	8.02423	8.23461	7.9415	0.999998   	1.3117e-05 	1.50994e-05	0.823416   	0.0761827  	0.133338   	0.139951   	0.0761811  	1.05457	
1.2e-10    	6          	0.999945   	-0.000280015	0.000258312	0.80799    	0.999944   	-0.000164316	-0.000106931	0.807983   	0.999946   	0.000568771	-0.000102865	0.807932   	0.115518   	0.983192   	1.31859    	0.115516   	0.112376   	0.957304   	1.41022    	0.112138   	0.108622   	0.855078   	1.41663    	0.108674   	9.01146	8.7443	8.31122	0.999998   	4.14782e-05	1.65789e-05	0.807926   	0.0870876  	0.131567   	0.132659   	0.0870852  	1.03069	
1.3e-10    	5.8        	0.999931   	0.000111345	-0.000294554	0.790962   	0.999929   	-0.000690498	0.000182452	0.790904   	0.999932   	0.000439699	2.62608e-05	0.79086    	0.131187   	1.07802    	1.68868    	0.131241   	0.132505   	0.969686   	1.87504    	0.132265   	0.129298   	1.10637    	1.62269    	0.129131   	9.19365	9.48781	9.45463	0.999998   	-4.68403e-05	-2.95277e-05	0.790856   	0.0968717  	0.138616   	0.141788   	0.0968687  	1.03389	
1.4e-10    	5.6        	0.999913   	-3.79442e-05	0.000685859	0.772166   	0.999916   	-0.000536399	-0.000566743	0.772115   	0.999922   	0.000550452	-0.000198741	0.772109   	0.151725   	1.34383    	1.97392    	0.152233   	0.153137   	1.32239    	1.90005    	0.152958   	0.157921   	1.22478    	1.76826    	0.157738   	10.1869	10.0868	10.8792	0.999998   	-7.02391e-06	-2.58033e-05	0.772067   	0.100527   	0.142377   	0.139716   	0.100524   	1.00184	
1.5e-10    	5.4        	0.999893   	-0.000290688	-0.000205897	0.751972   	0.999905   	-0.000115725	-0.000172275	0.751848   	0.999897   	0.000446412	0.000374283	0.751705   	0.190616   	1.51339    	2.37542    	0.190394   	0.189328   	1.45226    	1.99971    	0.189677   	0.190531   	1.39869    	2.33699    	0.189556   	11.7038	11.5999	11.7997	0.999997   	1.30353e-05	-9.49151e-07	0.751767   	0.115573   	0.137595   	0.143305   	0.115569   	1.00453	
1.6e-10    	5.2        	0.999855   	0.000147258	0.00088116 	0.730016   	0.999873   	-0.000657608	-0.00176883	0.73006    	0.99985    	0.000389515	0.00108422 	0.729829   	0.231152   	1.74318    	3.20653    	0.229855   	0.224344   	1.56369    	2.74507    	0.224214   	0.245947   	1.81681    	3.31703    	0.245892   	13.2182	12.862	13.8304	0.999997   	-4.06804e-05	6.34381e-05	0.729868   	0.121705   	0.139444   	0.142488   	0.121705   	1.04067	
1.7e-10    	5          	0.999805   	-0.00100404	0.0018016  	0.706743   	0.999822   	-0.00124948	-0.00221493	0.70659    	0.999801   	0.00207111 	0.00046973 	0.706535   	0.277381   	1.75581    	4.45754    	0.276774   	0.257806   	1.9711     	3.65773    	0.25754    	0.262905   	1.8602     	4.47365    	0.262326   	14.439	13.6128	13.7739	0.999997   	-6.21148e-05	1.77305e-05	0.70649    	0.122587   	0.137979   	0.14505    	0.122587   	1.06741	
1.8e-10    	4.8        	0.999765   	0.00180668 	0.00386243 	0.682061   	0.999786   	-0.00120378	-0.00155507	0.681902   	0.999786   	-0.000417679	-0.00230467	0.681838   	0.344227   	2.1376     	4.63947    	0.343106   	0.360338   	2.48333    	3.88053    	0.36114    	0.337639   	2.43294    	3.90379    	0.338226   	15.9348	16.7052	16.5506	0.999997   	6.48374e-05	3.38588e-06	0.681785   	0.132949   	0.135449   	0.144319   	0.132947   	1.15381	
1.9e-10    	4.6        	0.999703   	-0.000188637	0.00241175 	0.656411   	0.999704   	-0.00121911	0.00411834 	0.65573    	0.999636   	0.00156943 	-0.0065655 	0.656315   	0.394121   	2.94485    	5.21241    	0.394286   	0.400811   	2.76248    	5.1814     	0.403453   	0.41015    	2.93528    	6.53678    	0.407408   	17.249	17.3828	17.3941	0.999997   	5.57724e-05	-1.20824e-05	0.655945   	0.137469   	0.149346   	0.141808   	0.137468   	1.19327	
2e-10      	4.4        	0.99962    	-0.00113456	0.000125494	0.629464   	0.999683   	-0.000824219	-0.0027376 	0.629249   	0.999644   	0.0019024  	0.00269311 	0.629388   	0.465974   	2.58555    	7.10114    	0.464077   	0.466285   	2.54036    	5.45376    	0.466111   	0.515215   	2.32012    	6.63382    	0.511043   	18.0682	19.0502	19.9618	0.999996   	-1.78989e-05	1.7444e-05 	0.629148   	0.142044   	0.145039   	0.150573   	0.142035   	1.35502	
2.1e-10    	4.2        	0.999441   	-0.0022695 	0.00473374 	0.602223   	0.999425   	0.0041553  	-0.00158393	0.601572   	0.999516   	-0.00206018	-0.00304242	0.60212    	0.681521   	3.15899    	9.60873    	0.689297   	0.68413    	3.78826    	9.39158    	0.68544    	0.662527   	3.19505    	7.96534    	0.662198   	23.7502	24.1833	22.1829	0.999996   	-7.05044e-05	4.60005e-05	0.601649   	0.142891   	0.142473   	0.147037   	0.142904   	1.44261	
2.2e-10    	4          	0.99922    	-0.00192022	-0.00311692	0.573215   	0.999166   	0.00236907 	0.008986   	0.574449   	0.999273   	-0.000560933	-0.00578599	0.574269   	0.830484   	3.71247    	12.6564    	0.823715   	0.698283   	3.81803    	12.9982    	0.693458   	0.782453   	3.34668    	11.7391    	0.779121   	24.753	21.6089	23.4605	0.999995   	-2.50135e-05	1.77883e-05	0.573532   	0.146609   	0.143414   	0.145138   	0.146615   	1.59436	
2.3e-10    	3.8        	0.999115   	0.00438539 	-0.00165752	0.545582   	0.998659   	-0.00137725	0.00513747 	0.546113   	0.998767   	-0.00292576	-0.00361578	0.545123   	0.96245    	4.56795    	12.1591    	0.941149   	1.06884    	5.41342    	20.0658    	1.04941    	0.860174   	3.77338    	19.7393    	0.898482   	26.7521	27.15	23.9523	0.999995   	3.59169e-05	-4.51796e-05	0.544979   	0.145622   	0.139252   	0.146107   	0.145624   	1.74552	
2.4e-10    	3.6        	0.998186   	0.00242539 	0.0034082  	0.517711   	0.99813    	-0.00067824	-0.00504349	0.516321   	0.998343   	-0.00174671	0.00142584 	0.517495   	1.30735    	4.02309    	27.3491    	1.39767    	1.33425    	4.04464    	27.9255    	1.35113    	1.16519    	3.79246    	24.8428    	1.1947     	29.7967	29.3551	27.4835	0.999994   	1.68432e-06	-2.74844e-05	0.516255   	0.151205   	0.141117   	0.144416   	0.151208   	1.90213	
2.5e-10    	3.4        	0.997792   	0.00261963 	0.0239844  	0.486597   	0.997437   	0.00172621 	-0.0353193 	0.489751   	0.997704   	-0.00430102	0.0111243  	0.489559   	1.82543    	4.64106    	24.5407    	1.77088    	1.86745    	4.16582    	25.6945    	1.81241    	1.64754    	4.75443    	29.7481    	1.72278    	35.4573	35.0117	31.5061	0.999994   	4.29304e-09	-8.02404e-05	0.487487   	0.151762   	0.143235   	0.147797   	0.151776   	2.285	
2.6e-10    	3.2        	0.997804   	0.00303603 	0.00160214 	0.460665   	0.991133   	-0.00360465	0.0353071  	0.462045   	0.993345   	0.00105782 	-0.0378021 	0.461496   	2.4495     	5.46714    	24.5822    	2.50391    	2.06856    	4.38809    	109.374    	2.36512    	2.2567     	4.87114    	76.7359    	2.25893    	40.8903	33.3584	36.2657	0.999993   	0.000115664	4.18218e-05	0.458667   	0.151036   	0.144259   	0.144621   	0.151032   	2.06483	
2.7e-10    	3          	0.996018   	0.00638666 	0.00914481 	0.432943   	0.997018   	0.00713411 	-0.00255797	0.429882   	0.99607    	-0.0139631 	-0.00711386	0.431919   	3.05517    	4.85008    	43.2367    	3.40216    	3.36287    	4.40326    	30.6234    	3.29412    	2.94549    	4.31136    	41.6565    	3.00365    	41.2595	43.1632	41.8723	0.999992   	-8.5478e-05	-5.93923e-05	0.430009   	0.144139   	0.141957   	0.144397   	0.144128   	2.37751	
2.8e-10    	2.8        	0.989896   	0.0011231  	0.0183269  	0.408185   	0.982294   	-0.00396396	-0.140005  	0.410793   	0.986282   	0.00263281 	0.121707   	0.402748   	5.25614    	5.4924     	103.081    	6.42157    	5.44313    	6.40197    	77.9257    	5.54229    	4.43722    	4.95945    	61.5815    	5.76018    	57.4212	61.2622	47.4027	0.999991   	-2.72039e-05	-7.52775e-05	0.401533   	0.149253   	0.145171   	0.146547   	0.149242   	2.5599	
2.9e-10    	2.6        	0.98007    	0.00737175 	-0.156562  	0.364472   	0.987361   	-0.00568482	0.133807   	0.382988   	0.992788   	-0.0015967 	0.0141918  	0.38684    	7.47667    	6.02998    	57.4295    	6.76219    	6.28487    	5.64201    	28.6202    	6.45242    	5.67973    	5.41309    	62.1866    	5.16312    	62.7442	55.408	53.5845	0.999989   	7.67944e-05	-0.000109432	0.37313    	0.147682   	0.141103   	0.147148   	0.147684   	2.76223	
3e-10      	2.4        	0.993554   	0.0048206  	0.0636213  	0.34986    	0.975938   	-0.00791226	-0.175663  	0.350034   	0.980209   	0.00270089 	0.106097   	0.352811   	7.45444    	6.2509     	28.4823    	7.68901    	6.7635     	4.99013    	61.4804    	6.45533    	3.90848    	6.05536    	110.604    	7.11339    	57.3881	49.6414	34.3833	0.999987   	-5.24799e-05	-6.10734e-05	0.34493    	0.141369   	0.146973   	0.147471   	0.141356   	3.00814	
3.1e-10    	2.2        	0.987514   	0.00515442 	-0.0621556 	0.319475   	0.925246   	0.00626302 	0.362282   	0.33624    	0.950103   	-0.0110313 	-0.299244  	0.341456   	5.70811    	5.6986     	63.0794    	5.75662    	6.86986    	5.68752    	42.6369    	9.40597    	7.94057    	5.02745    	23.3284    	7.88144    	40.5948	44.9276	49.0433	0.999985   	-3.20372e-05	-3.73577e-05	0.316881   	0.147909   	0.138686   	0.147961   	0.14792    	2.46098	
3.2e-10    	2          	0.989681   	0.00684188 	0.0201247  	0.298557   	0.97207    	-0.00154923	0.163565   	0.285845   	0.979639   	-0.00539099	-0.184163  	0.299443   	10.6918    	6.57004    	51.6453    	10.8119    	12.3396    	7.65333    	68.3325    	14.9499    	11.6574    	5.31557    	11.158     	9.65984    	53.1591	57.8591	56.3199	0.999981   	-1.27472e-05	-0.000149825	0.288866   	0.143813   	0.14559    	0.15982    	0.143822   	2.7209	
3.3e-10    	1.8        	0.978674   	0.00535621 	0.138331   	0.273983   	0.951741   	-0.00745149	-0.286342  	0.272702   	0.979261   	0.000872125	0.15093    	0.260325   	17.8669    	5.34977    	48.3239    	17.1056    	9.38841    	5.73801    	24.5319    	10.0466    	10.7666    	4.43237    	35.1132    	10.7832    	64.8683	38.2004	40.8979	0.999977   	9.4582e-05 	-0.00034184	0.260826   	0.147241   	0.146313   	0.15762    	0.147235   	2.89376	
3.4e-10    	1.6        	0.896843   	0.0038585  	-0.371185  	0.258173   	0.96106    	-0.00981757	0.151919   	0.24024    	0.94699    	0.0045624  	0.25669    	0.250998   	13.0042    	7.60215    	126.114    	26.7909    	17.7122    	6.64986    	95.1082    	17.4733    	19.5397    	7.3682     	71.7685    	21.3864    	35.1412	48.9587	54.1801	0.999971   	7.6269e-05 	-5.73255e-05	0.232694   	0.153151   	0.142997   	0.159342   	0.153152   	2.6256	
3.5e-10    	1.4        	0.929638   	0.0120951  	-0.324209  	0.205031   	0.969666   	0.000956587	0.120033   	0.21167    	0.945517   	-0.0145114 	0.167706   	0.230189   	13.3543    	7.44344    	36.0927    	15.0666    	10.1627    	7.90053    	58.7132    	11.1412    	14.6389    	8.61247    	120.632    	13.1576    	33.0498	28.1727	35.2077	0.999962   	-3.9637e-05	-3.36267e-05	0.204291   	0.143547   	0.150805   	0.158042   	0.143544   	2.43107	
3.6e-10    	1.2        	0.928906   	-0.0168462 	0.0987299  	0.184757   	0.955422   	0.00569773 	0.119615   	0.181524   	0.929592   	0.0117676  	-0.216955  	0.197025   	6.67378    	7.34346    	142.308    	9.62904    	21.3547    	7.82843    	70.6256    	21.2002    	17.7624    	7.66507    	94.8631    	8.84936    	16.5016	28.8295	26.0981	0.999949   	-0.00015923	0.000289745	0.175695   	0.147154   	0.144127   	0.157875   	0.14716    	2.4011	
3.7e-10    	1          	0.850457   	0.0264384  	-0.419405  	0.161274   	0.934218   	-0.0038416 	0.249944   	0.164862   	0.916146   	-0.018463  	0.165985   	0.164667   	11.319     	7.27322    	76.9267    	10.9712    	16.4943    	6.74732    	47.8082    	15.474     	8.07311    	6.87464    	118.747    	11.9921    	13.7493	16.3832	12.7633	0.999927   	4.59278e-05	0.000171546	0.146886   	0.141678   	0.146142   	0.159378   	0.141653   	2.30596	
3.8e-10    	0.8        	0.845225   	0.00811216 	-0.418484  	0.142272   	0.950808   	-0.0319064 	-0.12119   	0.133059   	0.774274   	0.0147366  	0.52722    	0.142707   	8.33048    	8.55476    	65.9182    	11.4579    	6.54035    	7.9412     	39.4551    	7.25524    	10.1665    	7.12235    	85.0477    	27.5484    	10.5015	9.6291	11.5052	0.999885   	6.3669e-05 	-8.40862e-05	0.117801   	0.152067   	0.14571    	0.162608   	0.152029   	2.35145	
3.9e-10    	0.6        	0.883322   	0.011145   	-0.313567  	0.0986162  	0.869031   	0.0156816  	0.0894639  	0.102037   	0.856296   	-0.0302876 	0.1957     	0.106943   	10.3147    	11.134     	25.1421    	10.0713    	13.2542    	8.67771    	79.8325    	17.2382    	10.7994    	8.9382     	76.4877    	13.3141    	7.84896	10.4534	11.2035	0.999793   	-0.000210964	0.00053199 	0.0885398  	0.146198   	0.147864   	0.166387   	0.146197   	2.39463	
4e-10      	0.4        	0.753518   	0.0814925  	-0.0245278 	0.0664361  	0.931554   	-0.0259557 	0.0834609  	0.0754238  	0.78139    	-0.0397925 	-0.0764084 	0.0753267  	7.65763    	9.82941    	58.355     	11.6844    	7.08343    	8.64495    	14.0407    	7.41568    	9.81875    	7.44389    	66.637     	10.2378    	7.3533	6.60879	6.75064	0.999539   	4.8719e-05 	-0.000372941	0.0590903  	0.151074   	0.151283   	0.159605   	0.15097    	2.38264	
4.1e-10    	0.2        	0.682827   	0.0150446  	-0.175775  	0.0461699  	0.454789   	-0.0221779 	-0.472005  	0.0734747  	0.370273   	0.0217626  	0.49441    	0.0796769  	9.15817    	11.7243    	21.9002    	11.4109    	12.6241    	9.66501    	88.0588    	24.3939    	10.0166    	9.81595    	105.296    	34.6199    	5.94569	7.42823	7.45745	0.998189   	0.000563753	-0.00229915	0.0296619  	0.155727   	0.147664   	0.158866   	0.155407   	2.54087	
4.2e-10    	-0         	0.0500552  	-0.0585188 	0.091248   	0.040015   	-0.0883686 	-0.0579171 	-0.296535  	0.0576759  	0.0505871  	0.101739   	-0.00435233	0.0607085  	11.5876    	6.70697    	41.1532    	9.52194    	11.6571    	11.2507    	94.6205    	25.342     	11.9896    	10.1283    	121.203    	32.9378    	6.09904	5.51178	6.38063	0.00671971 	0.00214025 	0.00616785 	0.00200558 	0.155711   	0.146132   	0.16       	0.0728558  	2.56227	
