#----------------------------------------------------------------------------------------------------------------------------------------------------------
# Output file for vampire simulation
#   time       : 2025-06-06 20:52:48     process id : 1750851
#   hostname   : thor5.psi.ch
#   path       : /scratch/dossan_f/Na2BaMn(PO4)2/vampire_tripleUC_3mat_2d_k0.35_Jnn0.11/output-Field8-0T-Ba_high_res_steps10000x10000/run_T_0.800
#   version    : 6.0.0
#   githash    : 4c9651daecc86c3e6b6df0c8055fcd9e89fd900c
#----------------------------------------------------------------------------------------------------------------------------------------------------------
2e-11      	8          	0.999935   	-7.85433e-05	3.18984e-06	0.922361   	0.999884   	7.48413e-05	-0.000481598	0.922391   	0.999973   	-2.90218e-05	0.000461322	0.922398   	9.97305    	0.427424   	0.737223   	9.30513    	10.1621    	0.575352   	1.21685    	8.65596    	8.72745    	0.446      	0.525175   	8.53413    	1131.28	1170.14	908.495	0.999999   	-6.84881e-06	-1.41995e-05	0.922356   	28.7815    	0.116815   	0.121813   	28.7796    	3187.13	
3e-11      	7.8        	0.999987   	-9.25335e-05	-0.000252064	0.917787   	0.999987   	-0.000139059	0.000136586	0.917823   	0.999987   	9.87337e-05	0.0001267  	0.917846   	0.0273083  	0.416258   	0.479692   	0.0272871  	0.0273104  	0.404305   	0.471126   	0.0272889  	0.0306506  	0.415462   	0.476685   	0.030609   	4.87614	5.07148	5.41609	0.999999   	-4.42882e-05	3.75474e-06	0.917808   	0.0281822  	0.115641   	0.122512   	0.0281786  	1.30231	
4e-11      	7.6        	0.999986   	-0.000186514	-0.000239896	0.912077   	0.999985   	9.63601e-05	-8.9333e-05	0.912044   	0.999985   	6.26308e-05	0.000185715	0.912035   	0.0315522  	0.456422   	0.488881   	0.0315527  	0.0318611  	0.455249   	0.55024    	0.0317946  	0.0313872  	0.476512   	0.547006   	0.0314047  	5.33579	5.28256	5.21951	0.999999   	-9.28797e-06	-4.78116e-05	0.91204    	0.0306551  	0.11634    	0.119321   	0.0306551  	1.27201	
5e-11      	7.4        	0.999982   	-0.000160069	0.000254226	0.905479   	0.999983   	-7.37683e-06	-0.000397697	0.905499   	0.999982   	0.000233864	-1.83373e-05	0.905474   	0.0367024  	0.542948   	0.610761   	0.0366979  	0.0373287  	0.492185   	0.63234    	0.0373104  	0.0372279  	0.534274   	0.674748   	0.0372769  	5.67832	5.73031	5.81769	0.999999   	2.2218e-05 	-5.39892e-05	0.905469   	0.0366748  	0.123555   	0.123382   	0.0366757  	1.28162	
6e-11      	7.2        	0.99998    	0.00017872 	0.000180849	0.898109   	0.99998    	-0.000227457	-2.43711e-05	0.898117   	0.999981   	5.47516e-05	-0.000111477	0.898084   	0.0417887  	0.572627   	0.696678   	0.0417685  	0.0418488  	0.538324   	0.72961    	0.0418508  	0.042832   	0.578623   	0.624317   	0.0428394  	5.98457	5.96122	6.17663	0.999999   	1.91131e-06	1.49796e-05	0.898087   	0.0402459  	0.12785    	0.126854   	0.0402454  	1.19408	
7e-11      	7          	0.999976   	0.000282336	-2.37497e-05	0.889772   	0.999977   	-4.9132e-05	-0.00017169	0.889583   	0.999978   	-0.000254487	0.000195333	0.889594   	0.0486468  	0.67572    	0.874167   	0.0486591  	0.0499585  	0.672365   	0.763054   	0.0499491  	0.0469042  	0.674496   	0.706067   	0.0468493  	6.51094	6.71727	6.34328	0.999999   	-7.1885e-06	-8.9712e-09	0.88963    	0.0456654  	0.128383   	0.128719   	0.0456624  	1.15669	
8e-11      	6.8        	0.999975   	0.000251245	-0.000284605	0.880033   	0.999975   	-5.41554e-05	0.000239607	0.879976   	0.999975   	-0.000174265	-5.46687e-07	0.87997    	0.0557326  	0.705894   	0.837071   	0.055723   	0.0598228  	0.753192   	0.815982   	0.0598022  	0.057505   	0.71111    	0.862642   	0.0574701  	6.83888	7.3263	7.18371	0.999999   	7.63168e-06	-1.52311e-05	0.879972   	0.0529412  	0.132703   	0.133686   	0.0529454  	1.11096	
9e-11      	6.6        	0.999967   	-1.68851e-05	-0.000643329	0.869051   	0.999966   	-0.000541442	0.00034894 	0.86903    	0.999969   	0.000576539	0.000303152	0.869108   	0.0728897  	0.850285   	1.1174     	0.0728131  	0.068958   	0.844722   	1.22753    	0.0688184  	0.0666299  	0.783098   	1.08284    	0.066596   	8.10034	7.92695	7.62542	0.999999   	6.13222e-06	2.70375e-06	0.869036   	0.063258   	0.129709   	0.136116   	0.0632551  	1.1544	
1e-10      	6.4        	0.999964   	0.000389754	0.000236201	0.856592   	0.999963   	-0.000122373	-0.000184083	0.856656   	0.999962   	-0.000333913	-0.000152294	0.856538   	0.0804815  	0.959041   	1.14104    	0.0802489  	0.0789615  	0.927989   	1.28058    	0.0790284  	0.0877338  	1.02245    	1.23004    	0.0877129  	8.53908	8.26638	8.93538	0.999998   	-2.20942e-05	-3.35412e-05	0.856565   	0.0726163  	0.136563   	0.135687   	0.0726192  	1.13538	
1.1e-10    	6.2        	0.999953   	0.000255329	-0.00031839	0.842432   	0.999952   	0.000249356	-0.000373546	0.842358   	0.999955   	-0.00051059	0.000554004	0.842431   	0.102023   	1.14715    	1.55661    	0.101782   	0.097756   	1.18767    	1.57162    	0.0974134  	0.0967852  	1.19869    	1.36352    	0.0966309  	10.0387	9.65378	9.60653	0.999998   	-1.85646e-06	-4.6165e-05	0.842369   	0.0813254  	0.136731   	0.138469   	0.0813282  	1.10812	
1.2e-10    	6          	0.999943   	-0.000155257	0.000499445	0.82642    	0.999941   	1.00318e-05	3.6748e-06 	0.826471   	0.999941   	0.000123993	-0.000449867	0.826397   	0.114872   	1.19512    	1.91671    	0.114789   	0.122028   	1.31699    	1.90497    	0.122107   	0.112643   	1.27947    	1.98149    	0.112578   	10.4432	11.077	10.2873	0.999998   	-7.51573e-06	1.79758e-05	0.826383   	0.0871414  	0.135853   	0.140823   	0.0871475  	1.04427	
1.3e-10    	5.8        	0.999916   	-0.000341145	0.0021741  	0.808624   	0.999927   	-0.000232029	-0.00145758	0.808473   	0.999926   	0.000662554	-0.000666153	0.808628   	0.141372   	1.39553    	2.88093    	0.141967   	0.146676   	1.44599    	2.35367    	0.146235   	0.148496   	1.4375     	2.44203    	0.148667   	11.6425	12.1903	12.2118	0.999998   	2.97475e-05	1.66411e-05	0.808514   	0.101176   	0.137144   	0.14197    	0.101171   	1.0084	
1.4e-10    	5.6        	0.999898   	-0.000125993	-0.000280407	0.788608   	0.999902   	-0.000579636	0.000427832	0.788718   	0.999909   	0.000685265	-0.000247292	0.788694   	0.182328   	1.8972     	3.21081    	0.182174   	0.181335   	1.59406    	3.28753    	0.181064   	0.179307   	1.59429    	2.95586    	0.17942    	14.0777	13.2745	13.6029	0.999998   	-7.4481e-06	-3.40047e-05	0.788598   	0.114029   	0.135668   	0.147163   	0.114029   	1.07566	
1.5e-10    	5.4        	0.999889   	0.00126456 	-0.00211789	0.76689    	0.999873   	0.000288486	-0.000220862	0.766809   	0.999869   	-0.00149911	0.00223883 	0.766831   	0.226973   	2.02596    	3.08041    	0.226974   	0.227683   	2.07543    	3.93734    	0.226381   	0.220529   	2.37498    	3.64622    	0.218923   	15.8663	15.679	15.6558	0.999998   	1.86139e-05	-3.59358e-05	0.766751   	0.119829   	0.140915   	0.146892   	0.119833   	1.07678	
1.6e-10    	5.2        	0.999793   	0.000408689	0.000605667	0.743342   	0.999755   	-0.00172423	-0.000434396	0.743314   	0.999798   	0.00133777 	-0.000229275	0.743297   	0.258008   	2.90066    	6.28845    	0.256976   	0.247567   	2.52185    	8.3105     	0.248253   	0.295776   	2.51978    	6.42436    	0.295356   	16.2603	16.2648	18.0941	0.999998   	8.79514e-06	-2.00249e-05	0.743157   	0.132057   	0.14509    	0.146935   	0.132051   	1.21069	
1.7e-10    	5          	0.999603   	0.000604993	0.00857999 	0.717996   	0.999615   	-0.000715418	-0.00816242	0.717944   	0.999698   	0.000206348	-0.000585787	0.718172   	0.35562    	3.41214    	11.5615    	0.356921   	0.360287   	3.19259    	11.396     	0.353565   	0.357502   	2.97258    	9.58       	0.358751   	20.2833	20.7406	21.0752	0.999998   	3.24237e-05	-5.74084e-05	0.71778    	0.132272   	0.142696   	0.148806   	0.132272   	1.3205	
1.8e-10    	4.8        	0.999514   	0.000393441	0.0108049  	0.690993   	0.999591   	-0.000312248	-0.00372069	0.691198   	0.999496   	-9.82103e-05	-0.00706716	0.691524   	0.48199    	3.43558    	13.0014    	0.472471   	0.52573    	4.02154    	11.4634    	0.527737   	0.486534   	3.13862    	15.3406    	0.486162   	24.3612	25.4769	24.233	0.999997   	-9.78291e-06	4.28675e-06	0.690918   	0.146944   	0.140249   	0.150376   	0.146927   	1.55186	
1.9e-10    	4.6        	0.998914   	-0.00162699	0.0238187  	0.662962   	0.998913   	0.00136794 	-0.0316039 	0.664182   	0.998936   	0.000407442	0.00785072 	0.66355    	0.650079   	4.40177    	24.0113    	0.688733   	0.811511   	4.11481    	16.7073    	0.817335   	0.734794   	3.51202    	33.2607    	0.778337   	29.4194	32.8183	31.2363	0.999997   	5.3483e-05 	5.85398e-06	0.662849   	0.157773   	0.144953   	0.144627   	0.157779   	1.97118	
2e-10      	4.4        	0.99776    	-0.00282013	-0.00659714	0.634542   	0.998377   	0.000106346	-0.010556  	0.635054   	0.998545   	0.00272303 	0.0171036  	0.635213   	1.18208    	3.86483    	67.9769    	1.0847     	1.20236    	4.49966    	46.4179    	1.18899    	1.07197    	3.99262    	38.5431    	1.12471    	41.6248	40.7293	37.2155	0.999997   	-7.18911e-06	2.89955e-05	0.633811   	0.164141   	0.145999   	0.158863   	0.164145   	2.31492	
2.1e-10    	4.2        	0.991513   	0.00151933 	0.116258   	0.608612   	0.98964    	0.000801073	-0.110277  	0.610537   	0.998396   	-0.00252289	-0.00485054	0.605076   	1.54299    	4.17279    	46.5795    	1.76947    	1.56309    	5.18271    	124.348    	3.73448    	1.77047    	4.27545    	42.7155    	1.83016    	51.9042	46.8599	49.8907	0.999997   	-5.35997e-05	-2.88227e-05	0.60389    	0.173612   	0.141874   	0.146944   	0.1736     	3.49031	
2.2e-10    	4          	0.997095   	0.0018393  	-0.024562  	0.585874   	0.998152   	-0.00215946	0.0109585  	0.570781   	0.998635   	0.000398594	0.0141024  	0.567779   	2.51908    	4.5638     	67.4176    	2.64396    	3.1498     	4.64958    	42.1787    	3.13438    	2.71715    	4.43626    	28.2377    	2.6357     	63.4063	73.987	70.3791	0.999996   	5.84239e-05	-0.00010073	0.573635   	0.166071   	0.14708    	0.145607   	0.166071   	3.55246	
2.3e-10    	3.8        	0.98939    	-0.00531136	-0.137724  	0.548617   	0.995348   	0.00219655 	0.0904911  	0.551603   	0.997532   	0.00342508 	0.0448489  	0.542204   	9.4458     	4.27811    	19.1296    	7.28333    	3.76513    	5.03093    	8.50738    	3.87476    	12.541     	4.71285    	31.0086    	13.818     	185.709	81.9523	243.208	0.999996   	3.5682e-05 	-0.000225054	0.544238   	0.151505   	0.145744   	0.153204   	0.151507   	2.98358	
2.4e-10    	3.6        	0.986539   	0.00115292 	-0.116488  	0.520702   	0.991419   	-0.000488764	-0.0702228 	0.518995   	0.975065   	-0.000584296	0.19003    	0.531124   	5.19874    	3.96233    	144.271    	9.3854     	16.0442    	4.59811    	126.458    	17.9741    	12.5928    	5.44657    	136.992    	6.19493    	95.9691	271.819	220.851	0.999995   	-9.55488e-05	0.000653682	0.515335   	0.150355   	0.141145   	0.149354   	0.150346   	2.31601	
2.5e-10    	3.4        	0.970724   	0.00195377 	0.231176   	0.474357   	0.996724   	-0.002982  	0.03279    	0.482512   	0.963751   	0.000783508	-0.2381    	0.538956   	9.31951    	3.91299    	40.1253    	15.3632    	14.0927    	4.17955    	49.0743    	15.4776    	21.3336    	4.30469    	149.623    	6.71848    	146.226	217.404	333.146	0.999994   	-5.33246e-05	-0.000728142	0.486908   	0.148511   	0.143527   	0.160059   	0.14851    	2.15987	
2.6e-10    	3.2        	0.986053   	-0.00427429	0.148743   	0.488617   	0.966336   	0.00925816 	0.242244   	0.471072   	0.918298   	-0.00492472	-0.390599  	0.478352   	18.0072    	4.90722    	43.3865    	13.2205    	14.3993    	4.52884    	57.0027    	10.3492    	14.314     	4.52429    	30.8122    	10.9818    	240.503	196.577	185.682	0.999994   	-7.9724e-05	-0.0003991 	0.4588     	0.147772   	0.141823   	0.155391   	0.147746   	2.24582	
2.7e-10    	3          	0.980323   	0.00593431 	0.193472   	0.480721   	0.966514   	0.000329153	0.252081   	0.406031   	0.910471   	-0.00659018	-0.411706  	0.471134   	42.7821    	4.44828    	9.35591    	42.7918    	45.4432    	3.86416    	10.8859    	44.3519    	4.37602    	3.87254    	10.0601    	4.88621    	474.167	496.599	58.3975	0.999992   	-1.47929e-05	0.000539326	0.43092    	0.149898   	0.144123   	0.194426   	0.149883   	2.09375	
2.8e-10    	2.8        	0.992732   	-0.00357021	0.108915   	0.482066   	0.980245   	0.00588929 	0.161639   	0.30821    	0.97125    	-0.000616913	-0.212789  	0.441533   	42.0694    	4.68708    	21.8259    	44.0416    	25.5998    	4.3359     	38.5487    	18.3335    	12.2684    	4.95681    	81.1684    	9.43358    	398.541	248.249	124.597	0.999976   	-2.80589e-05	0.00547634 	0.40324    	0.150938   	0.143019   	0.196241   	0.150865   	2.00696	
2.9e-10    	2.6        	0.979339   	0.000602937	0.191925   	0.403404   	0.993087   	0.00360372 	-0.0751807 	0.334245   	0.992825   	-0.00417891	-0.102316  	0.402871   	22.8924    	5.05291    	17.6257    	18.3316    	20.6657    	5.2242     	30.9292    	22.1477    	17.0909    	5.20782    	20.8481    	18.439     	185.566	172.863	143.75	0.999964   	-3.11138e-05	0.00732849 	0.37569    	0.144817   	0.142781   	0.179142   	0.144833   	1.97275	
3e-10      	2.4        	0.983206   	-0.00323101	0.166938   	0.365995   	0.947306   	-0.000946897	-0.297485  	0.367343   	0.976965   	0.00660624 	0.174871   	0.345587   	42.975     	7.12475    	17.3794    	38.0266    	46.9571    	5.03873    	114.178    	91.1495    	27.5329    	6.349      	58.4691    	21.5219    	283.921	321.833	180.818	0.999967   	0.000119188	0.0053805  	0.348135   	0.14818    	0.148085   	0.397239   	0.148227   	2.0596	
3.1e-10    	2.2        	0.95087    	-0.00891517	0.296927   	0.315124   	0.915112   	-0.000153092	-0.397982  	0.406328   	0.967778   	0.00924763 	0.231637   	0.299185   	25.8268    	6.75077    	17.0965    	19.3678    	9.7767     	5.58881    	20.3615    	7.95884    	44.2438    	6.9841     	23.1484    	41.5939    	135.207	59.6357	227.256	0.999985   	-5.12742e-05	2.43993e-05	0.320471   	0.1475     	0.139844   	0.239612   	0.147484   	2.05862	
3.2e-10    	2          	0.972227   	-0.00255804	0.221095   	0.325412   	0.898953   	-0.00158525	-0.431932  	0.411399   	0.876894   	0.00804825 	0.471366   	0.218423   	26.5972    	6.44003    	23.4673    	32.5981    	13.5239    	6.12147    	26.5115    	9.87507    	23.1302    	7.46241    	7.69138    	21.3967    	129.246	69.9508	104.687	0.999981   	3.84937e-05	-0.0024652 	0.292601   	0.151456   	0.148337   	0.187963   	0.151478   	2.56252	
3.3e-10    	1.8        	0.960517   	-0.00909371	0.265529   	0.293345   	0.899954   	-0.00607452	-0.432283  	0.406296   	0.835475   	0.0286553  	0.53919    	0.174612   	13.9685    	6.92422    	23.1348    	20.4087    	6.68587    	9.35909    	10.0654    	5.00095    	17.6988    	6.00164    	10.1161    	21.5606    	57.6772	32.7575	57.6364	0.999974   	-7.67014e-05	-0.00339421	0.264388   	0.151308   	0.146919   	0.188772   	0.15134    	2.92527	
3.4e-10    	1.6        	0.944079   	-0.00619092	0.32464    	0.274471   	0.892966   	-0.00136171	-0.447947  	0.38429    	0.775729   	0.0155981  	0.620104   	0.135495   	4.58381    	4.98532    	4.4638     	4.15855    	6.98395    	6.70292    	4.06559    	6.22024    	7.16266    	4.92384    	1.93137    	4.00442    	21.3877	28.4778	24.6865	0.999975   	-3.12347e-05	0.000871998	0.235926   	0.150264   	0.143174   	0.192188   	0.150268   	2.62767	
3.5e-10    	1.4        	0.932733   	0.0467327  	0.349716   	0.257311   	0.869349   	-0.0119255 	-0.491461  	0.366845   	0.558925   	-0.0706618 	0.808611   	0.111985   	5.64469    	10.5369    	5.03518    	6.50806    	4.5081     	8.41962    	4.59926    	3.69353    	7.0036     	8.5545     	2.10874    	2.92607    	19.7706	20.6669	21.3527	0.999969   	5.71433e-05	0.000112874	0.207288   	0.148583   	0.145606   	0.180706   	0.148573   	2.19195	
3.6e-10    	1.2        	0.907348   	-0.0123153 	0.41302    	0.22775    	0.853039   	-0.00207954	-0.519798  	0.349352   	0.32653    	0.034695   	0.923822   	0.0946644  	4.30066    	8.62769    	3.15198    	3.58936    	2.75914    	7.88597    	2.56722    	2.72533    	5.75113    	8.23411    	2.11941    	2.1383     	15.2715	11.8806	15.388	0.999958   	-0.000352409	-0.000408351	0.17861    	0.144183   	0.149622   	0.175991   	0.144139   	2.58441	
3.7e-10    	1          	0.893711   	-0.0246534 	0.439135   	0.202585   	0.837528   	0.00153512 	-0.542347  	0.326758   	-0.0616782 	0.0500068  	0.97337    	0.0905739  	4.26676    	10.1747    	3.67494    	5.16178    	5.63154    	14.4524    	2.9092     	4.06312    	4.7715     	10.9087    	2.13156    	2.29664    	12.2432	14.4258	14.1874	0.999939   	-0.000337028	5.03322e-05	0.14973    	0.150509   	0.150546   	0.181946   	0.150521   	2.80194	
3.8e-10    	0.8        	0.863525   	0.0570606  	0.483781   	0.178051   	0.815213   	-0.00895885	-0.575036  	0.301437   	-0.382873  	-0.0699883 	0.900654   	0.0972202  	4.81267    	17.4333    	3.28175    	3.68994    	5.24274    	13.4119    	3.66658    	5.2086     	3.5797     	11.4897    	1.66402    	2.27485    	13.0992	12.7522	9.35088	0.999904   	0.00035762 	0.000385466	0.120741   	0.156907   	0.149613   	0.186942   	0.156943   	2.79836	
3.9e-10    	0.6        	0.812969   	-0.0243608 	0.55913    	0.150216   	0.790255   	0.0229088  	-0.607724  	0.281621   	-0.611588  	-0.0180989 	0.762034   	0.114104   	6.28108    	15.6742    	8.13872    	6.35478    	5.61689    	13.6432    	7.79606    	9.06649    	4.55433    	19.492     	3.09773    	3.54386    	10.9865	12.9509	12.614	0.999829   	0.00116086 	-0.00148145	0.0915543  	0.157436   	0.153944   	0.189343   	0.157488   	2.65204	
4e-10      	0.4        	0.666368   	-0.00381826	0.667385   	0.135233   	0.740014   	0.0676234  	-0.647528  	0.258577   	-0.753762  	-0.133551  	0.615207   	0.12554    	6.76084    	72.0846    	11.8047    	8.10227    	5.96529    	69.4653    	8.10605    	7.26058    	5.49378    	17.4883    	5.71777    	6.25402    	9.70098	11.0135	11.2611	0.999649   	0.00358777 	0.00122282 	0.062146   	0.158309   	0.148804   	0.172034   	0.15824    	2.64051	
4.1e-10    	0.2        	0.604301   	0.064483   	0.73096    	0.11195    	0.623224   	-0.144072  	-0.729426  	0.234498   	-0.743937  	0.15945    	0.547776   	0.155215   	9.78847    	10.2424    	50.2614    	30.3802    	18.5842    	105.411    	20.4007    	15.3204    	12.1245    	105.986    	13.7095    	15.7354    	11.3186	13.2425	10.3955	0.998541   	0.00218716 	-0.00788813	0.0320662  	0.15893    	0.150474   	0.202222   	0.158239   	2.57008	
4.2e-10    	-0         	-0.278835  	-0.381546  	0.753528   	0.106076   	0.387212   	-0.0799727 	-0.902843  	0.211734   	-0.34152   	0.388327   	0.780905   	0.141765   	83.2495    	25.6271    	16.6682    	31.293     	37.7541    	26.0758    	49.9188    	63.4671    	66.5013    	15.9201    	30.2688    	12.2063    	54.4461	38.2367	12.2088	0.302586   	-0.0354184 	-0.147277  	0.00204011 	0.192851   	0.151912   	0.17791    	0.101417   	2.38992	
