#----------------------------------------------------------------------------------------------------------------------------------------------------------
# Output file for vampire simulation
#   time       : 2025-06-06 20:48:42     process id : 1750304
#   hostname   : thor5.psi.ch
#   path       : /scratch/dossan_f/Na2BaMn(PO4)2/vampire_tripleUC_3mat_2d_k0.35_Jnn0.11/output-Field8-0T-Ba_high_res_steps10000x10000/run_T_0.250
#   version    : 6.0.0
#   githash    : 4c9651daecc86c3e6b6df0c8055fcd9e89fd900c
#----------------------------------------------------------------------------------------------------------------------------------------------------------
2e-11      	8          	0.999651   	-0.000762622	0.000846166	0.971536   	0.999648   	0.000531247	-0.00112206	0.971644   	0.999696   	0.000229941	0.000699546	0.97121    	64.6897    	8.57864    	10.0851    	43.1114    	54.1108    	4.3009     	21.5687    	31.0501    	89.2194    	1.39197    	3.97465    	75.939     	17470	12403.8	31791.3	0.999999   	-1.22693e-05	3.39739e-05	0.97132    	205.527    	0.119777   	0.164505   	205.472    	58959.1	
3e-11      	7.8        	0.999995   	3.0312e-05 	5.16827e-05	0.96991    	0.999995   	-2.57332e-05	-0.000200394	0.969921   	0.999995   	-1.33374e-05	0.00011018 	0.96991    	0.012062   	0.576751   	0.713159   	0.0120423  	0.0118482  	0.542203   	0.698207   	0.0118499  	0.0122913  	0.597632   	0.704285   	0.0122893  	6.01051	5.93503	6.04712	1          	-2.93772e-06	-1.28471e-05	0.969909   	0.0135651  	0.124307   	0.127239   	0.0135665  	1.38758	
4e-11      	7.6        	0.999994   	-0.000215786	-0.000210643	0.966878   	0.999993   	7.75227e-05	0.000165395	0.966874   	0.999994   	0.000101152	3.87823e-05	0.966885   	0.0156022  	0.643407   	0.840475   	0.0156056  	0.0155855  	0.693241   	0.880849   	0.0155618  	0.0154173  	0.668764   	0.766619   	0.0154188  	6.68586	7.05552	6.81614	1          	-1.23917e-05	-2.12305e-06	0.966874   	0.0181141  	0.12558    	0.125733   	0.0181136  	1.5038	
5e-11      	7.4        	0.999992   	9.41299e-05	-0.000180762	0.963129   	0.999992   	-2.56741e-05	-7.29146e-05	0.963118   	0.999992   	-9.34111e-05	0.000213244	0.963115   	0.0179916  	0.869744   	1.07223    	0.0179975  	0.0185508  	0.8792     	1.14586    	0.0185635  	0.0183878  	0.885847   	0.922241   	0.0183674  	7.38085	7.47792	7.09909	1          	-8.31352e-06	-1.34763e-05	0.963113   	0.021557   	0.127839   	0.135963   	0.0215549  	1.37542	
6e-11      	7.2        	0.99999    	0.000137515	0.000295513	0.958386   	0.99999    	0.000127278	-0.000180419	0.958363   	0.99999    	-0.000260969	-5.54807e-05	0.958383   	0.0246502  	0.979583   	1.48636    	0.0246707  	0.0245112  	1.02073    	1.44868    	0.0244729  	0.0242489  	0.934785   	1.37713    	0.0242582  	8.57003	8.70259	8.91033	1          	1.29867e-06	1.98723e-05	0.958368   	0.02863    	0.130891   	0.138572   	0.0286303  	1.37226	
7e-11      	7          	0.999985   	2.22785e-06	-1.95881e-05	0.952333   	0.999985   	-0.000167395	-0.00020925	0.952253   	0.999986   	0.000158842	0.000184028	0.952294   	0.0338809  	1.2969     	2.14293    	0.0337853  	0.0340652  	1.36105    	2.23072    	0.0340629  	0.0320899  	1.21449    	2.15053    	0.0321222  	10.5476	10.6967	10.3105	1          	-2.09577e-06	-1.49008e-05	0.95228    	0.0386705  	0.13332    	0.141831   	0.0386718  	1.33084	
8e-11      	6.8        	0.999977   	0.000120283	-0.0007593 	0.944094   	0.999979   	-0.000460743	0.000369917	0.944047   	0.999981   	0.000354219	0.000367645	0.944064   	0.0512634  	1.56573    	3.57605    	0.0510352  	0.0504089  	1.62681    	3.08585    	0.0503282  	0.0485814  	1.45757    	2.96374    	0.0485806  	13.2427	13.3416	12.6988	1          	4.50337e-06	-7.26662e-06	0.944049   	0.0603661  	0.135839   	0.137286   	0.0603667  	1.38189	
9e-11      	6.6        	0.999959   	-0.000264663	-0.0015811 	0.932662   	0.999962   	-0.00013218	0.000348244	0.932652   	0.999958   	0.000406315	0.00123542 	0.932591   	0.0767566  	2.21917    	6.7985     	0.0761574  	0.0785886  	1.97445    	6.44472    	0.0786986  	0.0734577  	2.03521    	7.27259    	0.073621   	17.5792	17.4118	17.2352	1          	3.19478e-06	8.60327e-07	0.932598   	0.0875405  	0.140437   	0.145723   	0.087544   	1.3128	
1e-10      	6.4        	0.999894   	-0.000473296	-0.00431782	0.915384   	0.999858   	-0.000213402	0.00321463 	0.915349   	0.999904   	0.000696721	0.00108668 	0.91531    	0.162076   	3.40295    	17.4191    	0.162951   	0.165132   	2.94768    	26.6642    	0.166773   	0.155022   	2.89516    	17.6617    	0.152526   	27.4601	29.8021	29.0405	1          	2.62002e-06	-5.18726e-06	0.915243   	0.171762   	0.140623   	0.149398   	0.171762   	1.44796	
1.1e-10    	6.2        	0.999705   	0.000236981	-0.00789443	0.884699   	0.998631   	0.000193096	-0.0442092 	0.888089   	0.998343   	-0.000476013	0.0519532  	0.889085   	0.95601    	2.83261    	50.2273    	0.873588   	0.979827   	3.0393     	76.3764    	0.899137   	0.928223   	3.43103    	59.2231    	1.1481     	103.516	173.437	140.169	1          	-1.49301e-05	-5.93825e-06	0.886308   	0.712249   	0.144713   	0.144433   	0.712249   	7.92432	
1.2e-10    	6          	0.998278   	1.29672e-05	-0.0561319 	0.853294   	0.995223   	-0.000383136	-0.094847  	0.861359   	0.988284   	0.000401427	0.14961    	0.865665   	1.01242    	3.256      	23.9153    	0.874327   	1.79481    	3.03829    	49.4586    	3.26358    	2.29643    	2.65259    	84.7803    	1.61063    	163.513	298.422	346.522	0.999999   	1.1532e-05 	-5.39565e-05	0.85486    	0.371092   	0.138636   	0.144052   	0.371099   	3.6403	
1.3e-10    	5.8        	0.998771   	0.000780876	0.0278907  	0.825964   	0.997341   	-0.000476192	-0.0687575 	0.811471   	0.998797   	-0.000294969	0.03829    	0.843271   	2.84412    	3.17635    	145.313    	3.4434     	2.44247    	2.958      	46.0364    	1.8132     	3.22732    	3.71249    	81.3266    	2.44412    	420.51	363.353	516.797	0.999999   	-8.14125e-07	-0.00016544	0.825507   	0.239787   	0.145851   	0.151867   	0.23978    	2.03525	
1.4e-10    	5.6        	0.998726   	-0.000463776	-0.0250113 	0.803474   	0.997163   	-7.34011e-05	-0.0716134 	0.784207   	0.995222   	0.000473025	0.0935656  	0.809688   	5.61507    	3.18521    	156.121    	5.23744    	7.09586    	3.21007    	38.2042    	5.70184    	6.22665    	3.24522    	60.5037    	4.23692    	803.816	984.996	876.417	0.999999   	-1.99217e-05	-0.000205208	0.796755   	0.219308   	0.139437   	0.160666   	0.219319   	1.99745	
1.5e-10    	5.4        	0.997145   	-4.85838e-05	-0.0685673 	0.781814   	0.99972    	0.000994329	-0.0112282 	0.746923   	0.996091   	-0.000939477	0.0780716  	0.78165    	5.92365    	3.52097    	73.0803    	3.73687    	12.3189    	3.72058    	28.2985    	12.8561    	5.2075     	3.72414    	129.044    	4.00744    	814.938	1611.39	685.621	0.999999   	-1.87086e-05	-0.000417483	0.7683     	0.200894   	0.146642   	0.152966   	0.200901   	1.79329	
1.6e-10    	5.2        	0.999682   	0.000546083	0.00703582 	0.783819   	0.997918   	-9.35182e-06	-0.0584389 	0.698217   	0.99868    	-0.000480884	0.0478143  	0.740977   	10.9264    	3.09304    	42.8176    	10.7098    	5.97445    	3.40341    	42.8826    	5.47639    	5.90359    	3.42716    	21.0151    	5.36311    	1339.16	718.021	703.073	0.999999   	2.65084e-05	6.65782e-05	0.740113   	0.182522   	0.141922   	0.189504   	0.182519   	1.70218	
1.7e-10    	5          	0.996944   	-0.000550534	0.0750369  	0.774914   	0.997587   	0.000589629	-0.0657406 	0.63271    	0.9992     	4.89806e-05	-0.0212466 	0.73292    	4.17786    	3.60794    	33.1625    	4.28657    	10.7992    	3.36426    	22.7843    	11.1748    	5.35986    	2.67835    	76.5435    	5.11878    	491.083	1171.62	603.499	0.999999   	-5.32415e-06	0.000458664	0.71202    	0.181389   	0.144119   	0.167619   	0.181384   	1.81958	
1.8e-10    	4.8        	0.995614   	-0.000298637	0.0881074  	0.775074   	0.995864   	0.000183729	-0.0858007 	0.611747   	0.999508   	0.00012455 	-0.0229402 	0.671231   	5.72786    	3.47351    	74.9362    	7.39923    	5.34389    	3.00578    	39.4078    	4.54944    	5.22914    	2.7343     	24.3457    	5.54708    	610.384	543.444	525.673	0.999999   	-1.36956e-05	0.000257235	0.683929   	0.179718   	0.142756   	0.169634   	0.179713   	1.71567	
1.9e-10    	4.6        	0.990941   	-0.000975762	0.133487   	0.777301   	0.985614   	0.000909529	-0.16791   	0.583995   	0.999814   	0.000307179	-0.00889963	0.622029   	7.17116    	3.43213    	13.5475    	7.39412    	4.6407     	3.6508     	12.3777    	4.37482    	7.42792    	3.13462    	11.6743    	7.54157    	678.523	428.485	685.895	0.999999   	-2.12553e-05	6.74202e-05	0.655922   	0.173457   	0.147312   	0.159794   	0.173458   	1.72458	
2e-10      	4.4        	0.991354   	0.000134113	0.130504   	0.763574   	0.983301   	-4.86483e-05	-0.181438  	0.544106   	0.999881   	-0.000197964	-0.00184923	0.592018   	1.85004    	4.28136    	9.55329    	1.69562    	6.66573    	3.37266    	3.23049    	5.69823    	5.48185    	4.06872    	6.4991     	5.48731    	167.848	547.869	461.196	0.999999   	-2.39457e-05	-7.16224e-05	0.627983   	0.171314   	0.142717   	0.182464   	0.171312   	1.71877	
2.1e-10    	4.2        	0.989793   	-0.000454918	0.141906   	0.750217   	0.979138   	0.00110683 	-0.202715  	0.511861   	0.99988    	-0.000349158	-0.0050904 	0.556301   	1.45945    	3.92315    	8.69954    	1.50714    	3.88531    	3.29923    	3.28222    	3.90549    	3.97352    	3.9618     	4.62759    	3.98615    	124.727	305.555	307.779	0.999999   	1.90686e-05	-7.28774e-05	0.599992   	0.171563   	0.139961   	0.16167    	0.171564   	1.64855	
2.2e-10    	4          	0.989461   	0.00111302 	0.144318   	0.738759   	0.973594   	-0.000317307	-0.227808  	0.472813   	0.999911   	-0.00127595	0.0022636  	0.524915   	1.52829    	5.55723    	4.10189    	1.45605    	4.69777    	4.39636    	1.52923    	4.34635    	3.58759    	3.58184    	2.53575    	3.59115    	121.174	330.703	258.161	0.999999   	-9.06523e-07	6.52396e-05	0.572059   	0.163137   	0.145299   	0.181588   	0.16313    	1.6105	
2.3e-10    	3.8        	0.988624   	-8.47492e-05	0.15004    	0.724049   	0.967583   	0.00102696 	-0.252093  	0.434703   	0.999916   	-0.000980684	0.00165048 	0.496232   	2.12077    	4.02925    	3.54705    	2.21653    	4.46538    	3.25211    	2.05391    	4.11928    	3.95989    	3.46699    	1.73787    	3.96085    	148.852	278.522	250.34	0.999999   	-5.76262e-05	-6.48188e-05	0.544207   	0.175026   	0.141844   	0.170068   	0.17503    	1.73989	
2.4e-10    	3.6        	0.987773   	-0.000106148	0.155578   	0.709086   	0.960685   	-8.90305e-05	-0.27718   	0.400354   	0.999921   	3.39586e-05	0.00131403 	0.464056   	1.71053    	4.45082    	2.12027    	1.79091    	3.09072    	3.90243    	1.20292    	2.89844    	3.74539    	3.14435    	1.22014    	3.74383    	111.636	180.046	227.49	0.999999   	-6.1265e-05	-2.30802e-05	0.516351   	0.166132   	0.139576   	0.159436   	0.166123   	1.65364	
2.5e-10    	3.4        	0.986759   	0.00163639 	0.161882   	0.694621   	0.950943   	-0.00369844	-0.308799  	0.365948   	0.999894   	0.000641837	0.00149866 	0.432109   	1.28488    	4.23461    	1.88202    	1.29172    	2.77369    	4.77357    	0.757258   	2.51068    	2.70239    	4.14526    	0.91012    	2.70732    	76.7277	146.644	146.465	0.999998   	2.79301e-05	7.07474e-05	0.488497   	0.167087   	0.144387   	0.168562   	0.167084   	1.71027	
2.6e-10    	3.2        	0.985783   	-0.000152785	0.167677   	0.678979   	0.938665   	-0.00081046	-0.344327  	0.331111   	0.999889   	0.00106923 	0.000632664	0.401672   	1.22412    	5.45599    	1.36611    	1.12455    	2.93133    	4.0269     	0.476302   	2.54644    	2.7444     	3.73785    	0.82698    	2.74134    	64.4831	140.112	135.018	0.999998   	3.46387e-05	7.84084e-05	0.460589   	0.161033   	0.141091   	0.157508   	0.161033   	1.66075	
2.7e-10    	3          	0.984858   	0.00103857 	0.173063   	0.663812   	0.921832   	-3.43298e-05	-0.386992  	0.297501   	0.999861   	-0.00199349	0.00040832 	0.370297   	1.43243    	4.8286     	0.993577   	1.41256    	2.66494    	4.38373    	0.424347   	2.19514    	2.0624     	4.29124    	0.557191   	2.06606    	67.4119	115.243	91.3424	0.999998   	-6.09087e-05	-5.86039e-05	0.432755   	0.168636   	0.136599   	0.17294    	0.168632   	1.73702	
2.8e-10    	2.8        	0.983785   	-0.0013269 	0.178994   	0.648342   	0.899051   	0.000808222	-0.437194  	0.265609   	0.999831   	0.00182792 	8.92587e-06	0.338108   	1.03637    	6.13169    	0.689171   	1.01214    	2.58354    	4.40505    	0.275678   	2.09993    	2.295      	4.58741    	0.365411   	2.30455    	49.0014	100.98	91.348	0.999998   	-2.07841e-05	-3.93873e-05	0.404897   	0.161195   	0.143104   	0.164098   	0.161187   	1.67449	
2.9e-10    	2.6        	0.982693   	0.00195587 	0.184921   	0.632952   	0.865506   	-0.00108938	-0.500327  	0.23366    	0.999794   	-0.00301276	-0.000166238	0.306895   	0.977425   	5.32177    	0.544618   	0.934914   	2.23257    	3.29992    	0.196755   	1.70254    	1.80508    	4.57304    	0.294607   	1.79531    	45.3643	81.0851	69.8799	0.999997   	6.95489e-05	9.90507e-05	0.377027   	0.160251   	0.141589   	0.170275   	0.160259   	1.67069	
3e-10      	2.4        	0.981749   	-0.0012042 	0.189751   	0.618222   	0.813937   	0.00318957 	-0.58002   	0.202467   	0.999745   	0.000306365	0.000669958	0.275697   	1.11828    	7.53203    	0.459262   	1.07602    	2.88168    	4.60484    	0.171867   	1.97311    	2.32636    	4.77719    	0.238622   	2.33468    	42.6469	88.3665	75.8037	0.999997   	-2.23977e-05	9.23482e-05	0.349131   	0.166821   	0.145758   	0.155644   	0.166818   	1.56725	
3.1e-10    	2.2        	0.980654   	0.00286334 	0.19536    	0.602113   	0.73797    	-0.00950195	-0.673782  	0.174615   	0.999636   	-5.96802e-05	1.10296e-08	0.244419   	1.04096    	6.32404    	0.423597   	1.02252    	2.2233     	4.10349    	0.15427    	1.26117    	1.88441    	5.35843    	0.234818   	1.87827    	36.7776	64.403	56.8438	0.999996   	7.25392e-05	9.08471e-06	0.32123    	0.165083   	0.14401    	0.17533    	0.165083   	1.61917	
3.2e-10    	2          	0.979552   	-0.00211054	0.200821   	0.585671   	0.616757   	0.0071009  	-0.785824  	0.149815   	0.999563   	0.00031157 	3.30652e-05	0.214034   	0.96671    	5.93324    	0.423112   	0.935543   	2.32149    	4.37594    	0.147335   	0.948184   	2.16539    	4.94764    	0.210031   	2.16187    	32.1577	62.2309	57.3702	0.999995   	-9.28266e-05	-8.56964e-05	0.293361   	0.168711   	0.147022   	0.168033   	0.168687   	1.55398	
3.3e-10    	1.8        	0.978509   	-0.00421161	0.205751   	0.570065   	0.435057   	-0.00856332	-0.898691  	0.130519   	0.99912    	0.0190785  	0.000735924	0.181831   	0.95245    	6.55061    	0.472355   	0.906061   	1.74945    	5.17796    	0.170179   	0.495137   	1.62969    	5.72951    	0.221486   	1.63686    	29.7056	42.5649	39.6291	0.999994   	-4.83458e-05	0.000178336	0.265435   	0.167136   	0.139185   	0.167615   	0.167135   	1.54714	
3.4e-10    	1.6        	0.97741    	0.00125268 	0.210904   	0.554349   	0.167144   	0.00451939 	-0.983746  	0.118687   	0.99872    	-0.00724102	-0.000879168	0.151121   	0.964898   	6.80505    	0.593157   	0.945777   	2.2159     	5.66765    	0.236777   	0.313506   	2.06949    	7.10323    	0.281566   	2.06939    	27.453	44.6294	43.1337	0.999993   	0.000189082	3.90854e-05	0.23754    	0.159012   	0.146623   	0.171956   	0.159009   	1.60406	
3.5e-10    	1.4        	0.976439   	-0.00523482	0.215087   	0.537677   	-0.13126   	0.0243408  	-0.988454  	0.1171     	0.998234   	-0.00167153	-0.000574393	0.119324   	1.1339     	9.61171    	0.673471   	1.12833    	2.12431    	7.02102    	0.251904   	0.281362   	2.15248    	6.20032    	0.382074   	2.20574    	27.2475	39.0143	38.979	0.999991   	-0.000273885	-0.000260189	0.209581   	0.163233   	0.146917   	0.172533   	0.163238   	1.59995	
3.6e-10    	1.2        	0.975148   	-1.95686e-05	0.220828   	0.52056    	-0.401759  	-0.0118109 	-0.913317  	0.125999   	0.995222   	0.0158188  	0.0013123  	0.088245   	1.18392    	10.2669    	0.996853   	1.20161    	2.54785    	6.67224    	0.391764   	0.786174   	2.63385    	9.02635    	0.549483   	2.7563     	24.3406	40.5308	40.4368	0.999987   	-0.000209781	1.72471e-05	0.181593   	0.164286   	0.15026    	0.170183   	0.164315   	1.64255	
3.7e-10    	1          	0.973885   	-0.00231806	0.226242   	0.503641   	-0.605476  	0.0159572  	-0.793743  	0.143527   	0.9922     	-0.0202238 	-0.00157422	0.0576917  	1.12819    	10.6218    	1.13936    	1.18737    	2.08671    	6.76694    	0.458981   	1.03459    	1.64541    	6.08757    	0.585498   	1.73493    	22.1357	29.3544	26.345	0.999982   	-0.000191438	-8.14981e-05	0.153599   	0.164561   	0.153995   	0.173647   	0.164525   	1.58485	
3.8e-10    	0.8        	0.972618   	-0.0270082 	0.230017   	0.485798   	-0.735249  	0.0309346  	-0.675291  	0.166121   	0.929569   	0.259377   	0.0108948  	0.0282283  	1.98475    	9.95597    	1.58433    	2.05739    	3.35364    	6.41983    	0.782416   	1.90146    	3.11469    	5.83796    	1.13122    	3.18664    	25.7997	34.1748	34.5854	0.999973   	-0.00110828	-7.68631e-05	0.125506   	0.16957    	0.152412   	0.167108   	0.169614   	1.60711	
3.9e-10    	0.6        	0.971781   	0.0104925  	0.23337    	0.469588   	-0.824435  	0.00475158 	-0.563746  	0.193439   	-0.393719  	-0.380978  	-0.0901209 	0.0122296  	1.25059    	28.0874    	2.74206    	1.6213     	3.25829    	10.5649    	0.822251   	2.6485     	2.65188    	12.1584    	1.29784    	3.9506     	17.5081	28.6591	26.5243	0.999949   	0.000294112	-0.00108872	0.0974074  	0.170392   	0.170421   	0.197429   	0.170463   	1.60184	
4e-10      	0.4        	0.969616   	0.000942035	0.241212   	0.450644   	-0.872311  	0.0169403  	-0.484668  	0.222746   	-0.923395  	-0.091334  	-0.0169464 	0.0382344  	2.36894    	39.6123    	3.97893    	2.38028    	3.20306    	22.7013    	1.91546    	2.84162    	3.56725    	24.8416    	1.9235     	3.86894    	20.9809	24.4127	23.3471	0.999906   	0.000527673	0.000206654	0.0691549  	0.16961    	0.159073   	0.18928    	0.16955    	1.72988	
4.1e-10    	0.2        	0.964028   	-0.0648546 	0.247467   	0.42864    	-0.901639  	0.0299017  	-0.420298  	0.252031   	-0.927171  	0.271277   	-0.00163607	0.0695503  	5.22948    	115.645    	8.18996    	5.57839    	11.3337    	70.7313    	4.1077     	8.76746    	8.68431    	40.4011    	7.42876    	15.05      	24.121	39.7595	31.6345	0.999651   	0.00106883 	0.000984831	0.0406474  	0.185726   	0.248976   	0.19532    	0.185367   	1.5922	
4.2e-10    	-0         	0.977329   	-0.128183  	0.157907   	0.384226   	-0.901053  	0.311244   	-0.276476  	0.251001   	-0.94472   	-0.216421  	0.0527179  	0.126148   	28.665     	22.7719    	52.9076    	37.5571    	37.8923    	92.8201    	26.6388    	32.1313    	19.5274    	126.593    	18.2315    	43.4501    	28.5707	48.3057	90.4171	0.989743   	-0.0696307 	-0.0598319 	0.0103825  	0.403761   	0.201987   	0.282684   	0.394052   	1.60438	
