#----------------------------------------------------------------------------------------------------------------------------------------------------------
# Output file for vampire simulation
#   time       : 2025-06-06 20:53:02     process id : 3578729
#   hostname   : thor1.psi.ch
#   path       : /scratch/dossan_f/Na2BaMn(PO4)2/vampire_tripleUC_3mat_2d_k0.35_Jnn0.11/output-Field8-0T-Ba_high_res_steps10000x10000/run_T_0.950
#   version    : 6.0.0
#   githash    : 4c9651daecc86c3e6b6df0c8055fcd9e89fd900c
#----------------------------------------------------------------------------------------------------------------------------------------------------------
2e-11      	8          	0.999961   	3.04917e-05	0.000383022	0.910542   	0.999984   	2.36807e-05	-0.000155612	0.910527   	0.999954   	-0.000128463	-9.8188e-05	0.910529   	6.57887    	0.36124    	0.599014   	6.30301    	7.52712    	0.389723   	0.410785   	7.51122    	6.67527    	0.364521   	0.642898   	6.32938    	634.766	798.737	656.162	0.999999   	-2.66112e-05	4.1141e-05 	0.910516   	20.7059    	0.113389   	0.117049   	20.7053    	2071.38	
3e-11      	7.8        	0.999985   	-0.000180819	0.000136115	0.905434   	0.999985   	4.17851e-05	-8.60848e-05	0.905403   	0.999984   	6.96891e-05	-2.14005e-05	0.905495   	0.0293124  	0.416557   	0.439592   	0.0292684  	0.0303575  	0.42079    	0.424148   	0.0303444  	0.0310665  	0.423025   	0.4932     	0.0310329  	4.51292	4.62332	4.78648	0.999999   	-2.31523e-05	9.55259e-06	0.905431   	0.0309659  	0.113909   	0.116542   	0.0309665  	1.31802	
4e-11      	7.6        	0.999984   	6.93615e-05	-9.00445e-05	0.899169   	0.999983   	-0.0001189 	8.41648e-05	0.899215   	0.999984   	2.67191e-05	1.79702e-05	0.899224   	0.0375874  	0.446079   	0.43925    	0.0375613  	0.0358683  	0.431753   	0.478873   	0.0358672  	0.0354541  	0.424401   	0.457307   	0.0354141  	5.53048	5.31862	5.17743	0.999999   	-7.68743e-06	3.99636e-06	0.899189   	0.033819   	0.112077   	0.117178   	0.0338245  	1.26521	
5e-11      	7.4        	0.999981   	-8.76343e-05	0.000348311	0.892269   	0.999981   	-0.000137217	8.97925e-05	0.892235   	0.999981   	0.000292419	-0.000486561	0.892164   	0.0385448  	0.476588   	0.540141   	0.0385288  	0.0396022  	0.476785   	0.549539   	0.0396014  	0.0407348  	0.440969   	0.587916   	0.0407045  	5.26914	5.39284	5.41996	0.999998   	2.25963e-05	-1.61828e-05	0.892207   	0.0383326  	0.121307   	0.127634   	0.0383286  	1.24516	
6e-11      	7.2        	0.999979   	6.14243e-05	-3.63198e-05	0.884395   	0.99998    	-0.000152168	0.000125046	0.884363   	0.999978   	-3.72744e-05	-5.99326e-05	0.884332   	0.0450346  	0.488541   	0.602216   	0.0450392  	0.0456434  	0.461892   	0.607107   	0.0456551  	0.0457037  	0.506208   	0.640438   	0.0457306  	5.52651	5.83188	5.65217	0.999998   	-4.2772e-05	9.52969e-06	0.884346   	0.0433735  	0.121494   	0.128536   	0.0433741  	1.24759	
7e-11      	7          	0.999974   	-0.000244234	-0.000165175	0.875566   	0.999974   	-0.000286304	-0.000440294	0.875631   	0.999975   	0.000538124	0.000473898	0.875564   	0.0515016  	0.58931    	0.739334   	0.0514993  	0.0531152  	0.632916   	0.694422   	0.0530874  	0.0505997  	0.556026   	0.710991   	0.0506476  	5.94286	6.05976	5.87044	0.999998   	2.4405e-06 	-4.37252e-05	0.875566   	0.0500751  	0.126291   	0.122286   	0.0500765  	1.2509	
8e-11      	6.8        	0.999973   	-0.000113743	-9.71525e-05	0.865614   	0.999973   	0.000339336	-0.000631746	0.865659   	0.999972   	-0.00017835	0.000730804	0.865704   	0.0586602  	0.621253   	0.733917   	0.0586795  	0.0596775  	0.666335   	0.695995   	0.0595988  	0.0571318  	0.655112   	0.740199   	0.057173   	6.49337	6.59007	6.13722	0.999998   	1.57191e-05	7.15234e-07	0.865637   	0.0522209  	0.129505   	0.132385   	0.0522225  	1.13649	
9e-11      	6.6        	0.99997    	0.000105202	-0.000121584	0.854504   	0.999968   	-0.000266368	0.000325097	0.854554   	0.999968   	0.000128425	-0.000241379	0.854556   	0.0737045  	0.657118   	0.820668   	0.0736634  	0.067985   	0.709632   	0.894152   	0.068026   	0.0703204  	0.729125   	0.851258   	0.0702365  	7.32879	7.09984	7.07085	0.999998   	-1.07624e-05	-1.26047e-05	0.854513   	0.0601183  	0.129287   	0.133489   	0.0601186  	1.09985	
1e-10      	6.4        	0.999964   	-0.000259839	0.000288948	0.842073   	0.999961   	-0.000229902	0.00054603 	0.842032   	0.999962   	0.000457843	-0.0009912 	0.842036   	0.0811213  	0.794159   	0.955977   	0.0811311  	0.0810656  	0.802036   	1.08611    	0.0811572  	0.0838971  	0.827221   	0.962105   	0.083833   	7.68387	7.52749	7.83854	0.999998   	-1.07985e-05	-5.19714e-05	0.842017   	0.0689608  	0.129725   	0.136863   	0.0689502  	1.09945	
1.1e-10    	6.2        	0.999954   	0.000449301	0.000402598	0.828079   	0.999952   	-0.000641453	0.000345419	0.827956   	0.999955   	0.00034579 	-0.000653721	0.828227   	0.09637    	0.872052   	1.25254    	0.0962958  	0.10006    	0.952617   	1.26129    	0.100161   	0.0950831  	0.881875   	1.18912    	0.0949026  	8.35226	8.59653	8.39587	0.999998   	5.11534e-05	3.15652e-05	0.828051   	0.0777226  	0.126562   	0.13745    	0.0777252  	1.08804	
1.2e-10    	6          	0.999943   	-7.63725e-05	0.000511495	0.81253    	0.999943   	6.65239e-05	-0.000429328	0.812376   	0.999944   	-6.90567e-05	-0.00022142	0.812611   	0.112424   	1.14996    	1.38083    	0.112379   	0.109079   	1.15992    	1.37733    	0.108813   	0.105528   	1.03599    	1.47167    	0.105396   	9.02373	8.81544	8.64116	0.999998   	-2.63582e-05	-4.61544e-05	0.812461   	0.0843711  	0.129411   	0.139194   	0.0843719  	1.03838	
1.3e-10    	5.8        	0.99993    	0.000123433	0.00112351 	0.795311   	0.999928   	0.00035536 	-0.00231693	0.795242   	0.999931   	-0.000547151	0.00120564 	0.795331   	0.141173   	1.17601    	1.8221     	0.140986   	0.138792   	1.13632    	1.85667    	0.138786   	0.128572   	1.2841     	1.64328    	0.128263   	10.2891	9.98846	9.73781	0.999998   	-2.25348e-05	3.63072e-06	0.79524    	0.100473   	0.136647   	0.143454   	0.100471   	1.04592	
1.4e-10    	5.6        	0.999914   	-0.000347433	-0.000822835	0.776364   	0.999908   	-0.000549765	8.86611e-05	0.776225   	0.999916   	0.000878558	0.000505703	0.776421   	0.152306   	1.44755    	2.04881    	0.152432   	0.162161   	1.55813    	2.20181    	0.161974   	0.165582   	1.44619    	1.96576    	0.165155   	11.0323	10.5705	11.4793	0.999998   	-5.62935e-06	-7.52981e-05	0.776271   	0.103509   	0.140143   	0.141641   	0.103507   	0.999198	
1.5e-10    	5.4        	0.999892   	-0.00100499	-0.00138823	0.755756   	0.999893   	0.00126746 	0.000662486	0.755758   	0.999901   	-0.000144108	0.000596182	0.755649   	0.181136   	1.80854    	2.3116     	0.181588   	0.183377   	1.7391     	2.36065    	0.183232   	0.191126   	1.53487    	2.30616    	0.190937   	11.4308	11.4696	12.0633	0.999998   	3.89472e-05	-4.22037e-05	0.755644   	0.117981   	0.142907   	0.142719   	0.117983   	1.05135	
1.6e-10    	5.2        	0.999836   	-0.000838653	-0.00191426	0.733633   	0.999836   	-0.00053471	0.00153784 	0.733392   	0.999843   	0.00134755 	0.000349844	0.733579   	0.232756   	1.97122    	3.94799    	0.232848   	0.2401     	1.93099    	4.02179    	0.24131    	0.224812   	2.00069    	3.70799    	0.225436   	13.4905	14.0365	13.1891	0.999997   	-8.06649e-06	-6.57847e-06	0.733418   	0.115912   	0.142627   	0.14518    	0.115919   	1.02005	
1.7e-10    	5          	0.999821   	0.000899295	-0.00113836	0.70986    	0.999807   	-0.000429156	-0.00330412	0.709856   	0.999802   	-0.000491039	0.00438539 	0.709739   	0.288162   	2.15372    	3.94087    	0.288661   	0.279276   	1.90916    	4.49986    	0.277643   	0.284317   	2.1709     	4.27434    	0.284401   	15.5642	14.5762	14.8087	0.999997   	-6.52187e-06	-2.0126e-05	0.709685   	0.129339   	0.140676   	0.145321   	0.129337   	1.09583	
1.8e-10    	4.8        	0.99976    	0.00117309 	-0.00348332	0.684395   	0.99973    	-0.000722213	0.00131704 	0.684884   	0.999781   	-0.000361515	0.00217506 	0.684678   	0.38037    	2.36926    	5.04175    	0.377779   	0.372579   	2.59095    	5.95167    	0.369142   	0.353611   	2.55221    	4.32267    	0.353274   	18.2608	17.9261	16.8516	0.999997   	2.74935e-05	5.85504e-06	0.684488   	0.129481   	0.143329   	0.146631   	0.129479   	1.09189	
1.9e-10    	4.6        	0.999617   	-0.00273301	0.0011035  	0.658739   	0.999614   	0.000409767	0.00257285 	0.658491   	0.999602   	0.00247607 	-0.00379839	0.658464   	0.428826   	2.51643    	8.65652    	0.433046   	0.449351   	2.83399    	8.4318     	0.448653   	0.456446   	3.26736    	8.14848    	0.456988   	18.4662	19.3084	20.2482	0.999997   	4.4294e-05 	-4.41291e-05	0.65831    	0.142394   	0.14554    	0.146151   	0.142395   	1.27309	
2e-10      	4.4        	0.999516   	0.000164861	0.00259439 	0.631591   	0.999378   	-0.00432532	-0.00787037	0.631517   	0.999542   	0.00403132 	0.00523976 	0.631147   	0.524636   	2.82778    	10.1947    	0.526928   	0.582842   	3.47364    	12.2709    	0.587528   	0.547924   	3.38588    	8.39419    	0.537794   	21.4426	21.9016	21.7328	0.999996   	-4.38913e-05	-1.68084e-05	0.631092   	0.150044   	0.143812   	0.151      	0.15004    	1.43863	
2.1e-10    	4.2        	0.999158   	-0.00229191	-0.0184243 	0.603308   	0.999451   	0.000689472	0.00727436 	0.603407   	0.999451   	0.001534   	0.0111246  	0.603828   	0.871725   	4.06925    	12.5272    	0.890198   	0.809893   	3.49402    	9.42912    	0.817698   	0.815608   	3.99247    	8.02316    	0.809981   	28.887	26.9981	26.3303	0.999996   	-2.33369e-05	5.35977e-06	0.603126   	0.147059   	0.140952   	0.14815    	0.147062   	1.49618	
2.2e-10    	4          	0.998852   	-0.00112406	-0.0153645 	0.574833   	0.998612   	-0.00113205	0.0347955  	0.576516   	0.998589   	0.0021545  	-0.0196083 	0.575027   	0.945471   	3.90965    	19.2012    	0.951841   	0.854207   	4.6948     	12.9505    	0.863479   	0.968129   	4.35317    	22.9633    	0.97303    	28.2582	24.6404	28.5226	0.999996   	-3.38898e-05	-1.0298e-05	0.574703   	0.156229   	0.136526   	0.145986   	0.156227   	1.99632	
2.3e-10    	3.8        	0.997506   	-0.000961461	-0.0193886 	0.547365   	0.996461   	0.00163656 	0.0530349  	0.548357   	0.996329   	-0.000780214	-0.0333368 	0.547098   	1.36367    	4.63254    	42.5636    	1.5409     	1.48006    	3.89704    	39.4756    	1.49266    	1.43986    	4.50533    	59.0458    	1.73724    	33.4557	36.9251	35.8637	0.999995   	-5.44666e-05	-6.42884e-05	0.54583    	0.150855   	0.14135    	0.145586   	0.150851   	1.90586	
2.4e-10    	3.6        	0.998295   	0.000555659	-0.00507032	0.517477   	0.998994   	-0.0034121 	0.00954449 	0.520157   	0.99885    	0.00309853 	-0.00461923	0.515177   	1.68275    	5.17959    	25.5139    	1.64415    	1.44371    	5.38316    	12.2375    	1.48785    	1.6865     	4.8054     	15.6595    	1.70771    	36.1923	33.4648	35.5359	0.999995   	5.1064e-05 	-4.38654e-06	0.516939   	0.144819   	0.138567   	0.141352   	0.144804   	2.40891	
2.5e-10    	3.4        	0.987223   	-0.00292737	0.00675187 	0.496764   	0.99739    	-0.000651679	0.0035019  	0.487635   	0.990012   	0.00354432 	-0.0089464 	0.491997   	2.54397    	5.35154    	209.872    	3.72427    	2.67537    	5.12667    	36.7841    	2.62213    	2.34055    	5.33519    	157.618    	2.36164    	43.0444	45.0679	41.3902	0.999994   	-7.40692e-06	4.54157e-05	0.487934   	0.150393   	0.140842   	0.140915   	0.150372   	2.52605	
2.6e-10    	3.2        	0.986508   	-0.00513285	-0.116669  	0.465715   	0.992045   	0.00400562 	-0.00267331	0.462646   	0.989746   	0.000945001	0.122062   	0.463542   	3.70071    	5.91713    	92.2032    	5.07393    	4.95755    	6.83175    	108.572    	4.99333    	4.44012    	5.61009    	33.569     	3.60273    	52.7453	66.3731	63.479	0.999993   	-3.74611e-05	-2.67031e-05	0.459032   	0.149715   	0.148519   	0.148219   	0.149708   	3.00431	
2.7e-10    	3          	0.954119   	-0.00282576	0.288289   	0.440274   	0.98698    	0.00120034 	-0.136149  	0.427829   	0.985756   	0.00160601 	-0.149474  	0.455343   	6.78993    	4.68944    	38.6756    	7.08082    	6.30525    	4.63627    	41.1852    	7.01341    	9.2557     	4.90123    	37.0371    	10.2587    	69.3729	69.312	109.97	0.999992   	4.93851e-05	1.79127e-05	0.430332   	0.150228   	0.147137   	0.147537   	0.150223   	3.7451	
2.8e-10    	2.8        	0.939806   	0.000215993	0.323402   	0.405312   	0.996813   	-0.000229765	-0.0364562 	0.432448   	0.950899   	-0.000221669	-0.281917  	0.414644   	15.4009    	5.47283    	75.5518    	29.3263    	20.856     	4.36452    	28.3722    	21.0987    	8.50728    	4.80502    	88.195     	9.56728    	129.853	175.694	78.2099	0.999991   	3.27984e-06	-0.000290763	0.401796   	0.150558   	0.146671   	0.148963   	0.150545   	2.44981	
2.9e-10    	2.6        	0.985386   	0.000777377	-0.0377865 	0.388807   	0.990066   	-0.00094073	-0.121463  	0.373405   	0.976876   	-0.000382523	0.166445   	0.377512   	28.7624    	6.59477    	141.068    	34.1186    	31.5747    	6.13149    	18.1955    	32.7987    	6.10953    	6.14781    	86.5144    	10.5817    	213.067	214.845	54.4931	0.99999    	-3.46669e-05	-0.000407046	0.373699   	0.14148    	0.144337   	0.150374   	0.141457   	3.18262	
3e-10      	2.4        	0.917235   	-0.00153018	-0.390452  	0.366185   	0.992839   	0.0088415  	0.0936444  	0.335602   	0.95509    	-0.00661871	0.287398   	0.385757   	12.7537    	6.14992    	20.0599    	10.575     	7.42815    	6.26736    	15.0899    	7.90506    	7.3834     	7.05687    	22.2782    	10.6108    	87.418	55.875	50.3476	0.999987   	-6.10806e-05	8.0944e-05 	0.345786   	0.147798   	0.144321   	0.172005   	0.147818   	3.12873	
3.1e-10    	2.2        	0.822157   	0.00150497 	-0.551457  	0.349266   	0.977971   	-0.00071416	-0.139727  	0.332865   	0.811935   	-0.000499546	0.574699   	0.421756   	17.0487    	5.77251    	73.5788    	14.8023    	18.0593    	6.08368    	87.9772    	23.3538    	18.3587    	5.57993    	58.6646    	18.6675    	85.8424	92.6637	96.2404	0.999985   	4.26766e-05	0.000434234	0.317858   	0.141883   	0.144164   	0.156968   	0.141882   	2.75715	
3.2e-10    	2          	0.944295   	-0.000201044	-0.320531  	0.303887   	0.979265   	0.00241988 	-0.0976598 	0.30399    	0.904085   	-0.0011178 	0.402212   	0.317417   	23.4061    	6.39744    	18.3782    	30.7687    	25.0313    	7.51067    	94.921     	27.7404    	11.3306    	6.95712    	79.8777    	24.6635    	95.3322	102.122	56.3976	0.999982   	0.000116001	5.78576e-05	0.29001    	0.140337   	0.145188   	0.170433   	0.140335   	2.88386	
3.3e-10    	1.8        	0.893727   	0.0118083  	-0.431642  	0.338573   	0.967374   	-0.0118318 	0.117951   	0.226961   	0.902078   	-0.00430931	0.402798   	0.293154   	26.0251    	7.34903    	39.8772    	16.1104    	36.0737    	5.37621    	69.6154    	27.9288    	10.2317    	5.64896    	69.2451    	15.1179    	79.663	91.1835	42.9399	0.999977   	-8.66648e-06	-0.00055801	0.262136   	0.14418    	0.143652   	0.176506   	0.144173   	3.11365	
3.4e-10    	1.6        	0.837258   	-0.006714  	-0.505712  	0.29675    	0.848282   	-0.0121342 	0.512449   	0.214663   	0.968263   	0.0156534  	0.140999   	0.281795   	40.3337    	8.44349    	115.691    	34.0192    	18.18      	6.10496    	18.9231    	16.1585    	18.2183    	6.92008    	108.107    	20.5274    	83.3697	37.8252	47.7336	0.999971   	9.74646e-06	-0.0011364 	0.233956   	0.143762   	0.146544   	0.164561   	0.14377    	2.8998	
3.5e-10    	1.4        	0.972645   	0.00465627 	0.000575661	0.256707   	0.892882   	0.00494714 	0.364376   	0.229347   	0.882993   	-0.0127054 	-0.449412  	0.182388   	20.0039    	11.9442    	104.724    	18.1366    	39.8511    	10.4257    	95.9303    	27.696     	24.697     	6.2728     	6.70126    	17.7409    	39.2812	61.6865	39.0668	0.999961   	-0.000125804	0.0014734  	0.205576   	0.144768   	0.149141   	0.176111   	0.144753   	3.15756	
3.6e-10    	1.2        	0.932181   	0.0124351  	0.329222   	0.218842   	0.985291   	-0.00590224	0.0518177  	0.17885    	0.86922    	-0.00991628	-0.454949  	0.172925   	14.9257    	10.9078    	20.3043    	10.1108    	15.3082    	12.3409    	15.3425    	14.6401    	14.7714    	11.7299    	26.9861    	16.159     	22.1989	23.6946	25.4733	0.999948   	3.52079e-05	0.00118392 	0.176856   	0.148563   	0.14697    	0.178529   	0.148592   	2.98632	
3.7e-10    	1          	0.841421   	-0.0167122 	0.442995   	0.172951   	0.941219   	0.0688212  	-0.103321  	0.154064   	0.884132   	-0.0350316 	-0.379827  	0.17383    	22.7415    	13.1907    	84.9956    	32.1218    	11.5773    	9.78431    	75.8921    	15.3253    	34.3246    	9.46514    	40.8213    	12.1417    	20.916	13.9135	25.5036	0.999929   	-0.000329609	-0.000696874	0.147739   	0.146007   	0.146306   	0.167244   	0.145967   	3.29179	
3.8e-10    	0.8        	0.928546   	0.0353529  	-0.105572  	0.125079   	0.921842   	-0.083492  	-0.0299941 	0.116174   	0.936281   	0.0355061  	0.0899879  	0.141943   	12.6902    	15.2984    	50.1703    	11.789     	17.4425    	10.2886    	62.0621    	20.9532    	14.2053    	13.4805    	69.509     	16.5351    	13.7571	16.4978	15.6642	0.999887   	-0.000167619	-0.000207597	0.118498   	0.147782   	0.146393   	0.176688   	0.147835   	3.09587	
3.9e-10    	0.6        	0.895924   	0.0165592  	-0.316773  	0.104208   	0.735307   	-0.0273024 	0.558827   	0.125225   	0.837788   	0.0204586  	-0.347146  	0.105054   	8.69151    	11.3332    	25.8925    	10.2402    	9.33149    	17.6867    	85.0297    	40.3958    	8.95208    	10.9459    	58.6506    	17.727     	11.2413	10.447	10.5505	0.999804   	0.000244194	0.000750949	0.0889689  	0.152243   	0.148617   	0.166014   	0.152189   	3.2364	
4e-10      	0.4        	0.622943   	-0.0564767 	-0.697002  	0.10134    	0.508564   	-0.00115717	0.815919   	0.121948   	0.814802   	0.076075   	-0.369823  	0.0713004  	16.8223    	10.3518    	30.3487    	17.0849    	12.3147    	11.8434    	41.5027    	28.101     	14.3169    	8.29414    	25.7582    	18.4037    	9.92164	9.39998	11.1617	0.999564   	-0.000990303	0.000930518	0.0594527  	0.154014   	0.150778   	0.162505   	0.153982   	3.16795	
4.1e-10    	0.2        	0.379216   	-0.0168326 	0.615424   	0.0816809  	0.574566   	0.037927   	0.504351   	0.0748694  	0.21253    	-0.0101086 	-0.931834  	0.1099     	17.3457    	12.9337    	99.9184    	49.3872    	15.4191    	13.3616    	51.9873    	11.223     	12.284     	17.1445    	23.9948    	21.4142    	10.8611	7.89797	12.8832	0.998253   	-0.00108083	0.000712463	0.0297776  	0.148163   	0.148452   	0.165594   	0.147817   	2.75283	
4.2e-10    	-0         	0.0186861  	0.0805852  	0.621629   	0.0586645  	-0.0717155 	0.0889527  	-0.0254701 	0.0471209  	0.0837737  	-0.155804  	-0.66983   	0.0600994  	18.6738    	14.7648    	40.8791    	23.1478    	16.7916    	15.5794    	52.6587    	11.0987    	17.4735    	11.4498    	46.1152    	34.6725    	8.82003	7.46419	7.79065	-0.00275515	-0.0106576 	-0.0445401 	0.00196235 	0.151519   	0.1482     	0.164502   	0.0732148  	2.80446	
