#----------------------------------------------------------------------------------------------------------------------------------------------------------
# Output file for vampire simulation
#   time       : 2025-06-06 20:52:55     process id : 440138
#   hostname   : thor3.psi.ch
#   path       : /scratch/dossan_f/Na2BaMn(PO4)2/vampire_tripleUC_3mat_2d_k0.35_Jnn0.11/output-Field8-0T-Ba_high_res_steps10000x10000/run_T_0.900
#   version    : 6.0.0
#   githash    : 4c9651daecc86c3e6b6df0c8055fcd9e89fd900c
#----------------------------------------------------------------------------------------------------------------------------------------------------------
2e-11      	8          	0.999962   	-0.000185716	-0.000234283	0.914486   	0.999933   	-5.48684e-05	0.000311823	0.914466   	0.999979   	0.000210744	-0.000213933	0.914431   	7.66511    	0.377427   	0.620475   	7.40469    	7.84165    	0.411243   	0.813594   	7.23721    	7.51308    	0.37898    	0.483677   	7.43797    	784.989	836.047	768.217	0.999999   	-8.89615e-06	-4.18164e-05	0.914442   	22.9662    	0.118627   	0.117195   	22.9656    	2376.21	
3e-11      	7.8        	0.999985   	9.02291e-05	6.62926e-05	0.909491   	0.999985   	-0.000188537	8.14994e-05	0.909517   	0.999985   	-5.85119e-05	-0.000103844	0.909508   	0.0296113  	0.423572   	0.473595   	0.0296093  	0.0304208  	0.411699   	0.454883   	0.0304028  	0.02917    	0.421795   	0.464763   	0.0291232  	4.84545	4.84863	4.75823	0.999999   	-5.23895e-05	1.46466e-05	0.909493   	0.0297524  	0.119619   	0.12482    	0.0297523  	1.33983	
4e-11      	7.6        	0.999983   	2.77776e-05	-0.0001854 	0.903434   	0.999983   	0.000166418	-7.40813e-06	0.903414   	0.999983   	-0.000241652	0.000160126	0.903396   	0.0334861  	0.426849   	0.549153   	0.0334653  	0.033074   	0.465985   	0.537614   	0.0330722  	0.0315581  	0.468415   	0.513893   	0.0315179  	5.16271	4.96486	4.85621	0.999999   	-1.58402e-05	-1.09163e-05	0.903401   	0.0319704  	0.118012   	0.124554   	0.0319732  	1.24238	
5e-11      	7.4        	0.999982   	-0.000252321	0.000170146	0.89657    	0.999982   	0.000224789	-7.38879e-05	0.896535   	0.999982   	1.91202e-05	-0.000118325	0.89658    	0.0392486  	0.509133   	0.542204   	0.0392373  	0.0393013  	0.469729   	0.536565   	0.0392933  	0.038986   	0.458857   	0.565956   	0.039013   	5.45666	5.49253	5.46696	0.999999   	-2.83605e-06	-7.39552e-06	0.896547   	0.0389587  	0.123618   	0.129969   	0.038957   	1.31106	
6e-11      	7.2        	0.99998    	0.000154687	0.000131027	0.888887   	0.999979   	0.000133532	4.05191e-05	0.888842   	0.999979   	-0.00034754	-9.81155e-05	0.888919   	0.0448427  	0.550135   	0.603963   	0.0447791  	0.044871   	0.484163   	0.679689   	0.0448072  	0.0442473  	0.562184   	0.604804   	0.0442568  	6.00015	5.9202	5.85464	0.999999   	-1.97392e-05	2.43533e-05	0.888866   	0.0420493  	0.122849   	0.124551   	0.0420467  	1.20413	
7e-11      	7          	0.999977   	0.000303909	2.19583e-06	0.88014    	0.999976   	-0.000434702	0.000746125	0.880199   	0.999976   	0.000196971	-0.00066687	0.880198   	0.0519929  	0.573966   	0.727097   	0.0519545  	0.0466145  	0.581776   	0.730464   	0.0466451  	0.0487361  	0.612189   	0.701468   	0.0487192  	6.35856	5.83154	5.94702	0.999998   	2.20331e-05	2.73064e-05	0.880159   	0.0456076  	0.128501   	0.128662   	0.0456084  	1.16854	
8e-11      	6.8        	0.999973   	0.000291546	-6.80245e-05	0.87032    	0.999975   	-0.000244922	-0.000145293	0.870403   	0.999972   	-4.62109e-05	0.000230967	0.870383   	0.058896   	0.649008   	0.805154   	0.0589196  	0.0575026  	0.625771   	0.720827   	0.0574796  	0.0551369  	0.677151   	0.867555   	0.0551823  	6.51411	6.70256	6.25812	0.999998   	1.28367e-08	6.04016e-06	0.870347   	0.052578   	0.12718    	0.130317   	0.0525786  	1.15773	
9e-11      	6.6        	0.999967   	-0.000311394	-0.000447699	0.859283   	0.999969   	0.000571778	0.000104841	0.859302   	0.999969   	-0.0001834 	0.000275259	0.859314   	0.0683485  	0.785798   	0.961805   	0.0684512  	0.0691645  	0.749586   	0.861175   	0.0691875  	0.0700243  	0.755408   	0.891052   	0.070073   	7.22017	7.30582	7.24431	0.999998   	2.56205e-05	-2.21954e-05	0.859274   	0.0606238  	0.129316   	0.134953   	0.0606249  	1.09671	
1e-10      	6.4        	0.99996    	-0.000212624	-0.000119977	0.846782   	0.999964   	1.6328e-05 	0.000285707	0.846832   	0.999962   	9.53005e-05	-0.000237276	0.846812   	0.0837859  	0.893667   	1.14988    	0.0836164  	0.079791   	0.863282   	0.9932     	0.0796322  	0.083216   	0.87108    	1.09846    	0.0830126  	8.19248	7.77406	7.92605	0.999998   	-3.35311e-05	-2.37407e-05	0.846778   	0.0708054  	0.132748   	0.138787   	0.0708041  	1.07803	
1.1e-10    	6.2        	0.999954   	-0.000217379	-0.000393896	0.83279    	0.999954   	0.000205173	-5.67537e-05	0.832713   	0.999953   	7.1557e-05 	0.000602682	0.83289    	0.0991733  	0.919172   	1.33794    	0.0992983  	0.0928674  	1.04532    	1.24602    	0.0930058  	0.0936122  	0.989039   	1.33401    	0.0935558  	9.03593	8.34087	8.62923	0.999998   	1.98815e-05	5.05818e-05	0.832761   	0.0775556  	0.129486   	0.137709   	0.0775542  	1.0361	
1.2e-10    	6          	0.999944   	-0.000219482	0.000194479	0.817094   	0.999945   	-0.000420582	0.000140375	0.817181   	0.999943   	0.000558569	-0.000326279	0.817053   	0.122581   	1.07391    	1.60699    	0.12269    	0.122075   	1.05806    	1.58892    	0.121838   	0.117027   	1.04603    	1.66432    	0.116953   	10.2021	10.2553	9.98756	0.999998   	-2.72082e-05	3.43475e-06	0.817065   	0.0861394  	0.136015   	0.140631   	0.086142   	1.00461	
1.3e-10    	5.8        	0.999927   	-0.000499149	-0.000502786	0.799789   	0.99993    	-0.000144717	-0.000949225	0.799653   	0.999919   	0.00053765 	0.00148278 	0.79958    	0.127581   	1.42765    	1.90972    	0.127839   	0.143677   	1.33985    	1.86838    	0.14369    	0.135836   	1.43056    	2.23784    	0.136022   	9.95102	10.5802	10.3246	0.999998   	-3.5231e-05	1.05743e-05	0.799616   	0.099647   	0.133039   	0.141233   	0.0996459  	1.03934	
1.4e-10    	5.6        	0.999906   	0.00132671 	0.00109441 	0.780509   	0.999902   	-0.000583252	-0.00170187	0.780365   	0.999905   	-0.000793453	0.000475379	0.780608   	0.16012    	1.57493    	2.44421    	0.160146   	0.164085   	1.39928    	2.8034     	0.163234   	0.167108   	1.45294    	2.69204    	0.166799   	11.4767	11.7331	11.8399	0.999998   	-1.67013e-05	-4.29141e-05	0.780421   	0.10572    	0.138084   	0.140365   	0.105718   	1.03373	
1.5e-10    	5.4        	0.999866   	0.00123451 	-0.000478255	0.759538   	0.99987    	-0.00118965	-0.000856548	0.759569   	0.999882   	-8.65913e-05	0.00122619 	0.75957    	0.200369   	1.85198    	3.63002    	0.20001    	0.206936   	1.68954    	3.65116    	0.20708    	0.19297    	1.73396    	3.12651    	0.193173   	13.0706	13.5565	12.8475	0.999998   	-1.36609e-05	-3.6224e-05	0.759464   	0.113736   	0.137234   	0.145306   	0.113738   	1.02704	
1.6e-10    	5.2        	0.999835   	0.00133141 	-0.00228312	0.736982   	0.999831   	-0.00205619	-0.000791481	0.737015   	0.999843   	0.000720449	0.00317455 	0.73684    	0.249279   	2.13309    	4.16983    	0.249622   	0.262089   	2.10908    	4.38471    	0.261449   	0.243813   	2.13865    	3.76994    	0.24462    	14.5857	15.5864	14.5817	0.999998   	2.44105e-07	3.21519e-05	0.736826   	0.128076   	0.145229   	0.145739   	0.128078   	1.05142	
1.7e-10    	5          	0.999786   	0.00175259 	-0.00479999	0.712645   	0.999786   	-0.00157509	0.00331759 	0.71294    	0.999829   	-0.000256138	0.0014634  	0.712745   	0.310958   	2.46747    	4.83447    	0.310276   	0.2933     	2.20829    	5.32473    	0.292835   	0.335314   	2.46113    	3.71477    	0.336759   	16.6784	15.7465	18.1121	0.999997   	-2.6735e-05	-7.35168e-06	0.712637   	0.13309    	0.14473    	0.147342   	0.133091   	1.12655	
1.8e-10    	4.8        	0.999691   	-0.000780261	0.00757926 	0.687511   	0.999682   	-0.00136535	-0.00161249	0.686879   	0.999698   	0.00220494 	-0.00595188	0.687443   	0.398241   	2.13467    	7.32823    	0.396364   	0.399326   	2.38298    	8.278      	0.394192   	0.379727   	2.29687    	7.2396     	0.380842   	18.7974	19.039	19.5734	0.999997   	1.81554e-05	7.41492e-06	0.687067   	0.138233   	0.143824   	0.144735   	0.138226   	1.24877	
1.9e-10    	4.6        	0.999483   	0.00140386 	-0.000435965	0.660383   	0.999506   	-0.000570478	-0.0113699 	0.66075    	0.999487   	-0.00092944	0.0117621  	0.660803   	0.45013    	3.76737    	12.3723    	0.456385   	0.481781   	3.68905    	9.74313    	0.475841   	0.504595   	3.51265    	10.3888    	0.512233   	20.578	21.6875	21.0922	0.999997   	-3.16962e-05	-7.05367e-06	0.660312   	0.145256   	0.145105   	0.143525   	0.145256   	1.41877	
2e-10      	4.4        	0.999006   	-0.00070378	0.0119576  	0.633829   	0.999324   	0.00266834 	-0.00781229	0.633022   	0.999343   	-0.0021744 	-0.00419055	0.632582   	0.602516   	4.38913    	22.2178    	0.634315   	0.603349   	3.6569     	14.7638    	0.603831   	0.655764   	5.00959    	13.5561    	0.67495    	23.7502	23.0673	26.2254	0.999997   	-6.98279e-05	5.38129e-06	0.632655   	0.14984    	0.145419   	0.145345   	0.149841   	1.57206	
2.1e-10    	4.2        	0.998467   	-0.00190844	-0.0245181 	0.604531   	0.99788    	-0.0013415 	0.016226   	0.604941   	0.998803   	0.00322156 	0.00824572 	0.606012   	0.956901   	4.84986    	27.3812    	0.981584   	0.884199   	4.85402    	47.1409    	0.837144   	0.810451   	4.0869     	26.4702    	0.854576   	30.789	28.7072	27.6039	0.999996   	-1.02803e-05	5.07295e-06	0.604184   	0.143922   	0.141716   	0.15233    	0.143911   	1.88487	
2.2e-10    	4          	0.997317   	0.000747523	0.0489791  	0.575811   	0.996504   	-0.0016979 	-0.0582383 	0.576786   	0.998376   	0.000711228	0.00930794 	0.577792   	1.00127    	4.60505    	30.6123    	1.03526    	0.999663   	5.60173    	37.327     	1.15279    	0.992795   	4.47218    	33.257     	0.958276   	28.8254	30.4166	30.4071	0.999996   	-7.91653e-05	-4.39071e-05	0.575295   	0.155443   	0.143002   	0.146839   	0.155429   	2.32704	
2.3e-10    	3.8        	0.996033   	-0.00783784	-0.0151426 	0.546931   	0.996834   	0.00225519 	-0.00830156	0.54726    	0.995538   	0.0054758  	0.0225556  	0.550082   	1.64186    	4.04813    	77.9384    	1.70286    	1.81527    	4.26887    	63.9914    	2.30314    	1.93485    	4.95083    	86.5209    	2.28536    	39.5455	44.6799	44.0816	0.999995   	-3.99123e-05	2.75388e-05	0.545961   	0.157084   	0.146424   	0.153407   	0.157087   	3.03246	
2.4e-10    	3.6        	0.982658   	-0.000181054	-0.160858  	0.517969   	0.99464    	-0.00378311	-0.00794857	0.518432   	0.97941    	0.00379302 	0.163961   	0.536688   	3.47381    	5.72998    	75.088     	2.63889    	4.01889    	6.71335    	97.4484    	4.96061    	4.84513    	5.09936    	135.011    	3.6825     	59.5672	74.7305	83.9746	0.999995   	-1.10699e-05	5.84665e-05	0.516737   	0.156969   	0.141723   	0.14997    	0.156969   	3.35309	
2.5e-10    	3.4        	0.992905   	0.00109337 	-0.108339  	0.492888   	0.97793    	-0.00343825	-0.157449  	0.50649    	0.9579     	0.00228721 	0.26014    	0.499273   	4.95469    	5.69841    	15.5876    	5.17372    	8.52709    	3.98109    	164.83     	3.72825    	10.029     	4.82942    	142.373    	28.0862    	79.8146	126.812	136.756	0.999994   	-1.39514e-05	-0.000190061	0.487441   	0.148109   	0.145596   	0.153065   	0.148127   	3.26765	
2.6e-10    	3.2        	0.991197   	0.00419145 	-0.124213  	0.440717   	0.995682   	-0.000425143	-0.0494608 	0.492034   	0.983181   	-0.00370204	0.168667   	0.456885   	10.42      	4.90743    	9.25955    	10.1707    	10.2702    	4.23292    	48.6949    	9.3671     	11.3501    	4.58511    	33.8894    	14.1269    	122.786	127.364	142.863	0.999993   	3.38236e-05	-0.000393215	0.45863    	0.142097   	0.14368    	0.157538   	0.142088   	2.84012	
2.7e-10    	3          	0.993534   	-0.00659467	0.0196213  	0.423798   	0.994228   	0.00236272 	-0.0887566 	0.445475   	0.990283   	0.00359651 	0.0667066  	0.431251   	16.9354    	4.57247    	77.5363    	18.4502    	5.98276    	4.53723    	21.0982    	5.82907    	10.0848    	4.68715    	96.4944    	12.1999    	177.992	70.5113	106.174	0.999992   	-6.3559e-05	0.000367795	0.430298   	0.155259   	0.144647   	0.164588   	0.155251   	2.93006	
2.8e-10    	2.8        	0.995205   	-0.00396625	0.0441217  	0.380362   	0.994072   	-0.00402062	-0.0179306 	0.449505   	0.997513   	0.00881225 	-0.0273256 	0.381975   	21.0271    	3.8371     	37.0077    	22.7016    	5.6554     	4.72223    	77.4737    	4.99989    	11.0187    	5.36626    	16.3974    	11.1787    	183.447	61.3015	103.954	0.999991   	8.39327e-05	3.49383e-05	0.402122   	0.142061   	0.137955   	0.177187   	0.142065   	2.77927	
2.9e-10    	2.6        	0.991553   	0.000861018	0.0985245  	0.300186   	0.964838   	0.00260915 	-0.235474  	0.450974   	0.975306   	-0.00448902	0.191291   	0.400267   	9.27758    	6.3405     	16.79      	9.33902    	5.45587    	6.5462     	97.8195    	10.07      	7.87043    	5.44713    	64.0238    	7.34208    	71.9156	51.7265	66.4394	0.99999    	-9.43706e-05	-0.000739763	0.374263   	0.140923   	0.146511   	0.158013   	0.140931   	2.78944	
3e-10      	2.4        	0.98963    	-0.00387868	0.106311   	0.283846   	0.939664   	0.00200095 	-0.333829  	0.419867   	0.950891   	0.00138854 	0.29101    	0.383086   	12.4732    	4.93088    	23.2318    	13.6035    	19.8745    	5.08919    	42.0267    	32.1703    	28.0893    	4.74583    	40.7094    	14.9526    	85.6006	122.075	173.42	0.999987   	6.34455e-05	-0.000246323	0.346525   	0.14129    	0.142238   	0.183705   	0.141267   	2.71768	
3.1e-10    	2.2        	0.990608   	-0.00376477	-0.0787134 	0.237738   	0.977795   	0.00315336 	-0.143578  	0.382589   	0.97259    	0.000694233	0.19884    	0.356693   	26.7408    	4.8515     	20.2939    	26.6778    	68.8773    	6.9762     	104.023    	58.6637    	22.6489    	6.97325    	64.5062    	28.3308    	129.995	319.191	112.143	0.999984   	0.000104855	0.00096676 	0.318855   	0.14505    	0.142321   	0.195998   	0.145023   	2.53948	
3.2e-10    	2          	0.947424   	-0.0104712 	-0.282857  	0.177566   	0.995097   	-0.00255422	-0.0629341 	0.39862    	0.967185   	0.00531684 	0.237173   	0.319407   	10.5895    	6.02721    	22.5692    	14.4331    	61.3018    	8.29824    	27.1675    	63.3341    	43.2363    	5.81317    	26.3763    	45.2272    	48.8288	224.803	161.063	0.99998    	2.4575e-05 	-0.00129504	0.291157   	0.14413    	0.149618   	0.198946   	0.144113   	2.43738	
3.3e-10    	1.8        	0.96387    	-0.0250017 	-0.166228  	0.137624   	0.993318   	0.0049496  	0.0076535  	0.429627   	0.986137   	0.00594366 	0.100506   	0.233335   	14.2493    	5.62576    	23.3039    	14.1461    	27.6425    	7.5964     	79.2343    	27.1782    	24.643     	8.72179    	23.2271    	22.8449    	47.3815	92.5491	82.0485	0.999973   	8.23308e-05	0.00161289 	0.263241   	0.142224   	0.143211   	0.239253   	0.142212   	2.53471	
3.4e-10    	1.6        	0.965038   	0.0239759  	-0.214929  	0.1701     	0.967956   	-0.0179879 	0.230942   	0.297494   	0.987833   	0.00462452 	-0.122891  	0.255636   	30.1028    	6.80502    	11.6714    	26.6314    	66.6868    	8.69658    	16.4197    	63.1093    	18.0882    	7.49932    	14.5408    	19.179     	62.1966	128.68	41.3564	0.999971   	-6.42876e-05	0.0008553  	0.235095   	0.147325   	0.148245   	0.197062   	0.147337   	2.38441	
3.5e-10    	1.4        	0.964683   	-0.00585133	-0.222227  	0.184346   	0.972745   	0.00408665 	0.151677   	0.152143   	0.989513   	0.00497974 	0.0553343  	0.296981   	12.8449    	10.8037    	13.0928    	12.0792    	10.8245    	8.13714    	16.9366    	10.419     	25.9605    	12.049     	38.1764    	23.1362    	27.3912	27.3474	46.6501	0.999961   	5.56015e-05	-0.00187346	0.206652   	0.146701   	0.148429   	0.196186   	0.146707   	2.82488	
3.6e-10    	1.2        	0.963361   	0.0115151  	-0.00249222	0.13672    	0.810027   	0.010824   	0.505465   	0.115211   	0.961828   	-0.0115775 	-0.202895  	0.322093   	15.0913    	12.5456    	32.793     	13.9571    	14.1676    	12.4141    	38.4716    	26.6095    	25.8681    	15.6729    	104.324    	19.5937    	22.8582	21.8659	41.5749	0.99995    	-0.000516411	-0.00213789	0.177889   	0.151334   	0.147754   	0.176532   	0.151299   	3.46006	
3.7e-10    	1          	0.89333    	-0.0150883 	-0.0986193 	0.059471   	0.815628   	-0.0203041 	0.488097   	0.108544   	0.980497   	0.00876092 	-0.155975  	0.310554   	12.1278    	13.9736    	9.22125    	12.2017    	23.6408    	15.2643    	22.1022    	23.8802    	19.3441    	22.926     	22.9504    	16.8987    	14.2417	18.107	25.9103	0.999929   	4.8934e-05 	0.00105623 	0.14884    	0.145944   	0.151322   	0.181912   	0.145973   	3.31284	
3.8e-10    	0.8        	0.228291   	0.22757    	-0.0973129 	0.0487174  	0.853126   	-0.0550628 	-0.167538  	0.10335    	0.989839   	-0.0175252 	0.057049   	0.259813   	19.6483    	9.5093     	64.9578    	19.3242    	11.7998    	7.97393    	88.5283    	9.28717    	16.6008    	9.98482    	30.0039    	17.2111    	14.5928	16.0451	20.5613	0.999887   	-0.000227262	0.000959534	0.119433   	0.148043   	0.148001   	0.195718   	0.148023   	3.37735	
3.9e-10    	0.6        	0.512655   	0.0288805  	0.700817   	0.0645372  	0.871863   	-0.189423  	0.207663   	0.0735875  	0.916011   	0.0561372  	-0.334884  	0.188108   	11.1131    	22.5117    	13.0417    	10.7482    	11.7472    	11.2695    	17.9677    	11.4813    	15.1683    	34.9903    	18.8798    	12.0191    	13.9718	10.2004	12.5593	0.999801   	-0.000115404	-0.00408239	0.0898874  	0.150018   	0.14753    	0.184055   	0.150041   	3.13596	
4e-10      	0.4        	0.334195   	-0.00106292	0.874653   	0.109141   	0.485265   	-0.00411243	0.798884   	0.114093   	0.453859   	-0.00618231	-0.862228  	0.21514    	19.1059    	17.8918    	38.6612    	26.6416    	28.2768    	26.539     	42.5208    	48.5598    	15.0239    	18.0929    	131.809    	96.6584    	18.3095	11.3977	16.1147	0.999578   	-0.00120709	0.000820219	0.0600104  	0.154102   	0.150212   	0.175311   	0.153989   	2.82159	
4.1e-10    	0.2        	0.03982    	0.0965559  	0.971591   	0.145212   	0.538756   	0.0416913  	0.796232   	0.121365   	0.0770628  	-0.0765847 	-0.980378  	0.241292   	9.84163    	14.8181    	51.349     	45.9031    	29.7306    	14.6928    	17.3487    	24.5831    	31.2863    	19.1973    	28.7481    	25.3589    	11.8194	9.49865	9.86551	0.998278   	-0.00231481	0.0101413  	0.0302264  	0.153294   	0.151981   	0.174099   	0.152806   	2.82571	
4.2e-10    	-0         	-0.0212061 	-0.0345944 	0.976501   	0.165263   	-0.00404825	-0.037603  	0.627975   	0.070213   	0.0220016  	0.0150552  	-0.983476  	0.218326   	13.8136    	17.6656    	70.6919    	66.8908    	24.0967    	31.3429    	65.876     	44.6823    	23.0851    	33.4873    	13.1153    	14.0913    	20.6328	17.1009	11.3729	0.0347006  	-0.00680061	0.0146574  	0.00191887 	0.154186   	0.142772   	0.171012   	0.0730647  	2.77416	
