#----------------------------------------------------------------------------------------------------------------------------------------------------------
# Output file for vampire simulation
#   time       : 2025-06-06 20:48:41     process id : 1679904
#   hostname   : thor10.psi.ch
#   path       : /scratch/dossan_f/Na2BaMn(PO4)2/vampire_tripleUC_3mat_2d_k0.35_Jnn0.11/output-Field8-0T-Ba_high_res_steps10000x10000/run_T_0.500
#   version    : 6.0.0
#   githash    : 4c9651daecc86c3e6b6df0c8055fcd9e89fd900c
#----------------------------------------------------------------------------------------------------------------------------------------------------------
2e-11      	8          	0.999751   	-0.000226213	0.000889684	0.947763   	0.999875   	-0.000291401	-0.000725497	0.947842   	0.999898   	0.000466699	-4.56518e-05	0.947887   	27.4501    	0.680529   	3.46762    	21.4539    	21.5578    	1.04205    	1.8932     	18.7788    	18.8974    	2.19578    	0.862392   	16.5092    	4999.32	3299.66	2625.29	0.999999   	1.23904e-06	2.18189e-05	0.947773   	67.4564    	0.115139   	0.120197   	67.4544    	10710.9	
3e-11      	7.8        	0.99999    	0.000194599	-0.000311864	0.94458    	0.99999    	-0.000145059	-5.60958e-06	0.944586   	0.999991   	-3.30514e-05	0.000290543	0.944565   	0.0208268  	0.531529   	0.588277   	0.0208255  	0.0196347  	0.539612   	0.565584   	0.0196489  	0.0194803  	0.510639   	0.522218   	0.0194781  	5.66302	5.23172	5.20446	0.999999   	5.49417e-06	-8.98016e-06	0.944569   	0.0210473  	0.120288   	0.124757   	0.0210473  	1.34225	
4e-11      	7.6        	0.99999    	1.93659e-05	1.16057e-05	0.940037   	0.99999    	-4.38307e-05	3.78461e-05	0.940047   	0.999989   	1.31135e-05	-3.57649e-05	0.940012   	0.0248454  	0.585328   	0.601777   	0.0248757  	0.0233907  	0.578741   	0.61743    	0.0233884  	0.023822   	0.61019    	0.641369   	0.0238289  	6.05079	5.73946	5.86082	0.999999   	-3.77472e-06	4.54699e-06	0.940023   	0.0260798  	0.121722   	0.124582   	0.0260801  	1.33826	
5e-11      	7.4        	0.999987   	-7.41668e-05	-3.8701e-05	0.934644   	0.999987   	5.32271e-05	0.000361789	0.934701   	0.999987   	6.21024e-05	-0.000362572	0.93466    	0.0285163  	0.623754   	0.798795   	0.0284931  	0.0280225  	0.635281   	0.79801    	0.0280252  	0.0288877  	0.650324   	0.751532   	0.0288879  	6.40894	6.62979	6.33491	0.999999   	1.37003e-05	-1.31172e-05	0.934657   	0.0299135  	0.124869   	0.134457   	0.0299102  	1.33163	
6e-11      	7.2        	0.999985   	-7.62132e-08	-0.000366985	0.928398   	0.999985   	0.000466584	0.00011194 	0.928391   	0.999984   	-0.000511682	0.000259255	0.92836    	0.0350653  	0.717298   	0.986215   	0.0350244  	0.0341989  	0.689372   	0.918213   	0.0342296  	0.0331241  	0.760847   	0.956401   	0.0331052  	7.33073	7.06395	7.14626	0.999999   	-1.51016e-05	1.458e-06  	0.92837    	0.0345462  	0.128054   	0.128851   	0.0345469  	1.25271	
7e-11      	7          	0.999982   	-0.000228003	0.000228847	0.920908   	0.999982   	7.17629e-05	-0.000475743	0.920881   	0.999982   	0.000197578	0.000212815	0.920935   	0.0419139  	0.782408   	1.15921    	0.0417872  	0.0420956  	0.850108   	1.08875    	0.0420442  	0.0424166  	0.844025   	1.1525     	0.0423972  	7.89941	7.94726	7.93187	0.999999   	1.38075e-05	-1.13813e-05	0.920892   	0.0436999  	0.131631   	0.135782   	0.0437017  	1.27365	
8e-11      	6.8        	0.999978   	0.000120716	-0.000475869	0.911964   	0.999978   	0.000242594	0.00056061 	0.912015   	0.999978   	-0.00038497	-4.33753e-05	0.911976   	0.0521751  	1.04199    	1.26988    	0.0521861  	0.0501261  	1.10838    	1.27002    	0.0500293  	0.0511976  	1.01211    	1.33266    	0.0512686  	9.06675	8.45148	8.74561	0.999999   	-7.18994e-06	1.37884e-05	0.911966   	0.0517384  	0.134755   	0.140436   	0.0517356  	1.24288	
9e-11      	6.6        	0.999972   	-2.88803e-05	-0.000299946	0.901256   	0.999971   	-0.000304465	0.000303215	0.901297   	0.99997    	0.000320854	7.65761e-05	0.901399   	0.0622316  	1.17963    	1.74721    	0.0623382  	0.0613973  	1.18769    	1.83903    	0.0615664  	0.0642395  	1.34028    	1.80418    	0.0640228  	10.2378	9.7093	9.72778	0.999999   	-4.10113e-06	2.6371e-05 	0.901292   	0.0618523  	0.132362   	0.143089   	0.0618498  	1.18028	
1e-10      	6.4        	0.999954   	0.000337337	-0.000174423	0.88843    	0.999961   	-0.000306584	-0.0006128 	0.888374   	0.999954   	6.72598e-06	0.000766913	0.88837    	0.0886118  	1.55256    	3.10545    	0.0883902  	0.0762199  	1.54769    	2.41673    	0.0760942  	0.0833406  	1.83321    	2.76855    	0.0832788  	12.2155	11.5211	11.3456	0.999999   	1.24458e-05	-6.88182e-06	0.888354   	0.0786701  	0.141127   	0.140125   	0.0786689  	1.14087	
1.1e-10    	6.2        	0.999942   	0.000297715	7.08664e-05	0.87297    	0.999934   	0.000135486	-0.000818681	0.872945   	0.99994    	-0.000491464	0.000694806	0.872923   	0.107502   	2.02159    	3.71581    	0.107751   	0.114244   	1.82226    	4.58617    	0.113532   	0.111826   	2.04016    	3.78275    	0.111586   	14.0047	14.398	14.2634	0.999999   	-1.93731e-05	-1.80991e-05	0.872893   	0.0931295  	0.138316   	0.141675   	0.0931337  	1.09854	
1.2e-10    	6          	0.999923   	-0.00122516	-0.000285437	0.854698   	0.999904   	0.000483394	0.000143624	0.854378   	0.999904   	0.000841849	0.000152045	0.854445   	0.145314   	2.20392    	5.02153    	0.145035   	0.149059   	2.36255    	6.66777    	0.148804   	0.150488   	2.37136    	6.66551    	0.151008   	17.597	17.0376	16.8042	0.999999   	3.31577e-05	3.45122e-06	0.854431   	0.115418   	0.141545   	0.149458   	0.115415   	1.20064	
1.3e-10    	5.8        	0.99982    	-0.000183562	0.00204436 	0.832586   	0.999804   	0.000159653	-0.00251689	0.832547   	0.999773   	-6.70543e-05	0.000462907	0.832648   	0.26647    	3.12167    	12.7566    	0.267391   	0.234014   	3.49878    	13.7039    	0.229481   	0.216474   	3.32307    	17.0038    	0.217718   	25.0867	23.277	23.7871	0.999999   	-3.09584e-05	-3.51837e-06	0.832427   	0.144682   	0.143696   	0.146587   	0.144681   	1.31942	
1.4e-10    	5.6        	0.999232   	0.000982984	-0.020998  	0.807306   	0.999018   	-0.000197642	0.0161253  	0.806778   	0.999279   	-0.000675769	0.00462344 	0.807307   	0.375974   	3.44937    	42.5468    	0.37411    	0.403567   	3.89413    	67.5939    	0.405599   	0.419613   	3.75918    	55.9733    	0.44473    	33.0895	34.4806	36.1923	0.999999   	3.58088e-05	-7.8704e-05	0.806466   	0.165808   	0.140618   	0.148795   	0.165811   	1.87227	
1.5e-10    	5.4        	0.999476   	-0.000103344	-0.0141576 	0.778639   	0.991687   	-0.00168841	0.119087   	0.78228    	0.992847   	0.00163415 	-0.105596  	0.779728   	1.4657     	4.39047    	28.7917    	1.48153    	1.03443    	3.60796    	90.5998    	1.63375    	1.53988    	4.81555    	116.211    	1.01059    	123.074	68.5706	90.2811	0.999999   	-5.3235e-05	-4.37479e-05	0.776046   	0.30435    	0.14369    	0.153265   	0.304355   	5.53986	
1.6e-10    	5.2        	0.998999   	0.00112086 	0.00493362 	0.762071   	0.955048   	0.000237797	0.290287   	0.769886   	0.955151   	-0.00138299	-0.294767  	0.771355   	1.54973    	3.62965    	69.9289    	1.29552    	1.04741    	3.55941    	140.661    	7.93165    	1.60531    	3.77449    	28.7939    	3.68132    	117.19	59.0979	97.5381	0.999999   	-1.21712e-05	0.00013795 	0.74438    	0.253472   	0.143322   	0.149076   	0.253462   	5.09594	
1.7e-10    	5          	0.998546   	0.00316215 	-0.0197379 	0.706663   	0.925966   	-0.000720304	0.374797   	0.769271   	0.935091   	-0.00211843	-0.353064  	0.775607   	19.4069    	3.3724     	78.2144    	20.4926    	8.54578    	3.37729    	73.6589    	5.37973    	7.42787    	3.86409    	35.1066    	9.47308    	1070.52	469.967	413.335	0.999999   	9.53798e-06	-5.05048e-05	0.714359   	0.18219    	0.140699   	0.145492   	0.182183   	2.36695	
1.8e-10    	4.8        	0.997681   	-0.000561427	0.0582336  	0.675069   	0.896821   	0.000601841	0.441094   	0.77202    	0.875735   	-9.0215e-05	-0.482309  	0.788319   	6.20024    	3.6795     	32.7456    	6.03343    	6.00238    	3.59861    	39.7364    	4.99653    	2.68885    	3.26312    	17.4436    	4.68693    	318.155	311.134	146.817	0.999998   	-3.97382e-06	-0.000172562	0.68537    	0.169138   	0.140905   	0.153866   	0.169129   	2.12402	
1.9e-10    	4.6        	0.993259   	0.000722944	0.107548   	0.649035   	0.897121   	-0.00127496	0.440525   	0.727915   	0.8629     	0.000573507	-0.503505  	0.779039   	5.8575     	3.37691    	49.6392    	7.81824    	13.8928    	3.51204    	35.7545    	15.4227    	20.0448    	3.78542    	53.9129    	3.98137    	278.149	653.575	926.852	0.999998   	-1.56797e-05	-0.000713896	0.65661    	0.156431   	0.146001   	0.15642    	0.156431   	1.95499	
2e-10      	4.4        	0.992419   	-0.000919601	0.119403   	0.630041   	0.859456   	0.00149297 	0.510472   	0.73327    	0.812914   	-0.000583749	-0.581561  	0.774386   	12.9288    	3.57368    	17.6878    	12.3616    	10.0477    	3.41499    	24.014     	11.4661    	4.67433    	4.47452    	34.7679    	6.86001    	553.317	427.451	207.75	0.999998   	6.14381e-06	-0.00051873	0.628269   	0.161205   	0.145586   	0.146822   	0.161212   	1.78191	
2.1e-10    	4.2        	0.993179   	0.000677798	0.11179    	0.616075   	0.825173   	-0.0022223 	0.563611   	0.724038   	0.778032   	0.00160552 	-0.627464  	0.760303   	4.79481    	3.7872     	22.5798    	4.2223     	8.66564    	3.05566    	56.0049    	19.7777    	7.38679    	3.90659    	35.7643    	11.7959    	193.692	334.253	284.949	0.999998   	9.00633e-06	1.08005e-05	0.600157   	0.153752   	0.138565   	0.162811   	0.153753   	1.89036	
2.2e-10    	4          	0.997181   	-0.000302141	0.052811   	0.609189   	0.791905   	-0.000402555	0.608201   	0.67867    	0.789222   	0.00081683 	-0.612821  	0.72418    	39.4381    	3.25218    	63.9428    	39.6653    	43.2283    	3.46952    	47.5594    	5.64054    	19.5768    	3.14488    	44.7137    	13.5851    	1345.34	1424.36	669.931	0.999997   	4.67512e-05	0.000657458	0.572161   	0.155548   	0.145549   	0.217657   	0.155566   	1.83029	
2.3e-10    	3.8        	0.999267   	-0.000867408	0.008955   	0.623146   	0.685832   	0.00220831 	0.727371   	0.64644    	0.76353    	-0.00131984	-0.645065  	0.742147   	13.3284    	4.07872    	30.6432    	13.5037    	6.6881     	4.18918    	11.7976    	7.56397    	20.8182    	4.37135    	13.2205    	6.06621    	414.929	208.222	647.451	0.999996   	-6.55438e-05	-0.0014836 	0.544243   	0.161308   	0.14259    	0.191017   	0.161305   	1.79812	
2.4e-10    	3.6        	0.999329   	0.000868054	0.00728866 	0.592182   	0.660149   	-0.000159197	0.750496   	0.634522   	0.745076   	-0.000566593	-0.666414  	0.722508   	16.1235    	3.96866    	24.4413    	15.8204    	28.4073    	3.75825    	25.6095    	32.8803    	16.9197    	4.29256    	11.8691    	7.54769    	431.383	747.849	446.898	0.999996   	-1.68456e-06	-0.000509454	0.516366   	0.151022   	0.143083   	0.234132   	0.151028   	1.68647	
2.5e-10    	3.4        	0.999527   	0.00318726 	-0.000754891	0.567282   	0.606578   	-0.000906063	0.794709   	0.626359   	0.720326   	-0.00164634	-0.693126  	0.720225   	10.0094    	4.70789    	14.6291    	9.96368    	9.84862    	3.55237    	8.48209    	9.25361    	9.69574    	4.56195    	21.1822    	11.7839    	244.984	230.019	221.677	0.999995   	-2.05503e-05	-0.00132562	0.488562   	0.152565   	0.141636   	0.277713   	0.152615   	1.96529	
2.6e-10    	3.2        	0.999579   	0.00285938 	0.0183645  	0.555502   	0.57356    	-0.00226383	0.818856   	0.613932   	0.679801   	-0.000318239	-0.733136  	0.697994   	5.77447    	4.55572    	5.38155    	5.82787    	7.49265    	3.94682    	3.6742     	2.9829     	6.01592    	3.37363    	5.70986    	3.13504    	130.274	162.22	130.261	0.999995   	-1.79934e-05	0.000884654	0.46064    	0.14475    	0.143717   	0.194106   	0.144746   	1.675	
2.7e-10    	3          	0.999744   	-0.0019776 	-0.000683916	0.536232   	0.505893   	0.00111645 	0.862282   	0.600536   	0.663259   	0.000672562	-0.748148  	0.690812   	2.51562    	5.46116    	3.94606    	2.51022    	7.38987    	4.56115    	2.38695    	1.75847    	5.09341    	5.498      	2.72807    	2.18034    	57.6909	138.585	98.9256	0.999995   	5.16044e-05	0.000480874	0.432712   	0.156486   	0.139103   	0.19726    	0.156482   	1.92763	
2.8e-10    	2.8        	0.999764   	-0.00589827	0.00212685 	0.5174     	0.452081   	0.00241612 	0.891734   	0.590396   	0.632225   	0.00224318 	-0.774592  	0.680526   	3.01934    	5.29886    	2.14141    	2.9907     	4.42337    	4.77616    	1.40222    	0.984757   	4.1049     	3.87291    	2.11754    	1.35167    	53.1238	77.5516	71.2048	0.999995   	-6.04213e-05	0.000378809	0.40482    	0.145389   	0.146031   	0.186353   	0.145387   	1.63949	
2.9e-10    	2.6        	0.999764   	0.000575522	-0.00188165	0.496782   	0.389201   	0.00108448 	0.920904   	0.579615   	0.607833   	-0.0013938 	-0.793873  	0.67127    	2.70631    	5.85132    	1.62769    	2.71414    	5.34251    	4.52115    	0.774578   	0.722039   	4.21574    	4.94056    	1.35281    	1.71486    	46.5885	78.753	66.3941	0.999994   	-3.06439e-07	-5.58411e-05	0.376774   	0.151961   	0.143723   	0.187905   	0.151982   	1.85791	
3e-10      	2.4        	0.999696   	5.71058e-05	-0.000151763	0.47675    	0.332394   	-6.09534e-05	0.942952   	0.570337   	0.577136   	-0.000111378	-0.816429  	0.658665   	1.86575    	7.95274    	0.980738   	1.88266    	3.36842    	4.18666    	0.437506   	0.553549   	2.5596     	7.55856    	0.934722   	1.0494     	30.922	46.9877	37.8207	0.999993   	-6.32825e-05	-2.01228e-05	0.348786   	0.154103   	0.144528   	0.16953    	0.154121   	1.73721	
3.1e-10    	2.2        	0.99967    	-0.0040441 	0.0011076  	0.455327   	0.273018   	0.00495797 	0.961776   	0.561616   	0.5474     	-0.00143935	-0.836693  	0.646178   	1.99091    	7.86625    	0.74345    	2.01025    	2.94823    	5.75709    	0.4379     	0.521828   	2.30259    	5.84962    	0.670308   	0.8554     	30.3934	37.855	30.443	0.999992   	4.97794e-06	4.38174e-06	0.320753   	0.144114   	0.146824   	0.16679    	0.144131   	1.76216	
3.2e-10    	2          	0.999678   	0.00343541 	0.000514362	0.434574   	0.210364   	-0.00398965	0.977351   	0.554129   	0.516523   	0.00152404 	-0.856091  	0.632849   	1.75785    	7.10005    	0.597141   	1.7584     	2.80887    	7.51019    	0.344537   	0.434797   	2.48964    	5.93198    	0.538969   	0.981804   	24.4727	31.9632	28.5574	0.999991   	0.00026976 	3.98739e-05	0.292641   	0.152425   	0.144429   	0.167484   	0.152443   	1.79541	
3.3e-10    	1.8        	0.999672   	0.00235049 	0.000138874	0.41225    	0.145435   	-0.00121854	0.989152   	0.547415   	0.48684    	-0.000323555	-0.873316  	0.620134   	1.97745    	6.56947    	0.579295   	1.98547    	2.30474    	5.9526     	0.2955     	0.342682   	1.81999    	6.05065    	0.483359   	0.757407   	23.9784	24.1028	21.229	0.999989   	0.000113275	-4.63483e-05	0.264554   	0.155968   	0.147776   	0.163307   	0.155987   	1.83994	
3.4e-10    	1.6        	0.999614   	0.00515961 	-0.00112992	0.390147   	0.082113   	-0.0021963 	0.996372   	0.542145   	0.453355   	-0.00113611	-0.891101  	0.605753   	2.10211    	6.64611    	0.678988   	2.1077     	3.2464     	6.18335    	0.378144   	0.426447   	2.39627    	7.77051    	0.562269   	1.09088    	21.361	27.9689	23.0747	0.999986   	0.000160922	-5.72583e-05	0.236392   	0.149856   	0.146757   	0.159756   	0.149872   	1.84977	
3.5e-10    	1.4        	0.999371   	0.0079964  	0.000544061	0.368146   	0.0153669  	-0.000780037	0.999663   	0.536965   	0.419746   	-0.00458539	-0.907338  	0.591772   	1.49449    	9.68356    	0.771367   	1.51389    	2.50528    	5.64381    	0.351976   	0.355289   	1.72288    	10.5298    	0.593745   	0.890304   	15.442	21.6325	17.6978	0.999981   	-0.000221166	8.67008e-05	0.208196   	0.164993   	0.14862    	0.174889   	0.164985   	1.93119	
3.6e-10    	1.2        	0.999293   	0.0115316  	0.000552771	0.343532   	-0.048777  	-0.00185129	0.998547   	0.533277   	0.385274   	-0.00511741	-0.922518  	0.577524   	1.86999    	8.86172    	0.922833   	1.88961    	2.31978    	7.21263    	0.606418   	0.586979   	1.66734    	9.37021    	0.76192    	1.09359    	15.4004	17.0661	14.3717	0.999975   	3.17407e-05	-0.000136017	0.179938   	0.14463    	0.144533   	0.173322   	0.144653   	1.64631	
3.7e-10    	1          	0.999296   	-0.0156508 	0.00091332 	0.322605   	-0.114377  	-0.00364916	0.993159   	0.529842   	0.344296   	0.0123587  	-0.938549  	0.561      	1.83645    	6.79465    	1.05915    	1.87163    	2.23283    	7.47395    	0.57809    	0.499188   	2.02849    	7.11585    	0.942232   	1.27489    	12.8538	14.6562	15.2366	0.999964   	-0.000149406	-1.60917e-05	0.151654   	0.151211   	0.146548   	0.174671   	0.151209   	1.7387	
3.8e-10    	0.8        	0.997927   	-0.0214431 	0.00275054 	0.300078   	-0.184036  	0.00255668 	0.982607   	0.527718   	0.306732   	0.00900497 	-0.951274  	0.545743   	2.02182    	19.4111    	1.92237    	1.99219    	3.05605    	7.71874    	0.843896   	0.712783   	2.88168    	15.3339    	1.53089    	2.21502    	12.5516	16.1178	16.4131	0.999943   	-0.000311565	0.000577814	0.123263   	0.156665   	0.152185   	0.18002    	0.156682   	1.80736	
3.9e-10    	0.6        	0.99821    	-0.00395049	0.00194499 	0.272505   	-0.243407  	0.000963012	0.969551   	0.526655   	0.2647     	0.00119816 	-0.963885  	0.53039    	2.47853    	14.4745    	2.48295    	2.43249    	4.26353    	8.47596    	1.1906     	0.99926    	3.85856    	12.3606    	2.08878    	2.71376    	11.5663	15.7064	14.9208	0.999903   	0.000336975	-0.000264215	0.0947607  	0.153938   	0.157873   	0.180147   	0.153871   	1.8141	
4e-10      	0.4        	0.997368   	0.0312376  	-0.00812365	0.248502   	-0.308321  	0.0212382  	0.950656   	0.526565   	0.219924   	-0.0363197 	-0.97445   	0.511639   	3.74319    	13.5831    	3.14532    	3.68282    	4.00316    	9.32646    	1.20804    	1.30784    	3.15487    	9.89659    	3.44919    	3.68118    	11.4542	12.0614	11.8496	0.999785   	0.0014737  	4.12109e-05	0.0660185  	0.157813   	0.164373   	0.195583   	0.157799   	1.7484	
4.1e-10    	0.2        	0.994746   	0.000456354	-0.0187404 	0.220746   	-0.356866  	0.0269887  	0.933055   	0.522596   	0.157617   	-0.0273401 	-0.986237  	0.490635   	10.2061    	23.5037    	8.25592    	10.1491    	12.0922    	9.61272    	4.45053    	2.80054    	7.22325    	20.5682    	3.30415    	4.08866    	15.1391	21.0443	11.8287	0.999297   	0.00358297 	-0.00267333	0.0368636  	0.165131   	0.166522   	0.197378   	0.164956   	1.65596	
4.2e-10    	-0         	0.885302   	-0.00660574	-0.39711   	0.219358   	-0.341565  	-0.0743363 	0.931772   	0.473527   	-0.053764  	0.119059   	-0.981162  	0.356035   	11.6543    	19.7508    	180.545    	29.7764    	84.0096    	49.0012    	17.853     	11.2811    	70.7052    	52.5518    	151.431    	118.033    	11.2344	17.1557	11.4479	0.952702   	0.144259   	0.0284342  	0.00550173 	0.347815   	0.155851   	0.215788   	0.336679   	1.72375	
