#----------------------------------------------------------------------------------------------------------------------------------------------------------
# Output file for vampire simulation
#   time       : 2025-06-06 20:52:24     process id : 1784977
#   hostname   : thor9.psi.ch
#   path       : /scratch/dossan_f/Na2BaMn(PO4)2/vampire_tripleUC_3mat_2d_k0.35_Jnn0.11/output-Field8-0T-Ba_high_res_steps10000x10000/run_T_0.550
#   version    : 6.0.0
#   githash    : 4c9651daecc86c3e6b6df0c8055fcd9e89fd900c
#----------------------------------------------------------------------------------------------------------------------------------------------------------
2e-11      	8          	0.999704   	-0.000201283	0.000761769	0.943418   	0.999873   	-0.00037121	-0.000474573	0.943458   	0.999844   	0.000512907	-0.000445314	0.943472   	22.328     	0.817275   	5.66364    	14.0908    	17.4813    	0.967633   	2.0384     	14.8108    	17.6053    	2.14995    	1.67189    	13.9093    	3676.87	2396.03	2468.2	0.999999   	-1.88918e-05	-4.14558e-05	0.943366   	57.1789    	0.118847   	0.126214   	57.1743    	8437	
3e-11      	7.8        	0.99999    	-7.07501e-05	0.000184835	0.939948   	0.99999    	5.81219e-05	-5.85113e-05	0.939927   	0.99999    	-7.90815e-06	-0.000115074	0.939892   	0.0224518  	0.469448   	0.614307   	0.0224453  	0.0216654  	0.463392   	0.587283   	0.0216783  	0.021352   	0.451777   	0.587703   	0.0213616  	5.54634	5.42616	5.41825	0.999999   	-6.81567e-06	3.78027e-06	0.939913   	0.022326   	0.123986   	0.126785   	0.0223261  	1.33901	
4e-11      	7.6        	0.999989   	-0.000154258	-3.72507e-06	0.935117   	0.999989   	-0.000128396	6.23791e-05	0.935091   	0.999988   	0.000296551	-3.33733e-05	0.935103   	0.0239344  	0.529565   	0.610613   	0.0239481  	0.0248389  	0.522995   	0.645309   	0.0248291  	0.024301   	0.557904   	0.686708   	0.0242863  	5.37802	5.66537	5.67896	0.999999   	4.64064e-06	8.4029e-06 	0.935093   	0.0250124  	0.123039   	0.12399    	0.0250097  	1.24301	
5e-11      	7.4        	0.999987   	0.000195557	7.1775e-05 	0.929432   	0.999988   	-0.000285412	6.08077e-05	0.929506   	0.999987   	5.49049e-06	-0.000150335	0.929504   	0.031301   	0.596695   	0.696677   	0.0312788  	0.0279607  	0.570815   	0.67388    	0.0279439  	0.02884    	0.57633    	0.706774   	0.028796   	6.48572	6.10975	6.10804	0.999999   	-2.81358e-05	-5.82362e-06	0.92947    	0.0302263  	0.123529   	0.128556   	0.0302265  	1.26761	
6e-11      	7.2        	0.999984   	0.000101417	-0.000209963	0.923026   	0.999984   	6.56775e-05	0.000241392	0.92296    	0.999984   	-0.000166407	-3.93558e-05	0.923003   	0.036227   	0.662112   	0.922482   	0.0362346  	0.0353588  	0.672705   	0.877344   	0.0353919  	0.0357636  	0.678731   	0.8822     	0.0357321  	7.15301	6.70948	6.91336	0.999999   	1.79103e-07	-2.73074e-06	0.922982   	0.0362131  	0.135583   	0.129562   	0.036213   	1.27333	
7e-11      	7          	0.999981   	0.000124473	-0.000113914	0.915327   	0.999982   	5.31166e-05	0.000105304	0.915341   	0.999981   	-0.000118706	-6.73395e-06	0.91535    	0.0437576  	0.830349   	1.07441    	0.0437374  	0.0434786  	0.776129   	1.019      	0.0434423  	0.0436613  	0.867072   	0.987085   	0.0436014  	7.5941	7.53816	7.57365	0.999999   	1.96163e-05	-5.17593e-06	0.915323   	0.0452794  	0.127452   	0.135729   	0.0452811  	1.28645	
8e-11      	6.8        	0.999978   	1.42409e-06	0.000582228	0.906262   	0.999979   	-0.000164012	-0.000350887	0.90626    	0.999979   	0.000126309	-0.000206238	0.906316   	0.0550276  	0.881212   	1.26754    	0.055022   	0.0534134  	0.875297   	1.12067    	0.0534407  	0.0492613  	0.842311   	1.18115    	0.0492225  	8.60317	8.64487	8.20405	0.999999   	-1.21116e-05	8.38577e-06	0.906261   	0.0523174  	0.130627   	0.131898   	0.0523182  	1.18887	
9e-11      	6.6        	0.999972   	-4.1727e-05	-0.000230312	0.895604   	0.999968   	1.022e-05  	-0.000169689	0.895593   	0.99997    	4.20556e-05	0.000315716	0.895566   	0.0605833  	1.09825    	1.52672    	0.0605917  	0.0651617  	1.18769    	1.79578    	0.0651578  	0.0633649  	1.10808    	1.67946    	0.0633156  	9.04541	9.49706	9.3582	0.999999   	3.68521e-06	-2.82416e-05	0.895562   	0.0615033  	0.137816   	0.138533   	0.061502   	1.1916	
1e-10      	6.4        	0.999961   	-0.000336839	-1.98739e-05	0.882868   	0.999959   	-0.000270232	-0.000918215	0.882928   	0.999964   	0.00064627 	0.000894695	0.882894   	0.0813419  	1.36601    	2.22265    	0.0813931  	0.0832294  	1.37778    	2.28505    	0.0830879  	0.0838776  	1.45812    	1.77701    	0.0838035  	10.4713	10.9379	11.638	0.999999   	1.31157e-05	-1.44494e-05	0.882863   	0.076315   	0.135602   	0.143391   	0.0763139  	1.08158	
1.1e-10    	6.2        	0.999943   	0.00040875 	-0.00175741	0.867818   	0.99995    	2.6708e-05 	0.00124988 	0.867746   	0.999946   	-0.000394031	0.000511902	0.867716   	0.114996   	1.80162    	3.09138    	0.115041   	0.102282   	1.76386    	2.58062    	0.102199   	0.102736   	1.68228    	3.06479    	0.102607   	13.5287	12.4485	12.7598	0.999999   	1.38102e-05	1.7767e-06 	0.867714   	0.0897236  	0.143143   	0.143438   	0.0897188  	1.13401	
1.2e-10    	6          	0.999922   	0.000190052	0.00132907 	0.850007   	0.999926   	0.000494761	-0.000719027	0.850023   	0.999923   	-0.000651984	-0.000645635	0.850057   	0.136371   	2.00937    	4.54906    	0.136451   	0.140022   	2.29003    	3.92927    	0.140036   	0.136911   	2.13174    	4.32265    	0.136602   	15.4428	15.5558	14.6369	0.999999   	1.13293e-05	-1.21013e-05	0.849965   	0.109429   	0.142696   	0.147564   	0.109429   	1.12069	
1.3e-10    	5.8        	0.999848   	5.91801e-05	-0.00219033	0.829386   	0.999867   	-0.000184619	-0.0012962 	0.829265   	0.99986    	0.000159995	0.00353648 	0.829664   	0.183606   	2.69662    	9.33895    	0.182905   	0.186329   	2.5952     	8.09162    	0.187403   	0.195209   	2.72964    	8.06386    	0.196949   	18.3682	18.8912	19.4978	0.999999   	1.20906e-05	1.86474e-05	0.829322   	0.120123   	0.141854   	0.144261   	0.120125   	1.18653	
1.4e-10    	5.6        	0.999683   	0.000615656	-0.0053371 	0.805617   	0.999798   	0.00152667 	0.00298153 	0.805727   	0.999713   	-0.00224713	0.00224968 	0.805581   	0.29088    	3.83658    	19.1668    	0.293176   	0.299528   	4.10111    	10.8352    	0.299797   	0.26708    	4.729      	16.7088    	0.266386   	26.3234	25.6741	24.108	0.999999   	-3.52331e-05	-3.49954e-05	0.805427   	0.148679   	0.146565   	0.148583   	0.148678   	1.43104	
1.5e-10    	5.4        	0.999424   	-0.00177884	-0.00130542	0.778477   	0.999367   	-1.17427e-05	0.00483194 	0.779126   	0.999269   	0.00178045 	-0.00366062	0.778487   	0.480387   	3.77454    	36.9023    	0.449108   	0.438766   	3.64808    	40.6722    	0.493083   	0.424485   	4.5974     	46.7853    	0.456547   	34.2805	33.8207	32.9535	0.999999   	-2.73248e-06	-3.47223e-05	0.778194   	0.164785   	0.141051   	0.153455   	0.16479    	2.10274	
1.6e-10    	5.2        	0.998436   	0.000895044	-0.0422691 	0.756977   	0.984313   	-0.000858038	0.170841   	0.750084   	0.990983   	-3.75952e-05	-0.127568  	0.754396   	1.21679    	4.15173    	40.6888    	1.10027    	1.79574    	3.75359    	59.7363    	1.28607    	1.14657    	4.94183    	50.9436    	1.03186    	88.7391	77.0505	82.0604	0.999999   	-6.46102e-06	-3.46136e-05	0.747231   	0.271243   	0.144589   	0.148185   	0.271244   	5.82118	
1.7e-10    	5          	0.997732   	-0.000460435	-0.0612709 	0.74011    	0.966458   	0.000514644	0.255637   	0.722034   	0.981031   	-8.24678e-05	-0.191962  	0.724848   	1.82908    	3.84007    	21.1614    	1.89716    	2.16995    	4.23556    	14.7891    	2.58574    	2.79831    	4.61447    	17.7306    	2.69956    	111.906	112.727	139.231	0.999998   	-6.62295e-06	4.12597e-05	0.715776   	0.185529   	0.144669   	0.143491   	0.18553    	2.7862	
1.8e-10    	4.8        	0.998327   	0.00050184 	0.00634696 	0.72632    	0.986117   	-0.00227584	0.152516   	0.702493   	0.984489   	0.00175988 	-0.172082  	0.650485   	3.66778    	3.94496    	99.0404    	4.05863    	8.87679    	3.52485    	113.713    	2.10166    	13.2758    	3.42604    	23.8232    	11.8498    	180.818	415.517	601.894	0.999998   	-2.43193e-05	-7.48507e-05	0.686093   	0.161526   	0.147274   	0.147196   	0.161531   	2.11394	
1.9e-10    	4.6        	0.993986   	0.000415149	-0.0826166 	0.707952   	0.973656   	-0.000727012	0.219448   	0.66777    	0.989115   	0.000148655	-0.141767  	0.624287   	5.43565    	3.55333    	147.643    	4.37063    	6.28435    	3.6292     	95.0605    	4.80803    	10.3994    	3.35251    	32.5674    	10.5069    	235.677	278.127	433.77	0.999998   	-3.43471e-05	-0.000132826	0.657109   	0.167237   	0.147149   	0.147869   	0.167228   	2.11651	
2e-10      	4.4        	0.998446   	-0.000648616	-0.0433058 	0.667912   	0.947574   	-0.00101815	0.317479   	0.639758   	0.960975   	0.00163583 	-0.274997  	0.637159   	20.4272    	3.78647    	26.9654    	19.0287    	6.49246    	3.72836    	33.1353    	11.9555    	14.9363    	3.88098    	16.661     	14.2933    	773.549	259.717	563.77	0.999998   	9.15278e-06	-0.000158405	0.628437   	0.165979   	0.140397   	0.148346   	0.165977   	1.91563	
2.1e-10    	4.2        	0.99639    	-0.00128255	-0.0647924 	0.639271   	0.96912    	0.00222853 	0.242367   	0.623845   	0.979802   	-0.000955197	-0.189559  	0.570327   	5.39314    	3.15784    	71.5338    	7.38233    	7.241      	4.20137    	41.3186    	6.09823    	10.361     	4.09813    	81.0548    	18.1069    	191.147	260.482	356.35	0.999998   	4.50094e-05	0.000343433	0.600052   	0.151363   	0.142423   	0.163587   	0.151361   	1.94638	
2.2e-10    	4          	0.981105   	-0.000337014	-0.190581  	0.637029   	0.9688     	-0.000708823	0.241638   	0.612502   	0.997956   	0.00139302 	-0.0515667 	0.498447   	5.93706    	3.81261    	24.7434    	8.27282    	11.2449    	4.49285    	57.2946    	5.65235    	7.76777    	2.94424    	17.8798    	7.98361    	196.679	355.854	250.038	0.999997   	3.4667e-06 	0.000211795	0.571938   	0.150549   	0.14373    	0.156457   	0.150545   	1.75533	
2.3e-10    	3.8        	0.994678   	-0.00192787	-0.070664  	0.60246    	0.978633   	0.00190889 	0.191713   	0.51767    	0.993308   	6.43533e-06	-0.100204  	0.529772   	7.81008    	4.56661    	117.411    	9.15622    	63.6824    	3.10574    	72.4686    	50.2546    	85.9669    	4.15643    	51.4186    	90.321     	226.89	1719.91	2323.75	0.999997   	-2.4966e-05	0.000673938	0.544066   	0.147106   	0.149065   	0.180375   	0.147088   	1.90859	
2.4e-10    	3.6        	0.969733   	-0.000989871	-0.241393  	0.610578   	0.937398   	0.00174289 	0.346531   	0.51714    	0.997347   	-0.000725796	-0.0667271 	0.472932   	17.8059    	4.63241    	22.8281    	15.7708    	5.74638    	4.89167    	15.9136    	7.83894    	17.4685    	3.5457     	7.76874    	17.7728    	438.547	150.343	416.695	0.999996   	-2.96479e-05	0.000262143	0.516173   	0.149131   	0.147659   	0.179288   	0.149124   	1.90178	
2.5e-10    	3.4        	0.953298   	-0.000571442	-0.297887  	0.598389   	0.936564   	0.00176446 	0.349352   	0.478044   	0.997915   	-0.00128369	0.0156473  	0.447891   	14.3939    	3.9227     	40.1314    	6.3216     	13.6608    	3.85057    	5.37239    	12.2647    	27.9985    	4.03972    	42.326     	28.6493    	306.427	296.941	602.518	0.999993   	1.81947e-05	-0.00210815	0.488409   	0.152625   	0.147258   	0.213914   	0.152602   	1.8289	
2.6e-10    	3.2        	0.936974   	4.26371e-05	-0.346089  	0.572796   	0.912059   	0.00121972 	0.403878   	0.437295   	0.998318   	-0.00123381	0.0460061  	0.447359   	10.4776    	3.64163    	51.0997    	21.1478    	15.5472    	4.25445    	55.5819    	19.0245    	25.5994    	4.01578    	10.0229    	25.3097    	208.863	284.278	458.084	0.999994   	1.39638e-05	-0.000870071	0.460583   	0.148145   	0.146031   	0.261211   	0.148154   	1.91139	
2.7e-10    	3          	0.931935   	0.00210485 	-0.361233  	0.575605   	0.877418   	-0.00286276	0.478396   	0.429515   	0.999436   	-1.20178e-05	0.00336091 	0.385044   	5.63938    	4.29221    	16.2287    	6.76591    	11.3848    	5.29985    	4.07929    	7.11284    	10.4842    	4.61033    	5.18886    	10.5492    	101.902	186.445	169.367	0.999994   	-2.16162e-05	-0.000950923	0.432727   	0.15376    	0.141372   	0.251494   	0.153748   	1.88404	
2.8e-10    	2.8        	0.924516   	2.95455e-05	-0.380385  	0.547774   	0.86912    	-0.000812588	0.493524   	0.409538   	0.9994     	0.000939985	0.015547   	0.352323   	6.41453    	4.59732    	4.31996    	5.14594    	6.25431    	5.17844    	5.09463    	6.08241    	7.93782    	4.40526    	2.5615     	7.96271    	98.0382	94.4098	115.059	0.999994   	1.28284e-05	-0.000561373	0.404837   	0.149496   	0.144411   	0.196213   	0.149521   	1.99849	
2.9e-10    	2.6        	0.92224    	-0.00253906	-0.386013  	0.533115   	0.838789   	0.00273267 	0.543472   	0.38082    	0.9994     	0.000964516	-0.00189112	0.319624   	2.92107    	5.0754     	2.20702    	2.5217     	5.18024    	5.38036    	1.97293    	3.47796    	4.86191    	5.3371     	1.76557    	4.8364     	45.0825	66.8569	64.7117	0.999993   	-6.20073e-05	0.000443473	0.37686    	0.14686    	0.143755   	0.178731   	0.146868   	1.91605	
3e-10      	2.4        	0.912604   	-0.00549548	-0.408177  	0.51528    	0.80951    	0.0157845  	0.586127   	0.357206   	0.999356   	-0.0096577 	0.00358552 	0.287277   	2.05214    	5.67483    	1.87726    	1.57711    	3.3416     	4.62301    	1.18004    	2.40995    	2.8147     	4.72831    	0.986414   	2.81229    	30.5236	43.0329	37.7648	0.999992   	5.55573e-05	4.8174e-05 	0.348848   	0.152628   	0.149635   	0.195782   	0.15262    	1.86195	
3.1e-10    	2.2        	0.905191   	-0.00152921	-0.424382  	0.496638   	0.773979   	0.00239944 	0.632371   	0.333568   	0.999233   	4.87807e-05	-1.65283e-05	0.254653   	2.19518    	6.26983    	0.979444   	1.83394    	2.88876    	5.00533    	0.594071   	1.60782    	3.37789    	5.08782    	0.727857   	3.37253    	28.761	31.8169	39.0244	0.999991   	6.23219e-05	0.000139603	0.320747   	0.152038   	0.144775   	0.180555   	0.152033   	1.92387	
3.2e-10    	2          	0.895731   	-0.00469689	-0.443768  	0.47883    	0.728138   	0.00467969 	0.684467   	0.309971   	0.998747   	0.00348894 	0.00119334 	0.223487   	1.96476    	8.47256    	0.848301   	1.69289    	2.41846    	5.735      	0.59665    	1.44284    	2.81661    	6.64896    	0.57479    	2.78019    	24.4504	26.9548	31.8225	0.999989   	-2.73245e-05	-0.000100517	0.292621   	0.153565   	0.146604   	0.180424   	0.153575   	1.77533	
3.3e-10    	1.8        	0.886358   	-0.00804623	-0.462341  	0.458688   	0.673416   	0.00901078 	0.738085   	0.287065   	0.998682   	0.004916   	0.00130533 	0.193586   	1.84713    	5.87471    	0.680763   	1.65835    	2.38522    	6.41033    	0.533167   	1.30591    	2.3076     	5.26458    	0.505153   	2.327      	20.4109	21.7538	23.3151	0.999987   	-0.000193278	4.1352e-05 	0.264421   	0.155874   	0.146004   	0.169414   	0.155844   	1.87303	
3.4e-10    	1.6        	0.875835   	0.00511055 	-0.481815  	0.439276   	0.608631   	-0.0102778 	0.792054   	0.267619   	0.997904   	0.00204323 	-0.00155938	0.161232   	1.90872    	7.4188     	0.729161   	1.67919    	2.55029    	7.20053    	0.51224    	1.37331    	2.40851    	5.83935    	0.55215    	2.41924    	18.0126	22.6883	21.4787	0.999984   	-0.000219573	8.30307e-05	0.236193   	0.144991   	0.142104   	0.168759   	0.144995   	1.9079	
3.5e-10    	1.4        	0.864284   	0.00588023 	-0.501852  	0.419821   	0.524332   	-0.01892   	0.849465   	0.248022   	0.99574    	0.0165173  	0.000777233	0.131556   	1.55496    	10.5617    	0.798634   	1.31442    	2.17357    	9.61769    	0.626344   	1.14101    	2.1981     	7.84127    	0.554042   	2.22425    	13.8042	15.9835	18.0115	0.999979   	9.75911e-05	0.000138447	0.207983   	0.15155    	0.152493   	0.172976   	0.151521   	1.80746	
3.6e-10    	1.2        	0.850823   	0.0116381  	-0.524203  	0.400294   	0.429293   	-0.0153882 	0.901179   	0.232546   	0.98981    	-0.0114624 	0.00184373 	0.0995365  	1.72029    	9.88511    	0.964945   	1.53271    	2.35065    	8.64769    	0.627374   	1.01275    	2.04268    	11.0924    	0.702241   	2.06043    	15.0465	16.3539	14.4914	0.999972   	-0.000167055	-0.000155224	0.179665   	0.155278   	0.152455   	0.16675    	0.155265   	1.79473	
3.7e-10    	1          	0.834952   	-0.00816378	-0.548678  	0.377927   	0.316853   	-0.0185486 	0.946454   	0.219164   	0.978729   	0.0913158  	-0.00199631	0.0704483  	1.76682    	13.3502    	1.21827    	1.7416     	2.53471    	7.59144    	0.890739   	1.18199    	2.31656    	9.18552    	0.937257   	2.59009    	12.5467	16.2813	14.159	0.999958   	-0.000842374	-7.88236e-05	0.151325   	0.155973   	0.156848   	0.180627   	0.155964   	1.86838	
3.8e-10    	0.8        	0.819326   	-0.0056599 	-0.570417  	0.356624   	0.190598   	-0.00911355	0.978055   	0.208282   	0.916153   	0.087204   	-0.00448849	0.0400104  	2.17708    	23.227     	1.4207     	2.21479    	2.37003    	15.6476    	1.15132    	1.29667    	2.89989    	14.5884    	1.19167    	3.49367    	12.0607	12.7642	15.4898	0.999939   	0.000330419	0.000131106	0.122784   	0.154842   	0.156992   	0.165732   	0.154806   	1.76551	
3.9e-10    	0.6        	0.798478   	-0.00337219	-0.598741  	0.3333     	0.0346731  	-0.0407344 	0.994754   	0.199907   	0.455371   	0.365827   	0.0406853  	0.0209965  	2.08503    	23.1239    	3.0253     	2.64449    	3.523      	14.2857    	1.79537    	1.83425    	3.57632    	14.9497    	1.84383    	5.16113    	9.93684	14.0087	13.0673	0.999892   	0.000277811	-0.000878114	0.0942121  	0.153784   	0.151168   	0.18599    	0.15376    	1.72798	
4e-10      	0.4        	0.770083   	-0.0467055 	-0.632523  	0.311915   	-0.117026  	0.0769197  	0.987609   	0.199867   	-0.727671  	-0.0643604 	-0.0107071 	0.0287105  	2.51714    	23.3116    	5.45924    	4.13424    	4.74697    	6.77654    	2.81634    	2.62163    	5.75345    	19.6865    	4.39147    	6.61986    	10.1824	14.8632	15.1362	0.999767   	-0.00173199	-0.00276298	0.0653775  	0.157792   	0.158121   	0.184044   	0.157797   	1.85994	
4.1e-10    	0.2        	0.731376   	0.0677472  	-0.669254  	0.279438   	-0.25234   	-0.120854  	0.951572   	0.199901   	-0.865098  	0.116398   	-0.0536309 	0.0531644  	5.16569    	49.8746    	8.9249     	6.32987    	8.80268    	28.9045    	9.7011     	8.86409    	7.07133    	39.5702    	6.63279    	11.7666    	11.1469	16.7424	13.3776	0.999239   	0.00271256 	-0.0044545 	0.0362015  	0.158381   	0.168633   	0.175419   	0.158271   	1.95609	
4.2e-10    	-0         	0.58327    	-0.40786   	-0.670269  	0.286857   	-0.38981   	0.421954   	0.742383   	0.272323   	-0.656496  	-0.0853653 	-0.108755  	0.0684149  	32.5931    	245.929    	20.5959    	90.6856    	30.0868    	532.253    	47.903     	85.606     	18.2314    	81.1395    	91.5253    	34.3904    	31.5546	33.3279	12.8352	0.909686   	-0.200466  	0.135635   	0.00550629 	0.309795   	0.231846   	0.312248   	0.265599   	1.83382	
