#----------------------------------------------------------------------------------------------------------------------------------------------------------
# Output file for vampire simulation
#   time       : 2025-06-06 20:48:42     process id : 3578194
#   hostname   : thor1.psi.ch
#   path       : /scratch/dossan_f/Na2BaMn(PO4)2/vampire_tripleUC_3mat_2d_k0.35_Jnn0.11/output-Field8-0T-Ba_high_res_steps10000x10000/run_T_0.050
#   version    : 6.0.0
#   githash    : 4c9651daecc86c3e6b6df0c8055fcd9e89fd900c
#----------------------------------------------------------------------------------------------------------------------------------------------------------
2e-11      	8          	0.999637   	0.00153035 	0.000757573	0.991846   	0.999145   	-0.000860915	-0.00215466	0.991685   	0.99974    	0.000273498	0.000811208	0.991938   	775.927    	48.5525    	26.5196    	692.824    	988.314    	11.2981    	87.9305    	773.381    	696.561    	3.00536    	25.4281    	630.547    	1.00319e+06	1.52439e+06	777082	0.999977   	0.000385472	-0.000161045	0.991681   	2447.2     	10.1637    	1.63278    	2434.56    	3.23824e+06	
3e-11      	7.8        	0.999999   	-4.98937e-05	-5.40889e-05	0.993403   	0.999999   	3.62303e-05	7.19388e-05	0.993403   	0.999999   	1.16271e-05	3.35849e-06	0.993402   	0.00333786 	0.6545     	0.85592    	0.00333835 	0.00308365 	0.670293   	0.805813   	0.00308186 	0.00295627 	0.680835   	0.881162   	0.00295704 	7.14536	7.07483	6.81656	1          	-6.78365e-07	7.06798e-06	0.993401   	0.00377998 	0.126633   	0.136857   	0.00377998 	1.49025	
4e-11      	7.6        	0.999998   	4.23574e-05	-8.62376e-05	0.992538   	0.999998   	-8.66526e-05	1.67368e-05	0.992539   	0.999998   	1.34518e-05	6.46659e-05	0.992534   	0.00422743 	0.924234   	1.28363    	0.00421911 	0.00432802 	0.865755   	1.295      	0.00432755 	0.00384596 	0.884122   	1.18301    	0.00384275 	8.37488	8.44911	7.6876	1          	-1.02798e-05	-1.61298e-06	0.992535   	0.00509914 	0.130306   	0.14013    	0.00509894 	1.49316	
5e-11      	7.4        	0.999998   	4.14102e-05	0.00017622 	0.991343   	0.999998   	-4.91648e-05	-9.25133e-05	0.991334   	0.999998   	1.57305e-05	-9.32669e-05	0.991335   	0.00619552 	1.04261    	1.75489    	0.00619829 	0.00627214 	1.12442    	1.58995    	0.00626964 	0.00611361 	1.02384    	1.69354    	0.00609207 	10.0062	9.79096	9.32236	1          	2.65706e-06	-3.1896e-06	0.991335   	0.00864638 	0.13114    	0.139679   	0.00864625 	1.61632	
6e-11      	7.2        	0.999997   	4.50854e-05	5.06344e-05	0.989485   	0.999996   	1.41433e-05	0.000107647	0.989489   	0.999996   	-6.67666e-05	-0.000167466	0.98949    	0.0108245  	1.58783    	2.78036    	0.0108132  	0.00960578 	1.51834    	3.23371    	0.00956284 	0.0100841  	1.56906    	2.96457    	0.0100605  	13.2016	12.4872	12.8087	1          	-2.51149e-06	-3.0593e-06	0.989485   	0.0146082  	0.133688   	0.143005   	0.0146086  	1.61643	
7e-11      	7          	0.999991   	-0.000261444	-0.000903739	0.985771   	0.999987   	0.000331154	0.000584556	0.985801   	0.999989   	-7.78675e-05	0.000334099	0.985769   	0.0329951  	3.20244    	8.11337    	0.0328989  	0.0313195  	2.92486    	13.2261    	0.0311609  	0.0342854  	2.27477    	11.9293    	0.0340451  	23.9965	25.3928	24.44	1          	-2.71271e-06	4.9442e-06 	0.985769   	0.0566525  	0.144012   	0.149731   	0.0566521  	1.61899	
8e-11      	6.8        	0.995978   	0.000381351	0.0880686  	0.971405   	0.99995    	-0.000750146	-0.00625324	0.961395   	0.996435   	0.000356267	-0.0821823 	0.967122   	2.24399    	3.1788     	161.35     	1.63928    	8.34268    	2.73984    	33.7657    	8.38982    	2.64838    	2.5336     	216.035    	1.73789    	2121.83	3220.9	447.764	1          	-1.88033e-06	1.8965e-05 	0.964173   	7.89317    	0.137363   	0.142558   	7.89319    	32.6301	
9e-11      	6.6        	0.991995   	-0.000145416	0.125819   	0.95534    	0.999798   	-2.09561e-05	-0.0184118 	0.914253   	0.993996   	0.000148963	-0.108738  	0.947873   	1.84992    	3.02138    	64.9394    	1.72775    	5.48119    	3.18397    	31.7722    	5.32523    	5.52451    	2.90426    	80.4398    	3.554      	1643.95	3892.45	5497.38	1          	-5.59503e-06	0.000113376	0.934648   	1.96316    	0.139112   	0.149366   	1.96317    	7.0333	
1e-10      	6.4        	0.987072   	-0.00034475	0.158558   	0.934509   	0.999557   	-3.46463e-05	-0.0287214 	0.876303   	0.991087   	0.000399432	-0.131819  	0.929045   	12.1027    	2.84246    	296.041    	2.3235     	5.84308    	2.78275    	27.7373    	6.15458    	5.33038    	2.83946    	211.53     	13.125     	11403.5	4854.63	4846.6	1          	6.95734e-06	0.000165901	0.906366   	1.02913    	0.148194   	0.14648    	1.02913    	3.73077	
1.1e-10    	6.2        	0.982831   	-0.000195006	0.18385    	0.910785   	0.999675   	0.000153174	-0.0231131 	0.84143    	0.986692   	5.06047e-05	-0.162357  	0.91072    	6.73579    	3.12244    	123.829    	3.90376    	2.59532    	2.97277    	49.5233    	2.68059    	5.71219    	2.76604    	43.5616    	10.1143    	5708.82	1945.38	5029.28	1          	-5.79172e-07	4.40935e-05	0.8783     	0.708577   	0.140764   	0.15354    	0.708579   	2.93663	
1.2e-10    	6          	0.968311   	-0.000471704	0.249637   	0.883346   	0.996742   	0.000520073	-0.0797361 	0.815646   	0.984792   	-2.73655e-05	-0.173424  	0.896234   	12.0995    	3.10837    	23.4134    	11.3226    	5.73179    	2.06214    	62.6998    	7.56005    	3.13767    	2.6323     	52.3783    	1.33642    	9548.02	4594.06	2625.51	1          	-7.25928e-06	9.79776e-06	0.850315   	0.611977   	0.14327    	0.158215   	0.611979   	2.58378	
1.3e-10    	5.8        	0.957744   	0.000233875	0.28751    	0.86544    	0.994421   	-0.000343279	-0.105283  	0.778903   	0.981806   	5.65796e-05	-0.189755  	0.879744   	4.46113    	3.19242    	27.2571    	3.81165    	7.09327    	3.08267    	13.3097    	6.6511     	3.42663    	3.42167    	20.3299    	2.51181    	3315.45	5136.84	2638.23	1          	-6.10274e-06	-4.41774e-05	0.822388   	0.511142   	0.140579   	0.156434   	0.511141   	2.37985	
1.4e-10    	5.6        	0.950074   	0.000141729	0.311889   	0.85101    	0.992672   	0.000238331	-0.120688  	0.738885   	0.978793   	-0.000364619	-0.204686  	0.859778   	2.26599    	3.02038    	38.3038    	4.35326    	4.47427    	2.64326    	10.1939    	4.70087    	2.77398    	3.49392    	28.3723    	1.89466    	1545.24	3036.66	2011.72	1          	-7.11459e-06	0.00011465 	0.794511   	0.443921   	0.143847   	0.158414   	0.443924   	2.34499	
1.5e-10    	5.4        	0.942462   	0.000317291	0.334292   	0.827444   	0.99134    	0.000366755	-0.131218  	0.704788   	0.975767   	-0.000633635	-0.21875   	0.841893   	2.70839    	2.89239    	3.74674    	2.75307    	2.80478    	3.0673     	5.53889    	2.60857    	3.25575    	3.5015     	8.42926    	3.10178    	1789.89	1749.66	2082.89	1          	-5.50224e-06	-1.59046e-05	0.76667    	0.402467   	0.134967   	0.168335   	0.402466   	2.28891	
1.6e-10    	5.2        	0.933215   	0.000374052	0.359293   	0.808564   	0.989336   	1.75755e-05	-0.145559  	0.669189   	0.972097   	-0.000370106	-0.234531  	0.822851   	4.25152    	3.01723    	3.92831    	3.36094    	3.25662    	3.08897    	4.71237    	3.09675    	3.19776    	3.06732    	6.35588    	2.91835    	2511.11	1919.12	1977.03	1          	5.34402e-06	5.40382e-05	0.738836   	0.362283   	0.139975   	0.156016   	0.36229    	2.11577	
1.7e-10    	5          	0.923467   	4.08565e-06	0.383651   	0.789082   	0.986994   	0.000539767	-0.160676  	0.632658   	0.968331   	-0.000454027	-0.249628  	0.805446   	2.08178    	3.17929    	4.75995    	2.05065    	2.82943    	3.02685    	3.56037    	2.59477    	2.10221    	3.912      	4.64073    	1.7638     	1175.98	1517.95	1182.38	1          	-9.42218e-06	9.57846e-06	0.711019   	0.345308   	0.146428   	0.154931   	0.345307   	2.15137	
1.8e-10    	4.8        	0.913759   	0.000176894	0.406232   	0.768898   	0.984747   	-5.39851e-07	-0.173912  	0.596926   	0.964275   	-0.000171868	-0.26486   	0.787337   	1.91667    	2.75981    	4.83226    	1.40093    	3.49228    	3.338      	3.02305    	3.23342    	2.1416     	3.47304    	5.52984    	1.79833    	987.812	1739.41	1125.87	1          	9.48616e-07	3.35083e-06	0.683206   	0.341287   	0.141588   	0.148443   	0.341286   	2.08138	
1.9e-10    	4.6        	0.902887   	-0.000499265	0.429859   	0.748964   	0.981523   	0.000216884	-0.191278  	0.561884   	0.960311   	0.000318834	-0.278903  	0.768987   	1.76654    	2.94085    	2.32606    	1.28478    	2.37609    	3.18527    	1.87094    	2.31714    	1.60716    	3.55433    	2.42779    	1.50504    	866.925	1112.14	775.94	1          	-3.23386e-06	5.25253e-08	0.6554     	0.337489   	0.141773   	0.161248   	0.33749    	1.98786	
2e-10      	4.4        	0.891093   	0.0010784  	0.453802   	0.729642   	0.977821   	-0.000295005	-0.209385  	0.526711   	0.955755   	-0.000869262	-0.294131  	0.75083    	1.8762     	3.68439    	1.59897    	1.51962    	2.81136    	2.71128    	1.39619    	2.75132    	1.51192    	3.88299    	2.50128    	1.38915    	816.521	1181.03	696.62	1          	-1.14332e-05	-7.8238e-06	0.627606   	0.318552   	0.143494   	0.156346   	0.318553   	2.04843	
2.1e-10    	4.2        	0.879242   	0.00020023 	0.476354   	0.710123   	0.973232   	-6.44773e-05	-0.229766  	0.49127    	0.951478   	-0.000156366	-0.307686  	0.732488   	2.19098    	3.8316     	1.95859    	1.46253    	2.71601    	3.28224    	0.918276   	2.61262    	1.41211    	4.58533    	2.1424     	1.29996    	864.583	1052.76	593.057	1          	-2.68123e-06	9.56549e-06	0.599812   	0.295981   	0.140231   	0.157193   	0.295981   	1.99236	
2.2e-10    	4          	0.866148   	0.000195129	0.499769   	0.69021    	0.967741   	0.000520813	-0.251878  	0.456929   	0.946733   	-0.000563059	-0.321988  	0.714084   	2.04917    	3.56319    	1.33527    	1.29428    	2.61836    	3.6926     	0.780085   	2.44983    	1.51251    	4.62916    	1.6832     	1.29181    	747.102	935.386	569.138	1          	-1.66022e-05	-4.09843e-05	0.57202    	0.302365   	0.141799   	0.160277   	0.302363   	1.98218	
2.3e-10    	3.8        	0.852712   	-0.000174492	0.522363   	0.671095   	0.960872   	0.00062284 	-0.276925  	0.421586   	0.941844   	-0.000223774	-0.336026  	0.695843   	1.71145    	4.12258    	0.962185   	1.25842    	2.63264    	3.57783    	0.526434   	2.38769    	1.20979    	3.76613    	1.08022    	1.01244    	579.467	848.803	451.934	1          	-5.72053e-06	-7.30394e-06	0.544239   	0.292796   	0.14075    	0.155889   	0.292802   	2.00004	
2.4e-10    	3.6        	0.838001   	-0.000479449	0.54565    	0.651798   	0.951896   	-0.000292869	-0.306355  	0.387205   	0.936765   	0.000613848	-0.349927  	0.677376   	1.36822    	4.31475    	0.732703   	0.924709   	1.71669    	3.26916    	0.413944   	1.57189    	1.17715    	5.2962     	0.90247    	1.02224    	433.114	535.646	393.942	1          	-7.13797e-06	5.1979e-07 	0.516444   	0.268054   	0.142972   	0.166324   	0.268051   	1.84783	
2.5e-10    	3.4        	0.822382   	8.20757e-05	0.568919   	0.632363   	0.940569   	-0.00016964	-0.339524  	0.35328    	0.931375   	2.94569e-05	-0.364033  	0.658893   	1.8638     	3.80466    	0.611094   	1.18854    	2.4082     	3.70142    	0.31425    	2.08324    	1.29123    	4.63405    	0.758775   	1.10934    	525.132	663.552	385.7	1          	8.35223e-06	-2.74337e-05	0.488669   	0.27562    	0.141371   	0.156745   	0.27562    	1.8646	
2.6e-10    	3.2        	0.805349   	-0.00042767	0.592783   	0.612998   	0.925447   	-0.00217539	-0.378786  	0.319963   	0.925728   	0.00152805 	-0.378159  	0.640452   	1.38129    	4.1256     	0.469194   	0.840636   	2.20173    	3.67391    	0.229409   	1.87743    	1.27012    	4.69146    	0.626559   	0.99348    	368.48	551.565	350.183	1          	1.43757e-05	-8.52549e-06	0.460891   	0.280477   	0.14216    	0.153509   	0.280477   	1.86657	
2.7e-10    	3          	0.787244   	0.000527845	0.616622   	0.594092   	0.904804   	-0.000723468	-0.425715  	0.286838   	0.919713   	-0.000133443	-0.392561  	0.622034   	1.43927    	4.39169    	0.385995   	0.840435   	2.11385    	4.54598    	0.184464   	1.75977    	1.13801    	5.19091    	0.465967   	0.940004   	342.184	479.616	290.067	1          	1.74572e-05	2.77512e-05	0.433108   	0.273918   	0.144556   	0.153985   	0.273915   	1.8701	
2.8e-10    	2.8        	0.768097   	0.000193124	0.640313   	0.575355   	0.876011   	0.000190002	-0.482178  	0.254649   	0.913359   	-0.000253345	-0.407125  	0.603231   	1.7875     	4.84071    	0.283876   	1.08973    	2.31162    	3.88772    	0.118853   	1.7983     	1.24484    	5.35039    	0.346489   	1.05855    	367.275	461.934	295.264	1          	4.6886e-06 	2.90962e-05	0.405325   	0.265274   	0.14264    	0.156892   	0.265274   	1.71416	
2.9e-10    	2.6        	0.747013   	0.000221477	0.66478    	0.556426   	0.834503   	-0.000894872	-0.550826  	0.223836   	0.906697   	9.87967e-05	-0.421739  	0.584727   	1.56301    	6.84197    	0.233691   	0.889997   	1.95372    	5.59104    	0.0906924  	1.36566    	1.12443    	7.82926    	0.303111   	0.967451   	299.864	355.896	238.373	0.999999   	-1.75569e-05	7.18715e-06	0.377542   	0.262609   	0.146218   	0.15633    	0.262608   	1.76276	
3e-10      	2.4        	0.724466   	0.000380765	0.689285   	0.53776    	0.772326   	-0.00329888	-0.635025  	0.194587   	0.899679   	0.000866546	-0.436512  	0.5662     	1.3926     	5.64338    	0.193279   	0.802177   	2.42525    	4.93625    	0.0770349  	1.47897    	1.23685    	6.36536    	0.28102    	1.02295    	243.137	411.054	239.689	0.999999   	4.88361e-05	-4.18826e-05	0.34976    	0.266581   	0.147684   	0.159653   	0.266581   	1.74788	
3.1e-10    	2.2        	0.700217   	0.00017835 	0.713906   	0.519437   	0.677033   	0.00140058 	-0.735714  	0.168031   	0.892211   	-0.000547436	-0.451577  	0.547435   	1.3054     	5.40948    	0.207338   	0.771536   	1.87274    	5.31134    	0.0694932  	0.907495   	1.04967    	6.84626    	0.261914   	0.890957   	220.294	290.671	189.437	0.999999   	2.76047e-05	1.56236e-06	0.321972   	0.263993   	0.151201   	0.162759   	0.263991   	1.73408	
3.2e-10    	2          	0.673792   	-0.000345352	0.738899   	0.501152   	0.530529   	0.00168417 	-0.847408  	0.145661   	0.88433    	-1.57055e-05	-0.466828  	0.528738   	1.25965    	4.442      	0.220347   	0.743086   	2.16172    	4.42682    	0.0833448  	0.705652   	1.20145    	5.42644    	0.271146   	1.00613    	191.436	286.378	190.227	0.999999   	7.35838e-05	4.83996e-05	0.29418    	0.269652   	0.149381   	0.16101    	0.269639   	1.7894	
3.3e-10    	1.8        	0.644987   	-0.0010795 	0.76416    	0.483048   	0.314827   	0.00183542 	-0.948768  	0.129657   	0.875844   	0.000496247	-0.482547  	0.510146   	1.34175    	6.75199    	0.254023   	0.789481   	2.27161    	5.7488     	0.101354   	0.319298   	1.18369    	7.15268    	0.317701   	1.06753    	175.182	267.027	167.67	0.999999   	-3.90543e-05	-7.06597e-05	0.266399   	0.263525   	0.143658   	0.155914   	0.263531   	1.73917	
3.4e-10    	1.6        	0.613552   	-0.00235155	0.789612   	0.465155   	0.0381201  	0.00308606 	-0.998833  	0.122639   	0.866849   	0.00151633 	-0.498505  	0.491122   	1.48802    	7.7003     	0.303083   	0.837387   	2.12454    	6.32376    	0.134868   	0.142856   	1.20224    	9.40879    	0.387753   	1.07434    	174.064	219.929	154.477	0.999999   	3.99987e-05	-4.3104e-05	0.238601   	0.280868   	0.151552   	0.170361   	0.280867   	1.76664	
3.5e-10    	1.4        	0.579126   	0.000679176	0.8152     	0.447486   	-0.251832  	-0.00641463	-0.967392  	0.125808   	0.857388   	0.00107141 	-0.514609  	0.472308   	1.56884    	6.87368    	0.414745   	0.958767   	2.40037    	4.78648    	0.174072   	0.295125   	1.27507    	8.27755    	0.469104   	1.17431    	159.623	220.224	140.425	0.999998   	7.09372e-06	5.15656e-05	0.210806   	0.272106   	0.154079   	0.169362   	0.272104   	1.54272	
3.6e-10    	1.2        	0.542558   	0.000339174	0.839983   	0.43014    	-0.492658  	0.00370922 	-0.869905  	0.138444   	0.846997   	-0.00159287	-0.531536  	0.453182   	1.43516    	6.12795    	0.514496   	0.993828   	2.06908    	4.96445    	0.271152   	0.648564   	1.06469    	7.78465    	0.658405   	1.07649    	131.597	170.969	118.962	0.999998   	-0.000119788	-4.22736e-06	0.183003   	0.272227   	0.15323    	0.169255   	0.272241   	1.69986	
3.7e-10    	1          	0.501345   	0.0027598  	0.865185   	0.413421   	-0.658628  	-0.00247402	-0.751829  	0.15875    	0.83587    	-0.00173695	-0.548777  	0.434143   	1.81961    	9.9        	0.815794   	1.43722    	2.95496    	13.7078    	0.367321   	1.49326    	1.75067    	18.8188    	0.96465    	1.75992    	130.957	175.406	135.733	0.999996   	-8.49446e-06	0.000199502	0.155197   	0.274967   	0.158699   	0.181594   	0.27498    	1.67927	
3.8e-10    	0.8        	0.456168   	-0.000483525	0.889836   	0.396572   	-0.767528  	-0.00296485	-0.640638  	0.183467   	0.823785   	0.00180249 	-0.566768  	0.415245   	2.23411    	8.77626    	1.21035    	1.8846     	3.04064    	8.49751    	0.715971   	1.95724    	1.58928    	15.4212    	1.1699     	1.57325    	134.099	167.007	112.16	0.999995   	2.12953e-05	1.71506e-05	0.127386   	0.283177   	0.157392   	0.175537   	0.283176   	1.63235	
3.9e-10    	0.6        	0.40685    	0.00822963 	0.913397   	0.38059    	-0.835085  	-0.013206  	-0.549622  	0.211042   	0.809949   	-0.000626791	-0.586411  	0.395092   	2.7243     	8.17715    	1.34642    	1.87973    	3.84708    	8.69746    	0.80439    	2.59288    	2.01066    	9.02203    	1.76644    	2.23945    	121.307	157.918	111.089	0.999991   	0.000323554	-0.000136966	0.0995362  	0.285761   	0.155785   	0.182104   	0.28575    	1.68901	
4e-10      	0.4        	0.353646   	-0.00304286	0.935245   	0.364736   	-0.882648  	-0.000795239	-0.469548  	0.241798   	0.796029   	0.00336872 	-0.605083  	0.37625    	3.05493    	18.605     	3.28133    	4.18419    	3.62612    	14.9861    	1.33776    	2.72505    	2.10542    	15.5819    	3.79601    	3.16647    	109.027	125.955	95.8997	0.999982   	-0.000178432	-0.000363813	0.0716908  	0.294499   	0.168811   	0.189493   	0.294533   	1.80079	
4.1e-10    	0.2        	0.291066   	-0.0102783 	0.956358   	0.350852   	-0.911957  	0.0117344  	-0.408922  	0.273305   	0.779129   	0.000699615	-0.625721  	0.357379   	5.89088    	38.0226    	6.21009    	6.24253    	10.3812    	42.7259    	2.10199    	8.14093    	3.9316     	111.919    	6.43029    	4.95793    	122.781	189.13	104.92	0.999943   	-0.000597228	0.00133164 	0.0437731  	0.305792   	0.178087   	0.235634   	0.305722   	1.64045	
4.2e-10    	-0         	0.273359   	-0.0340323 	0.95976    	0.368196   	-0.90317   	0.0118324  	-0.427956  	0.3302     	0.759477   	0.0313845  	-0.647882  	0.317218   	223.932    	127.549    	117.328    	210.025    	100.931    	35.0266    	88.5842    	156.031    	59.3282    	132.342    	22.4983    	51.972     	1792.97	1420	114.386	0.988082   	0.0119339  	0.141586   	0.0148711  	1.40128    	0.27973    	1.01603    	1.18416    	1.69141	
