#----------------------------------------------------------------------------------------------------------------------------------------------------------
# Output file for vampire simulation
#   time       : 2025-06-06 20:52:51     process id : 1712160
#   hostname   : thor6.psi.ch
#   path       : /scratch/dossan_f/Na2BaMn(PO4)2/vampire_tripleUC_3mat_2d_k0.35_Jnn0.11/output-Field8-0T-Ba_high_res_steps10000x10000/run_T_0.850
#   version    : 6.0.0
#   githash    : 4c9651daecc86c3e6b6df0c8055fcd9e89fd900c
#----------------------------------------------------------------------------------------------------------------------------------------------------------
2e-11      	8          	0.999905   	2.17273e-05	-0.000538697	0.918359   	0.999928   	-9.37584e-05	0.000663499	0.918364   	0.999983   	1.61509e-06	-6.69874e-05	0.918426   	9.17153    	0.378758   	1.08286    	8.10991    	8.69713    	0.401766   	0.859969   	7.96875    	7.85587    	0.36953    	0.47296    	7.80228    	1038.88	938.28	784.424	0.999999   	-2.34898e-05	1.86901e-05	0.918358   	25.6454    	0.111764   	0.119099   	25.6446    	2739.09	
3e-11      	7.8        	0.999986   	-1.64937e-05	0.000118218	0.913586   	0.999986   	-5.12116e-06	-0.000210955	0.913633   	0.999986   	9.86783e-06	-2.99441e-05	0.913668   	0.0301373  	0.431351   	0.458646   	0.030111   	0.0282741  	0.41867    	0.444883   	0.0282944  	0.0273267  	0.405555   	0.456333   	0.0273105  	5.14826	4.84011	4.71516	0.999999   	-3.93724e-06	-4.09619e-05	0.913617   	0.0284916  	0.113417   	0.121186   	0.0284949  	1.28895	
4e-11      	7.6        	0.999984   	-7.24276e-05	0.000255942	0.90769    	0.999984   	4.6771e-05 	-4.10257e-05	0.907652   	0.999984   	-6.69052e-05	-0.000204501	0.907631   	0.0316983  	0.455231   	0.513803   	0.031733   	0.0346463  	0.479166   	0.517648   	0.0346512  	0.0318485  	0.457208   	0.523966   	0.0318496  	5.02454	5.42269	5.14764	0.999999   	-3.08988e-05	3.65214e-06	0.907645   	0.0320332  	0.118929   	0.124447   	0.032034   	1.28196	
5e-11      	7.4        	0.999983   	-0.000171002	-0.000125976	0.901022   	0.999982   	-0.000202065	4.11502e-05	0.901002   	0.999983   	0.000398275	3.87137e-06	0.900972   	0.0376327  	0.479628   	0.575429   	0.0376144  	0.0371623  	0.504494   	0.572347   	0.0371916  	0.0355773  	0.49565    	0.548656   	0.0355665  	5.40439	5.46741	5.45671	0.999999   	8.37165e-06	-2.70707e-05	0.900984   	0.0357035  	0.119432   	0.1276     	0.0357063  	1.23461	
6e-11      	7.2        	0.99998    	7.00508e-05	0.000331032	0.893405   	0.999981   	5.29294e-05	-2.44112e-05	0.893396   	0.99998    	-0.000174537	-0.00030776	0.893408   	0.0440928  	0.527193   	0.662494   	0.0440756  	0.0422455  	0.543853   	0.612791   	0.042268   	0.0433394  	0.52293    	0.656422   	0.0433371  	6.04397	5.94503	6.17565	0.999999   	-1.70715e-05	-4.72427e-07	0.893387   	0.0405409  	0.122097   	0.125149   	0.0405399  	1.20016	
7e-11      	7          	0.999976   	0.000284095	0.000145102	0.884873   	0.999977   	-0.000495998	8.92603e-05	0.884853   	0.999977   	0.000251864	-0.000192585	0.884854   	0.0468462  	0.628289   	0.793837   	0.0468234  	0.0479941  	0.639889   	0.744679   	0.0479814  	0.0499968  	0.617684   	0.750999   	0.0500205  	6.06001	6.00905	6.33463	0.999999   	1.34707e-05	1.38302e-05	0.88484    	0.0462923  	0.129149   	0.128198   	0.0462886  	1.18671	
8e-11      	6.8        	0.999974   	0.000115136	-0.000150672	0.875121   	0.999973   	0.000271355	0.000258118	0.875154   	0.999973   	-0.000324748	-5.98289e-05	0.875175   	0.0565084  	0.651511   	0.860208   	0.0565024  	0.0567461  	0.732743   	0.858522   	0.0567099  	0.0590686  	0.698507   	0.889492   	0.0590635  	6.81931	6.87898	6.95233	0.999999   	2.07122e-05	1.57176e-05	0.875128   	0.0510395  	0.127348   	0.131467   	0.0510412  	1.16911	
9e-11      	6.6        	0.999968   	6.83278e-05	-4.34636e-05	0.864015   	0.999968   	-0.000261908	2.38804e-06	0.864051   	0.999966   	0.000287681	-2.54484e-05	0.864138   	0.0679283  	0.842999   	0.989725   	0.0679276  	0.0657859  	0.863527   	0.971881   	0.0657501  	0.0702346  	0.86208    	1.03936    	0.0704316  	7.51923	7.1638	7.434	0.999998   	3.16773e-05	-2.23205e-05	0.864041   	0.0613777  	0.133772   	0.135934   	0.0613816  	1.13102	
1e-10      	6.4        	0.999964   	0.000139331	-3.84914e-05	0.851695   	0.999962   	0.00048541 	0.000496749	0.851595   	0.999962   	-0.000524708	-0.00046647	0.851634   	0.0785609  	0.93735    	1.03831    	0.0784537  	0.0779335  	0.875927   	1.19223    	0.078107   	0.082819   	0.886926   	1.17343    	0.0828988  	7.92516	8.23827	8.22218	0.999998   	3.33278e-05	-2.9041e-06	0.851611   	0.0691428  	0.137874   	0.13888    	0.0691422  	1.10799	
1.1e-10    	6.2        	0.999952   	0.000293964	0.000165912	0.837542   	0.999953   	-0.000357363	0.000106802	0.837614   	0.99995    	7.55407e-05	-0.000228247	0.837549   	0.0989397  	1.04175    	1.53454    	0.0990456  	0.098786   	1.12145    	1.37223    	0.0988744  	0.0948901  	1.09353    	1.56389    	0.0948176  	9.02741	9.38775	8.97171	0.999998   	4.06196e-06	1.49498e-05	0.837529   	0.0805713  	0.135625   	0.136526   	0.080573   	1.09555	
1.2e-10    	6          	0.999943   	-0.00053468	-0.000523728	0.821745   	0.99995    	0.000227426	0.00064846 	0.821755   	0.999946   	0.000430335	-0.00016031	0.821722   	0.111717   	1.27211    	1.65306    	0.111664   	0.114393   	1.17757    	1.37347    	0.114238   	0.112908   	1.20016    	1.56041    	0.112728   	9.83636	9.68238	9.71316	0.999998   	4.06073e-05	-1.20362e-05	0.821698   	0.0871364  	0.141834   	0.142348   	0.0871373  	1.04176	
1.3e-10    	5.8        	0.999925   	0.000318782	-0.00112027	0.804104   	0.99993    	0.000101352	0.00110206 	0.804195   	0.999929   	-0.000463994	-0.000147672	0.803997   	0.145499   	1.43387    	2.22821    	0.145573   	0.135261   	1.41384    	1.99812    	0.135351   	0.150064   	1.33728    	2.12651    	0.149826   	11.9395	11.0386	11.478	0.999998   	-1.46855e-05	-5.5614e-05	0.804042   	0.100868   	0.135423   	0.136846   	0.100869   	1.0364	
1.4e-10    	5.6        	0.999908   	-0.000377109	0.00267605 	0.784579   	0.999908   	9.50196e-05	-0.000311082	0.784758   	0.999904   	0.000288233	-0.00245024	0.784474   	0.166344   	1.6258     	2.52352    	0.166517   	0.158589   	1.86741    	2.43134    	0.158666   	0.157056   	1.89525    	2.45117    	0.156943   	12.1851	11.6967	11.2049	0.999998   	2.04506e-06	-2.85993e-05	0.784532   	0.109115   	0.137373   	0.144138   	0.109109   	0.975756	
1.5e-10    	5.4        	0.999879   	-0.00123031	0.000267978	0.763238   	0.999862   	0.00133564 	-0.00269073	0.76329    	0.999872   	-0.000158717	0.00237362 	0.763306   	0.204437   	2.11174    	3.1915     	0.204396   	0.203006   	2.09035    	3.82422    	0.203879   	0.194463   	2.0264     	3.50093    	0.194713   	14.294	13.7234	13.1073	0.999998   	-1.84926e-05	-1.80623e-05	0.763181   	0.110595   	0.143406   	0.141823   	0.110601   	1.07674	
1.6e-10    	5.2        	0.999826   	0.00058375 	0.00193169 	0.740152   	0.999818   	0.00025164 	-0.00157091	0.740371   	0.999838   	-0.000932782	-0.000334813	0.740224   	0.251336   	2.14711    	4.99809    	0.252491   	0.247537   	2.38145    	5.12146    	0.248961   	0.276148   	2.16477    	4.54322    	0.275982   	15.9961	15.0246	16.8438	0.999998   	-3.18777e-05	7.76419e-06	0.740123   	0.123885   	0.143711   	0.145009   	0.12389    	1.08129	
1.7e-10    	5          	0.999763   	-0.000164474	0.0027065  	0.71553    	0.999768   	0.000700298	0.00174747 	0.715625   	0.999758   	-0.000494327	-0.00443911	0.715309   	0.297807   	2.92374    	6.14212    	0.299094   	0.339867   	2.46648    	6.49413    	0.340942   	0.306531   	2.48456    	6.51911    	0.307094   	16.65	18.4502	17.795	0.999997   	1.24212e-05	6.0446e-06 	0.71532    	0.14008    	0.145215   	0.147959   	0.14009    	1.37406	
1.8e-10    	4.8        	0.999628   	-0.00146465	-0.00157372	0.68944    	0.99971    	0.00300612 	0.000868009	0.6897     	0.999595   	-0.0016762 	0.000735842	0.689374   	0.405226   	3.20335    	10.1358    	0.407839   	0.413999   	2.81168    	7.46426    	0.41598    	0.446867   	2.69155    	11.8512    	0.445669   	21.0349	20.7313	21.5605	0.999997   	-4.37291e-05	7.94451e-06	0.689261   	0.143573   	0.143199   	0.148374   	0.14357    	1.35115	
1.9e-10    	4.6        	0.999229   	-0.00168601	0.00414374 	0.662728   	0.999362   	0.000908781	0.00760621 	0.662401   	0.999327   	0.000773007	-0.0119193 	0.661897   	0.530861   	3.97305    	21.3667    	0.518959   	0.573624   	3.99947    	16.2635    	0.56892    	0.546944   	3.98789    	16.0099    	0.558008   	22.8327	25.247	23.2282	0.999997   	-5.17369e-06	-6.77414e-05	0.661884   	0.152954   	0.144177   	0.151026   	0.152962   	1.50321	
2e-10      	4.4        	0.998595   	-0.0015657 	0.00526341 	0.633902   	0.998766   	0.00181723 	0.00395332 	0.634473   	0.998995   	-0.000196622	-0.009063  	0.63488    	0.863249   	4.46404    	37.8677    	0.834516   	0.673454   	4.21478    	33.3177    	0.728189   	0.820695   	4.96556    	24.5745    	0.849151   	30.7359	27.244	30.0574	0.999997   	2.40229e-05	3.26448e-05	0.633649   	0.148028   	0.143183   	0.150976   	0.148027   	1.78457	
2.1e-10    	4.2        	0.998229   	-0.00442852	0.037394   	0.604576   	0.99816    	0.00148415 	0.0242287  	0.606915   	0.996906   	0.00287661 	-0.0616096 	0.606271   	1.3714     	4.85522    	24.5873    	1.39862    	1.17385    	4.52351    	38.8415    	1.29066    	1.34444    	3.72224    	29.725     	1.67386    	42.5905	37.2909	40.758	0.999997   	-1.55503e-05	-4.75122e-05	0.604563   	0.155348   	0.139362   	0.145931   	0.155352   	2.41494	
2.2e-10    	4          	0.988184   	0.00241592 	0.140611   	0.575563   	0.991619   	0.000792764	-0.0762138 	0.585233   	0.993142   	-0.00326713	-0.0615723 	0.580056   	1.50583    	4.6062     	42.2691    	1.85603    	1.3996     	4.63552    	137.885    	2.31393    	1.41056    	4.45496    	122.494    	1.72652    	40.1915	37.0998	39.7226	0.999996   	-4.07316e-05	7.58131e-06	0.575026   	0.15838    	0.150953   	0.140918   	0.158384   	2.73303	
2.3e-10    	3.8        	0.98134    	-0.00282443	0.167564   	0.559829   	0.97029    	0.00191856 	-0.227376  	0.568913   	0.99672    	0.000589001	0.0673707  	0.535995   	2.83841    	3.97572    	101.881    	3.18542    	2.35892    	4.11383    	83.7307    	6.81064    	2.152      	3.47163    	18.4919    	2.16824    	62.4293	54.4849	50.1421	0.999996   	-6.4748e-05	7.06557e-05	0.545127   	0.162788   	0.143404   	0.144893   	0.162783   	4.08232	
2.4e-10    	3.6        	0.969998   	0.00474632 	0.234907   	0.529127   	0.932532   	-0.00471745	-0.358408  	0.561176   	0.98644    	-0.00026768	0.14664    	0.518523   	5.66759    	4.57232    	42.5711    	11.2427    	4.6082     	4.88779    	22.1947    	8.71214    	7.10282    	3.78338    	52.6897    	8.48086    	99.982	87.2614	124.023	0.999995   	-0.000102036	6.36071e-06	0.515901   	0.148296   	0.138552   	0.150253   	0.148294   	3.16795	
2.5e-10    	3.4        	0.934112   	0.0025883  	0.352618   	0.489886   	0.92255    	-0.00324737	-0.381096  	0.538064   	0.995228   	0.000788858	0.0647486  	0.509315   	22.7133    	4.38521    	16.9026    	15.4969    	14.0468    	4.40089    	30.3219    	8.55825    	7.71882    	4.22046    	46.418     	6.49959    	320.019	208.2	122.21	0.999995   	-1.71125e-05	7.80995e-05	0.487048   	0.152293   	0.142715   	0.145137   	0.152304   	2.34638	
2.6e-10    	3.2        	0.88548    	0.00182675 	0.46006    	0.451065   	0.893562   	-0.00459391	-0.444107  	0.579462   	0.991223   	0.00398497 	0.105789   	0.463082   	16.5768    	4.42985    	28.1103    	15.2338    	7.54396    	4.27374    	58.1406    	15.4552    	6.9458     	4.59372    	44.367     	4.82746    	212.164	102.724	92.2865	0.999993   	3.7363e-05 	-0.00138112	0.45861    	0.148221   	0.139865   	0.160532   	0.148222   	2.28584	
2.7e-10    	3          	0.935534   	-0.00649491	0.348926   	0.456993   	0.815128   	-0.000997631	-0.572672  	0.551527   	0.933318   	0.00757768 	0.348785   	0.444588   	15.6586    	4.58891    	16.9477    	13.7828    	21.5744    	5.02832    	65.5352    	4.64394    	5.97077    	4.4819     	58.884     	14.9305    	170.9	230.743	73.1179	0.999993   	-2.40843e-05	-0.000526192	0.430478   	0.1467     	0.143512   	0.158989   	0.146689   	2.25914	
2.8e-10    	2.8        	0.991317   	0.00207914 	0.101697   	0.432435   	0.91238    	6.63011e-05	-0.39954   	0.479118   	0.918364   	-0.00277143	0.391681   	0.37257    	4.85129    	6.62889    	42.379     	4.58653    	20.9969    	4.76877    	53.9844    	11.5659    	23.195     	6.37301    	15.5013    	28.0966    	55.3584	188.884	210.778	0.999991   	6.38064e-05	-0.00105554	0.40265    	0.139264   	0.141921   	0.173721   	0.139274   	2.09553	
2.9e-10    	2.6        	0.996056   	0.00256502 	-0.0405862 	0.377344   	0.85196    	-0.00574298	-0.519029  	0.459503   	0.820174   	0.00409618 	0.569171   	0.435979   	16.984     	4.4701     	27.4362    	15.7106    	20.9274    	4.20898    	25.2315    	12.2607    	10.2549    	4.82636    	20.6552    	11.6541    	129.011	161.692	85.3492	0.999982   	7.04771e-05	-0.00394805	0.374979   	0.15       	0.14541    	0.168924   	0.149945   	2.41407	
3e-10      	2.4        	0.995448   	-0.00536242	-0.00923222	0.369769   	0.786036   	0.00629176 	-0.60953   	0.431905   	0.780254   	-0.00170638	0.615963   	0.429893   	38.8655    	5.84145    	40.806     	38.8905    	7.89963    	4.9709     	94.3567    	36.0914    	45.0992    	6.06907    	42.5652    	9.91542    	239.591	58.9601	267.646	0.999984   	5.75748e-05	-0.00293574	0.347313   	0.139141   	0.145747   	0.187459   	0.139149   	2.51703	
3.1e-10    	2.2        	0.95637    	0.000556419	-0.271274  	0.298645   	0.900797   	0.00259444 	-0.42483   	0.399637   	0.780022   	-0.00315403	0.618395   	0.40316    	8.55831    	6.99772    	42.0845    	16.8988    	13.1676    	7.14863    	40.3756    	11.5317    	23.5311    	6.61489    	43.9161    	17.1677    	46.7167	75.8255	118.55	0.999981   	3.72195e-05	-0.00291592	0.319746   	0.141468   	0.146447   	0.1868     	0.141502   	2.18035	
3.2e-10    	2          	0.90325    	0.00318398 	-0.419222  	0.312722   	0.966395   	-0.00809497	-0.243529  	0.406851   	0.659087   	0.00706424 	0.748918   	0.304155   	9.017      	6.82317    	26.5012    	10.7405    	12.6461    	7.62006    	33.3557    	12.2466    	10.2485    	8.18278    	4.9407     	7.08623    	45.0227	60.0337	46.6804	0.999977   	0.000127506	-0.00350977	0.292033   	0.145681   	0.14712    	0.179606   	0.145659   	2.19493	
3.3e-10    	1.8        	0.928021   	-0.00543343	-0.356532  	0.257802   	0.935997   	-0.00234309	-0.346346  	0.400054   	0.605596   	0.00786181 	0.789604   	0.294305   	16.282     	8.08541    	27.854     	23.4398    	16.4689    	6.84213    	16.053     	15.5403    	27.5357    	5.88888    	8.28506    	10.8342    	57.1631	58.6325	83.1705	0.999979   	-0.000100276	0.000605575	0.264065   	0.148454   	0.148107   	0.187365   	0.148412   	2.38041	
3.4e-10    	1.6        	0.742515   	-0.0239921 	-0.654709  	0.248224   	0.980349   	0.0167224  	-0.17047   	0.383728   	0.537927   	-0.000440245	0.837409   	0.273212   	11.9243    	7.36407    	44.5737    	19.5193    	35.5798    	7.05112    	36.206     	27.012     	23.9389    	4.98091    	5.90256    	7.87069    	39.6393	88.598	55.8157	0.999973   	0.000138525	0.00093167 	0.235763   	0.143257   	0.149254   	0.187597   	0.143264   	2.55512	
3.5e-10    	1.4        	0.693028   	0.0022809  	-0.715369  	0.23319    	0.975514   	-0.00209115	-0.214657  	0.383935   	0.321889   	0.00220951 	0.942477   	0.266324   	10.7077    	8.21999    	13.7344    	16.3658    	10.492     	5.79537    	7.74236    	11.1282    	11.2934    	7.89252    	7.6549     	4.921      	22.9962	27.8747	24.9385	0.999962   	0.000231518	0.00274535 	0.207164   	0.151406   	0.153201   	0.178589   	0.151375   	2.26366	
3.6e-10    	1.2        	0.57872    	0.0222384  	-0.806534  	0.203522   	0.973428   	-0.00429674	-0.219303  	0.360984   	0.259052   	-0.0129986 	0.960321   	0.25299    	10.897     	11.7437    	4.63608    	4.9657     	7.38091    	13.714     	7.35523    	7.18343    	15.2824    	10.4263    	7.13624    	7.26521    	24.6275	17.7269	20.3026	0.999954   	-0.000108281	-0.000402  	0.178377   	0.146811   	0.147208   	0.186778   	0.146778   	2.86116	
3.7e-10    	1          	0.49439    	0.0134482  	-0.860983  	0.190562   	0.970442   	0.00714338 	-0.226706  	0.344742   	0.0794153  	-0.0194621 	0.991134   	0.244122   	7.54049    	12.9644    	3.40772    	4.8373     	11.2101    	24.4425    	5.68957    	11.0906    	9.52374    	15.2619    	3.55039    	3.28969    	16.121	14.3715	15.9102	0.999935   	0.000232965	-0.000306253	0.149418   	0.150507   	0.145574   	0.184826   	0.150528   	3.0003	
3.8e-10    	0.8        	0.368359   	-0.0377953 	-0.916136  	0.175789   	0.962648   	0.0034635  	-0.256221  	0.312684   	-0.0218339 	0.020426   	0.996016   	0.241637   	12.2111    	14.3368    	8.38405    	7.35171    	9.09226    	18.503     	8.25604    	7.56621    	6.48311    	9.19216    	4.0559     	4.09192    	17.037	13.9886	12.619	0.999895   	-0.000378098	-0.000851307	0.120211   	0.152643   	0.149236   	0.193092   	0.152668   	2.46209	
3.9e-10    	0.6        	0.230774   	0.0776982  	-0.958554  	0.163822   	0.95411    	-0.0221471 	-0.283414  	0.274863   	-0.116305  	-0.0326062 	0.986985   	0.237989   	8.87907    	12.8244    	6.52867    	6.04692    	18.528     	18.9981    	5.23772    	17.6032    	10.3816    	14.0615    	4.1395     	4.32367    	14.7509	13.6325	13.5723	0.999829   	-9.79234e-05	0.000589803	0.0907683  	0.154471   	0.14408    	0.176352   	0.154465   	4.32855	
4e-10      	0.4        	0.0235588  	0.0276639  	-0.981381  	0.152313   	0.931114   	-0.0319046 	-0.339702  	0.239772   	-0.179404  	0.0164     	0.978046   	0.236316   	13.7399    	14.3033    	17.6357    	16.1083    	14.7442    	11.5589    	18.4717    	9.15154    	6.66058    	16.6367    	7.68697    	7.91316    	12.0065	11.4154	16.3977	0.999619   	0.00114697 	0.00256875 	0.0611214  	0.15241    	0.150205   	0.170391   	0.15231    	2.74107	
4.1e-10    	0.2        	-0.210574  	0.0643784  	-0.909895  	0.135586   	0.827049   	-0.0459759 	-0.529086  	0.193091   	-0.175414  	-0.016458  	0.968582   	0.23469    	28.7233    	37.4579    	33.8918    	21.5778    	25.0561    	13.0266    	34.5916    	26.423     	45.3569    	18.1788    	14.2866    	15.4555    	15.3332	10.0868	15.5632	0.998392   	0.000685763	-0.00784928	0.030949   	0.161953   	0.148601   	0.194246   	0.161671   	3.63367	
4.2e-10    	-0         	-0.496322  	-0.217435  	-0.716065  	0.113216   	0.0114211  	0.516127   	-0.658962  	0.119114   	0.30211    	-0.169028  	0.896619   	0.179938   	36.121     	60.8763    	14.7265    	13.5596    	54.4582    	94.1999    	49.5498    	36.1351    	18.2639    	90.2918    	29.1425    	38.2882    	10.5541	10.8923	17.6597	0.0442661  	0.0218275  	0.133038   	0.001999   	0.165417   	0.152851   	0.208453   	0.0853531  	2.83944	
