#----------------------------------------------------------------------------------------------------------------------------------------------------------
# Output file for vampire simulation
#   time       : 2025-06-06 20:57:08     process id : 1712689
#   hostname   : thor6.psi.ch
#   path       : /scratch/dossan_f/Na2BaMn(PO4)2/vampire_tripleUC_3mat_2d_k0.35_Jnn0.11/output-Field8-0T-Ba_high_res_steps10000x10000/run_T_1.350
#   version    : 6.0.0
#   githash    : 4c9651daecc86c3e6b6df0c8055fcd9e89fd900c
#----------------------------------------------------------------------------------------------------------------------------------------------------------
2e-11      	8          	0.999982   	-3.42968e-06	-6.24534e-05	0.881061   	0.999982   	2.89174e-05	-5.82574e-05	0.881144   	0.999981   	-3.36226e-05	8.38499e-05	0.881023   	3.28664    	0.335137   	0.338892   	3.28648    	3.21279    	0.307632   	0.344034   	3.20754    	3.5874     	0.33835    	0.347405   	3.58397    	253.885	247.825	294.574	0.999998   	-2.6957e-06	-1.31854e-05	0.881062   	10.0099    	0.113234   	0.112032   	10.0098    	783.465	
3e-11      	7.8        	0.999981   	9.21813e-05	-0.000184074	0.874886   	0.999981   	-7.55237e-05	0.000166377	0.874895   	0.999981   	3.3413e-05 	7.41806e-05	0.874889   	0.0385208  	0.340172   	0.362306   	0.0384859  	0.0373677  	0.341658   	0.370466   	0.0373275  	0.0388225  	0.352498   	0.352508   	0.0388076  	4.50673	4.41751	4.50084	0.999998   	1.66171e-05	1.88879e-05	0.874875   	0.0347887  	0.110112   	0.114468   	0.0347902  	1.24431	
4e-11      	7.6        	0.999978   	7.72368e-06	7.96606e-05	0.867626   	0.999979   	-6.88377e-05	-0.000151826	0.867638   	0.999979   	-1.07808e-05	9.39233e-05	0.867639   	0.0432741  	0.358348   	0.418228   	0.0432213  	0.0388934  	0.354791   	0.411625   	0.0388895  	0.0414783  	0.37019    	0.394332   	0.0414548  	4.71248	4.34871	4.61519	0.999998   	-2.39694e-05	7.03573e-06	0.867617   	0.0369691  	0.109365   	0.113198   	0.0369706  	1.1984	
5e-11      	7.4        	0.999975   	-0.000349559	0.000196367	0.859711   	0.999976   	0.000145552	-0.00046975	0.859823   	0.999975   	-8.20565e-05	0.000285854	0.859764   	0.0469205  	0.403522   	0.481807   	0.0469044  	0.0457129  	0.417943   	0.416569   	0.0457327  	0.046103   	0.386715   	0.47925    	0.0461148  	4.78456	4.71181	4.70144	0.999998   	-9.54295e-05	4.27719e-06	0.859747   	0.0413167  	0.11757    	0.120092   	0.0413139  	1.16152	
6e-11      	7.2        	0.999972   	9.86852e-05	-6.46677e-05	0.850895   	0.999972   	1.79004e-05	-0.000300044	0.851043   	0.999973   	6.32606e-05	0.000402583	0.851012   	0.0528678  	0.453683   	0.510778   	0.0527916  	0.0528726  	0.436678   	0.524682   	0.0528464  	0.0492508  	0.423724   	0.497196   	0.0491965  	4.9222	5.08997	4.75935	0.999998   	5.99419e-05	1.26566e-05	0.850962   	0.046776   	0.116526   	0.116632   	0.0467731  	1.1906	
7e-11      	7          	0.999971   	-0.000308964	0.000291872	0.841427   	0.999972   	0.000272366	-0.000397717	0.841505   	0.99997    	-7.93899e-05	0.000203503	0.841448   	0.058044   	0.463615   	0.516546   	0.0579843  	0.0590107  	0.455011   	0.488525   	0.0589749  	0.0597156  	0.471238   	0.551855   	0.0596831  	5.29415	5.25744	5.28912	0.999998   	-3.87727e-05	3.2466e-05 	0.841438   	0.0510651  	0.123085   	0.126366   	0.0510638  	1.1531	
8e-11      	6.8        	0.999968   	0.00032387 	-7.64325e-05	0.830959   	0.999965   	-0.000186334	0.000477193	0.831007   	0.999967   	3.77162e-06	-0.000510836	0.830861   	0.0669603  	0.473503   	0.567055   	0.0669428  	0.0650773  	0.512229   	0.624188   	0.0650625  	0.0665412  	0.463391   	0.613472   	0.0663772  	5.59972	5.48972	5.49453	0.999998   	4.69456e-05	-3.69196e-05	0.830917   	0.0570565  	0.119463   	0.127074   	0.0570567  	1.14893	
9e-11      	6.6        	0.999965   	8.43504e-05	-0.000159924	0.819333   	0.999964   	-0.000172369	-0.000428087	0.819369   	0.999964   	0.000225827	0.000522151	0.819353   	0.079191   	0.533769   	0.596041   	0.0792204  	0.0776792  	0.560489   	0.602389   	0.0776739  	0.0758163  	0.539435   	0.608201   	0.0757776  	6.15148	6.19584	6.06871	0.999997   	4.58421e-05	-2.19714e-05	0.819324   	0.0620829  	0.121098   	0.125964   	0.0620817  	1.07989	
1e-10      	6.4        	0.999961   	0.000257312	-7.7922e-05	0.806629   	0.999962   	-4.67255e-05	-0.000201859	0.806777   	0.999956   	-0.000232946	0.000328079	0.806625   	0.0900266  	0.550597   	0.670952   	0.0899908  	0.0838215  	0.555706   	0.629697   	0.0837331  	0.0864982  	0.608577   	0.757099   	0.086386   	6.65362	6.16511	6.15392	0.999997   	-7.47233e-06	1.62273e-05	0.806647   	0.0683371  	0.126049   	0.133162   	0.0683366  	1.09522	
1.1e-10    	6.2        	0.999952   	-1.55905e-05	-0.000181007	0.79288    	0.999951   	-0.000289772	0.000342523	0.792789   	0.999951   	0.000218974	2.56787e-05	0.79273    	0.0953125  	0.596493   	0.834486   	0.0953427  	0.095491   	0.673781   	0.799398   	0.0954456  	0.0996522  	0.651746   	0.818479   	0.0996342  	6.60082	6.59322	6.82225	0.999997   	-2.86484e-05	6.24561e-05	0.792763   	0.0722451  	0.124541   	0.127947   	0.0722384  	0.971023	
1.2e-10    	6          	0.999945   	9.27809e-05	-9.60788e-05	0.777692   	0.999946   	0.000686289	2.28362e-05	0.777614   	0.999945   	-0.000813991	0.000160935	0.777679   	0.114575   	0.704967   	0.888469   	0.114713   	0.112602   	0.707689   	0.849409   	0.112524   	0.111232   	0.693744   	0.878331   	0.111182   	7.02902	7.17738	7.12318	0.999997   	-1.18957e-05	2.87789e-05	0.777622   	0.0834994  	0.131343   	0.133103   	0.0835084  	1.01698	
1.3e-10    	5.8        	0.999939   	0.000239655	0.00028421 	0.761165   	0.999938   	-3.50865e-05	-0.00024639	0.761195   	0.999938   	-0.000144093	-2.13586e-05	0.761349   	0.119571   	0.760917   	0.931726   	0.119506   	0.124144   	0.771897   	0.934895   	0.124027   	0.121714   	0.754992   	0.959378   	0.121523   	7.07254	7.29383	7.40733	0.999997   	1.98667e-05	4.93023e-06	0.761192   	0.0827995  	0.128705   	0.136202   	0.0828043  	0.939625	
1.4e-10    	5.6        	0.999921   	-0.00083596	-1.93162e-05	0.743372   	0.999927   	-0.000154701	0.000345294	0.743484   	0.999925   	0.000887097	-0.000500518	0.74346    	0.143486   	0.874481   	1.21141    	0.143505   	0.153677   	0.832681   	1.08836    	0.153627   	0.144472   	0.848649   	1.10694    	0.144364   	8.01635	8.56036	8.04882	0.999997   	-3.53132e-05	-5.80843e-05	0.743385   	0.0896007  	0.13337    	0.137463   	0.0895997  	0.931169	
1.5e-10    	5.4        	0.999919   	6.69832e-05	0.000793374	0.724188   	0.999912   	-0.000375369	-0.000681314	0.72435    	0.99992    	0.000384698	-0.000259619	0.724388   	0.170437   	0.929585   	1.08419    	0.170371   	0.163433   	0.958081   	1.25001    	0.16325    	0.167071   	0.850752   	1.15573    	0.167153   	8.75493	8.42548	8.52813	0.999996   	2.53559e-05	-5.01851e-05	0.724251   	0.100183   	0.133885   	0.136001   	0.100187   	0.928149	
1.6e-10    	5.2        	0.999898   	0.000522316	-0.000515933	0.70394    	0.999905   	-3.73739e-06	0.000271643	0.703873   	0.999897   	-0.000538394	0.000359087	0.704004   	0.207081   	0.981274   	1.42397    	0.207479   	0.192858   	0.969501   	1.28653    	0.193076   	0.194441   	1.00357    	1.42081    	0.194224   	10.0818	9.05132	9.06613	0.999996   	-6.21416e-06	3.81553e-05	0.703872   	0.109112   	0.13455    	0.14095    	0.109111   	0.930735	
1.7e-10    	5          	0.99988    	0.000643797	-0.000241874	0.682283   	0.99988    	-0.00030338	3.26085e-06	0.682369   	0.999886   	-0.00031923	0.00019051 	0.682335   	0.237264   	1.1705     	1.49379    	0.237615   	0.222486   	1.08734    	1.58355    	0.222592   	0.213678   	1.05395    	1.4685     	0.213438   	10.541	9.9105	9.71415	0.999996   	7.69188e-06	-1.61735e-05	0.682251   	0.111983   	0.139643   	0.136275   	0.111977   	0.931904	
1.8e-10    	4.8        	0.999856   	0.000256936	-0.00099442	0.659552   	0.999859   	-0.000985833	5.47635e-05	0.659282   	0.999869   	0.000896059	0.000952531	0.659498   	0.26833    	1.31554    	1.66565    	0.268642   	0.259136   	1.16532    	1.75119    	0.259381   	0.280673   	1.18198    	1.52342    	0.280788   	10.9598	10.8714	11.1567	0.999996   	5.41732e-05	3.51297e-06	0.659355   	0.117254   	0.138943   	0.137612   	0.117254   	0.933076	
1.9e-10    	4.6        	0.999818   	-0.000692207	-0.00186112	0.635446   	0.999829   	-0.000188635	0.00213666 	0.635666   	0.999834   	0.00101265 	-0.000412195	0.635678   	0.319049   	1.43202    	2.04453    	0.319155   	0.321434   	1.36542    	1.88731    	0.321267   	0.325566   	1.38652    	1.79987    	0.325425   	12.0612	11.7223	12.12	0.999995   	4.4799e-05 	-4.67888e-05	0.63549    	0.125804   	0.133538   	0.140125   	0.125795   	0.921137	
2e-10      	4.4        	0.999767   	-0.000747532	0.00224986 	0.61067    	0.999763   	0.00065641 	-0.00212312	0.61081    	0.999787   	-6.18934e-06	-0.000253305	0.610862   	0.353695   	1.71575    	2.39368    	0.354079   	0.340432   	1.62729    	2.55106    	0.340194   	0.3601     	1.45297    	2.3467     	0.359654   	12.1558	11.6945	12.1901	0.999995   	-2.75253e-05	-3.97729e-05	0.610645   	0.127239   	0.140439   	0.141797   	0.127242   	0.917163	
2.1e-10    	4.2        	0.99973    	-0.000218809	0.00162524 	0.585541   	0.999754   	-0.000403674	-0.00306191	0.585189   	0.999758   	0.00056121 	0.00154506 	0.584797   	0.398331   	1.75955    	2.64058    	0.397695   	0.399719   	1.57468    	2.35859    	0.397504   	0.420159   	1.59437    	2.34537    	0.420776   	12.2495	12.5823	13.045	0.999994   	-1.79446e-05	3.81464e-05	0.585031   	0.130635   	0.138095   	0.138027   	0.130633   	1.0079	
2.2e-10    	4          	0.999711   	0.000852359	0.00231742 	0.55883    	0.999709   	-0.00065048	-0.000378756	0.558717   	0.999701   	-0.000223104	-0.00183599	0.558977   	0.520412   	1.69962    	2.56412    	0.520456   	0.520567   	1.60083    	2.7359     	0.522468   	0.50276    	1.63769    	2.80647    	0.503317   	14.5122	14.4999	13.9839	0.999994   	-4.33326e-06	2.74693e-05	0.558681   	0.133615   	0.140416   	0.145266   	0.133608   	0.999634	
2.3e-10    	3.8        	0.999614   	0.00233384 	-0.0024915 	0.531819   	0.999647   	-0.000659402	0.00541918 	0.532382   	0.999615   	-0.00196012	-0.00305757	0.531817   	0.562882   	1.9616     	3.17913    	0.562203   	0.572267   	1.63306    	2.94961    	0.572879   	0.540162   	1.89301    	3.22297    	0.543099   	14.186	14.3908	13.7616	0.999993   	-9.63015e-05	-4.02487e-05	0.53181    	0.138636   	0.143681   	0.145812   	0.138638   	1.05121	
2.4e-10    	3.6        	0.999543   	-0.000776052	0.00143241 	0.504813   	0.999541   	0.000300162	0.00107474 	0.504941   	0.999551   	0.000333961	-0.00280575	0.504496   	0.622551   	1.86341    	3.68911    	0.624516   	0.690168   	2.07372    	3.51018    	0.693723   	0.684439   	1.83415    	3.57216    	0.682276   	14.5248	15.4311	15.0521	0.999992   	-5.23155e-05	-0.000105855	0.504524   	0.140034   	0.139565   	0.142624   	0.140025   	1.07342	
2.5e-10    	3.4        	0.999465   	0.000851572	-0.00132609	0.477198   	0.99951    	-0.000789144	-0.00248192	0.476662   	0.999453   	-0.000315484	0.00403289 	0.477596   	0.798827   	2.19202    	3.60137    	0.793097   	0.816607   	2.20889    	3.0804     	0.820729   	0.834153   	2.41447    	3.45873    	0.83805    	16.3547	15.8021	16.5642	0.999992   	-7.15573e-05	8.58632e-05	0.476906   	0.142703   	0.134048   	0.141179   	0.142691   	1.1101	
2.6e-10    	3.2        	0.999224   	0.00236994 	-0.00935383	0.449473   	0.999223   	0.00115951 	0.00228406 	0.449252   	0.999328   	-0.0032437 	0.00694324 	0.449672   	0.912243   	2.91323    	4.11777    	0.910761   	0.89526    	2.55303    	4.9123     	0.896786   	0.967563   	2.6653     	3.55113    	0.971898   	16.2267	15.7776	16.674	0.99999    	9.95073e-05	-2.38845e-05	0.449137   	0.143318   	0.137955   	0.145007   	0.143317   	1.17941	
2.7e-10    	3          	0.999139   	0.00102023 	-0.00421849	0.421075   	0.999269   	2.69101e-05	0.00582636 	0.422054   	0.999125   	-0.000782683	-0.00153161	0.421552   	1.13906    	2.52723    	4.69008    	1.14525    	1.06475    	2.79708    	3.27861    	1.06528    	1.14898    	2.70369    	4.68569    	1.13905    	17.6074	16.0796	18.0568	0.999989   	0.000109081	1.56661e-05	0.421218   	0.141668   	0.139711   	0.143805   	0.141676   	1.15582	
2.8e-10    	2.8        	0.999073   	0.00122744 	0.00290527 	0.393954   	0.999144   	-0.000379502	-0.00515627	0.393446   	0.999063   	-0.000565369	0.0024559  	0.393607   	1.32415    	2.45184    	4.34777    	1.30884    	1.46       	2.55407    	3.66259    	1.45231    	1.23691    	2.83746    	4.06532    	1.23599    	17.3337	19.081	16.2358	0.999987   	8.99192e-05	0.000100082	0.393317   	0.140562   	0.139005   	0.142387   	0.14056    	1.18797	
2.9e-10    	2.6        	0.998733   	0.00303733 	-0.00896858	0.365839   	0.998676   	-0.00227744	0.0069716  	0.365469   	0.998884   	-0.00059276	0.00186013 	0.366035   	1.47663    	2.68136    	5.12026    	1.47232    	1.55568    	2.64519    	5.5827     	1.53305    	1.59841    	2.82763    	4.31599    	1.606      	16.2212	16.8365	18.4014	0.999985   	5.71441e-05	-5.88092e-05	0.365335   	0.14295    	0.142858   	0.144889   	0.142941   	1.24113	
3e-10      	2.4        	0.998521   	-0.00121567	0.00657045 	0.338439   	0.998474   	-0.00160563	-0.00444346	0.337978   	0.998431   	0.00265816 	-0.00184819	0.337387   	1.7809     	2.82192    	5.12931    	1.77426    	1.67132    	2.49774    	5.74675    	1.66437    	1.72743    	2.616      	5.86913    	1.72103    	16.136	15.7268	15.7947	0.999982   	-9.12214e-05	0.000142157	0.337426   	0.141149   	0.142778   	0.143199   	0.141129   	1.22039	
3.1e-10    	2.2        	0.998161   	0.00138413 	-0.00355963	0.310345   	0.998234   	-0.00255134	0.00349421 	0.310647   	0.998163   	0.00120546 	0.000358934	0.309382   	1.67924    	3.09605    	5.30603    	1.6687     	1.99194    	2.64568    	5.45908    	2.00005    	2.13917    	2.42401    	5.94074    	2.12664    	13.2827	15.2181	16.1745	0.999979   	3.30497e-05	8.8135e-05 	0.309569   	0.145827   	0.139596   	0.142982   	0.145813   	1.30261	
3.2e-10    	2          	0.997386   	-0.00445687	-0.0281462 	0.28266    	0.998148   	0.00531464 	0.00862073 	0.282302   	0.997904   	-0.000624302	0.019359   	0.282008   	2.25517    	2.61287    	5.77031    	2.23749    	2.14949    	2.24245    	4.5692     	2.13344    	2.35288    	2.466      	4.75885    	2.34887    	14.3967	13.0173	14.7742	0.999975   	6.09589e-05	-1.74145e-05	0.281714   	0.145397   	0.142105   	0.141381   	0.145383   	1.26804	
3.3e-10    	1.8        	0.996682   	0.0048858  	0.0129697  	0.255085   	0.997258   	0.00167861 	-0.019481  	0.256019   	0.997097   	-0.00664119	0.00666268 	0.252933   	2.5812     	2.8613     	7.026      	2.51879    	2.37877    	3.20906    	4.80843    	2.40713    	3.02607    	3.13426    	5.58103    	3.0234     	12.7547	12.301	14.3997	0.99997    	-2.53178e-05	-0.000168099	0.253927   	0.143998   	0.137908   	0.142473   	0.144003   	1.27507	
3.4e-10    	1.6        	0.996665   	0.000382333	0.0139565  	0.228993   	0.996342   	-0.00161743	-0.0128928 	0.225447   	0.996709   	0.00168954 	-0.0019609 	0.22622    	2.40941    	2.64631    	5.4925     	2.43119    	2.97894    	2.98098    	5.65104    	2.97023    	2.50231    	2.94956    	4.99067    	2.46005    	10.6922	12.2627	10.4088	0.999962   	0.000103083	-0.000207762	0.226119   	0.141656   	0.137566   	0.142795   	0.141631   	1.23795	
3.5e-10    	1.4        	0.995458   	-0.00674646	-0.00283247	0.200823   	0.994804   	0.0110892  	-0.000830729	0.197969   	0.995131   	-0.00465021	0.00354779 	0.198755   	2.83699    	2.97109    	5.69054    	2.82566    	2.56677    	3.01906    	6.47541    	2.52348    	2.72197    	2.71765    	6.42909    	2.72574    	9.157	8.83041	8.84022	0.999949   	0.000107319	3.8938e-05 	0.198224   	0.137804   	0.142696   	0.143059   	0.137778   	1.22907	
3.6e-10    	1.2        	0.993196   	0.00224707 	-0.00405852	0.17129    	0.993981   	-0.00878311	0.0146527  	0.170164   	0.993867   	0.00558441 	-0.00983978	0.172561   	3.24244    	3.13364    	6.14124    	3.14218    	2.58966    	3.14616    	4.97638    	2.60276    	2.81975    	3.04843    	5.47363    	2.78708    	7.49796	6.57314	6.87163	0.999931   	-0.00015157	1.65939e-05	0.170273   	0.141595   	0.141951   	0.144646   	0.141587   	1.20018	
3.7e-10    	1          	0.991003   	-0.0070752 	0.0112209  	0.144233   	0.990955   	0.000196096	-0.00212739	0.143952   	0.991554   	0.00786338 	-0.0103267 	0.141946   	2.52915    	3.44801    	5.2867     	2.49651    	3.1379     	3.49927    	5.43839    	3.15863    	2.94735    	2.8532     	5.20732    	2.97753    	5.4408	5.82525	5.75386	0.9999     	0.000274058	0.000131315	0.142126   	0.1379     	0.143601   	0.146186   	0.137914   	1.28906	
3.8e-10    	0.8        	0.981844   	0.00521024 	0.0172743  	0.116441   	0.98295    	-0.0132857 	0.00881029 	0.115613   	0.983882   	0.00561488 	-0.0257758 	0.115503   	3.38081    	3.55941    	7.90529    	3.34301    	3.67175    	2.97899    	7.90882    	3.77432    	3.28635    	3.51788    	6.403      	3.26689    	4.64378	4.87689	4.54774	0.999845   	-0.000179107	0.000123272	0.113889   	0.143997   	0.141407   	0.147275   	0.143971   	1.21302	
3.9e-10    	0.6        	0.975251   	-0.00369675	0.0287831  	0.0878834  	0.973276   	0.00329895 	-0.00429542	0.0880904  	0.976787   	-0.0023562 	-0.0338726 	0.0870354  	3.04688    	3.22531    	5.72541    	3.13839    	3.05242    	3.01665    	6.29156    	2.8392     	3.00387    	3.12501    	4.76126    	2.89788    	3.4532	3.70934	3.46425	0.999726   	-8.69807e-05	-7.52905e-05	0.0855404  	0.141136   	0.141709   	0.145082   	0.141138   	1.25276	
4e-10      	0.4        	0.947673   	0.0123206  	0.013373   	0.0619345  	0.94486    	0.00606344 	0.0342761  	0.0621093  	0.936042   	-0.0137112 	-0.0483141 	0.0573781  	3.33741    	3.19507    	6.00045    	3.35672    	3.40765    	4.04462    	5.27275    	3.20268    	3.0739     	3.18604    	5.98268    	2.90607    	2.97924	2.97612	2.88194	0.99938    	0.000373728	0.000296666	0.0571366  	0.14254    	0.142337   	0.147049   	0.142396   	1.29873	
4.1e-10    	0.2        	0.80683    	0.0212001  	0.0114319  	0.0337492  	0.809061   	-0.00973378	-0.0614473 	0.0342134  	0.800527   	0.0033932  	0.0604969  	0.0362039  	3.00763    	3.03537    	5.56476    	2.83504    	3.19849    	3.39104    	4.73292    	2.61997    	3.13179    	3.28029    	6.71653    	2.7769     	2.33199	2.37525	2.35389	0.997547   	0.000733761	-0.00147249	0.0286091  	0.144209   	0.141435   	0.145094   	0.144044   	1.20427	
4.2e-10    	-0         	-0.0788751 	0.00659004 	0.0152209  	0.0212145  	-0.0456279 	0.0380218  	0.0508453  	0.0222412  	0.103027   	-0.0352692 	-0.0418861 	0.0211842  	3.45362    	3.22671    	6.02385    	2.03703    	3.04999    	3.73529    	6.95616    	1.98351    	2.75922    	3.4735     	6.24376    	1.97375    	2.0916	2.27223	2.31185	0.0175816  	-0.00738081	0.00282255 	0.00226507 	0.143511   	0.142943   	0.148335   	0.0673095  	1.28337	
