#----------------------------------------------------------------------------------------------------------------------------------------------------------
# Output file for vampire simulation
#   time       : 2025-06-06 20:39:11     process id : 438550
#   hostname   : thor3.psi.ch
#   path       : /scratch/dossan_f/Na2BaMn(PO4)2/vampire_tripleUC_3mat_2d_k0.35_Jnn0.11/output-Field8-0T-Bc_high_res_steps10000x10000/run_T_1.300
#   version    : 6.0.0
#   githash    : 4c9651daecc86c3e6b6df0c8055fcd9e89fd900c
#----------------------------------------------------------------------------------------------------------------------------------------------------------
2e-11      	8          	-0.000237754	0.000119389	0.999984   	0.893043   	0.000425007	-6.25903e-05	0.999984   	0.893007   	-0.000242448	-0.000112903	0.999985   	0.89302    	0.317999   	0.300896   	3.77409    	3.77071    	0.306386   	0.322029   	3.99268    	3.99222    	0.300761   	0.299934   	3.70405    	3.70291    	320.513	350.054	309.816	-1.83812e-05	-1.86251e-05	0.999998   	0.893011   	0.109602   	0.105994   	11.4088    	11.407     	968.801	
3e-11      	7.8        	-0.000102705	-7.80517e-05	0.999983   	0.887637   	0.000116367	7.86644e-05	0.999983   	0.887705   	3.6163e-05 	-7.67128e-05	0.999983   	0.887629   	0.33061    	0.331124   	0.0331792  	0.033178   	0.320972   	0.326538   	0.033443   	0.0334618  	0.336685   	0.31003    	0.0329828  	0.0329672  	4.32969	4.36611	4.34523	1.67701e-05	-2.54778e-05	0.999998   	0.887644   	0.110892   	0.110724   	0.0317151  	0.0317166  	1.36697	
4e-11      	7.6        	8.58953e-06	1.95783e-05	0.999982   	0.881292   	-0.000165769	-0.000247613	0.999981   	0.881249   	0.000144772	0.000144545	0.999982   	0.881245   	0.345785   	0.363941   	0.0360287  	0.0359849  	0.36578    	0.345314   	0.0347967  	0.0348202  	0.352325   	0.338066   	0.0368963  	0.0369145  	4.45613	4.29312	4.48453	-4.19329e-06	-2.79015e-05	0.999998   	0.881248   	0.114416   	0.112612   	0.0339229  	0.0339257  	1.29688	
5e-11      	7.4        	0.000111427	-0.000115001	0.999979   	0.874348   	0.000130217	-0.000107878	0.999979   	0.874345   	-0.000259628	0.000186843	0.999979   	0.874328   	0.429229   	0.373198   	0.0394589  	0.0394728  	0.396332   	0.384491   	0.0393445  	0.0393323  	0.410132   	0.381472   	0.0422439  	0.0422681  	4.69252	4.42705	4.87396	-5.97797e-06	-1.19548e-05	0.999998   	0.874324   	0.112091   	0.116606   	0.0379757  	0.037976   	1.29149	
6e-11      	7.2        	0.000133246	-0.000159978	0.999977   	0.866622   	0.000137432	-7.64442e-06	0.999977   	0.866475   	-0.000205478	0.000202345	0.999977   	0.866522   	0.42022    	0.422146   	0.0436078  	0.0436036  	0.422794   	0.427909   	0.0450515  	0.0450906  	0.433947   	0.437435   	0.0465171  	0.0465924  	4.67011	4.92371	5.04034	2.16066e-05	1.17319e-05	0.999998   	0.866522   	0.120366   	0.117879   	0.041129   	0.0411269  	1.24206	
7e-11      	7          	0.000285243	2.71241e-05	0.999977   	0.858061   	-0.000382504	-0.000489364	0.999975   	0.858068   	3.38905e-05	0.000486436	0.999976   	0.858089   	0.40006    	0.454666   	0.0488339  	0.0488303  	0.448607   	0.471394   	0.050556   	0.0504989  	0.432906   	0.443758   	0.0499948  	0.049989   	4.8831	5.03997	4.97782	-2.09843e-05	8.21369e-06	0.999998   	0.858054   	0.121452   	0.123118   	0.0470118  	0.0470069  	1.25612	
8e-11      	6.8        	-2.70958e-05	0.000388443	0.999973   	0.848515   	-0.000476038	-0.00057004	0.999972   	0.848668   	0.000465498	0.000231102	0.999971   	0.848588   	0.469849   	0.492634   	0.0570428  	0.0570152  	0.500064   	0.49859    	0.0560268  	0.0560286  	0.548558   	0.490318   	0.0581921  	0.0581315  	5.3386	5.26581	5.39201	-1.24666e-05	1.6412e-05 	0.999998   	0.848568   	0.123869   	0.117106   	0.0510358  	0.0510303  	1.17882	
9e-11      	6.6        	-0.000488081	-9.62995e-05	0.999969   	0.838119   	0.000340854	0.000303944	0.99997    	0.838087   	0.000221137	-0.000371239	0.999971   	0.838122   	0.559837   	0.509551   	0.0667733  	0.0667576  	0.53525    	0.513564   	0.0670673  	0.0670544  	0.491772   	0.520557   	0.0629038  	0.0628436  	5.87216	5.89897	5.66906	2.48489e-05	-5.44269e-05	0.999998   	0.838086   	0.122736   	0.123584   	0.0565275  	0.0565328  	1.15864	
1e-10      	6.4        	-0.000309608	-0.000447974	0.999965   	0.826601   	0.000400361	-0.00022726	0.999966   	0.826509   	-3.94614e-05	0.000584537	0.999965   	0.826583   	0.585547   	0.609277   	0.0786893  	0.0786263  	0.562767   	0.576105   	0.0755364  	0.0754967  	0.595147   	0.582125   	0.0777382  	0.0777519  	6.47258	6.26522	6.33032	1.70215e-05	-3.02767e-05	0.999998   	0.826538   	0.124931   	0.124653   	0.0636877  	0.063691   	1.15663	
1.1e-10    	6.2        	0.000222386	0.000526012	0.999963   	0.813619   	0.000109532	-0.000288639	0.999961   	0.813754   	-0.000358981	-0.000341671	0.999959   	0.813782   	0.577422   	0.646514   	0.0844296  	0.0844228  	0.606839   	0.668282   	0.0903732  	0.0905134  	0.642672   	0.696425   	0.0835868  	0.0835261  	6.5198	6.83507	6.37277	-9.6086e-06	-3.50459e-05	0.999997   	0.813689   	0.12606    	0.127757   	0.0708654  	0.0708684  	1.11618	
1.2e-10    	6          	0.000243521	-6.26613e-05	0.999956   	0.799464   	-0.000113621	0.000406216	0.999957   	0.799518   	-0.000112628	-0.000408834	0.999956   	0.799468   	0.688754   	0.691683   	0.10353    	0.10346    	0.695394   	0.670913   	0.0976184  	0.0976942  	0.716166   	0.673316   	0.099057   	0.0990997  	7.35026	6.98212	7.18074	5.96906e-06	-2.1558e-05	0.999997   	0.79945    	0.126757   	0.130424   	0.0748573  	0.0748611  	1.06513	
1.3e-10    	5.8        	-0.000625111	4.7098e-05 	0.999952   	0.783905   	0.000235061	-0.000220029	0.999948   	0.783844   	0.000455247	0.000263142	0.999947   	0.783957   	0.72669    	0.725806   	0.122446   	0.122386   	0.764705   	0.807933   	0.113313   	0.113302   	0.77863    	0.82693    	0.119557   	0.119622   	8.0868	7.42154	8.15305	2.16374e-05	3.04869e-05	0.999997   	0.783865   	0.132542   	0.12945    	0.0819648  	0.0819626  	1.01027	
1.4e-10    	5.6        	0.000737984	-0.000226995	0.99994    	0.766785   	-0.000709962	-0.000354294	0.99994    	0.766831   	1.85152e-05	0.000556432	0.999938   	0.76681    	0.896738   	0.840635   	0.134037   	0.134051   	0.942127   	0.795599   	0.14562    	0.145698   	0.902826   	0.889456   	0.133845   	0.133653   	8.62717	9.01145	8.35172	1.6165e-05 	-7.81354e-06	0.999997   	0.766765   	0.130802   	0.134949   	0.0871927  	0.0871998  	0.984084	
1.5e-10    	5.4        	0.00033458 	-0.000426148	0.999928   	0.747996   	7.83532e-06	-8.33471e-05	0.999928   	0.74807    	-0.000503747	0.000596825	0.999929   	0.748092   	0.981685   	1.0196     	0.156784   	0.156743   	1.02555    	0.972644   	0.161565   	0.161641   	0.982842   	0.991539   	0.161689   	0.161567   	9.05078	9.30221	9.31987	-5.4383e-05	2.94893e-05	0.999997   	0.748002   	0.141419   	0.137613   	0.0989966  	0.0989914  	0.951576	
1.6e-10    	5.2        	-0.000286278	0.000353309	0.999916   	0.727791   	-0.000231318	-0.000258058	0.999918   	0.727832   	0.000516498	-0.000217831	0.999917   	0.72776    	1.08778    	1.10685    	0.195526   	0.19543    	1.03139    	1.13124    	0.189037   	0.188858   	1.19766    	0.985665   	0.180437   	0.18033    	10.1091	10.4495	9.58599	-6.92333e-08	-4.12293e-05	0.999996   	0.727737   	0.144416   	0.13628    	0.10698    	0.106981   	0.959928	
1.7e-10    	5          	1.93367e-05	-0.000341068	0.999886   	0.706099   	-0.000786277	-0.00106778	0.9999     	0.705928   	0.000899908	0.00114079 	0.999896   	0.705809   	1.33542    	1.48326    	0.231245   	0.231132   	1.18978    	1.26662    	0.224045   	0.223994   	1.26833    	1.28409    	0.224194   	0.223359   	11.6876	11.1926	11.0297	4.32474e-05	-9.03286e-05	0.999996   	0.705873   	0.135451   	0.139766   	0.109385   	0.109386   	0.926006	
1.8e-10    	4.8        	-0.0004684 	0.00101665 	0.99987    	0.682688   	7.35686e-05	-0.00118344	0.999876   	0.682498   	0.000394455	0.000171707	0.999879   	0.682724   	1.52154    	1.46299    	0.264236   	0.264076   	1.36587    	1.47139    	0.274085   	0.273483   	1.47757    	1.31932    	0.276883   	0.276976   	11.678	12.6475	12.5442	4.73641e-07	6.00885e-07	0.999996   	0.682554   	0.136878   	0.136677   	0.126085   	0.126077   	0.938765	
1.9e-10    	4.6        	0.000728805	-7.87605e-05	0.999852   	0.657928   	0.000580163	0.000278409	0.999861   	0.657956   	-0.0011505 	3.70311e-05	0.999844   	0.657913   	1.51199    	1.65358    	0.312648   	0.312858   	1.46682    	1.51358    	0.317428   	0.317412   	1.47637    	1.85663    	0.332579   	0.332585   	13.1041	12.9967	14.0872	5.08787e-05	7.7205e-05 	0.999996   	0.657838   	0.140905   	0.140922   	0.129935   	0.129937   	0.928382	
2e-10      	4.4        	0.00125144 	-0.000117119	0.999822   	0.632224   	-0.000743341	0.000374575	0.999832   	0.631935   	-0.000651251	-0.000478933	0.999826   	0.631754   	1.92057    	1.59173    	0.395      	0.394282   	1.73068    	1.59704    	0.392342   	0.392358   	1.73366    	1.71071    	0.377098   	0.375436   	14.9569	14.8223	14.6381	-4.84427e-05	-7.40063e-05	0.999995   	0.631865   	0.143651   	0.141548   	0.139052   	0.139055   	0.901721	
2.1e-10    	4.2        	1.22769e-05	-0.000458046	0.999772   	0.605146   	0.000907445	-0.000349654	0.999755   	0.60477    	-0.00125071	0.000730281	0.999757   	0.60504    	2.30835    	1.83402    	0.463244   	0.464802   	2.40007    	2.03473    	0.450832   	0.449698   	2.39395    	2.00619    	0.496781   	0.496542   	16.3083	15.915	17.0849	-0.000107298	-2.73313e-05	0.999995   	0.604844   	0.14342    	0.143377   	0.140454   	0.140458   	0.965135	
2.2e-10    	4          	0.000155309	-0.00084235	0.999749   	0.576882   	0.00203443 	-0.000534446	0.999727   	0.576989   	-0.00230034	0.0015314  	0.999732   	0.577228   	2.15702    	1.97656    	0.578289   	0.57789    	2.47823    	1.98096    	0.547054   	0.544483   	2.32575    	2.03915    	0.521949   	0.520692   	18.2594	17.5729	16.2262	-4.21298e-05	5.6085e-05 	0.999994   	0.576884   	0.14498    	0.140539   	0.13569    	0.135684   	0.923781	
2.3e-10    	3.8        	0.000958906	-0.00210748	0.999679   	0.548871   	-0.000890233	0.00110507 	0.999688   	0.547822   	9.02873e-05	0.0011793  	0.999696   	0.548458   	2.36601    	2.38863    	0.692525   	0.691553   	2.18738    	2.44071    	0.703216   	0.702836   	2.28469    	2.24321    	0.68106    	0.680369   	19.1463	20.056	19.1057	5.2055e-05 	6.09646e-05	0.999994   	0.548216   	0.13973    	0.140625   	0.143336   	0.143339   	0.998872	
2.4e-10    	3.6        	0.00361377 	0.00249467 	0.999591   	0.519892   	-0.00383341	9.96311e-05	0.999616   	0.519116   	0.000375552	-0.00275393	0.999613   	0.518895   	3.00163    	2.35293    	0.878773   	0.88261    	2.99328    	2.03424    	0.89071    	0.890577   	2.73828    	2.37218    	0.913534   	0.908917   	22.8039	23.1064	22.9731	5.12732e-05	-5.73648e-05	0.999993   	0.5191     	0.145259   	0.146576   	0.147477   	0.147475   	1.03367	
2.5e-10    	3.4        	0.000540883	-0.00015747	0.999521   	0.489749   	0.00239843 	0.000722641	0.999609   	0.489742   	-0.00320856	-0.000772679	0.99948    	0.490075   	2.85401    	2.82954    	0.946518   	0.942704   	2.20519    	2.4091     	1.05832    	1.05745    	3.18759    	2.93692    	1.00114    	0.998924   	21.4335	23.0889	22.3604	-7.47098e-05	-7.24899e-05	0.999992   	0.489632   	0.141523   	0.141616   	0.148177   	0.148193   	1.02163	
2.6e-10    	3.2        	-0.000586432	0.00395112 	0.999415   	0.46068    	0.00327852 	-0.00297768	0.999451   	0.460096   	-0.00298243	-0.00112577	0.999445   	0.460066   	2.94322    	3.12423    	1.37567    	1.37339    	3.01401    	2.63868    	1.33779    	1.33589    	3.05722    	2.70189    	1.35715    	1.35051    	26.5609	26.1892	26.352	-0.000109734	-3.42471e-05	0.999991   	0.460026   	0.138728   	0.141366   	0.147634   	0.147653   	1.0753	
2.7e-10    	3          	-0.00255158	-0.00131476	0.999285   	0.430801   	0.000625417	0.0030224  	0.999319   	0.431408   	0.00177292 	-0.00145675	0.999337   	0.429711   	3.32812    	3.21736    	1.8835     	1.8844     	2.91494    	3.31961    	1.77194    	1.76737    	2.80963    	3.23515    	1.80868    	1.80794    	31.578	29.4339	29.955	-4.54607e-05	6.18727e-05	0.99999    	0.430349   	0.141076   	0.143336   	0.153969   	0.153965   	1.08446	
2.8e-10    	2.8        	-0.000142146	0.00448183 	0.999234   	0.402744   	0.000734966	-0.00436399	0.999127   	0.401413   	-0.000508465	0.000161414	0.999173   	0.39912    	3.15719    	2.90041    	1.87922    	1.86902    	3.63715    	3.24282    	2.47218    	2.46273    	3.16974    	3.37156    	2.14775    	2.15314    	27.0671	34.1896	30.2907	9.03657e-06	5.0896e-05 	0.999988   	0.400768   	0.144084   	0.136452   	0.149401   	0.149411   	1.22435	
2.9e-10    	2.6        	-0.00487539	0.00187575 	0.999026   	0.371686   	0.00344589 	-0.00509614	0.998965   	0.372321   	0.00182053 	0.00341681 	0.998988   	0.37148    	3.48101    	3.07453    	2.76432    	2.7536     	3.17476    	3.82762    	3.68525    	3.69614    	3.1754     	3.66764    	3.91457    	3.90146    	33.3028	43.0802	46.0419	0.000106024	-7.37789e-06	0.999986   	0.37146    	0.138759   	0.139366   	0.148852   	0.148841   	1.1533	
3e-10      	2.4        	-0.00227139	0.00377752 	0.998992   	0.341954   	-0.00741288	-0.00240804	0.998884   	0.343691   	0.00971052 	-0.00189491	0.998889   	0.342949   	2.68738    	3.05456    	4.18958    	4.16894    	3.22145    	3.161      	4.51927    	4.53396    	3.19344    	2.94859    	4.925      	4.90522    	39.0684	43.2761	47.483	5.862e-05  	-0.000129976	0.999984   	0.342501   	0.140071   	0.139554   	0.14719    	0.147175   	1.30123	
3.1e-10    	2.2        	-0.000220991	0.0010706  	0.998665   	0.314297   	0.000209827	0.00363617 	0.998753   	0.314001   	0.000149522	-0.00457734	0.998647   	0.314578   	2.63639    	3.83392    	4.21469    	4.18695    	3.0081     	3.08534    	3.94954    	3.96914    	3.43731    	3.07395    	4.59866    	4.56558    	33.8963	32.1389	35.7119	3.11984e-05	3.81533e-05	0.999981   	0.313887   	0.138402   	0.13809    	0.147837   	0.147865   	1.42104	
3.2e-10    	2          	-0.00125355	-2.23038e-05	0.998582   	0.29106    	0.00507631 	-0.00177965	0.998256   	0.28424    	-0.00301263	0.00211313 	0.998383   	0.283219   	2.97892    	2.88763    	8.28094    	8.24918    	3.28915    	3.57238    	8.19052    	8.16449    	2.945      	3.3635     	6.74009    	6.70369    	51.5979	51.3052	40.548	-7.992e-05 	1.49693e-05	0.999977   	0.285728   	0.137174   	0.141614   	0.144637   	0.144651   	1.53447	
3.3e-10    	1.8        	-0.000592566	-0.00163561	0.998089   	0.257638   	-0.000709852	0.00556502 	0.998146   	0.25769    	0.000736933	-0.00428666	0.998247   	0.259948   	2.96869    	3.23482    	8.51421    	8.49199    	2.79089    	3.15426    	9.89979    	9.8603     	2.81261    	3.0051     	7.30157    	7.29873    	40.7664	47.5603	35.7726	-7.38679e-05	-2.0486e-05	0.999972   	0.257961   	0.137649   	0.141322   	0.143947   	0.143959   	1.53272	
3.4e-10    	1.6        	-0.0115431 	0.00389904 	0.997656   	0.231788   	0.00359316 	-0.00343089	0.997468   	0.226247   	0.00696793 	-0.000243237	0.997726   	0.234424   	3.15842    	2.73403    	9.6494     	9.58329    	2.99886    	3.27753    	7.56264    	7.52286    	3.23762    	2.85949    	6.29475    	6.29493    	35.1018	27.8958	23.889	2.11212e-05	-3.29327e-05	0.999964   	0.230284   	0.139096   	0.140999   	0.139192   	0.139159   	1.5347	
3.5e-10    	1.4        	0.00214895 	-0.00525593	0.996796   	0.205655   	-0.00944121	-0.00175947	0.996761   	0.201271   	0.00611551 	0.0058725  	0.996721   	0.202736   	3.33809    	3.1761     	11.193     	11.1328    	3.44619    	3.01693    	9.25402    	9.30105    	2.98174    	3.32099    	10.8559    	10.7443    	31.07	25.3742	28.2004	0.000186163	-1.78331e-05	0.999953   	0.202581   	0.142799   	0.144062   	0.140345   	0.140379   	1.45541	
3.6e-10    	1.2        	0.00330787 	-0.00685432	0.995947   	0.178654   	-0.00563721	-0.00198171	0.994918   	0.174456   	0.00189084 	0.0067233  	0.995028   	0.173078   	3.21932    	2.76864    	11.2424    	11.1035    	3.48223    	3.84697    	10.4663    	10.3638    	3.44857    	3.5753     	10.7149    	10.6087    	21.2076	20.4882	20.0244	0.000263543	-0.000200559	0.999937   	0.174608   	0.14559    	0.139924   	0.142129   	0.142153   	1.52009	
3.7e-10    	1          	-0.00315492	0.00554594 	0.993217   	0.144543   	-0.00283358	-0.00880787	0.993089   	0.147987   	0.00352133 	0.00240869 	0.993007   	0.149127   	3.50549    	3.19018    	7.63861    	7.53707    	3.39841    	3.63805    	10.0374    	9.90173    	3.59418    	3.60642    	10.0497    	9.89025    	11.2666	13.6879	13.5809	0.000236243	-0.000207241	0.999907   	0.146252   	0.151754   	0.144352   	0.148715   	0.148705   	1.46113	
3.8e-10    	0.8        	-3.75362e-05	0.0186114  	0.989776   	0.119331   	0.00311305 	-0.00083928	0.990868   	0.125955   	-0.00753062	-0.0191407 	0.987587   	0.110871   	3.56578    	3.31053    	6.33705    	6.30031    	3.39604    	3.38551    	6.63845    	6.5033     	3.61823    	3.34106    	7.59698    	7.47554    	6.86768	7.76054	7.73685	-0.000431559	5.97443e-05	0.999863   	0.117525   	0.139001   	0.142581   	0.145736   	0.145765   	1.40655	
3.9e-10    	0.6        	-0.0187973 	0.0169732  	0.981216   	0.0907974  	0.0190654  	-0.00429943	0.984037   	0.093488   	-0.00153336	-0.0169449 	0.978728   	0.0858361  	3.6329     	3.33145    	5.28991    	5.09179    	3.0502     	3.02041    	7.61839    	7.35102    	3.49785    	3.51844    	7.717      	7.54021    	4.1617	5.00999	6.03745	6.18642e-05	-7.35038e-05	0.999756   	0.0884814  	0.141166   	0.143044   	0.144278   	0.144325   	1.3561	
4e-10      	0.4        	-0.00670244	-0.0427055 	0.949951   	0.0620871  	0.0142123  	0.0125709  	0.946089   	0.0579082  	0.00509987 	0.0218866  	0.958397   	0.0652591  	3.61711    	3.73712    	6.65615    	6.07382    	3.85742    	3.96705    	6.12352    	5.90816    	3.32821    	3.71903    	6.99053    	6.43798    	3.6293	3.52768	3.77974	-0.000590634	-0.000206693	0.999439   	0.0591287  	0.143189   	0.148486   	0.148957   	0.148872   	1.3262	
4.1e-10    	0.2        	0.00246774 	0.0440958  	0.787943   	0.034768   	-0.0218118 	-0.00534301	0.827683   	0.0373416  	0.0349036  	-0.040408  	0.771992   	0.0330061  	3.83098    	3.60326    	5.86909    	4.41986    	3.5915     	3.86808    	5.36378    	4.28974    	4.04803    	3.0559     	5.70339    	4.27727    	2.64064	2.7541	2.65674	0.000510042	-0.00032579	0.997823   	0.0296484  	0.142446   	0.140586   	0.154163   	0.153647   	1.35072	
4.2e-10    	-0         	-0.0143356 	-0.0254569 	-0.0790396 	0.0226538  	0.0422759  	0.0806232  	0.0233968  	0.0233503  	-0.0134079 	-0.0553698 	0.0504497  	0.0233351  	3.75718    	3.1547     	8.24715    	2.59588    	3.63669    	3.92318    	8.51823    	2.74386    	3.21519    	3.68855    	8.82358    	2.43588    	2.40576	2.43487	2.41388	0.00511749 	-0.00787252	-0.000840422	0.00222929 	0.144438   	0.145988   	0.146747   	0.0674255  	1.31332	
