#----------------------------------------------------------------------------------------------------------------------------------------------------------
# Output file for vampire simulation
#   time       : 2025-06-06 20:30:59     process id : 1709563
#   hostname   : thor6.psi.ch
#   path       : /scratch/dossan_f/Na2BaMn(PO4)2/vampire_tripleUC_3mat_2d_k0.35_Jnn0.11/output-Field8-0T-Bc_high_res_steps10000x10000/run_T_0.300
#   version    : 6.0.0
#   githash    : 4c9651daecc86c3e6b6df0c8055fcd9e89fd900c
#----------------------------------------------------------------------------------------------------------------------------------------------------------
2e-11      	8          	0.000673305	-0.000660353	0.999768   	0.970276   	7.1599e-05 	0.00102472 	0.999055   	0.969853   	-0.000560773	-4.765e-05 	0.999946   	0.970699   	4.53623    	4.52165    	62.0546    	51.9108    	0.456106   	4.44879    	132.187    	92.6354    	3.65694    	0.431437   	25.3476    	23.0109    	15625.1	54450	2203.4	4.20165e-06	-2.11386e-05	0.999999   	0.970164   	0.132949   	0.119173   	198.192    	198.176    	53402.2	
3e-11      	7.8        	-0.000145593	-2.36119e-05	0.999995   	0.969248   	7.71806e-06	-7.60573e-05	0.999995   	0.969207   	0.000151949	4.67997e-05	0.999995   	0.969226   	0.476011   	0.521345   	0.0114692  	0.0114707  	0.526832   	0.501638   	0.0103961  	0.0103868  	0.470669   	0.490057   	0.0112494  	0.0112421  	5.75891	5.167	5.48654	4.69627e-06	-1.76283e-05	1          	0.969223   	0.124942   	0.120399   	0.0117012  	0.0117011  	1.43797	
4e-11      	7.6        	-0.000171707	5.42699e-05	0.999994   	0.966675   	3.6639e-05 	6.85437e-06	0.999994   	0.966677   	0.000141615	-0.000107822	0.999994   	0.966682   	0.561669   	0.638843   	0.0122122  	0.0122268  	0.548634   	0.572305   	0.0127848  	0.012768   	0.590673   	0.594307   	0.0117397  	0.0117366  	5.32027	5.61923	5.15769	2.18556e-06	-1.55389e-05	1          	0.966673   	0.122574   	0.123044   	0.014305   	0.0143061  	1.4189	
5e-11      	7.4        	0.000102511	-0.000103495	0.999994   	0.963665   	1.41238e-05	-0.000174413	0.999993   	0.963684   	-0.000138992	0.000224738	0.999994   	0.963659   	0.598185   	0.678547   	0.0158288  	0.0158193  	0.661967   	0.657514   	0.0150941  	0.0151009  	0.633717   	0.58233    	0.0162968  	0.0162939  	6.23105	6.35296	6.56068	-7.48238e-06	-1.77007e-05	1          	0.963664   	0.125993   	0.124522   	0.017552   	0.0175524  	1.45395	
6e-11      	7.2        	-6.53078e-05	0.000112348	0.999992   	0.960046   	0.000307793	-1.12511e-05	0.999992   	0.96005    	-0.000167946	-0.000119514	0.999992   	0.960046   	0.769362   	0.802641   	0.0183754  	0.0183626  	0.787443   	0.779422   	0.019293   	0.019271   	0.749101   	0.785626   	0.0178082  	0.0177832  	6.59857	6.98565	6.66668	2.48456e-05	-6.16293e-06	1          	0.96004    	0.127982   	0.13367    	0.021523   	0.021523   	1.44651	
7e-11      	7          	0.000137009	-7.66248e-05	0.999991   	0.955626   	0.000447023	-0.000121162	0.999991   	0.955607   	-0.000580155	0.000207138	0.99999    	0.955617   	0.840656   	0.912401   	0.0218009  	0.0217927  	0.784319   	0.950849   	0.0223678  	0.0223437  	0.932497   	1.01513    	0.0240856  	0.0241331  	7.46347	7.48157	8.06362	1.27984e-06	3.15216e-06	1          	0.955608   	0.131261   	0.135517   	0.0254945  	0.0254933  	1.40852	
8e-11      	6.8        	-9.15709e-05	0.000300088	0.999988   	0.950091   	-0.000158302	-0.000394786	0.999989   	0.95006    	0.000195997	0.000118843	0.999989   	0.950097   	1.14417    	1.15328    	0.0296808  	0.0296576  	1.09467    	1.08221    	0.0296825  	0.0296988  	1.05665    	1.03303    	0.0295849  	0.0295542  	8.81176	8.81196	8.88025	-1.79611e-05	8.10223e-06	1          	0.950073   	0.130909   	0.138234   	0.0332951  	0.0332969  	1.35659	
9e-11      	6.6        	6.08556e-05	-7.02508e-05	0.999985   	0.943008   	-0.000108028	-0.000129179	0.999985   	0.943037   	5.44509e-05	0.000212979	0.999984   	0.942981   	1.38203    	1.39496    	0.0405363  	0.0406061  	1.68765    	1.24789    	0.0407467  	0.0408752  	1.73932    	1.31882    	0.039305   	0.039244   	10.7193	10.5688	10.6928	2.41718e-06	4.44931e-06	1          	0.942995   	0.142283   	0.134438   	0.0444502  	0.0444502  	1.37778	
1e-10      	6.4        	-0.000259466	-0.00028257	0.999977   	0.93381    	0.000161895	-0.000225094	0.999977   	0.933832   	6.61684e-05	0.000529776	0.999977   	0.933831   	1.99128    	2.38814    	0.055769   	0.0555915  	1.97815    	2.34852    	0.0540904  	0.0539117  	1.97089    	2.29972    	0.0553251  	0.0553221  	12.5517	12.9418	12.7148	-1.0557e-05	7.20561e-06	0.999999   	0.933803   	0.141094   	0.14171    	0.0620988  	0.0620973  	1.2899	
1.1e-10    	6.2        	0.000220644	0.000863973	0.999956   	0.921693   	-0.000734396	-0.000868937	0.999965   	0.921612   	0.000520726	6.91003e-05	0.999961   	0.921653   	3.63118    	4.24264    	0.0808408  	0.0805753  	3.15798    	3.20249    	0.0788746  	0.078586   	3.53124    	3.54654    	0.0781272  	0.0782296  	16.9162	15.8085	15.9354	2.60008e-06	2.13636e-05	0.999999   	0.921617   	0.144733   	0.145923   	0.084874   	0.0848752  	1.2574	
1.2e-10    	6          	0.00120828 	0.00114742 	0.999927   	0.905159   	-0.000448904	-0.00122552	0.999944   	0.905239   	-0.00075864	0.000144452	0.99993    	0.905161   	6.6431     	6.0519     	0.13325    	0.132317   	4.95335    	4.77769    	0.123885   	0.122794   	5.3427     	6.8984     	0.130995   	0.131391   	23.3035	21.6425	23.7732	-5.26562e-07	2.1745e-05 	0.999999   	0.905127   	0.145694   	0.143575   	0.127651   	0.127652   	1.19907	
1.3e-10    	5.8        	-0.00332912	0.00433741 	0.999788   	0.882841   	-0.0017855 	0.000226346	0.999835   	0.883072   	0.00513866 	-0.00454331	0.999852   	0.882974   	15.7095    	17.3013    	0.287279   	0.294394   	15.9473    	11.3831    	0.230538   	0.231717   	9.48842    	11.3731    	0.238656   	0.239108   	39.5115	37.6032	39.3423	7.10008e-06	7.92196e-06	0.999999   	0.882809   	0.145647   	0.145955   	0.196393   	0.196395   	1.49655	
1.4e-10    	5.6        	-0.000381408	0.0117835  	0.999598   	0.854359   	0.00812956 	-0.00440005	0.99946    	0.853936   	-0.00781071	-0.00742323	0.999453   	0.854864   	23.2005    	29.0094    	0.598015   	0.602922   	66.7742    	11.3546    	0.775911   	0.858323   	38.6463    	38.0118    	0.576058   	0.529832   	80.3629	107.009	84.6254	-1.07409e-05	-1.43583e-05	0.999999   	0.853962   	0.146291   	0.148037   	0.300669   	0.300663   	2.46047	
1.5e-10    	5.4        	-0.0309337 	0.0226931  	0.998172   	0.825251   	0.00903632 	-0.0342287 	0.998711   	0.818567   	0.0220769  	0.0112054  	0.99882    	0.823003   	118.807    	41.8233    	1.57742    	2.21998    	65.2466    	29.8836    	2.06522    	1.8618     	87.3815    	39.7609    	1.62966    	1.64265    	202.112	281.432	219.32	6.17131e-06	-8.0783e-06	0.999999   	0.821094   	0.14524    	0.144778   	0.353225   	0.353221   	3.31121	
1.6e-10    	5.2        	-0.194125  	-0.0200511 	0.979707   	0.802995   	0.185845   	-0.0854718 	0.976942   	0.790521   	0.0106711  	0.103067   	0.993249   	0.809966   	96.5643    	41.3071    	9.45851    	2.74601    	212.311    	42.7937    	3.94928    	7.56146    	133.676    	55.9753    	12.2901    	10.8955    	1143.78	457.401	1607.17	-1.83168e-05	-9.91425e-05	0.999999   	0.787818   	0.145589   	0.150288   	0.275737   	0.275728   	2.78132	
1.7e-10    	5          	-0.167695  	-0.0798234 	0.981151   	0.772935   	0.176941   	-0.101722  	0.978175   	0.762137   	-0.00665572	0.177872   	0.982324   	0.775204   	23.4052    	160.039    	11.702     	11.4972    	65.8623    	28.7265    	12.2337    	12.0117    	67.408     	158.716    	5.64018    	15.2399    	1357.7	1463.5	650.691	-5.12522e-05	-0.000394126	0.999999   	0.755088   	0.145447   	0.148389   	0.233053   	0.233061   	2.03243	
1.8e-10    	4.8        	-0.235478  	-0.0284551 	0.968564   	0.720525   	0.172565   	-0.177501  	0.967571   	0.768853   	0.0476615  	0.210839   	0.974496   	0.745508   	104.794    	204.851    	9.87604    	5.25389    	53.0582    	107.702    	14.599     	14.2908    	172.152    	49.9799    	10.3242    	16.9918    	1078.41	1615.11	1113.41	-0.000626078	5.46026e-05	0.999999   	0.72273    	0.158096   	0.169566   	0.230936   	0.230936   	2.02382	
1.9e-10    	4.6        	-0.144896  	0.019568   	0.988084   	0.669914   	0.208001   	-0.20638   	0.955864   	0.717364   	-0.0708932 	0.185156   	0.97938    	0.737232   	31.5717    	79.8994    	16.1314    	15.5818    	9.51707    	16.5125    	5.91155    	6.1013     	28.0201    	57.0411    	13.2       	10.3064    	1616.42	570.504	1387.33	-0.000104127	0.000544364	0.999999   	0.68989    	0.171051   	0.157577   	0.229346   	0.229347   	2.19085	
2e-10      	4.4        	-0.181636  	0.0261743  	0.982248   	0.652711   	0.276445   	-0.277224  	0.919428   	0.695865   	-0.102476  	0.247605   	0.962793   	0.716271   	30.7149    	40.2261    	1.99316    	3.38181    	24.8572    	50.3487    	7.61084    	11.084     	46.4988    	22.257     	10.3056    	11.8883    	192.109	714.499	990.483	0.000121425	0.000667071	0.999999   	0.656811   	0.166234   	0.150971   	0.220174   	0.220176   	2.05608	
2.1e-10    	4.2        	-0.0947218 	0.0238253  	0.99434    	0.604118   	0.290078   	-0.266925  	0.91711    	0.65539    	-0.189304  	0.232679   	0.952976   	0.701319   	42.8742    	26.0239    	2.19726    	2.45741    	18.1704    	164.678    	1.41603    	21.4565    	31.5709    	74.5372    	1.90445    	9.53909    	199.357	138.624	180.056	6.77213e-05	0.00118049 	0.999998   	0.623254   	0.145636   	0.168929   	0.220869   	0.220852   	1.8938	
2.2e-10    	4          	-0.12776   	-0.0285232 	0.990176   	0.566313   	0.312574   	-0.225679  	0.921866   	0.610195   	-0.176848  	0.231676   	0.956075   	0.673652   	39.9676    	43.9739    	1.68613    	2.29223    	14.8186    	47.5298    	1.39003    	2.74473    	23.9021    	26.4029    	1.13355    	3.98925    	146.578	128.006	110.479	-0.000512575	0.00129462 	0.999997   	0.589086   	0.171332   	0.191903   	0.228652   	0.228677   	1.70716	
2.3e-10    	3.8        	-0.03346   	0.013004   	0.99794    	0.522082   	0.287432   	-0.290643  	0.912121   	0.571522   	-0.226487  	0.242089   	0.941839   	0.657737   	44.3185    	38.6325    	1.09488    	1.14723    	14.1001    	19.8635    	1.28278    	2.07208    	77.4525    	66.1449    	0.974545   	3.42897    	98.0838	118.134	94.9753	-0.0013681 	-5.43521e-05	0.999997   	0.553912   	0.198802   	0.201258   	0.249371   	0.249366   	1.83981	
2.4e-10    	3.6        	-0.0170356 	0.0789782  	0.995537   	0.480885   	0.380374   	-0.20262   	0.901201   	0.531974   	-0.318569  	0.103092   	0.941551   	0.631022   	16.9325    	42.5194    	0.978454   	1.27003    	11.2955    	57.1948    	1.08874    	6.11721    	8.42611    	52.5926    	0.85198    	3.2109     	84.1768	94.0546	82.4164	-0.00442901	-0.00310873	0.999983   	0.517401   	0.163679   	0.255022   	0.264576   	0.264363   	1.86029	
2.5e-10    	3.4        	-0.0102065 	-0.0592334 	0.991942   	0.4374     	0.355531   	-0.1279    	0.924704   	0.467722   	-0.278821  	0.131127   	0.949086   	0.599951   	148.746    	110.365    	0.859561   	2.51486    	23.1819    	30.2787    	1.04429    	3.54662    	117.498    	53.6396    	0.683063   	5.97154    	72.6844	83.3189	71.3024	-0.00414439	-0.00517761	0.999973   	0.478555   	0.173193   	0.554551   	0.326356   	0.326167   	1.65458	
2.6e-10    	3.2        	-0.134919  	-0.133155  	0.980855   	0.38972    	0.430735   	-0.0672673 	0.89856    	0.425433   	-0.250263  	0.128928   	0.958835   	0.567202   	14.7701    	18.3754    	1.20019    	1.83049    	9.48791    	41.0972    	1.03045    	2.32501    	21.1325    	27.3144    	0.728399   	1.40489    	84.805	78.6671	75.7432	-0.00863399	-0.00563819	0.99994    	0.436141   	0.377538   	0.411444   	0.591069   	0.590495   	1.94353	
2.7e-10    	3          	-0.15522   	-0.178636  	0.969164   	0.332122   	0.424943   	-0.0690297 	0.899402   	0.358637   	-0.211875  	0.14705    	0.965418   	0.534268   	35.8294    	22.5927    	1.59454    	4.52431    	26.9373    	55.5968    	1.82242    	5.12531    	6.79043    	39.7255    	0.888089   	2.71913    	97.1079	87.142	90.589	-0.0107305 	-0.00461583	0.999922   	0.386721   	0.324712   	0.613458   	1.45099    	1.45158    	2.18316	
2.8e-10    	2.8        	-0.00546194	-0.000552036	0.997494   	0.267836   	0.0173774  	0.00274995 	0.996822   	0.26771    	-0.00640567	-0.00230098	0.998851   	0.49229    	14.4331    	25.5552    	1.11785    	1.91858    	45.5062    	7.38117    	1.31357    	4.46993    	28.9035    	31.7271    	0.263302   	1.09951    	17.8842	21.2861	37.0731	0.000227511	-0.000644292	0.999993   	0.341889   	0.318797   	0.21453    	1.80283    	1.80311    	2.76443	
2.9e-10    	2.6        	0.00562128 	0.00555705 	0.999272   	0.253377   	-0.00989844	-0.0015209 	0.999354   	0.253449   	0.00203405 	-0.00186703	0.999884   	0.483189   	4.73458    	4.87592    	0.105825   	0.106035   	3.80612    	4.43142    	0.112868   	0.120034   	3.27226    	2.37693    	0.0838344  	0.0854866  	5.87897	6.16818	6.27704	-0.000107884	0.00011914 	0.999996   	0.329871   	0.160867   	0.15303    	0.0671597  	0.0671616  	1.61697	
3e-10      	2.4        	-0.00661641	4.68045e-05	0.999541   	0.244925   	0.000863804	-0.00255025	0.999517   	0.244765   	0.00293809 	0.00136194 	0.999901   	0.476518   	3.06134    	2.57632    	0.0764837  	0.0789721  	3.20612    	2.97328    	0.0818386  	0.0837835  	2.26451    	2.29743    	0.0688525  	0.068905   	4.40592	4.73142	4.71616	-1.22136e-05	3.73478e-05	0.999996   	0.321978   	0.14258    	0.142286   	0.041499   	0.0414991  	1.62692	
3.1e-10    	2.2        	0.00215477 	0.00410311 	0.999599   	0.237157   	-0.00179792	-0.00176175	0.999564   	0.237044   	-7.08347e-06	-0.00129376	0.999899   	0.469389   	2.32615    	2.39165    	0.0704795  	0.0710237  	2.2439     	2.98663    	0.0631046  	0.0648392  	2.43557    	2.30024    	0.0632813  	0.0636352  	3.86496	3.97335	3.85097	8.59899e-05	-5.61606e-05	0.999996   	0.314449   	0.139421   	0.14054    	0.041088   	0.0410895  	1.49307	
3.2e-10    	2          	0.00372705 	0.00169251 	0.999523   	0.228534   	-0.00263182	-0.0020191 	0.999489   	0.228531   	-0.000744749	0.000217461	0.99987    	0.460622   	2.68168    	2.5781     	0.0776248  	0.0777417  	2.90649    	2.77338    	0.0788013  	0.0815588  	3.09112    	2.8106     	0.0764186  	0.0770466  	4.2552	4.30649	4.3662	-0.00010027	2.51726e-05	0.999995   	0.305802   	0.143701   	0.147907   	0.0582398  	0.058243   	1.46648	
3.3e-10    	1.8        	0.0026991  	0.000542952	0.999214   	0.21737    	-0.00119431	-0.00192226	0.999155   	0.217397   	-0.00081828	0.000770683	0.999826   	0.448105   	3.86576    	4.07328    	0.0972865  	0.0964152  	3.56759    	4.99573    	0.0954335  	0.0989575  	3.62258    	3.84239    	0.107626   	0.107612   	4.74536	4.85953	5.7742	-4.25167e-05	5.12435e-05	0.999995   	0.294148   	0.142379   	0.145505   	0.0878225  	0.0878201  	1.45365	
3.4e-10    	1.6        	0.00062178 	-0.0174219 	0.997646   	0.200058   	-0.0105217 	0.0219334  	0.995968   	0.200235   	0.0047498  	-0.00202607	0.999267   	0.427455   	8.73853    	10.2343    	0.176539   	0.190766   	14.7625    	17.5063    	0.166936   	0.213751   	12.4603    	15.82      	0.206255   	0.203932   	7.91832	8.25715	8.28809	4.02803e-05	7.64659e-05	0.999994   	0.275386   	0.151015   	0.146141   	0.213749   	0.213749   	1.57839	
3.5e-10    	1.4        	-0.148278  	0.00347109 	0.978642   	0.171741   	0.0332526  	0.233187   	0.959647   	0.175491   	0.0500496  	-0.106419  	0.990414   	0.393096   	26.0233    	39.3987    	0.525149   	1.11342    	34.2193    	45.348     	0.470518   	1.87984    	60.3758    	26.8302    	0.726344   	0.632758   	13.418	13.6087	17.1069	-6.94723e-05	-0.000105828	0.999992   	0.241894   	0.147913   	0.154492   	1.07298    	1.07302    	4.9244	
3.6e-10    	1.2        	-0.277519  	0.0463321  	0.925762   	0.146131   	-0.217692  	0.375252   	0.874804   	0.154554   	0.208863   	-0.173183  	0.958264   	0.364411   	45.4415    	106.852    	0.42777    	4.5073     	121.476    	7.08389    	0.46426    	7.42727    	36.8113    	86.2187    	0.547927   	7.26873    	11.9962	13.1473	14.6761	5.30316e-05	-2.15249e-05	0.999989   	0.206321   	0.147013   	0.143703   	0.421992   	0.42195    	2.12981	
3.7e-10    	1          	-0.461909  	0.388013   	0.780943   	0.133488   	-0.37272   	0.486945   	0.781765   	0.133338   	0.317273   	-0.330633  	0.884652   	0.352923   	37.7881    	19.8503    	0.553542   	8.02206    	21.2457    	5.58677    	0.533256   	2.84254    	77.9181    	24.7327    	0.790968   	4.57851    	12.866	12.9977	14.5493	-0.000102787	3.95247e-05	0.999985   	0.173363   	0.151257   	0.145924   	0.280384   	0.280344   	1.78216	
3.8e-10    	0.8        	-0.106929  	0.727736   	0.638112   	0.116239   	-0.404752  	0.609883   	0.643599   	0.115677   	0.188734   	-0.480766  	0.854761   	0.322633   	72.2737    	12.5556    	0.859148   	8.85877    	70.0195    	10.0082    	0.832798   	12.2549    	23.4289    	9.08063    	1.09338    	4.16402    	15.386	14.8252	16.5405	-5.14803e-05	-8.98023e-05	0.999976   	0.141116   	0.150155   	0.152999   	0.240004   	0.240022   	1.67517	
3.9e-10    	0.6        	-0.568893  	0.196861   	0.51347    	0.0873917  	-0.0205772 	0.798779   	0.5512     	0.0802792  	0.189275   	-0.306295  	0.912375   	0.26324    	22.3593    	327.908    	1.16583    	18.303     	36.0762    	9.15886    	1.57302    	6.41937    	35.6186    	272.136    	1.29055    	26.7861    	15.722	17.7018	16.2911	-0.000126117	-9.83383e-06	0.99996    	0.109101   	0.154419   	0.153028   	0.218624   	0.21861    	1.61512	
4e-10      	0.4        	-0.0490107 	-0.971618  	0.122716   	0.108792   	-0.341823  	0.907599   	0.154026   	0.0977303  	0.178525   	0.082166   	0.970295   	0.210059   	44.5358    	22.9106    	1.79413    	20.5818    	37.6023    	3.48313    	2.22331    	6.6145     	75.3436    	22.7616    	2.82761    	6.258      	15.5714	18.027	18.7652	-0.000370188	-0.00108639	0.999918   	0.0772372  	0.156637   	0.156818   	0.212796   	0.212796   	1.53796	
4.1e-10    	0.2        	0.0045228  	-0.942881  	-0.151708  	0.104965   	-0.260713  	0.94083    	-0.154127  	0.109583   	0.13567    	-0.0211784 	0.978042   	0.17204    	110.869    	43.1309    	4.18148    	52.0497    	28.8356    	5.46428    	5.30588    	9.13258    	44.1387    	36.1651    	5.57967    	7.96058    	19.4235	20.4359	21.2639	-0.000702529	0.00152664 	0.999765   	0.0453313  	0.152906   	0.15591    	0.212409   	0.21218    	1.57973	
4.2e-10    	-0         	0.48041    	-0.811255  	-0.264742  	0.134004   	-0.696882  	0.630139   	-0.271093  	0.142099   	0.344427   	0.178222   	0.904072   	0.120258   	18.1477    	122.602    	17.6016    	82.7306    	32.8103    	48.4603    	32.7166    	18.4169    	22.2576    	30.1313    	24.537     	26.3559    	32.6504	29.7106	24.7323	0.100923   	0.0560946  	0.98739    	0.0119234  	0.259196   	0.267431   	0.305333   	0.28992    	1.57066	
