#----------------------------------------------------------------------------------------------------------------------------------------------------------
# Output file for vampire simulation
#   time       : 2025-06-06 20:35:06     process id : 1710073
#   hostname   : thor6.psi.ch
#   path       : /scratch/dossan_f/Na2BaMn(PO4)2/vampire_tripleUC_3mat_2d_k0.35_Jnn0.11/output-Field8-0T-Bc_high_res_steps10000x10000/run_T_0.850
#   version    : 6.0.0
#   githash    : 4c9651daecc86c3e6b6df0c8055fcd9e89fd900c
#----------------------------------------------------------------------------------------------------------------------------------------------------------
2e-11      	8          	-0.000139516	-0.000218466	0.999802   	0.925395   	-0.000111979	-8.66275e-06	0.999987   	0.925673   	0.000234966	0.000163763	0.999984   	0.925573   	0.350518   	0.359419   	13.9508    	13.3095    	0.348707   	0.401323   	6.35477    	6.33001    	0.378462   	0.385135   	8.60445    	8.54836    	2040.73	538.112	938.851	1.16105e-05	-5.81017e-06	0.999999   	0.925534   	0.11591    	0.116482   	28.0991    	28.0983    	3251.42	
3e-11      	7.8        	-0.000148181	-6.1091e-05	0.999988   	0.921653   	-0.000140113	-7.76735e-05	0.999988   	0.921613   	0.000314408	7.83088e-05	0.999988   	0.921628   	0.38458    	0.371993   	0.024247   	0.0242439  	0.383249   	0.373753   	0.0247792  	0.0247872  	0.352566   	0.397987   	0.0246326  	0.0246434  	4.55738	4.61313	4.64	8.62791e-06	-2.02404e-05	0.999999   	0.921622   	0.118822   	0.114698   	0.0254394  	0.02544    	1.38285	
4e-11      	7.6        	-0.000194239	0.000199442	0.999987   	0.916531   	2.58087e-05	-0.000230599	0.999986   	0.916575   	0.000110809	-1.30432e-05	0.999987   	0.916575   	0.40542    	0.392686   	0.026808   	0.0267829  	0.437402   	0.443114   	0.027422   	0.0274198  	0.42629    	0.412622   	0.0268541  	0.026836   	4.78547	4.90172	4.88738	-1.92074e-05	-1.47013e-05	0.999999   	0.916549   	0.116377   	0.113528   	0.0257023  	0.0256987  	1.2532	
5e-11      	7.4        	-0.00010374	-0.000110807	0.999986   	0.910907   	2.62732e-05	-8.10341e-06	0.999986   	0.910969   	-4.87239e-06	0.000148903	0.999986   	0.910909   	0.450137   	0.433431   	0.0310697  	0.0310843  	0.446986   	0.416888   	0.0301214  	0.0301457  	0.456966   	0.398632   	0.030959   	0.0309776  	5.22587	4.98342	5.05702	-2.7534e-05	1.00188e-05	0.999999   	0.910917   	0.119768   	0.115222   	0.0298345  	0.0298359  	1.25387	
6e-11      	7.2        	1.86677e-05	0.000209705	0.999983   	0.904509   	-0.000291028	-0.000166554	0.999984   	0.904451   	0.000275232	-8.82257e-06	0.999984   	0.904485   	0.498435   	0.53018    	0.0351553  	0.0351913  	0.501017   	0.498733   	0.0347097  	0.0347242  	0.51518    	0.504914   	0.0367088  	0.036704   	5.31712	5.4117	5.59652	9.60643e-07	1.14317e-05	0.999999   	0.904468   	0.126449   	0.124582   	0.0347158  	0.0347193  	1.29712	
7e-11      	7          	-0.000300425	-1.44608e-05	0.999982   	0.897237   	-3.58909e-06	-4.41234e-05	0.999982   	0.897222   	0.00030813 	5.95147e-05	0.999981   	0.897256   	0.562071   	0.556067   	0.0421305  	0.0421224  	0.55225    	0.552306   	0.0416322  	0.0416179  	0.588857   	0.579662   	0.0428414  	0.0427969  	5.91749	5.85709	6.01752	1.46359e-06	2.41681e-07	0.999999   	0.897223   	0.124803   	0.121474   	0.0422402  	0.0422368  	1.35171	
8e-11      	6.8        	3.58975e-05	-3.67233e-06	0.999979   	0.888942   	-0.000179249	0.000161261	0.999979   	0.888996   	2.16764e-05	-6.36574e-05	0.999979   	0.888952   	0.606383   	0.663406   	0.0470758  	0.0470532  	0.640832   	0.638584   	0.0490336  	0.0490842  	0.621656   	0.649928   	0.050633   	0.050612   	6.31751	6.71175	6.55027	-4.04705e-05	3.12873e-05	0.999999   	0.888946   	0.127777   	0.125407   	0.0453048  	0.0453043  	1.25405	
9e-11      	6.6        	6.68802e-05	0.00023074 	0.999975   	0.8795     	-7.7974e-05	-4.25436e-05	0.999977   	0.879537   	7.71627e-05	-0.000204953	0.999975   	0.879518   	0.702209   	0.745244   	0.0560858  	0.0561803  	0.663222   	0.700478   	0.0580659  	0.0581529  	0.737158   	0.720782   	0.0529069  	0.0528997  	6.70744	6.98494	6.50644	2.1982e-05 	-5.6785e-06	0.999999   	0.879498   	0.12582    	0.124402   	0.0532134  	0.0532109  	1.23769	
1e-10      	6.4        	-0.000461674	0.00048804 	0.99997    	0.868741   	-1.51313e-05	4.69463e-05	0.999969   	0.868739   	0.000395996	-0.000478004	0.999969   	0.8689     	0.828236   	0.851367   	0.0660952  	0.065984   	0.933493   	0.832458   	0.0699252  	0.0699278  	0.878763   	0.911647   	0.0648693  	0.0648495  	7.79746	7.82365	7.23262	-2.67956e-05	1.88557e-05	0.999998   	0.868768   	0.1344     	0.134849   	0.0601408  	0.0601424  	1.15654	
1.1e-10    	6.2        	0.00032011 	9.48794e-05	0.999967   	0.856508   	-0.000316679	-1.01198e-05	0.999966   	0.856566   	0.0001057  	-5.62444e-05	0.999964   	0.856484   	0.89196    	0.94845    	0.0776797  	0.0776123  	0.907674   	1.0073     	0.0793077  	0.0793768  	0.933372   	1.07207    	0.0780033  	0.0778485  	8.44096	8.28079	8.15641	3.63121e-05	9.42002e-06	0.999998   	0.856491   	0.133867   	0.135183   	0.0650953  	0.065092   	1.1002	
1.2e-10    	6          	0.000131469	0.000102007	0.999957   	0.842541   	-0.000266957	-0.000437137	0.999956   	0.842589   	0.000126952	0.000369309	0.999959   	0.842615   	1.13975    	1.15865    	0.0957364  	0.0956641  	1.15976    	1.22687    	0.0974729  	0.0974299  	1.15237    	1.07826    	0.096227   	0.0962702  	9.39293	9.3512	9.42246	-2.41352e-06	1.14772e-05	0.999998   	0.842547   	0.136196   	0.135019   	0.0773021  	0.0772979  	1.09463	
1.3e-10    	5.8        	0.00072122 	0.000452224	0.999948   	0.826651   	-0.000361066	-0.000316913	0.999951   	0.826712   	-0.000417145	-4.02359e-05	0.999953   	0.826763   	1.35639    	1.33458    	0.109266   	0.109248   	1.30218    	1.24965    	0.112441   	0.112523   	1.24896    	1.15811    	0.114564   	0.114665   	9.89246	10.3372	10.0402	-1.90616e-05	3.14705e-05	0.999998   	0.826669   	0.139914   	0.135019   	0.088155   	0.0881511  	1.1094	
1.4e-10    	5.6        	0.000247464	-7.71319e-05	0.999927   	0.808902   	0.00010789 	-0.00058084	0.999929   	0.808807   	-0.000440578	0.00072748 	0.999936   	0.808873   	1.98644    	1.6387     	0.138792   	0.138792   	1.92669    	1.58617    	0.150068   	0.150064   	1.70027    	1.46393    	0.148323   	0.148458   	11.8342	12.2598	12.5649	-2.81062e-05	2.27657e-05	0.999998   	0.808806   	0.137011   	0.140404   	0.0984014  	0.0984039  	1.10341	
1.5e-10    	5.4        	0.00119271 	0.00179571 	0.999915   	0.788749   	-0.000251191	-0.000720361	0.999915   	0.788875   	-0.00100844	-0.00127736	0.999914   	0.788683   	2.02619    	1.86135    	0.183816   	0.184186   	1.74853    	2.24511    	0.169971   	0.170255   	2.14274    	1.84644    	0.162541   	0.1625     	14.0545	13.1357	12.5706	-2.21804e-05	-6.69723e-05	0.999998   	0.788703   	0.141312   	0.143329   	0.111443   	0.111448   	1.03794	
1.6e-10    	5.2        	0.000168848	0.000844348	0.99989    	0.766761   	0.000477012	-0.00121269	0.9999     	0.766748   	-0.000685555	0.000387058	0.999891   	0.766871   	2.31959    	2.55189    	0.217122   	0.216974   	2.35989    	2.06827    	0.213223   	0.212162   	2.69666    	2.14239    	0.205061   	0.205162   	15.3939	14.8304	14.5025	-1.30997e-05	6.50138e-06	0.999998   	0.766713   	0.153291   	0.144621   	0.119956   	0.119952   	1.07034	
1.7e-10    	5          	-0.00319467	-0.00040458	0.999861   	0.742532   	0.0021085  	-0.000434628	0.999845   	0.742697   	0.00110801 	0.000810827	0.999855   	0.742825   	2.84515    	2.7521     	0.272862   	0.272571   	3.28363    	3.12181    	0.273632   	0.27325    	3.04843    	2.96333    	0.311815   	0.312864   	17.669	17.525	19.954	7.02898e-06	-7.99084e-06	0.999998   	0.742578   	0.147552   	0.143888   	0.130805   	0.13081    	1.06303	
1.8e-10    	4.8        	0.00105087 	-0.000906955	0.999778   	0.716937   	0.000195372	-0.00288423	0.999775   	0.716413   	-0.00138244	0.00364686 	0.99978    	0.716569   	3.78095    	4.83046    	0.367613   	0.364748   	4.65829    	3.92638    	0.387711   	0.385929   	4.21993    	4.05112    	0.337597   	0.339667   	21.2488	22.6032	20.1696	-4.45316e-05	-4.65198e-05	0.999997   	0.716483   	0.147775   	0.144719   	0.146262   	0.146247   	1.1378	
1.9e-10    	4.6        	-0.000132753	-0.00312644	0.999689   	0.688919   	0.00214883 	0.000607156	0.999688   	0.689184   	-0.00206822	0.00263196 	0.99973    	0.688764   	5.8672     	5.15918    	0.462377   	0.462107   	5.28357    	5.85819    	0.459588   	0.462942   	4.19644    	5.31197    	0.45574    	0.455489   	25.043	24.6912	24.5221	-1.11753e-05	3.46436e-05	0.999997   	0.688753   	0.151586   	0.14412    	0.153504   	0.153506   	1.22288	
2e-10      	4.4        	-0.00309489	0.00339394 	0.999587   	0.659812   	0.00188369 	0.00159904 	0.999561   	0.660079   	0.00112017 	-0.00512176	0.999606   	0.65966    	7.22626    	6.07851    	0.611598   	0.621762   	7.3596     	7.04396    	0.633468   	0.632869   	6.16799    	6.38848    	0.588334   	0.585361   	29.068	30.552	27.4243	-2.06788e-05	-4.19695e-05	0.999997   	0.659578   	0.14836    	0.142572   	0.160847   	0.160847   	1.3059	
2.1e-10    	4.2        	-0.00206649	-0.00394089	0.999394   	0.630165   	0.00622055 	0.00593856 	0.9994     	0.629006   	-0.00409963	-0.00213568	0.99944    	0.629921   	9.25579    	8.70082    	0.774822   	0.775295   	8.32095    	8.57371    	0.834683   	0.841137   	9.18913    	7.3449     	0.76652    	0.760031   	33.4472	35.3792	32.5313	1.11685e-05	-4.26823e-05	0.999997   	0.629329   	0.144737   	0.14208    	0.170113   	0.170104   	1.52852	
2.2e-10    	4          	0.00346037 	0.00559171 	0.998967   	0.598652   	-0.00654753	0.00500386 	0.998979   	0.59829    	0.00287971 	-0.0107486 	0.999281   	0.599504   	16.7217    	10.7631    	1.48456    	1.47804    	14.6489    	12.1395    	1.27278    	1.27151    	9.50198    	8.42311    	1.37017    	1.37653    	56.0901	47.1313	53.2376	-5.52963e-05	-3.85021e-05	0.999996   	0.598264   	0.147515   	0.147011   	0.168798   	0.168807   	1.58941	
2.3e-10    	3.8        	-0.0031418 	0.00352468 	0.997905   	0.566496   	0.00276991 	-0.00899856	0.99874    	0.566738   	0.000484887	0.00529089 	0.998818   	0.568968   	18.897     	31.8798    	2.34662    	2.39433    	17.7888    	11.8357    	2.00467    	2.00987    	8.62826    	19.9865    	1.95439    	1.93016    	76.076	65.9319	64.1132	-2.39718e-05	2.39599e-05	0.999996   	0.566545   	0.148889   	0.152599   	0.166643   	0.166647   	1.81385	
2.4e-10    	3.6        	0.00161965 	0.0375683  	0.996563   	0.537244   	-0.018779  	-0.0211103 	0.997198   	0.536535   	0.0176429  	-0.0164052 	0.996954   	0.533978   	25.336     	34.506     	2.45197    	2.50169    	25.659     	26.5836    	2.35066    	2.32405    	23.0142    	36.1875    	2.58841    	2.37701    	72.2229	70.4789	75.6181	8.74967e-06	2.57844e-05	0.999995   	0.534263   	0.14495    	0.153412   	0.171827   	0.171832   	1.86023	
2.5e-10    	3.4        	-0.027645  	0.00144118 	0.996889   	0.505194   	0.0173427  	-0.0273255 	0.995203   	0.500724   	0.0112169  	0.0241996  	0.995919   	0.505043   	31.7834    	21.1788    	5.8003     	5.94854    	29.8746    	49.7242    	6.25705    	5.27885    	30.274     	41.3757    	4.87011    	4.82321    	143.976	159.245	126.43	-5.80845e-05	-6.30471e-05	0.999995   	0.501651   	0.147813   	0.143829   	0.179368   	0.179355   	2.28942	
2.6e-10    	3.2        	0.00757907 	0.00116317 	0.996226   	0.477497   	-0.0226498 	-0.0211162 	0.997291   	0.464063   	0.0159265  	0.0192575  	0.995688   	0.467812   	38.5176    	26.2065    	12.0651    	12.0466    	11.5401    	25.1955    	10.8899    	11.1726    	39.8203    	25.9276    	8.1211     	7.76901    	267.699	242.875	182.719	-0.000128074	-5.54194e-05	0.999994   	0.468101   	0.148456   	0.147256   	0.187744   	0.187742   	2.24265	
2.7e-10    	3          	0.0205986  	0.0297068  	0.995902   	0.43398    	-0.0136361 	-0.0878741 	0.991802   	0.437657   	-0.0078269 	0.0581729  	0.994748   	0.429133   	21.3732    	27.1697    	16.1498    	16.0065    	27.6544    	30.9181    	47.1662    	44.4219    	26.7635    	21.2832    	24.4603    	23.6649    	313.988	948.465	482.547	-6.90694e-05	0.000238197	0.999992   	0.431096   	0.147615   	0.172928   	0.28092    	0.280901   	5.51631	
2.8e-10    	2.8        	-0.0117355 	0.00956577 	0.995208   	0.295907   	-0.0148683 	0.00618303 	0.9982     	0.502535   	0.0317946  	-0.012943  	0.995158   	0.356329   	17.6061    	9.71626    	82.4906    	80.9712    	12.1216    	18.9808    	20.4482    	20.136     	11.9385    	27.7792    	95.4547    	95.472     	1649.1	540.967	1297.47	0.000275494	0.00038025 	0.99999    	0.38363    	0.153976   	0.186643   	2.45963    	2.45938    	50.3706	
2.9e-10    	2.6        	0.0134403  	0.00297924 	0.997422   	0.299805   	-0.0104797 	-0.01733   	0.999073   	0.460574   	0.000578695	0.0272129  	0.996368   	0.27189    	8.61287    	8.20508    	11.3418    	11.3489    	5.0947     	6.5072     	3.95587    	3.94642    	10.1968    	7.80813    	16.3349    	16.2232    	134.978	47.7626	286.891	-0.000121159	0.00010583 	0.999989   	0.343368   	0.148838   	0.1461     	0.279879   	0.279818   	6.21831	
3e-10      	2.4        	0.00596341 	-0.00322133	0.99861    	0.259216   	-0.000588924	-0.00100476	0.999619   	0.441248   	-0.00538985	0.00530932 	0.998398   	0.259304   	3.47409    	3.5027     	0.582813   	0.589083   	2.80297    	2.82241    	0.440099   	0.440894   	3.29896    	4.73141    	0.547295   	0.55199    	8.83964	8.78962	9.12722	-0.000106698	0.00011482 	0.999988   	0.319612   	0.14216    	0.139026   	0.122315   	0.122321   	2.62435	
3.1e-10    	2.2        	0.00273682 	0.00314071 	0.998485   	0.238021   	-0.000213466	-0.00505331	0.999578   	0.426248   	-0.00189428	0.00599882 	0.99838    	0.238175   	3.12884    	3.34181    	0.432322   	0.431252   	2.79165    	2.85686    	0.343264   	0.346795   	3.59731    	3.27999    	0.382758   	0.378689   	5.88559	6.1296	5.66547	0.000128914	1.52657e-05	0.999987   	0.30051    	0.138098   	0.135741   	0.0971001  	0.0970843  	2.12011	
3.2e-10    	2          	0.00251911 	-0.00839618	0.998342   	0.219511   	0.000534148	0.00556081 	0.999572   	0.410038   	-0.00308843	-0.00180412	0.998323   	0.219894   	3.11885    	2.81444    	0.316348   	0.322282   	2.87308    	2.39534    	0.298337   	0.300988   	3.29597    	2.83495    	0.353017   	0.354727   	4.53455	4.70492	4.62338	0.000102555	5.00533e-05	0.999985   	0.282849   	0.134263   	0.135925   	0.092339   	0.0923341  	1.9488	
3.3e-10    	1.8        	-0.00551486	0.000446986	0.998026   	0.201793   	0.00116189 	-3.98032e-05	0.999492   	0.392509   	0.00336135 	-0.00059196	0.998169   	0.201463   	3.10458    	2.95463    	0.352199   	0.357548   	2.96757    	2.96697    	0.323678   	0.326746   	2.75641    	2.86996    	0.317716   	0.322165   	4.23096	4.63061	4.21916	2.33997e-06	-7.03276e-05	0.999983   	0.264937   	0.134323   	0.138785   	0.0972225  	0.0972085  	1.93613	
3.4e-10    	1.6        	0.0092109  	-0.000621332	0.997627   	0.182738   	-0.00145286	0.00365586 	0.999507   	0.372717   	-0.00602762	-0.00662388	0.997851   	0.182888   	3.02053    	2.89305    	0.370793   	0.377517   	2.43587    	2.68021    	0.366961   	0.367802   	2.46789    	2.89589    	0.348984   	0.355147   	3.99062	4.70133	4.08756	5.44772e-05	6.12523e-05	0.999979   	0.245782   	0.141214   	0.142173   	0.101962   	0.101969   	1.805	
3.5e-10    	1.4        	-0.00977493	-0.00621074	0.996717   	0.162295   	0.00293631 	0.00530116 	0.999319   	0.349361   	0.00380214 	-0.00442881	0.996829   	0.162612   	3.50821    	2.92538    	0.453559   	0.459231   	2.8112     	3.32442    	0.445049   	0.44345    	3.16969    	3.15619    	0.388595   	0.389346   	4.50154	4.81437	4.07685	7.64435e-05	0.000209174	0.999975   	0.224333   	0.144718   	0.145956   	0.12051    	0.120503   	1.77457	
3.6e-10    	1.2        	-0.0112753 	-0.00408835	0.994387   	0.139846   	0.00357711 	0.00175817 	0.998679   	0.322301   	0.00275304 	0.000781674	0.994723   	0.139934   	4.33599    	3.87719    	0.467576   	0.467886   	5.346      	5.00558    	0.522778   	0.527235   	4.16278    	3.69447    	0.480509   	0.493746   	4.72768	5.07223	4.89583	-0.000141539	0.000113913	0.999967   	0.200049   	0.150535   	0.150708   	0.130851   	0.130841   	1.8859	
3.7e-10    	1          	0.00395682 	-0.021057  	0.990055   	0.114862   	0.0017797  	0.0136678  	0.998073   	0.290834   	-0.0108278 	-0.0127211 	0.988781   	0.114754   	5.56385    	4.20928    	0.681952   	0.717973   	5.19439    	6.54504    	0.704801   	0.697108   	6.15829    	5.00554    	0.676855   	0.738997   	5.06107	5.4024	5.53243	-0.000597652	0.000107449	0.999956   	0.172488   	0.147582   	0.147515   	0.152775   	0.152789   	1.91477	
3.8e-10    	0.8        	-0.000825165	0.0288647  	0.974334   	0.0881481  	-0.0101588 	-0.00529963	0.994666   	0.25529    	0.0301274  	-0.0136123 	0.965286   	0.0884823  	7.08605    	8.056      	0.949119   	1.12007    	12.0555    	13.872     	1.13992    	1.08967    	9.37136    	11.3888    	1.05177    	1.35022    	6.16339	6.71401	5.90956	0.000764148	-0.00024947	0.999933   	0.141708   	0.153751   	0.150967   	0.179401   	0.17936    	2.14511	
3.9e-10    	0.6        	-0.207585  	0.116774   	0.848604   	0.0657817  	0.0149938  	-0.0584266 	0.987296   	0.217144   	0.172941   	0.0727404  	0.910275   	0.0610951  	17.5972    	22.203     	1.42585    	3.2189     	11.1082    	27.7969    	1.89448    	1.99539    	12.377     	8.80645    	1.58244    	2.53782    	6.97908	7.68402	6.33391	3.56193e-05	0.000216471	0.999884   	0.108316   	0.155097   	0.154995   	0.187149   	0.187178   	2.25654	
4e-10      	0.4        	0.222551   	-0.298781  	0.576598   	0.0431159  	-0.010179  	-0.0722572 	0.978434   	0.175776   	-0.121244  	0.583352   	0.547447   	0.0463134  	14.667     	26.5151    	3.8687     	8.34462    	19.3326    	24.268     	4.73016    	4.52016    	15.7407    	13.4601    	3.24839    	6.42519    	11.2559	11.7105	8.36243	-0.000235723	-0.000435123	0.999756   	0.07339    	0.151681   	0.147109   	0.204877   	0.204716   	2.58508	
4.1e-10    	0.2        	-0.431096  	-0.0417791 	-0.0546366 	0.0355531  	0.116063   	0.122573   	0.93686    	0.13281    	0.0176732  	-0.253477  	-0.204248  	0.0379489  	15.8385    	17.2829    	11.369     	9.64304    	35.2425    	28.1337    	7.71138    	7.77093    	20.6176    	21.2428    	12.2124    	7.37349    	9.08575	9.5469	11.4163	0.00236806 	-0.00100479	0.999067   	0.0378676  	0.151758   	0.151047   	0.190134   	0.190037   	2.85186	
4.2e-10    	-0         	-0.570438  	-0.0788251 	-0.0955156 	0.0535159  	0.460599   	-0.0541367 	0.737806   	0.10069    	-0.20604   	0.0887853  	-0.77762   	0.0777506  	20.5064    	39.0397    	28.8317    	22.0467    	48.999     	25.9083    	33.1342    	20.5356    	33.6869    	18.9267    	42.8787    	25.7953    	14.0749	12.4657	29.5155	0.0528952  	0.0171726  	0.420796   	0.0022978  	0.150353   	0.153331   	0.291022   	0.15919    	3.08482	
