#----------------------------------------------------------------------------------------------------------------------------------------------------------
# Output file for vampire simulation
#   time       : 2025-06-06 20:30:58     process id : 1810348
#   hostname   : thor7.psi.ch
#   path       : /scratch/dossan_f/Na2BaMn(PO4)2/vampire_tripleUC_3mat_2d_k0.35_Jnn0.11/output-Field8-0T-Bc_high_res_steps10000x10000/run_T_0.350
#   version    : 6.0.0
#   githash    : 4c9651daecc86c3e6b6df0c8055fcd9e89fd900c
#----------------------------------------------------------------------------------------------------------------------------------------------------------
2e-11      	8          	-0.000401095	-0.000595223	0.999895   	0.966147   	0.000913321	0.000201361	0.999302   	0.965606   	-0.000200517	0.000609778	0.999935   	0.965951   	2.75432    	3.8275     	29.7548    	25.9896    	2.79896    	0.846345   	89.2934    	66.0915    	0.624301   	1.53482    	41.7023    	39.6421    	4078.15	30301	8186.86	-4.05045e-06	-8.08524e-06	0.999999   	0.965825   	0.117028   	0.125167   	152.059    	152.051    	35873.6	
3e-11      	7.8        	-8.66199e-05	-0.000191669	0.999995   	0.964485   	0.00017804 	4.22169e-05	0.999994   	0.964486   	-8.43651e-05	0.000145067	0.999994   	0.964485   	0.443907   	0.431574   	0.0120433  	0.0120497  	0.467244   	0.475959   	0.0117417  	0.0117355  	0.477242   	0.479047   	0.0131115  	0.013116   	5.15833	5.12044	5.58125	2.33697e-06	-1.48873e-06	1          	0.964481   	0.122687   	0.116748   	0.0127866  	0.0127881  	1.3406	
4e-11      	7.6        	-3.05027e-05	-7.98677e-05	0.999994   	0.961634   	-8.7854e-05	8.26459e-05	0.999994   	0.96164    	0.000139074	1.27592e-05	0.999994   	0.961685   	0.533051   	0.530561   	0.014223   	0.0142051  	0.516865   	0.475002   	0.0145358  	0.0145467  	0.532486   	0.531878   	0.0138261  	0.0138204  	5.54288	5.52471	5.30529	6.90788e-06	5.19171e-06	1          	0.961647   	0.121564   	0.120157   	0.0157583  	0.0157579  	1.41788	
5e-11      	7.4        	-0.000215772	-0.000220812	0.999993   	0.958322   	1.38594e-06	0.000142194	0.999992   	0.958315   	0.00011233 	7.14517e-05	0.999993   	0.958317   	0.665542   	0.576117   	0.0173281  	0.0173162  	0.625689   	0.651251   	0.0173007  	0.0172949  	0.588481   	0.623688   	0.0179685  	0.0179658  	6.10492	5.97156	6.16347	-3.40078e-05	-2.38327e-06	1          	0.958311   	0.121946   	0.127064   	0.0199473  	0.0199474  	1.45629	
6e-11      	7.2        	1.33252e-05	-0.000318352	0.999992   	0.954331   	-4.45286e-05	0.000314586	0.999992   	0.954296   	-3.3608e-05	-3.23987e-05	0.999991   	0.954329   	0.69227    	0.705621   	0.0204864  	0.0204475  	0.716786   	0.644246   	0.0202019  	0.0202265  	0.711657   	0.723658   	0.0204455  	0.0204485  	6.55185	6.46682	6.41454	-2.1608e-05	-1.20078e-05	0.999999   	0.954311   	0.127974   	0.127648   	0.023528   	0.0235289  	1.44638	
7e-11      	7          	-0.000124314	5.4518e-05 	0.99999    	0.949484   	7.72071e-05	0.00022542 	0.99999    	0.949522   	1.62068e-05	-0.000307774	0.99999    	0.949473   	0.886263   	0.77114    	0.0251147  	0.0251201  	0.833807   	0.893047   	0.0256482  	0.0257034  	0.887436   	0.838661   	0.0254821  	0.0254719  	7.37642	7.41174	7.2477	-1.03021e-05	-9.27744e-06	0.999999   	0.949483   	0.12973    	0.133287   	0.0293193  	0.0293213  	1.4164	
8e-11      	6.8        	-0.000100294	0.000319129	0.999986   	0.943578   	5.95163e-05	-0.000289055	0.999988   	0.943584   	5.78658e-05	1.42801e-05	0.999987   	0.943609   	1.11514    	1.09144    	0.0312564  	0.031273   	0.982133   	0.977709   	0.0326722  	0.0326757  	1.00867    	1.05012    	0.0301863  	0.030163   	8.37692	8.40768	8.149	5.6213e-06 	1.47547e-05	0.999999   	0.943579   	0.134849   	0.136988   	0.0351373  	0.0351355  	1.36025	
9e-11      	6.6        	0.000132436	-0.000300267	0.999984   	0.936166   	6.71594e-05	-0.000156834	0.999983   	0.93618    	-0.000218017	0.000382243	0.999985   	0.936194   	1.14912    	1.39915    	0.0416112  	0.0416192  	1.35781    	1.42997    	0.0391631  	0.0392112  	1.25809    	1.22089    	0.0389193  	0.0388893  	9.64964	9.24436	9.64496	-6.13529e-06	-2.50425e-05	0.999999   	0.936165   	0.133457   	0.140146   	0.0435581  	0.0435573  	1.2611	
1e-10      	6.4        	-0.00036952	-0.000270325	0.999978   	0.926878   	-0.000365898	0.000479903	0.999978   	0.926864   	0.000640094	-0.000252829	0.999978   	0.926798   	1.56074    	1.85451    	0.0582491  	0.058213   	1.77905    	1.7169     	0.0564799  	0.0564403  	1.72562    	1.68434    	0.0533679  	0.0534092  	12.0323	11.9648	11.6543	-3.18325e-05	-1.42823e-05	0.999999   	0.926827   	0.145996   	0.138348   	0.0591446  	0.0591428  	1.29773	
1.1e-10    	6.2        	0.000119578	-0.000914079	0.999965   	0.914838   	0.000434943	0.000577887	0.999966   	0.914742   	-0.000416603	0.000348498	0.999965   	0.914861   	2.77579    	2.58375    	0.0751399  	0.0751005  	2.54568    	2.63416    	0.0731389  	0.0730391  	2.62192    	2.80012    	0.0721337  	0.0719401  	13.9928	13.6138	13.5707	4.5901e-05 	4.12079e-06	0.999999   	0.914782   	0.140407   	0.143358   	0.0774827  	0.077483   	1.26743	
1.2e-10    	6          	0.00190974 	-0.000175348	0.99994    	0.899237   	-0.000951196	-0.000465918	0.999942   	0.899284   	-0.00104177	0.000657057	0.999939   	0.899208   	4.4406     	4.20285    	0.110931   	0.110957   	4.35354    	4.18538    	0.11386    	0.113359   	4.98393    	4.04243    	0.115156   	0.115436   	18.3117	18.2119	19.4257	-2.75342e-05	4.98848e-06	0.999999   	0.89919    	0.143027   	0.146973   	0.112246   	0.112248   	1.17918	
1.3e-10    	5.8        	-0.00087379	-0.000450481	0.999882   	0.878984   	0.00144057 	-0.00188393	0.999888   	0.879318   	-0.000617031	0.00230609 	0.999865   	0.879088   	8.55922    	8.19399    	0.191481   	0.189735   	6.79543    	8.74843    	0.177472   	0.178554   	8.5645     	10.2884    	0.160301   	0.159867   	27.6347	28.5933	24.9377	-1.73411e-05	-9.64126e-06	0.999999   	0.879023   	0.150794   	0.141778   	0.140975   	0.140975   	1.30435	
1.4e-10    	5.6        	0.00366952 	0.00135755 	0.99971    	0.853523   	0.000611863	-0.00206602	0.999723   	0.853821   	-0.00435422	0.000816807	0.999665   	0.853808   	22.7037    	15.1385    	0.426755   	0.411009   	13.9253    	22.9368    	0.410589   	0.419143   	26.0013    	17.7315    	0.376071   	0.369455   	54.0095	53.5243	49.8724	-1.7954e-05	3.2187e-05 	0.999999   	0.853462   	0.148571   	0.148901   	0.213623   	0.213621   	1.55048	
1.5e-10    	5.4        	-0.0070436 	0.00346532 	0.999176   	0.82461    	0.016429   	-0.0345511 	0.998159   	0.822866   	-0.00929895	0.0310552  	0.99884    	0.824315   	34.267     	65.1855    	0.795402   	0.825776   	55.6364    	82.6433    	0.750789   	0.753842   	34.7554    	44.7145    	0.683237   	0.739373   	98.3452	82.154	83.6362	1.72915e-05	1.24496e-05	0.999999   	0.82288    	0.148281   	0.143903   	0.276631   	0.276631   	2.37084	
1.6e-10    	5.2        	-0.036818  	0.0226852  	0.996836   	0.798585   	0.0669315  	-0.0871095 	0.991796   	0.79288    	-0.0298134 	0.0645631  	0.996535   	0.78977    	215.827    	46.2368    	3.34992    	3.99731    	192.611    	54.8553    	2.38333    	2.18186    	50.9643    	56.6285    	3.99932    	4.42915    	398.209	254.348	404.718	3.37916e-05	2.07464e-05	0.999999   	0.789815   	0.144657   	0.151323   	0.293971   	0.293973   	3.3111	
1.7e-10    	5          	0.0618144  	0.0342518  	0.995464   	0.760287   	0.0982369  	-0.132111  	0.984837   	0.775934   	-0.162346  	0.100518   	0.980459   	0.763398   	195.694    	26.6598    	6.42947    	11.0599    	111.849    	56.5572    	6.41924    	9.63959    	50.819     	69.069     	3.7003     	3.17528    	648.078	672.683	354.951	-2.49277e-05	0.000149879	0.999999   	0.756471   	0.145203   	0.147433   	0.239053   	0.239054   	2.70926	
1.8e-10    	4.8        	0.223217   	0.00726341 	0.974018   	0.751058   	-0.0174271 	-0.223717  	0.973582   	0.734126   	-0.203842  	0.208739   	0.95532    	0.758761   	17.5506    	56.0517    	4.59416    	4.92902    	25.5606    	68.0258    	6.27463    	11.0423    	37.9166    	83.2735    	2.69951    	5.76549    	446.925	572.272	266.226	7.0704e-05 	-0.000228207	0.999999   	0.72367    	0.151406   	0.14369    	0.218172   	0.218176   	2.22984	
1.9e-10    	4.6        	0.20242    	-0.0218839 	0.977364   	0.715594   	-0.0152544 	-0.280357  	0.958123   	0.696377   	-0.180254  	0.279169   	0.941584   	0.750058   	100.236    	56.9422    	17.5667    	19.0304    	90.7421    	52.3199    	11.3356    	11.0084    	105.209    	35.6302    	17.7952    	3.55121    	1504.23	989.042	1581.41	-0.00049914	-0.000892225	0.999998   	0.690935   	0.154022   	0.163972   	0.21097    	0.210956   	2.00336	
2e-10      	4.4        	0.20004    	-0.00400533	0.976818   	0.66447    	-0.111776  	-0.290298  	0.949899   	0.676073   	-0.0832751 	0.273032   	0.956012   	0.71376    	196.975    	37.6583    	5.86894    	4.12607    	27.3218    	13.6018    	5.56403    	7.59764    	187.732    	37.5721    	4.06164    	15.7453    	478.105	457.115	344.9	-0.00134304	-0.00198164	0.999996   	0.65781    	0.15315    	0.160349   	0.215736   	0.215677   	1.95807	
2.1e-10    	4.2        	0.156351   	-0.000410816	0.985525   	0.616604   	-0.194525  	-0.248563  	0.947398   	0.636972   	0.0332983  	0.225631   	0.97304    	0.680246   	57.2124    	92.1245    	5.93267    	4.23134    	17.1252    	93.3259    	2.96961    	7.55295    	33.5358    	14.8163    	5.8048     	4.04577    	435.886	230.423	462.979	-0.00260845	-0.00286804	0.999991   	0.624335   	0.198337   	0.161957   	0.216816   	0.216718   	1.93229	
2.2e-10    	4          	0.348241   	-0.143458  	0.923068   	0.612085   	-0.2715    	-0.180559  	0.943952   	0.598468   	-0.0876607 	0.283449   	0.954014   	0.67209    	200.873    	32.6008    	1.45564    	28.3645    	62.1026    	28.8055    	1.8333     	5.74202    	54.3838    	23.82      	1.93825    	4.06532    	110.747	140.385	151.141	-0.00423101	-0.00318504	0.999984   	0.590191   	0.194796   	0.155716   	0.22048    	0.220397   	1.95836	
2.3e-10    	3.8        	0.447222   	-0.211986  	0.868105   	0.604485   	-0.306796  	-0.199306  	0.93007    	0.563404   	-0.154082  	0.349199   	0.92356    	0.667757   	34.3722    	25.1318    	1.29096    	11.7257    	23.3424    	12.3553    	1.2682     	4.11224    	20.7324    	39.9991    	1.29718    	6.13702    	95.1301	99.1321	96.5037	-0.00320352	-0.00438375	0.999983   	0.555068   	0.169827   	0.166391   	0.249727   	0.249662   	1.95723	
2.4e-10    	3.6        	0.370256   	-0.268566  	0.887805   	0.543263   	-0.267363  	-0.270766  	0.924122   	0.521969   	-0.102454  	0.419825   	0.900706   	0.656738   	69.782     	12.7805    	0.873709   	12.7361    	14.4774    	18.2466    	0.991698   	3.64398    	67.4271    	13.546     	0.88399    	3.01354    	65.1649	75.056	70.7929	-0.00346922	-0.00743754	0.999964   	0.518657   	0.191173   	0.166879   	0.26687    	0.26671    	1.85141	
2.5e-10    	3.4        	0.331044   	-0.383863  	0.858369   	0.509229   	-0.333323  	-0.23822   	0.908027   	0.480967   	-0.0313724 	0.463748   	0.885074   	0.640751   	36.2178    	151.625    	1.05745    	39.5026    	37.755     	126.806    	0.978128   	2.89117    	14.696     	9.23353    	0.778917   	2.10452    	75.7947	68.7555	64.0461	-0.00791747	-0.00995805	0.999916   	0.480103   	0.166526   	0.221964   	0.320328   	0.319597   	1.74637	
2.6e-10    	3.2        	0.40518    	-0.394     	0.823638   	0.46881    	-0.402762  	-0.199177  	0.892759   	0.43262    	-0.0476776 	0.420053   	0.905539   	0.598421   	6.99069    	47.9634    	1.10176    	10.8392    	10.7878    	11.09      	1.11358    	4.15828    	9.63559    	39.8222    	0.766852   	7.7848     	69.616	73.0061	66.3011	-0.00983325	-0.0150023 	0.999835   	0.438037   	0.187793   	0.235279   	0.512291   	0.511616   	1.88136	
2.7e-10    	3          	0.289871   	-0.332489  	0.895888   	0.364271   	-0.243803  	-0.187118  	0.949909   	0.344167   	-0.064748  	0.303138   	0.950275   	0.541663   	23.3579    	17.3752    	1.74756    	7.94918    	17.7761    	20.0093    	1.29367    	3.79718    	11.7198    	14.3562    	0.843148   	2.71199    	79.0902	69.0971	78.3676	-0.0114295 	-0.0184148 	0.999756   	0.389353   	0.449694   	0.290665   	1.09221    	1.09235    	2.18579	
2.8e-10    	2.8        	0.01773    	-0.00607297	0.995249   	0.271556   	-0.0143187 	-0.012137  	0.996576   	0.271545   	-0.00323205	0.00971012 	0.998703   	0.491201   	44.8465    	25.6374    	1.19727    	5.30353    	30.0848    	18.4959    	1.17457    	3.44132    	10.7412    	47.1332    	0.269094   	1.33499    	20.7903	21.0337	35.4942	-0.000531821	-0.000499661	0.99999    	0.343762   	0.299653   	0.34708    	1.57395    	1.57926    	2.63667	
2.9e-10    	2.6        	0.000208125	0.0010698  	0.99935    	0.254796   	0.00198436 	-0.00518127	0.999396   	0.254668   	-0.00094698	0.00233372 	0.999832   	0.480862   	4.0526     	3.72469    	0.141204   	0.145336   	3.36964    	3.67213    	0.137233   	0.139371   	3.64149    	3.39974    	0.109027   	0.11241    	6.88086	6.7882	6.13081	0.000107887	8.13632e-05	0.999995   	0.329977   	0.150961   	0.155886   	0.0776146  	0.0776096  	1.60362	
3e-10      	2.4        	0.00582754 	9.87625e-05	0.999508   	0.244745   	-0.00575526	0.000591999	0.999487   	0.244766   	-0.000154232	-0.000278758	0.999859   	0.473234   	2.54603    	2.70357    	0.0951645  	0.0962767  	2.94619    	2.52943    	0.0934843  	0.0945126  	2.67645    	3.14069    	0.0834508  	0.0840822  	4.57298	4.69761	4.82617	-6.02392e-05	3.9777e-05 	0.999995   	0.320813   	0.140095   	0.143806   	0.0483904  	0.0483946  	1.55903	
3.1e-10    	2.2        	0.00224123 	-0.000435008	0.999508   	0.23588    	0.000803833	0.00141873 	0.999533   	0.235982   	-0.00155703	-0.000482415	0.999884   	0.465252   	2.60368    	2.41646    	0.0812113  	0.0817583  	2.45177    	2.33055    	0.0878504  	0.0912196  	2.36295    	2.19344    	0.0799732  	0.0805127  	3.78016	4.02685	4.21593	-6.23457e-06	6.9363e-06 	0.999995   	0.312279   	0.138615   	0.140345   	0.0458426  	0.0458401  	1.60599	
3.2e-10    	2          	0.00104831 	0.00276471 	0.999488   	0.226658   	0.000200474	-0.005828  	0.999421   	0.226544   	-0.000480639	0.00161474 	0.999863   	0.455654   	2.3562     	2.45067    	0.0871306  	0.088683   	2.31092    	3.01108    	0.0866969  	0.0892859  	2.82841    	2.35898    	0.0882413  	0.0881919  	3.56264	3.7624	4.12195	7.03269e-05	4.42489e-05	0.999994   	0.302851   	0.139979   	0.143102   	0.0556862  	0.055691   	1.53098	
3.3e-10    	1.8        	-0.00299572	-0.00349522	0.999268   	0.215029   	0.000619476	-0.00250923	0.999164   	0.215035   	0.000987258	0.00301616 	0.999792   	0.442989   	3.13311    	3.02046    	0.105547   	0.108049   	3.82452    	3.27391    	0.112448   	0.114652   	3.71061    	3.6423     	0.116779   	0.117552   	4.68381	4.78194	4.63305	-8.67557e-05	4.88486e-05	0.999994   	0.290876   	0.147106   	0.146568   	0.0822771  	0.0822823  	1.43962	
3.4e-10    	1.6        	0.00398042 	0.00256765 	0.997774   	0.198717   	-0.00393654	-0.0211863 	0.997373   	0.198957   	-8.39675e-05	0.00871909 	0.999399   	0.42379    	8.61943    	7.51675    	0.150179   	0.164402   	8.62096    	8.83642    	0.154007   	0.155594   	9.20726    	9.42445    	0.187764   	0.198239   	6.54085	6.35081	6.69302	-2.7059e-05	-2.08765e-05	0.999993   	0.273416   	0.148101   	0.149225   	0.148392   	0.148384   	1.56703	
3.5e-10    	1.4        	0.0493112  	-0.137311  	0.98078    	0.17494    	-0.153649  	0.0723197  	0.972165   	0.176271   	0.0476267  	0.0289504  	0.996819   	0.392705   	16.7462    	32.1033    	0.300088   	1.27649    	31.1404    	44.8171    	0.346192   	1.16892    	24.8658    	21.3796    	0.454786   	0.538719   	10.6014	10.7577	10.221	9.79114e-05	-5.19121e-05	0.999991   	0.24476    	0.149392   	0.149764   	0.441141   	0.441123   	2.3485	
3.6e-10    	1.2        	0.243243   	-0.203392  	0.931002   	0.147879   	-0.532734  	-0.229522  	0.799657   	0.172455   	0.154318   	0.194278   	0.966303   	0.361199   	41.2017    	28.6375    	0.464125   	3.94857    	24.1502    	50.3693    	0.516363   	9.2029     	17.715     	41.534     	0.551703   	2.97708    	11.9544	11.2213	13.655	4.18274e-05	-6.15375e-06	0.999987   	0.207952   	0.149514   	0.152963   	0.597499   	0.597481   	3.67507	
3.7e-10    	1          	0.496058   	0.0742055  	0.833394   	0.127006   	-0.742223  	-0.46282   	0.469737   	0.225707   	0.304627   	0.279567   	0.90766    	0.341663   	36.4389    	48.0205    	0.513168   	6.10927    	41.1181    	38.9422    	0.498852   	12.9166    	15.8645    	42.9197    	0.590655   	3.67668    	12.0297	11.7926	12.7275	0.000183794	1.71355e-05	0.999982   	0.173728   	0.149066   	0.153093   	0.265134   	0.265157   	1.65267	
3.8e-10    	0.8        	0.62625    	0.317292   	0.686497   	0.108967   	-0.704377  	-0.604308  	0.36243    	0.209047   	0.261436   	0.300436   	0.911399   	0.301151   	19.024     	27.8751    	0.798509   	7.4315     	62.7339    	16.9308    	0.838947   	51.9435    	61.9323    	41.6356    	1.06931    	15.303     	12.8423	13.6346	15.1089	-0.000118406	-7.05538e-05	0.999972   	0.141035   	0.154543   	0.151443   	0.230954   	0.230943   	1.70526	
3.9e-10    	0.6        	0.502471   	0.785989   	0.348437   	0.12861    	-0.66871   	-0.607678  	0.386776   	0.125335   	0.074954   	-0.0899959 	0.973061   	0.244433   	12.5772    	7.23076    	1.20013    	8.3552     	72.7718    	141.684    	1.52197    	168.588    	86.1829    	134.19     	1.83523    	2.86686    	13.836	14.9007	17.4131	7.22131e-05	-0.000152019	0.999953   	0.108793   	0.151799   	0.153849   	0.224629   	0.22455    	1.70585	
4e-10      	0.4        	0.762923   	0.631459   	0.104702   	0.14137    	-0.951295  	-0.279617  	0.0983341  	0.156744   	0.197307   	-0.217075  	0.951863   	0.210438   	15.8566    	13.1608    	2.52742    	16.6603    	26.9049    	11.1565    	2.21544    	24.5807    	16.2256    	15.9108    	2.92895    	2.73444    	15.2585	14.8214	15.6889	0.00104313 	0.000391397	0.999902   	0.0767402  	0.155516   	0.162148   	0.207733   	0.207767   	1.69568	
4.1e-10    	0.2        	0.949309   	0.157226   	-0.108805  	0.119248   	-0.981942  	-0.103411  	-0.0727216 	0.173477   	0.327921   	-0.000498879	0.931011   	0.171404   	11.047     	86.7297    	4.47385    	16.0778    	21.4222    	48.4719    	3.20382    	21.6744    	42.2695    	29.8707    	6.90595    	11.6384    	15.9946	14.2075	20.1355	-0.0028436 	9.75139e-05	0.999702   	0.0446066  	0.168365   	0.154667   	0.205587   	0.205403   	1.52952	
4.2e-10    	-0         	0.965796   	-0.0394154 	-0.130958  	0.115519   	-0.856768  	0.0283959  	-0.449856  	0.15465    	0.156735   	-0.0334332 	0.965937   	0.113638   	15.7601    	38.619     	28.2577    	19.881     	18.9449    	106.192    	48.6543    	32.3103    	12.7861    	34.9487    	22.8985    	22.0852    	35.0019	93.0925	52.0809	-0.135172  	-0.124283  	0.95794    	0.00842509 	0.357663   	0.210315   	1.66464    	1.4211     	1.70114	
