#----------------------------------------------------------------------------------------------------------------------------------------------------------
# Output file for vampire simulation
#   time       : 2025-06-06 20:38:27     process id : 1678684
#   hostname   : thor10.psi.ch
#   path       : /scratch/dossan_f/Na2BaMn(PO4)2/vampire_tripleUC_3mat_2d_k0.35_Jnn0.11/output-Field8-0T-Bc_high_res_steps10000x10000/run_T_1.050
#   version    : 6.0.0
#   githash    : 4c9651daecc86c3e6b6df0c8055fcd9e89fd900c
#----------------------------------------------------------------------------------------------------------------------------------------------------------
2e-11      	8          	-4.52625e-05	-0.000335819	0.999986   	0.910704   	7.33419e-06	0.000205484	0.999986   	0.91073    	-7.72303e-06	1.60323e-05	0.999987   	0.910728   	0.33764    	0.364979   	5.87502    	5.87031    	0.320439   	0.330009   	5.53649    	5.52633    	0.329986   	0.340129   	6.54553    	6.54325    	579.59	526.283	688.186	-1.56571e-05	-3.91371e-05	0.999999   	0.91071    	0.106382   	0.111047   	17.8848    	17.8841    	1776.93	
3e-11      	7.8        	-1.38477e-05	-5.14044e-05	0.999986   	0.906079   	2.59833e-06	-0.000108842	0.999986   	0.906088   	-2.1314e-06	0.000102326	0.999985   	0.906097   	0.352351   	0.345662   	0.0285749  	0.0285817  	0.363163   	0.357972   	0.0278825  	0.0279065  	0.367476   	0.38212    	0.0285408  	0.0285735  	4.45358	4.39356	4.59374	-4.50812e-06	-1.92442e-05	0.999998   	0.906077   	0.11706    	0.119719   	0.0274054  	0.0274041  	1.33087	
4e-11      	7.6        	8.82365e-06	3.98098e-06	0.999985   	0.900401   	2.64133e-05	2.46333e-05	0.999985   	0.900414   	-5.165e-05 	-5.68517e-05	0.999984   	0.900475   	0.366367   	0.37105    	0.030595   	0.0305821  	0.387306   	0.378527   	0.032861   	0.0328687  	0.382271   	0.390142   	0.0307151  	0.0307315  	4.50193	4.79212	4.54845	-5.45448e-06	-9.39492e-06	0.999998   	0.900417   	0.115381   	0.113595   	0.0301123  	0.0301133  	1.27153	
5e-11      	7.4        	0.000420354	0.000163249	0.999982   	0.894077   	-0.000179733	-0.000422512	0.999983   	0.894047   	-0.000348062	0.000149577	0.999983   	0.894097   	0.425568   	0.442179   	0.0325492  	0.0325432  	0.415558   	0.422337   	0.0359586  	0.0359527  	0.435865   	0.403537   	0.0347825  	0.0347496  	4.64459	4.96511	4.86289	-3.5933e-05	-3.65533e-05	0.999998   	0.894059   	0.117896   	0.118514   	0.0322614  	0.0322589  	1.278	
6e-11      	7.2        	6.32186e-05	-0.000387638	0.999981   	0.887043   	-2.05149e-05	0.000124431	0.999981   	0.886987   	-7.95866e-05	0.000123358	0.99998    	0.887064   	0.427939   	0.464717   	0.0398801  	0.0398854  	0.42667    	0.487041   	0.0408134  	0.0407967  	0.473723   	0.497467   	0.040633   	0.0406658  	5.08948	5.2216	5.32823	-1.23236e-05	-4.66981e-05	0.999998   	0.887016   	0.12151    	0.120646   	0.0376622  	0.0376654  	1.25119	
7e-11      	7          	0.000379638	0.000465827	0.999978   	0.879116   	-0.00020006	-4.26484e-05	0.999978   	0.879092   	-0.000185019	-0.000365809	0.999977   	0.879186   	0.499328   	0.523617   	0.045656   	0.0456555  	0.520293   	0.519557   	0.0462472  	0.0462071  	0.546101   	0.52853    	0.0469841  	0.0470142  	5.47014	5.66588	5.51462	-1.74861e-06	1.91543e-05	0.999998   	0.879113   	0.122916   	0.121423   	0.0426537  	0.0426482  	1.21079	
8e-11      	6.8        	0.000192623	-0.000327624	0.999977   	0.870352   	-0.000417253	-0.000277658	0.999977   	0.87042    	0.000142028	0.000526481	0.999977   	0.87027    	0.518983   	0.563782   	0.0492859  	0.0492904  	0.559767   	0.525997   	0.0539063  	0.0539539  	0.538695   	0.526475   	0.0507326  	0.050771   	5.56415	6.00627	5.72725	-2.74611e-05	-2.62016e-05	0.999998   	0.870329   	0.129304   	0.121011   	0.0465268  	0.0465265  	1.19707	
9e-11      	6.6        	-0.000283665	0.000163225	0.999973   	0.860311   	0.000564006	4.45432e-05	0.999973   	0.860387   	-0.000278622	-4.88656e-05	0.999972   	0.860421   	0.629768   	0.606018   	0.0615274  	0.0615894  	0.624032   	0.615429   	0.0617943  	0.0617915  	0.61388    	0.644508   	0.0592589  	0.0592836  	6.26303	6.48387	6.2843	5.79627e-07	5.32104e-05	0.999998   	0.860351   	0.126667   	0.122393   	0.0537065  	0.0537067  	1.19534	
1e-10      	6.4        	1.50323e-05	-0.000288386	0.999969   	0.849218   	2.82691e-05	0.000608317	0.999967   	0.849204   	-0.000140787	-0.00020579	0.999968   	0.849192   	0.64792    	0.708619   	0.0689418  	0.0689184  	0.737671   	0.715164   	0.0692116  	0.0691014  	0.688563   	0.748366   	0.068919   	0.0689004  	6.7255	6.74218	6.63303	-3.25197e-05	3.8053e-05 	0.999998   	0.849179   	0.128269   	0.125177   	0.0604939  	0.0604911  	1.13264	
1.1e-10    	6.2        	0.000383533	-0.000331588	0.999962   	0.836729   	-0.00033257	0.000498951	0.999962   	0.836661   	-1.54751e-06	-1.04158e-05	0.999963   	0.83666    	0.847323   	0.776591   	0.0781629  	0.0780856  	0.843306   	0.796084   	0.0792812  	0.0792684  	0.778195   	0.829494   	0.0803715  	0.0801823  	7.18809	7.20235	7.13131	1.67372e-05	5.25832e-05	0.999998   	0.836653   	0.136419   	0.135358   	0.0655257  	0.0655309  	1.07568	
1.2e-10    	6          	0.000381402	0.000549624	0.999958   	0.822694   	-0.000555911	1.88293e-05	0.999954   	0.822566   	6.64423e-05	-0.000503174	0.999956   	0.822734   	0.830428   	0.91686    	0.0994713  	0.0994494  	0.913468   	0.974746   	0.102625   	0.102325   	0.8712     	0.935578   	0.0967454  	0.0966821  	8.10411	8.72646	8.10887	-3.59761e-05	2.16322e-05	0.999998   	0.82263    	0.134181   	0.134508   	0.07717    	0.0771665  	1.07473	
1.3e-10    	5.8        	0.000461863	0.000413853	0.999946   	0.807039   	-0.000101899	-0.000811493	0.999946   	0.807058   	-0.000452083	0.000271416	0.99995    	0.806949   	1.06448    	1.07517    	0.110268   	0.110147   	1.09299    	1.03816    	0.119695   	0.119709   	1.024      	0.977897   	0.117012   	0.116948   	8.4961	9.12976	9.27076	-3.10679e-05	-4.20532e-05	0.999998   	0.806975   	0.137985   	0.129372   	0.0839519  	0.0839619  	1.02314	
1.4e-10    	5.6        	0.000549087	0.000590854	0.999936   	0.789559   	0.000369355	-0.000878385	0.999936   	0.789738   	-0.000940835	0.00033034 	0.999937   	0.789572   	1.28689    	1.16639    	0.138123   	0.138314   	1.18133    	1.27042    	0.142839   	0.142831   	1.20439    	1.18744    	0.142375   	0.142516   	10.0422	10.0371	10.3171	-7.49355e-06	1.38691e-05	0.999998   	0.789575   	0.135088   	0.133569   	0.0963041  	0.0963018  	1.02473	
1.5e-10    	5.4        	-0.000196989	-0.000448261	0.999915   	0.770425   	-0.000372854	5.64293e-05	0.999924   	0.770352   	0.000326848	0.000399481	0.999921   	0.770366   	1.52715    	1.56608    	0.167068   	0.166994   	1.42258    	1.34757    	0.164963   	0.164798   	1.5898     	1.27827    	0.152343   	0.152542   	11.1059	11.1216	10.4026	-8.08283e-05	2.49211e-06	0.999997   	0.770321   	0.142064   	0.136939   	0.103192   	0.103199   	0.985728	
1.6e-10    	5.2        	-0.000351249	0.00154818 	0.999909   	0.749545   	0.000148154	-0.00125537	0.999906   	0.74931    	0.000193542	-0.000446728	0.999909   	0.749267   	1.58066    	1.53008    	0.184888   	0.184737   	1.49934    	1.72194    	0.188911   	0.188863   	1.36144    	1.76016    	0.197607   	0.197497   	11.1882	11.6113	12.1267	-2.0338e-06	-5.2742e-05	0.999997   	0.749307   	0.137813   	0.148083   	0.117078   	0.117084   	1.02238	
1.7e-10    	5          	-0.00173743	-0.0013199 	0.999873   	0.726631   	0.001069   	0.000516188	0.99988    	0.726459   	0.000631616	0.000920597	0.999879   	0.726754   	1.88734    	2.16644    	0.246487   	0.245728   	1.7234     	2.13699    	0.242729   	0.242622   	1.92338    	1.99278    	0.245233   	0.244853   	13.8416	14.0128	13.9198	-1.29181e-05	3.78783e-05	0.999997   	0.726527   	0.144086   	0.145041   	0.124778   	0.124786   	0.970136	
1.8e-10    	4.8        	0.000217457	-0.00027866	0.999849   	0.70229    	0.0010163  	0.000513889	0.999843   	0.701878   	-0.00112127	-0.000190482	0.999851   	0.702072   	2.31629    	2.26895    	0.312374   	0.312264   	2.47003    	2.25704    	0.297492   	0.29742    	2.19977    	2.29687    	0.320429   	0.32031    	16.0302	15.7283	17.0719	3.60442e-05	1.5467e-05 	0.999997   	0.701975   	0.139011   	0.141415   	0.134288   	0.134289   	1.03001	
1.9e-10    	4.6        	-0.000617181	-0.0010245 	0.999809   	0.675997   	-0.000980977	-0.00145915	0.999812   	0.675936   	0.00158214 	0.00240686 	0.9998     	0.676074   	3.1127     	2.2282     	0.349351   	0.349887   	2.59624    	2.62667    	0.365862   	0.36674    	3.04325    	2.46304    	0.357842   	0.357833   	17.4021	17.0833	17.5246	-5.08095e-06	-2.67506e-05	0.999997   	0.675874   	0.146628   	0.146306   	0.132653   	0.13265    	0.996433	
2e-10      	4.4        	0.000387928	0.000661615	0.999754   	0.649084   	-0.00229083	-0.004054  	0.999749   	0.648526   	0.00174972 	0.00312131 	0.999776   	0.648406   	3.08355    	3.26051    	0.488616   	0.488125   	3.02382    	3.18371    	0.484521   	0.483999   	2.95677    	2.6699     	0.474159   	0.477389   	21.1997	20.3458	21.2669	-4.61172e-05	-9.09581e-05	0.999996   	0.648519   	0.148083   	0.143373   	0.146155   	0.146147   	1.05848	
2.1e-10    	4.2        	-0.00183959	0.00559702 	0.999679   	0.619899   	0.00372679 	-0.00165237	0.999711   	0.620074   	-0.00186738	-0.0037958 	0.999694   	0.620313   	3.58252    	3.57295    	0.626598   	0.625641   	3.24124    	3.37977    	0.537962   	0.538838   	3.68285    	3.33006    	0.582455   	0.580206   	24.2633	21.7879	23.0754	5.24225e-06	5.19431e-05	0.999996   	0.619909   	0.147226   	0.143532   	0.152278   	0.152266   	1.17314	
2.2e-10    	4          	0.00251901 	0.000162164	0.999563   	0.590399   	0.00449947 	-0.000265911	0.999603   	0.590829   	-0.00714908	0.000248484	0.999594   	0.590658   	4.49199    	4.80065    	0.701345   	0.702764   	3.9778     	4.30612    	0.71597    	0.714112   	4.15467    	3.98799    	0.862506   	0.857676   	25.0656	25.2715	29.4967	-4.46192e-05	4.19532e-05	0.999996   	0.590387   	0.143678   	0.143002   	0.155434   	0.155429   	1.19979	
2.3e-10    	3.8        	-0.00154819	-0.00192513	0.999453   	0.560341   	-0.00349828	-0.000325832	0.999397   	0.56055    	0.0048506  	0.00227386 	0.999447   	0.560549   	5.99768    	4.47695    	0.995603   	0.986747   	7.27411    	4.23714    	1.12739    	1.13033    	5.96052    	4.43707    	0.991109   	0.991396   	31.3935	35.4412	32.7291	-7.78343e-05	-1.35238e-05	0.999995   	0.560164   	0.146377   	0.139742   	0.156937   	0.156925   	1.17299	
2.4e-10    	3.6        	0.000855901	-0.000961003	0.99925    	0.52951    	0.00190915 	-0.00432594	0.999395   	0.530077   	-0.00278803	0.0052252  	0.999337   	0.529837   	6.48287    	6.44191    	1.21381    	1.22374    	5.33392    	4.91145    	1.33952    	1.33833    	5.74236    	5.33844    	1.43674    	1.4145     	33.232	38.8722	39.7366	-1.30455e-06	-2.48608e-05	0.999994   	0.529455   	0.141956   	0.145817   	0.162873   	0.162883   	1.2979	
2.5e-10    	3.4        	0.0102984  	-0.00395499	0.999097   	0.498028   	-0.00983675	0.000472927	0.999127   	0.498752   	-0.000563721	0.00343405 	0.999258   	0.499586   	6.66189    	6.17869    	1.58362    	1.59549    	7.21825    	5.36173    	1.86554    	1.85964    	6.23042    	5.03939    	1.9362     	1.93519    	39.0485	46.0353	47.2273	-3.44296e-05	1.06817e-05	0.999994   	0.498373   	0.146503   	0.142609   	0.157605   	0.157606   	1.37837	
2.6e-10    	3.2        	0.0011235  	0.00567239 	0.998856   	0.46756    	0.0072906  	-0.00405315	0.998856   	0.467334   	-0.00855047	-0.00182571	0.99882    	0.467691   	7.04217    	8.10448    	2.80656    	2.81145    	8.26054    	6.57419    	2.80355    	2.78       	7.29841    	8.01901    	2.66625    	2.65669    	59.8234	61.2499	55.7935	-3.16606e-05	-4.004e-05 	0.999993   	0.466991   	0.143013   	0.146233   	0.166779   	0.166783   	1.54224	
2.7e-10    	3          	0.00375965 	0.00150513 	0.998657   	0.435706   	0.00156432 	-0.00323696	0.998813   	0.438366   	-0.00538483	0.00190236 	0.998798   	0.43425    	7.74113    	7.81362    	3.90642    	3.90663    	7.37771    	6.46328    	4.09592    	4.05519    	6.97209    	6.65019    	4.54201    	4.49344    	72.9309	75.0166	81.6383	-8.87341e-05	-8.81249e-07	0.999992   	0.435569   	0.144857   	0.141708   	0.163095   	0.163096   	1.65885	
2.8e-10    	2.8        	0.00506984 	-0.00253017	0.998649   	0.406938   	0.00150683 	0.00441896 	0.998328   	0.396754   	-0.00557582	-0.001574  	0.998437   	0.409895   	8.14289    	5.44765    	6.77089    	6.7821     	7.05108    	8.93279    	10.6648    	10.6443    	7.00139    	8.76678    	9.41814    	9.3436     	103.412	162.388	143.232	0.000128523	7.18472e-05	0.99999    	0.403916   	0.145293   	0.141287   	0.166928   	0.166907   	1.91248	
2.9e-10    	2.6        	-0.00158751	0.00525674 	0.998353   	0.356887   	-0.00529529	0.000736514	0.998592   	0.395391   	0.0064388  	-0.0057517 	0.998377   	0.365258   	6.87968    	5.74247    	17.4429    	17.3933    	6.52105    	6.88675    	18.8305    	18.8719    	7.70964    	5.27726    	13.5215    	13.5431    	219.401	244.367	171.014	4.95663e-05	0.000110947	0.999989   	0.371939   	0.140496   	0.142424   	0.160986   	0.160984   	2.25108	
3e-10      	2.4        	-0.00942824	-0.00986654	0.99497    	0.214618   	0.0136391  	0.0129115  	0.998114   	0.360649   	-0.00658941	-0.00456033	0.99921    	0.439172   	7.34553    	6.25897    	44.8448    	44.8788    	6.70616    	6.52452    	12.2908    	12.0666    	4.55509    	4.23959    	24.7412    	24.677     	385.972	128.829	328.564	0.000114379	5.07798e-05	0.999986   	0.337463   	0.148614   	0.142406   	0.382162   	0.382137   	20.2672	
3.1e-10    	2.2        	-0.0430752 	0.0267578  	-0.590178  	0.05625    	0.00764504 	0.000543181	0.998838   	0.348649   	-6.66917e-05	-0.00201925	0.999688   	0.607228   	4.12528    	5.13494    	54.4837    	16.0253    	3.4466     	4.89738    	8.635      	8.59317    	3.76596    	3.24313    	29.1697    	29.1785    	332.076	95.5115	308.688	-0.000160414	9.63516e-05	0.999984   	0.305098   	0.138774   	0.13275    	0.216211   	0.216218   	16.7741	
3.2e-10    	2          	0.0190603  	0.00353023 	-0.985187  	0.0971585  	-0.00843759	-0.00413899	0.999007   	0.337229   	0.00180988 	0.00198853 	0.999772   	0.600955   	4.06119    	4.16341    	2.04932    	1.93589    	2.98012    	3.49365    	22.1501    	22.0894    	2.53452    	2.43623    	22.6126    	22.6156    	11.8456	150.386	118.857	-7.7671e-06	-6.05703e-05	0.999981   	0.280665   	0.134794   	0.135518   	0.11526    	0.115271   	4.95027	
3.3e-10    	1.8        	0.00966316 	0.00457519 	-0.992498  	0.119056   	0.00135592 	-0.00278833	0.999336   	0.36607    	-0.00310272	0.000690872	0.999699   	0.528326   	3.41789    	2.97292    	1.74581    	1.7149     	2.89219    	2.52168    	1.22119    	1.21804    	2.36027    	2.70959    	0.926805   	0.927842   	7.24623	8.92692	9.20027	-5.24602e-05	-0.000127735	0.999978   	0.258615   	0.135677   	0.139973   	0.111858   	0.111837   	3.25677	
3.4e-10    	1.6        	0.00615972 	0.00116866 	-0.995129  	0.142675   	0.00116425 	0.00235719 	0.999271   	0.345395   	-0.00264464	-0.0022174 	0.999657   	0.506595   	2.83459    	3.16373    	1.47143    	1.44609    	2.79669    	2.532      	1.12945    	1.1355     	2.45368    	2.85246    	1.0006     	0.998926   	4.77215	6.96619	7.51882	-0.000115109	-0.000169641	0.999973   	0.236533   	0.142182   	0.138175   	0.113363   	0.113364   	2.7945	
3.5e-10    	1.4        	-0.000726756	-0.00391661	-0.995337  	0.15843    	-0.0016794 	0.00121452 	0.998944   	0.318697   	0.00168397 	0.000363453	0.999529   	0.478448   	3.47529    	3.6513     	1.76004    	1.74324    	3.25778    	3.32412    	1.26746    	1.27222    	3.08222    	3.51759    	1.06164    	1.06095    	4.58337	6.91478	6.7365	0.000206674	-8.04674e-05	0.999966   	0.212971   	0.142878   	0.139424   	0.128233   	0.128231   	2.9092	
3.6e-10    	1.2        	0.00934401 	-0.00168492	-0.99601   	0.171303   	0.000520116	-0.00164102	0.998694   	0.291145   	-0.00367039	0.00149648 	0.999433   	0.442694   	3.74156    	3.38141    	2.41629    	2.43255    	3.87466    	2.90078    	1.52291    	1.51779    	3.45028    	3.2702     	1.55786    	1.55407    	5.73776	6.36459	6.73351	0.000259619	-0.000248114	0.999956   	0.187538   	0.13927    	0.14334    	0.134319   	0.134303   	2.82184	
3.7e-10    	1          	0.00539662 	0.00576906 	-0.99469   	0.170521   	-0.00148962	-0.00103411	0.998055   	0.253555   	-0.00143809	-0.00189151	0.999009   	0.395386   	5.16732    	4.04741    	3.31539    	3.23358    	3.54041    	4.12378    	2.11762    	2.11856    	4.90547    	4.59486    	3.16827    	3.17831    	4.84785	6.16798	8.7196	-0.000125618	-0.000125543	0.999938   	0.159487   	0.145889   	0.146327   	0.153299   	0.153301   	3.60629	
3.8e-10    	0.8        	0.0184256  	-0.0199993 	-0.990282  	0.13939    	-0.00502609	0.01725    	0.994927   	0.212686   	-0.00456852	-0.00389233	0.997775   	0.311787   	5.18706    	5.51254    	13.1908    	13.0381    	6.88683    	6.46754    	8.42985    	8.31187    	7.56984    	5.32524    	12.9683    	12.8535    	6.63872	10.138	14.2033	-7.5434e-05	-1.66153e-05	0.999904   	0.128229   	0.149106   	0.142807   	0.179429   	0.179434   	5.90462	
3.9e-10    	0.6        	0.0156477  	-0.0292632 	0.162059   	0.0591972  	-0.0211166 	0.0090231  	0.976316   	0.115528   	0.00120574 	0.0104264  	0.985884   	0.172735   	5.6006     	5.60232    	128.518    	32.149     	8.21503    	5.76556    	34.653     	33.4047    	6.16017    	6.59947    	156.373    	153.188    	19.6548	16.0199	51.1507	-0.00010831	0.000215645	0.999823   	0.0949072  	0.147447   	0.146054   	0.195924   	0.195831   	7.04354	
4e-10      	0.4        	-0.0302847 	0.0248194  	0.6107     	0.0493981  	0.0767972  	-0.0358037 	0.883332   	0.0929258  	-0.107928  	-0.0471328 	0.779888   	0.0703718  	7.88083    	7.39749    	38.9902    	20.844     	7.46169    	8.73454    	74.5594    	66.1987    	6.68444    	4.72686    	53.479     	37.4613    	6.90975	10.9051	9.73332	-0.000435267	-0.000246543	0.999599   	0.0628305  	0.143981   	0.147134   	0.164397   	0.164248   	2.34954	
4.1e-10    	0.2        	-0.187321  	0.0559341  	0.169064   	0.0500787  	0.117234   	-0.0704016 	0.620567   	0.0570258  	0.0383721  	-0.00556914	0.584226   	0.0435522  	6.94351    	6.51321    	79.8153    	29.7428    	7.77847    	7.96143    	51.6876    	26.9466    	5.46131    	8.43033    	30.6186    	15.2954    	7.43289	5.64778	6.43598	-0.00131542	-0.00095305	0.998387   	0.0313627  	0.145043   	0.145923   	0.166343   	0.166082   	2.26771	
4.2e-10    	-0         	-0.0126322 	0.0889146  	-0.288704  	0.0472312  	-0.0133377 	-0.0638264 	0.0832589  	0.034122   	-0.00685932	-0.0104583 	0.148778   	0.0449634  	8.32837    	10.2905    	49.9904    	9.0406     	8.27992    	9.01407    	26.0231    	7.95749    	5.31844    	7.85072    	61.5525    	18.4209    	4.6133	5.0947	5.24572	-0.00805614	0.0162627  	0.0149835  	0.00201196 	0.14506    	0.139697   	0.159696   	0.0717915  	2.01075	
