#----------------------------------------------------------------------------------------------------------------------------------------------------------
# Output file for vampire simulation
#   time       : 2025-06-06 20:35:05     process id : 438015
#   hostname   : thor3.psi.ch
#   path       : /scratch/dossan_f/Na2BaMn(PO4)2/vampire_tripleUC_3mat_2d_k0.35_Jnn0.11/output-Field8-0T-Bc_high_res_steps10000x10000/run_T_0.800
#   version    : 6.0.0
#   githash    : 4c9651daecc86c3e6b6df0c8055fcd9e89fd900c
#----------------------------------------------------------------------------------------------------------------------------------------------------------
2e-11      	8          	-6.07214e-05	-0.000122288	0.999981   	0.929498   	-0.00025197	0.000449485	0.999786   	0.929207   	0.000124104	-0.000206888	0.999982   	0.929418   	0.392612   	0.456784   	7.98976    	7.87299    	0.39555    	0.641668   	16.6467    	14.9312    	0.407023   	0.422691   	9.20661    	9.11932    	744.135	2547.91	975.569	-5.54676e-05	-6.85286e-06	0.999999   	0.929355   	0.115228   	0.112662   	32.8896    	32.889     	3940.07	
3e-11      	7.8        	-0.000119199	6.41453e-05	0.999989   	0.925593   	-0.000107715	5.14404e-05	0.999989   	0.925578   	0.000224556	-0.000128158	0.999989   	0.925625   	0.381334   	0.37367    	0.0230616  	0.023063   	0.365632   	0.37229    	0.0215322  	0.0215458  	0.401881   	0.380577   	0.0235122  	0.0235217  	4.4936	4.3022	4.72771	-8.36172e-07	-4.16712e-06	0.999999   	0.92559    	0.117635   	0.114723   	0.0239328  	0.0239331  	1.3862	
4e-11      	7.6        	-0.000110934	-0.000127241	0.999988   	0.920793   	-6.83601e-05	0.000125945	0.999987   	0.920792   	0.000188259	-2.75028e-05	0.999987   	0.920686   	0.411947   	0.426664   	0.0268965  	0.0268822  	0.442544   	0.446235   	0.0262758  	0.0262784  	0.420765   	0.440248   	0.026701   	0.0266899  	4.99854	4.91076	4.93865	2.88161e-06	-9.53152e-06	0.999999   	0.920746   	0.120404   	0.117482   	0.0267451  	0.0267481  	1.35377	
5e-11      	7.4        	-9.6087e-06	0.000336577	0.999986   	0.915258   	-1.09303e-05	-0.00025786	0.999985   	0.915262   	-6.30877e-06	-0.000117896	0.999987   	0.915229   	0.446881   	0.48987    	0.0311617  	0.0311692  	0.492268   	0.485478   	0.0297293  	0.029709   	0.448195   	0.443031   	0.0293132  	0.0293128  	5.31868	5.18451	5.17487	-8.93079e-06	-1.31117e-05	0.999999   	0.915238   	0.122943   	0.118931   	0.0298852  	0.0298898  	1.34685	
6e-11      	7.2        	-0.000307111	-2.19514e-05	0.999984   	0.909004   	0.000102609	4.61267e-05	0.999985   	0.909013   	0.000247799	-0.000106393	0.999985   	0.909042   	0.514565   	0.531313   	0.0347698  	0.0347551  	0.496302   	0.489808   	0.0336415  	0.0336261  	0.50013    	0.488277   	0.0336974  	0.0337426  	5.55196	5.33364	5.49198	1.45033e-05	-2.74482e-05	0.999999   	0.909007   	0.12421    	0.120589   	0.0344204  	0.0344232  	1.29865	
7e-11      	7          	-3.62367e-05	-0.000149254	0.999982   	0.901938   	-0.000309655	0.000230816	0.999983   	0.901917   	0.00035814 	-0.000110312	0.999982   	0.901879   	0.598635   	0.59105    	0.0406539  	0.0406046  	0.531943   	0.558317   	0.0407685  	0.0407555  	0.574694   	0.582546   	0.0400566  	0.0400324  	6.1453	6.09947	5.92606	4.15749e-06	-9.68671e-06	0.999999   	0.901897   	0.123791   	0.12787    	0.0395345  	0.039531   	1.27703	
8e-11      	6.8        	-0.000157731	0.000577517	0.99998    	0.893813   	0.000598801	-0.000113424	0.999978   	0.893863   	-0.000521418	-0.000445136	0.999979   	0.893827   	0.647304   	0.631599   	0.0466198  	0.0465823  	0.739446   	0.651404   	0.0443157  	0.0443315  	0.65772    	0.664266   	0.0482694  	0.0482827  	6.2856	6.4315	6.59082	-2.68437e-05	6.29787e-06	0.999999   	0.893817   	0.123861   	0.126544   	0.0449773  	0.044981   	1.22398	
9e-11      	6.6        	3.78357e-05	-0.000285258	0.999977   	0.884529   	-0.000432583	0.000177343	0.999975   	0.884456   	0.000416965	9.60138e-05	0.999976   	0.88457    	0.725057   	0.744717   	0.0556486  	0.0556964  	0.722132   	0.832964   	0.0519887  	0.0519234  	0.766758   	0.758356   	0.0548201  	0.0548637  	6.9355	6.60166	7.04096	7.40429e-06	-3.88492e-06	0.999999   	0.884498   	0.130396   	0.131842   	0.0523498  	0.0523486  	1.22347	
1e-10      	6.4        	-0.000226276	0.000348959	0.999971   	0.873933   	-2.33273e-05	-0.000233464	0.999972   	0.87395    	0.000137036	-5.80217e-05	0.999971   	0.8739     	0.915537   	0.883951   	0.0684728  	0.0684913  	0.884903   	0.836653   	0.066159   	0.0661053  	0.915596   	0.856375   	0.0628173  	0.0628179  	8.21813	7.65799	7.47139	-3.75857e-05	1.89036e-05	0.999999   	0.873904   	0.131512   	0.135029   	0.0599357  	0.0599351  	1.18894	
1.1e-10    	6.2        	0.00020939 	-4.14361e-06	0.999967   	0.861742   	-0.000246413	-4.19318e-05	0.999968   	0.861746   	7.58363e-05	9.72628e-05	0.999968   	0.861682   	1.08798    	0.892947   	0.0830698  	0.0830523  	0.953934   	0.970981   	0.0801291  	0.0802326  	0.949317   	0.947675   	0.0764354  	0.0764406  	8.68206	8.70954	8.60176	1.30743e-05	1.71617e-05	0.999998   	0.861697   	0.132677   	0.140894   	0.0714283  	0.0714303  	1.14477	
1.2e-10    	6          	0.000548797	-0.000450406	0.999959   	0.847756   	1.86336e-05	0.00034125 	0.999958   	0.847656   	-0.000580654	8.85971e-05	0.999956   	0.847734   	1.23259    	1.12487    	0.0934422  	0.0933721  	1.27824    	1.17537    	0.0950599  	0.095339   	1.28743    	1.25625    	0.100617   	0.100491   	9.6205	9.71225	10.3744	-4.55282e-06	-6.92537e-06	0.999998   	0.847681   	0.133833   	0.140323   	0.0756886  	0.0756829  	1.10774	
1.3e-10    	5.8        	0.000300043	-0.00106247	0.99995    	0.831843   	0.000722719	-0.000165619	0.999948   	0.831811   	-0.00107453	0.00128239 	0.999945   	0.83171    	1.37486    	1.3958     	0.120782   	0.120736   	1.43516    	1.44659    	0.109177   	0.109096   	1.5724     	1.42275    	0.112782   	0.113037   	11.2298	10.3571	10.6348	-1.71001e-05	1.85972e-05	0.999998   	0.831746   	0.138584   	0.141235   	0.089012   	0.0890107  	1.05901	
1.4e-10    	5.6        	0.00121766 	0.00012283 	0.999929   	0.813847   	-0.000552913	-0.000203158	0.999932   	0.813714   	-0.00064336	0.000103812	0.999929   	0.813716   	1.96408    	1.79004    	0.143707   	0.143824   	1.97139    	1.62259    	0.145844   	0.145817   	2.0619     	1.69316    	0.153083   	0.152895   	12.4882	13.0684	13.328	7.72712e-06	8.28567e-06	0.999998   	0.813704   	0.139571   	0.137704   	0.100341   	0.100342   	1.07021	
1.5e-10    	5.4        	0.00110471 	-0.00167502	0.999915   	0.793442   	-0.000679038	0.000598051	0.999915   	0.793445   	-0.000353732	0.000985799	0.999912   	0.793617   	2.24775    	1.96532    	0.183537   	0.183372   	2.31857    	1.96907    	0.176004   	0.17615    	2.39915    	2.05011    	0.176754   	0.176121   	14.6441	14.096	14.0289	2.43243e-05	-2.98316e-05	0.999998   	0.793435   	0.142723   	0.14121    	0.112342   	0.112339   	1.06651	
1.6e-10    	5.2        	-0.0020357 	0.0016969  	0.999882   	0.771239   	0.00159072 	-0.00176965	0.999878   	0.771117   	0.000478434	-3.80869e-05	0.999887   	0.770797   	2.91571    	2.56206    	0.239626   	0.238676   	2.75291    	2.96026    	0.21806    	0.217478   	2.57387    	2.82868    	0.226028   	0.224989   	17.0141	16.2324	16.5972	1.03972e-05	-3.64075e-05	0.999998   	0.770962   	0.144931   	0.137953   	0.124442   	0.124442   	1.03236	
1.7e-10    	5          	-6.92697e-05	-0.00176547	0.999839   	0.746607   	-0.00194285	0.00277131 	0.999826   	0.746252   	0.00206532 	-0.00107237	0.999832   	0.74635    	3.53948    	3.63869    	0.304163   	0.305169   	3.74379    	3.82302    	0.309092   	0.310902   	3.95772    	3.47082    	0.302557   	0.301931   	20.5044	20.4822	19.7358	1.62248e-05	-2.19346e-05	0.999998   	0.746279   	0.139781   	0.141544   	0.139365   	0.139364   	1.1332	
1.8e-10    	4.8        	-0.00103304	-0.000196644	0.999798   	0.719654   	-0.0006381 	-0.00329297	0.999762   	0.720085   	0.00149903 	0.00364728 	0.999752   	0.719723   	4.77631    	3.63949    	0.374118   	0.373943   	5.28943    	4.42817    	0.379772   	0.383661   	4.45096    	5.59248    	0.399044   	0.402146   	22.9307	24.3421	23.189	-5.58339e-05	5.5687e-05 	0.999998   	0.719657   	0.149112   	0.141742   	0.142939   	0.142948   	1.1695	
1.9e-10    	4.6        	-0.00366215	-0.000924802	0.99965    	0.691677   	0.00488132 	-0.00137847	0.999672   	0.691445   	-0.00120208	0.0022786  	0.999667   	0.691564   	6.47823    	6.74457    	0.560989   	0.567319   	6.07546    	6.0466     	0.512999   	0.50891    	7.02874    	5.66252    	0.548298   	0.542222   	30.6309	28.1119	30.1078	9.90703e-06	-3.55122e-06	0.999997   	0.691331   	0.144976   	0.14442    	0.154645   	0.154652   	1.38038	
2e-10      	4.4        	-0.00170621	0.0014266  	0.99946    	0.66261    	-0.00487153	0.00264698 	0.999473   	0.661881   	0.00652858 	-0.00417733	0.999398   	0.661741   	8.33816    	10.6699    	0.781949   	0.778548   	9.30516    	8.75277    	0.690246   	0.683834   	11.8956    	8.27925    	0.798155   	0.7935     	37.6485	34.2841	38.8658	-3.98502e-05	-3.42485e-05	0.999997   	0.661711   	0.150517   	0.147737   	0.159802   	0.159801   	1.40877	
2.1e-10    	4.2        	0.00127507 	0.000486179	0.999336   	0.631152   	0.00413985 	-0.00303725	0.999236   	0.631664   	-0.00531377	0.00257483 	0.999198   	0.631276   	12.1997    	9.09251    	1.05278    	1.05456    	11.5319    	12.5601    	0.933275   	0.910457   	10.0684    	15.1148    	1.05128    	1.04814    	45.882	41.0357	46.2038	2.89702e-05	4.04426e-06	0.999997   	0.630897   	0.151039   	0.144911   	0.166837   	0.166832   	1.68598	
2.2e-10    	4          	0.0172155  	0.0214316  	0.99821    	0.600184   	-0.0048386 	0.00563115 	0.998372   	0.601776   	-0.0124881 	-0.0272935 	0.998675   	0.598766   	25.3924    	15.6738    	1.53383    	1.57757    	21.8339    	24.8853    	1.72105    	1.73942    	14.3431    	11.0044    	1.53842    	1.61209    	57.7945	66.6204	59.766	-2.86219e-05	-4.27137e-05	0.999997   	0.599293   	0.149155   	0.151986   	0.16658    	0.166564   	1.7739	
2.3e-10    	3.8        	-0.00694316	0.0450538  	0.997697   	0.566935   	-0.00040942	-0.0155676 	0.998676   	0.568099   	0.00703018 	-0.029444  	0.998203   	0.569521   	16.4202    	16.2924    	2.24893    	2.2563     	12.3467    	18.9825    	2.75481    	2.76663    	15.051     	19.9244    	2.32821    	2.29306    	75.5275	89.3711	78.6656	-7.26371e-05	1.20668e-06	0.999996   	0.567159   	0.148317   	0.143137   	0.182906   	0.182906   	2.05973	
2.4e-10    	3.6        	-0.0266128 	0.0129992  	0.99763    	0.539022   	0.0269642  	0.0296204  	0.996392   	0.535297   	-7.39591e-05	-0.0432636 	0.996854   	0.534205   	24.5788    	20.7342    	3.41905    	3.49937    	41.9241    	23.0884    	4.36402    	4.5608     	21.5925    	29.126     	3.87913    	3.79734    	104.917	125.641	108.183	-5.8789e-05	-2.37255e-05	0.999996   	0.534543   	0.148064   	0.144158   	0.169879   	0.169894   	2.22018	
2.5e-10    	3.4        	0.00902651 	0.00910487 	0.996617   	0.509232   	0.024739   	0.00674424 	0.995371   	0.509287   	-0.0340753 	-0.0131976 	0.990882   	0.493981   	22.0844    	46.0012    	9.63244    	9.11446    	52.7968    	36.681     	4.83419    	4.80305    	51.5243    	112.887    	9.98777    	9.84176    	233.592	133.718	265.519	0.000102131	8.80556e-05	0.999995   	0.501312   	0.143786   	0.159709   	0.181384   	0.181395   	2.87073	
2.6e-10    	3.2        	0.0224927  	-0.0204056 	0.994306   	0.486766   	-0.0554871 	-0.0320737 	0.988652   	0.480287   	0.031634   	0.0557694  	0.988077   	0.446634   	65.3124    	34.9112    	10.7432    	11.4306    	112.188    	54.9248    	14.8889    	11.0009    	53.0293    	106.467    	13.6267    	14.8996    	256.957	338.921	310.648	-0.000137732	-7.59775e-05	0.999994   	0.466724   	0.155093   	0.151342   	0.192769   	0.192759   	2.79771	
2.7e-10    	3          	-0.252003  	-0.150196  	0.937145   	0.325624   	0.00730239 	-0.076606  	0.995619   	0.548859   	0.16045    	0.209879   	0.958145   	0.430188   	117.161    	14.3974    	116.212    	82.9008    	19.3462    	14.0327    	62.1799    	61.8404    	74.0072    	27.4104    	117.652    	132.944    	1849.3	1283.22	3042.37	-0.000227605	-8.48987e-05	0.999992   	0.421559   	0.162557   	0.171274   	1.70121    	1.70109    	37.0941	
2.8e-10    	2.8        	-0.0380953 	0.0371824  	0.979843   	0.161714   	0.00518644 	-0.039845  	0.996904   	0.478679   	0.0120924  	0.0278973  	0.996946   	0.478183   	24.5067    	16.069     	3.71047    	4.51299    	13.6161    	29.0641    	1.4771     	1.79293    	24.1854    	24.2337    	0.995021   	1.28512    	45.2179	52.0513	33.6492	0.00171093 	0.000184727	0.999988   	0.370764   	0.178994   	0.164471   	0.797133   	0.797071   	6.90048	
2.9e-10    	2.6        	-0.00171353	0.0137884  	0.981008   	0.102513   	0.0022147  	-0.00190277	0.999503   	0.459573   	-0.000842078	-0.00124122	0.999371   	0.460418   	6.98237    	9.20402    	1.00228    	1.12928    	4.02812    	4.36604    	0.557468   	0.562557   	4.65472    	6.10171    	0.514287   	0.527156   	15.0332	14.6753	13.135	0.000420422	6.10338e-05	0.99999    	0.340007   	0.146916   	0.143515   	0.170535   	0.170553   	2.64759	
3e-10      	2.4        	0.0572239  	-0.0173103 	0.976945   	0.0684894  	-0.00365713	0.00248202 	0.999591   	0.44467    	-0.0053193 	0.000357536	0.999547   	0.444692   	4.11289    	4.02431    	0.496425   	0.569511   	2.90556    	3.46077    	0.353487   	0.355806   	3.3323     	3.67126    	0.388135   	0.389263   	8.23612	7.3395	7.76004	-6.03644e-05	4.67803e-05	0.999989   	0.318625   	0.137558   	0.141165   	0.101632   	0.10164    	1.99416	
3.1e-10    	2.2        	0.0184854  	-0.0316795 	0.958624   	0.0445302  	-0.00161375	0.00408675 	0.999631   	0.430092   	-0.000461241	-0.000746081	0.999682   	0.429982   	3.09833    	3.50874    	0.345139   	0.433075   	2.21265    	3.14923    	0.290327   	0.291952   	2.41054    	2.31728    	0.278378   	0.278782   	4.90407	5.80767	5.28793	5.79743e-06	-4.62032e-05	0.999987   	0.30081    	0.142182   	0.137463   	0.0914422  	0.0914344  	2.17031	
3.2e-10    	2          	0.0277773  	-0.0125052 	0.89507    	0.0258847  	-0.000993543	-0.00188153	0.999617   	0.414666   	-0.000721612	0.0025844  	0.999649   	0.414774   	3.25411    	2.5918     	0.331518   	0.54357    	2.8533     	2.42652    	0.276728   	0.279124   	2.34431    	2.46448    	0.261608   	0.260713   	4.31128	4.5963	4.57144	-1.68209e-05	0.000101858	0.999986   	0.284055   	0.135951   	0.140911   	0.0852263  	0.0852193  	1.87494	
3.3e-10    	1.8        	-0.0505177 	-0.0210441 	0.466427   	0.0125429  	0.00364813 	0.000947693	0.999562   	0.397955   	-0.00116033	-0.000977861	0.999621   	0.397734   	3.22159    	2.66121    	0.305441   	1.03002    	2.79666    	2.71442    	0.28755    	0.290852   	2.6406     	2.17909    	0.300148   	0.302677   	3.78392	4.37815	4.22809	2.00575e-05	-7.82823e-05	0.999984   	0.266901   	0.137266   	0.138138   	0.0947302  	0.0947099  	1.75947	
3.4e-10    	1.6        	-0.0261099 	0.0476054  	-0.724454  	0.0162037  	-0.000704163	-0.0106638 	0.999456   	0.378243   	0.00224494 	0.00753179 	0.999525   	0.378308   	2.65609    	3.11914    	0.317282   	0.738519   	2.5343     	3.08232    	0.331473   	0.331109   	2.2993     	2.82381    	0.319937   	0.320993   	3.54138	4.54033	4.35164	0.000128399	1.74931e-05	0.999981   	0.248288   	0.143517   	0.138483   	0.105491   	0.105483   	1.69981	
3.5e-10    	1.4        	-0.0146218 	-0.025501  	-0.92764   	0.030876   	-0.000328835	-0.00021707	0.999278   	0.355279   	0.00193655 	0.00293252 	0.999388   	0.355238   	2.56035    	3.12203    	0.381483   	0.527341   	3.93898    	3.41687    	0.39661    	0.400852   	2.9995     	3.16389    	0.360618   	0.359418   	3.91224	4.70016	4.515	0.000110406	-3.16136e-06	0.999976   	0.227172   	0.146416   	0.147095   	0.115218   	0.115188   	1.79539	
3.6e-10    	1.2        	-0.0214554 	-0.0032387 	-0.961232  	0.0486032  	0.00601261 	0.00115263 	0.998854   	0.328088   	-0.0032027 	-0.000946165	0.998923   	0.327972   	3.59227    	3.99841    	0.445036   	0.606013   	5.42849    	4.35342    	0.420106   	0.42149    	5.08072    	4.20637    	0.487652   	0.486038   	4.24577	5.09303	5.3655	-0.000152223	-0.000164078	0.99997    	0.202897   	0.150749   	0.145514   	0.142882   	0.142898   	1.67054	
3.7e-10    	1          	0.0683307  	-0.0266561 	-0.963098  	0.069028   	0.00292369 	-0.00188297	0.99818    	0.296215   	-0.0194028 	0.00815247 	0.997568   	0.296729   	7.17173    	6.09003    	0.560561   	0.706216   	6.89431    	5.93723    	0.700058   	0.701352   	7.80553    	7.871      	0.644115   	0.644643   	5.00491	6.29394	5.97023	-2.88738e-05	-8.49771e-06	0.999959   	0.175093   	0.149432   	0.155452   	0.158016   	0.158046   	1.8439	
3.8e-10    	0.8        	-0.0107988 	-0.0217035 	-0.964611  	0.0911902  	0.00156666 	-0.0092198 	0.994737   	0.261446   	0.00227303 	0.0172688  	0.995073   	0.260203   	13.4506    	10.4486    	0.789814   	1.09212    	13.8738    	14.9237    	1.00393    	1.03636    	13.3853    	12.6669    	1.01728    	1.02045    	5.69923	5.70334	6.85509	-0.000161374	-1.04729e-05	0.999939   	0.143707   	0.149688   	0.155291   	0.189342   	0.189319   	1.80816	
3.9e-10    	0.6        	-0.0687598 	-0.0454303 	-0.959856  	0.114515   	-0.0491587 	-0.0489916 	0.98436    	0.22225    	0.084687   	0.0719596  	0.978382   	0.224539   	27.3345    	12.4113    	1.19005    	1.90124    	20.1383    	32.917     	1.60582    	2.01238    	37.4967    	24.5475    	1.72295    	1.71036    	6.60849	8.18854	9.06564	-6.15153e-05	-0.000130997	0.999896   	0.10955    	0.149679   	0.152299   	0.205183   	0.205153   	2.41269	
4e-10      	0.4        	0.260556   	-0.345088  	-0.864958  	0.154763   	0.0998437  	0.0372311  	0.973838   	0.182011   	-0.28982   	0.232341   	0.883019   	0.202596   	31.8261    	35.8661    	1.99453    	7.34297    	30.7084    	26.4013    	2.91621    	4.93682    	57.3533    	80.8416    	3.01408    	7.1518     	8.00287	8.96908	9.48458	0.00141336 	4.50006e-05	0.999774   	0.0741636  	0.146829   	0.152964   	0.213405   	0.213406   	3.07816	
4.1e-10    	0.2        	0.134673   	-0.520835  	-0.8331    	0.1914     	0.0466869  	0.272621   	0.911343   	0.138172   	-0.190893  	0.344261   	0.885557   	0.169271   	10.3946    	15.882     	7.00766    	9.57774    	29.7672    	36.4213    	18.9102    	17.7091    	23.1536    	60.7712    	16.4992    	30.4018    	9.57609	17.2361	19.0401	0.00169283 	-0.00209505	0.999127   	0.0385874  	0.153151   	0.15948    	0.19945    	0.199385   	2.96138	
4.2e-10    	-0         	0.0632907  	-0.739886  	-0.620504  	0.16274    	-0.119019  	0.059368   	0.804477   	0.0765459  	0.0395658  	0.85985    	0.326695   	0.132727   	21.5068    	37.452     	94.3455    	97.074     	17.0988    	38.0739    	33.7302    	22.3649    	15.0004    	117.47     	60.6947    	124.928    	10.8351	13.0926	9.54619	-0.00729822	0.182403   	0.505232   	0.00257198 	0.154748   	0.178525   	0.359373   	0.206902   	2.85127	
