#----------------------------------------------------------------------------------------------------------------------------------------------------------
# Output file for vampire simulation
#   time       : 2025-06-06 20:34:43     process id : 1678234
#   hostname   : thor10.psi.ch
#   path       : /scratch/dossan_f/Na2BaMn(PO4)2/vampire_tripleUC_3mat_2d_k0.35_Jnn0.11/output-Field8-0T-Bc_high_res_steps10000x10000/run_T_0.550
#   version    : 6.0.0
#   githash    : 4c9651daecc86c3e6b6df0c8055fcd9e89fd900c
#----------------------------------------------------------------------------------------------------------------------------------------------------------
2e-11      	8          	-0.000171291	-0.000244305	0.99997    	0.949515   	7.68698e-05	-0.000372847	0.999706   	0.948892   	0.000313723	0.000751126	0.999622   	0.948993   	0.961196   	1.05304    	6.6022     	6.17419    	0.457651   	0.671714   	34.3586    	30.8078    	0.743997   	2.30946    	33.9493    	26.171     	200.158	7173.65	7098.92	1.1211e-05 	2.34312e-05	0.999999   	0.94908    	0.118075   	0.118064   	67.6282    	67.6252    	10872.5	
3e-11      	7.8        	0.000121889	-0.000101504	0.999992   	0.946508   	-0.000130939	-5.29389e-05	0.999992   	0.946523   	-3.92743e-05	7.97252e-05	0.999992   	0.946522   	0.45036    	0.43408    	0.0179671  	0.0179509  	0.433174   	0.407938   	0.0169617  	0.0169685  	0.413776   	0.419713   	0.0169366  	0.0169452  	4.91782	4.68373	4.61674	-1.61284e-05	-2.49348e-05	0.999999   	0.946511   	0.116833   	0.116667   	0.0190165  	0.019015   	1.41353	
4e-11      	7.6        	7.03447e-05	-4.97613e-05	0.999991   	0.942638   	-0.000151226	8.46155e-05	0.999991   	0.942637   	6.01133e-05	4.97945e-05	0.99999    	0.942627   	0.479203   	0.506301   	0.0198182  	0.0198345  	0.485894   	0.498076   	0.0203583  	0.0203541  	0.493397   	0.499041   	0.0205056  	0.0204975  	5.06181	5.31471	5.32799	-6.95232e-06	2.82079e-05	0.999999   	0.942626   	0.122093   	0.122015   	0.0211379  	0.0211376  	1.35143	
5e-11      	7.4        	4.40073e-05	6.3115e-05 	0.99999    	0.938164   	0.000137341	-3.23177e-05	0.999989   	0.938155   	-0.000209506	-1.14943e-06	0.999989   	0.938205   	0.527113   	0.539179   	0.0220791  	0.0221014  	0.542934   	0.589188   	0.0226718  	0.0226694  	0.566341   	0.517701   	0.0239001  	0.0238926  	5.49512	5.60259	5.63099	-9.43973e-06	9.84477e-06	0.999999   	0.938165   	0.125631   	0.118896   	0.0235048  	0.0235047  	1.33798	
6e-11      	7.2        	0.00049959 	0.000142037	0.999988   	0.933017   	-0.000335897	-0.000144987	0.999988   	0.933015   	-0.000203892	-7.41747e-06	0.999988   	0.933031   	0.640681   	0.618095   	0.0268462  	0.0268422  	0.588333   	0.589529   	0.0292531  	0.0292412  	0.564346   	0.61294    	0.0269279  	0.0269078  	6.13802	6.29654	5.83851	-1.34321e-05	-3.46662e-06	0.999999   	0.933011   	0.123757   	0.131352   	0.0289796  	0.0289813  	1.33817	
7e-11      	7          	6.00335e-05	5.97118e-05	0.999986   	0.926997   	0.000171253	-0.000142595	0.999987   	0.92697    	-0.000287886	0.000123599	0.999986   	0.927016   	0.700724   	0.689436   	0.0317787  	0.0317684  	0.63128    	0.710371   	0.0344568  	0.0344031  	0.705236   	0.666697   	0.0325891  	0.0325819  	6.50326	6.81148	6.57822	-1.88198e-05	1.36388e-05	0.999999   	0.926982   	0.130424   	0.130522   	0.0349457  	0.0349466  	1.33308	
8e-11      	6.8        	-5.84952e-05	0.000195442	0.999985   	0.919918   	-0.000259715	-0.000328532	0.999983   	0.919922   	0.000360281	0.000136024	0.999983   	0.919909   	0.722228   	0.767016   	0.0415566  	0.0415225  	0.803648   	0.865519   	0.0391837  	0.0391911  	0.826312   	0.881121   	0.0397136  	0.0396792  	7.4768	7.29938	7.27983	1.40094e-05	1.03924e-06	0.999999   	0.919902   	0.129043   	0.131294   	0.0421325  	0.0421296  	1.35045	
9e-11      	6.6        	-4.09093e-06	-0.000218274	0.99998    	0.911455   	0.000401606	0.000197291	0.99998    	0.91146    	-0.000410948	0.000200618	0.99998    	0.91154    	0.953216   	0.973533   	0.0484301  	0.0484545  	1.00036    	0.985891   	0.0465513  	0.0464646  	1.00637    	0.900491   	0.0485334  	0.0484795  	8.0425	7.66128	8.05087	-4.41295e-06	5.9913e-05 	0.999999   	0.911468   	0.13252    	0.130987   	0.0513776  	0.0513776  	1.33257	
1e-10      	6.4        	4.58507e-05	0.000228051	0.999973   	0.90152    	-0.000657528	-0.000174008	0.999974   	0.901485   	0.000617861	-2.95166e-05	0.999975   	0.901555   	1.47478    	1.07399    	0.0567049  	0.0566246  	1.22897    	1.18955    	0.0595922  	0.0594576  	1.17623    	1.23195    	0.060386   	0.0604374  	8.68006	9.3674	9.359	2.02189e-06	8.34489e-06	0.999999   	0.901497   	0.143424   	0.136471   	0.0590501  	0.0590518  	1.19965	
1.1e-10    	6.2        	0.000381136	-0.00033954	0.999967   	0.889562   	-0.00021948	0.00054413 	0.999965   	0.889591   	-0.000192293	-0.000228853	0.99997    	0.889602   	1.59545    	1.46127    	0.0692672  	0.0692009  	1.72939    	1.49633    	0.0758179  	0.0758583  	1.43972    	1.3513     	0.0763159  	0.0762188  	9.80632	10.5557	10.6411	-1.03169e-05	-8.07901e-06	0.999999   	0.889557   	0.138794   	0.1332     	0.0725368  	0.0725348  	1.22049	
1.2e-10    	6          	4.35148e-05	-0.000726546	0.999959   	0.875321   	0.000193505	0.00103497 	0.999955   	0.875286   	-0.000219851	-0.000325801	0.999956   	0.87534    	1.80635    	1.88617    	0.0935492  	0.0934559  	2.12203    	1.87399    	0.0957546  	0.0957665  	2.09202    	1.89121    	0.0928229  	0.0928361  	12.4012	12.4894	12.2031	5.89363e-06	-5.4164e-06	0.999999   	0.875278   	0.141558   	0.137539   	0.0805793  	0.0805797  	1.10075	
1.3e-10    	5.8        	0.000599671	0.000351042	0.999939   	0.858256   	-0.000830645	-0.000635564	0.999938   	0.858492   	0.000177102	0.000262538	0.999936   	0.858357   	2.32761    	2.92992    	0.126688   	0.126491   	2.74151    	2.59862    	0.129084   	0.12918    	2.71541    	2.83003    	0.120264   	0.120022   	14.7466	14.9777	14.6423	-1.77115e-05	-7.8162e-06	0.999999   	0.858316   	0.145768   	0.138974   	0.101615   	0.101616   	1.14268	
1.4e-10    	5.6        	-0.000709311	0.000460882	0.999905   	0.838342   	0.00132132 	-0.000705919	0.999912   	0.838684   	-0.000662114	0.000271484	0.999905   	0.838225   	4.01252    	3.78037    	0.17223    	0.171251   	4.22535    	2.93505    	0.152323   	0.152553   	4.19398    	3.63992    	0.166255   	0.165593   	18.3489	16.2184	18.1149	-1.65773e-05	8.32416e-06	0.999999   	0.838341   	0.147411   	0.146874   	0.125179   	0.125184   	1.15066	
1.5e-10    	5.4        	0.00170312 	-0.00165051	0.99983    	0.815256   	-0.000760203	-0.0018483 	0.999831   	0.815441   	-0.000939498	0.00345749 	0.999864   	0.815308   	6.47528    	6.54926    	0.232666   	0.233599   	7.36861    	5.63481    	0.230219   	0.23019    	5.20258    	4.91939    	0.210712   	0.210318   	21.8754	22.7309	20.7202	2.50044e-06	-1.41732e-05	0.999999   	0.815207   	0.145585   	0.147053   	0.149672   	0.149676   	1.1843	
1.6e-10    	5.2        	-0.00290916	0.000473417	0.999746   	0.789235   	0.00640517 	0.00189087 	0.999716   	0.789038   	-0.00358207	-0.00243475	0.999785   	0.789436   	8.47918    	9.72036    	0.351774   	0.35318    	9.7517     	9.32629    	0.360808   	0.358165   	6.18273    	8.80653    	0.364092   	0.360266   	31.2884	32.0837	31.4617	-3.16714e-05	-2.2505e-05	0.999999   	0.78904    	0.149654   	0.147109   	0.146003   	0.146      	1.37242	
1.7e-10    	5          	-0.000942148	0.00473175 	0.999217   	0.760231   	0.00213133 	0.00207686 	0.999389   	0.760496   	-0.00126181	-0.00674887	0.999516   	0.760593   	17.2228    	35.0632    	0.553889   	0.544248   	20.8125    	20.3373    	0.54749    	0.570698   	11.3837    	19.8543    	0.530923   	0.537185   	41.1821	44.8757	40.9457	-1.83912e-05	7.24494e-06	0.999999   	0.759965   	0.148306   	0.145939   	0.17467    	0.174665   	1.55807	
1.8e-10    	4.8        	-0.00317228	-0.0178525 	0.9991     	0.730652   	-0.0106095 	-0.0128031 	0.998758   	0.728745   	0.0136962  	0.0307993  	0.998332   	0.729613   	24.5484    	21.513     	1.11722    	1.14735    	40.9114    	27.8686    	0.892675   	0.943699   	50.7913    	17.8543    	0.913849   	0.926451   	75.4279	60.6189	62.5569	-3.24887e-05	2.39988e-05	0.999998   	0.728744   	0.150614   	0.14881    	0.196846   	0.196846   	1.80082	
1.9e-10    	4.6        	-0.0124401 	0.0336487  	0.997654   	0.697494   	0.000497816	-0.0581557 	0.996369   	0.698432   	0.011794   	0.0248004  	0.998182   	0.698184   	49.3938    	47.6452    	2.03595    	1.96285    	35.3512    	75.2714    	2.15776    	2.33574    	48.6609    	33.3921    	2.50521    	2.43009    	122.604	134.863	146.903	-4.12124e-06	4.27927e-05	0.999998   	0.696222   	0.14678    	0.149544   	0.201322   	0.20132    	2.33906	
2e-10      	4.4        	0.0791726  	-0.105855  	0.988601   	0.676978   	-0.0563333 	0.0961604  	0.991429   	0.671869   	-0.0236244 	0.0110235  	0.996806   	0.656148   	33.5446    	106.64     	3.16987    	3.69259    	67.487     	55.4657    	4.6896     	4.78928    	64.2489    	80.0495    	5.14564    	5.47688    	173.408	262.594	260.396	2.08395e-05	5.21814e-05	0.999998   	0.663131   	0.150458   	0.148188   	0.204348   	0.204338   	2.69628	
2.1e-10    	4.2        	-0.158053  	-0.169885  	0.96671    	0.65       	0.0657056  	0.105795   	0.989823   	0.654563   	0.100544   	0.0671416  	0.989852   	0.619167   	239.809    	59.615     	17.2838    	33.2732    	84.7334    	34.2914    	5.79843    	6.63827    	87.3234    	32.7119    	12.2438    	6.97512    	849.268	295.979	558.735	0.000176158	9.42389e-05	0.999998   	0.629635   	0.150436   	0.156864   	0.203177   	0.203164   	2.93761	
2.2e-10    	4          	-0.264124  	-0.0639828 	0.960849   	0.656124   	-0.033569  	0.0556862  	0.996252   	0.660408   	0.363369   	0.0115895  	0.92666    	0.540032   	42.729     	25.4441    	11.3369    	6.02202    	61.3533    	21.6582    	23.0973    	23.2601    	113.25     	48.451     	15.5571    	19.7658    	496	1055.61	666.912	0.000604992	0.000424062	0.999997   	0.596195   	0.155607   	0.154062   	0.189442   	0.189426   	2.52812	
2.3e-10    	3.8        	-0.550189  	-0.0370043 	0.830294   	0.624222   	0.0222961  	-0.00554824	0.998799   	0.713064   	0.581044   	0.0487525  	0.808951   	0.561418   	84.956     	46.7273    	25.9339    	8.18221    	35.5513    	20.306     	30.1376    	30.6464    	28.3749    	69.0862    	12.3816    	7.14323    	995.615	1342.02	490.981	-0.000594243	0.00017698 	0.999997   	0.56148    	0.200423   	0.158349   	0.245291   	0.245295   	3.31131	
2.4e-10    	3.6        	-0.688412  	-0.157273  	0.70694    	0.590455   	0.0867306  	0.031955   	0.995312   	0.743762   	0.621627   	0.12311    	0.771308   	0.54226    	21.8707    	16.2991    	4.12087    	9.79037    	6.46004    	20.0086    	4.27111    	4.43023    	17.2292    	45.9883    	4.35201    	7.06075    	156.738	206.212	167.006	-0.00310733	-0.0013109 	0.999991   	0.525203   	0.153744   	0.165879   	0.24815    	0.248226   	2.54284	
2.5e-10    	3.4        	-0.70029   	-0.200982  	0.681073   	0.510498   	0.0569265  	0.013947   	0.997645   	0.76753    	0.651423   	0.189229   	0.73287    	0.475343   	64.1427    	39.5812    	1.73314    	24.8459    	15.8231    	27.9168    	1.50289    	1.44523    	18.5162    	25.545     	2.18018    	9.6594     	67.1415	81.8304	81.664	-0.00318959	-0.000776688	0.999989   	0.487031   	0.209761   	0.232414   	0.279101   	0.279211   	2.44494	
2.6e-10    	3.2        	-0.63347   	-0.268054  	0.720923   	0.378278   	-0.00513577	0.0598558  	0.997951   	0.796922   	0.661211   	0.129405   	0.733559   	0.369961   	29.8523    	59.0863    	1.89956    	29.8949    	9.26157    	8.81953    	0.790264   	0.795462   	10.0177    	61.9944    	1.59905    	9.14049    	69.6366	61.0862	58.4324	0.00045599 	-0.00480712	0.999983   	0.446112   	0.183194   	0.182526   	0.350429   	0.350318   	2.06373	
2.7e-10    	3          	-0.690906  	-0.125553  	0.701058   	0.256694   	-0.0116746 	0.0538009  	0.998279   	0.839736   	0.720791   	-0.0784209 	0.679738   	0.262425   	21.7561    	48.9526    	2.27251    	14.5262    	5.18872    	11.7418    	0.934074   	1.00388    	12.5816    	42.6296    	2.58516    	7.78081    	67.7382	98.7191	76.9016	0.0014974  	-0.00686699	0.999967   	0.398643   	0.178071   	0.258322   	0.713314   	0.712317   	2.15954	
2.8e-10    	2.8        	-0.0676838 	-0.134113  	0.951185   	0.093464   	0.0024908  	0.00603314 	0.999843   	0.88165    	0.0321439  	0.074133   	0.9534     	0.0951775  	35.5336    	12.9341    	1.77915    	8.22724    	6.03279    	6.22851    	0.939188   	0.894647   	46.3793    	19.0534    	2.30404    	14.0308    	32.8038	102.32	44.829	-0.000358745	-0.00105642	0.99999    	0.35325    	0.19692    	0.203569   	0.854043   	0.854731   	2.56698	
2.9e-10    	2.6        	0.00455527 	0.00900039 	0.966289   	0.05517    	-0.000841678	-0.00202009	0.999928   	0.889748   	0.0117502  	0.0251272  	0.970393   	0.0551171  	5.22585    	7.0341     	0.337898   	0.500564   	2.99322    	3.45595    	0.14961    	0.147414   	5.13075    	5.6982     	0.402202   	0.636382   	8.4313	11.1694	9.25023	0.000160882	0.000199421	0.999992   	0.332128   	0.159295   	0.160558   	0.117038   	0.117036   	1.79569	
3e-10      	2.4        	0.0227911  	-0.0332718 	0.948983   	0.034934   	0.000323482	8.50075e-05	0.999958   	0.887532   	-0.033055  	0.0311419  	0.9451     	0.0351525  	3.20293    	4.09676    	0.20336    	0.316152   	1.9213     	1.93147    	0.115772   	0.115558   	3.81746    	4.25086    	0.205303   	0.397616   	5.00572	5.98723	5.21667	-4.3657e-05	1.9126e-05 	0.999992   	0.317916   	0.137184   	0.139212   	0.073303   	0.0733133  	1.74264	
3.1e-10    	2.2        	0.00488927 	0.0323535  	0.890471   	0.0204998  	0.000278245	-0.000749042	0.999958   	0.880427   	-0.0083388 	0.00334269 	0.89462    	0.0201458  	2.77956    	2.79777    	0.158014   	0.360013   	1.85385    	1.95731    	0.105523   	0.105483   	2.62924    	2.6259     	0.160899   	0.381914   	3.84528	4.65895	3.8403	0.000115802	8.76598e-05	0.999992   	0.305465   	0.137781   	0.138487   	0.0675734  	0.0675535  	1.48316	
3.2e-10    	2          	0.0573872  	0.0711503  	0.544522   	0.00983869 	-0.000290941	-0.000272511	0.999949   	0.869086   	-0.0225993 	-0.067511  	0.531982   	0.00988855 	2.55778    	2.3213     	0.150677   	0.79428    	2.10568    	2.3853     	0.129803   	0.129863   	2.35615    	2.62814    	0.149343   	0.787082   	3.39803	4.41006	3.41787	-1.85245e-05	-1.24304e-05	0.999991   	0.292883   	0.139484   	0.141612   	0.0741048  	0.0741158  	1.59757	
3.3e-10    	1.8        	-0.01702   	0.00215142 	-0.712426  	0.0120152  	8.01075e-05	-0.000410373	0.999932   	0.8531     	0.00958205 	0.0150816  	-0.707217  	0.012214   	2.48681    	2.46116    	0.142649   	0.565165   	2.63897    	3.16945    	0.16064    	0.160918   	2.65408    	2.61743    	0.149172   	0.65193    	3.55318	4.6057	3.3714	-0.000107497	-0.00013117	0.99999    	0.278874   	0.139455   	0.139468   	0.0804993  	0.0804947  	1.52215	
3.4e-10    	1.6        	-0.0286289 	-0.0105263 	-0.910974  	0.024651   	-0.00118612	-0.000282411	0.999878   	0.830962   	0.0668437  	0.017139   	-0.89612   	0.0252525  	3.6051     	3.01059    	0.176647   	0.423292   	5.39222    	4.409      	0.203891   	0.203599   	4.17602    	3.88969    	0.171748   	0.549762   	4.29941	5.38155	4.30479	7.03675e-05	-6.22518e-06	0.999988   	0.262037   	0.143211   	0.141342   	0.102199   	0.102205   	1.59196	
3.5e-10    	1.4        	-0.0249523 	-0.026364  	-0.951212  	0.0410553  	-0.00114689	0.00380572 	0.999777   	0.800533   	0.0445602  	-0.0451617 	-0.942057  	0.0415101  	5.07699    	4.7545     	0.207478   	0.427426   	7.39751    	8.79152    	0.339728   	0.338794   	6.3982     	5.5046     	0.251632   	0.646527   	5.03809	6.14077	4.69326	5.81422e-06	3.60437e-05	0.999985   	0.240804   	0.149131   	0.148986   	0.147486   	0.1475     	1.53882	
3.6e-10    	1.2        	-0.0430513 	-0.0410927 	-0.939988  	0.0631172  	0.00878631 	0.00517578 	0.998995   	0.758484   	-0.0580009 	-0.0182877 	-0.927516  	0.0639113  	15.382     	12.8804    	0.276792   	1.01721    	20.9997    	43.2331    	0.507206   	0.500128   	14.0783    	20.4431    	0.327987   	1.12152    	6.44288	7.82829	6.57275	8.65186e-05	0.000131617	0.999981   	0.213157   	0.155386   	0.151264   	0.210275   	0.210238   	1.89895	
3.7e-10    	1          	-0.112507  	-0.14649   	-0.931857  	0.0908184  	-0.0171169 	0.0690167  	0.99652    	0.706196   	0.233122   	-0.326861  	-0.858529  	0.0988343  	23.9805    	29.3339    	0.441675   	4.24683    	28.8645    	26.6052    	0.725399   	0.820968   	20.6261    	41.9282    	0.507297   	5.48564    	7.99242	11.9538	8.53907	2.20357e-05	8.64111e-06	0.999973   	0.178501   	0.15254    	0.148704   	0.298736   	0.29874    	2.50056	
3.8e-10    	0.8        	0.303473   	-0.192887  	-0.912546  	0.120275   	-0.100552  	0.19147    	0.975396   	0.663194   	0.187965   	-0.66385   	-0.716422  	0.155814   	13.8406    	19.6895    	0.657529   	1.67359    	27.7198    	20.2123    	1.38921    	1.99729    	12.0669    	10.2639    	0.808831   	7.56189    	8.42416	12.4784	9.25395	-0.000439087	3.49832e-05	0.999958   	0.142026   	0.146235   	0.152591   	0.262369   	0.262365   	2.13546	
3.9e-10    	0.6        	0.442499   	-0.019989  	-0.862664  	0.156996   	-0.187371  	0.248473   	0.948607   	0.62461    	0.221635   	-0.723362  	-0.646059  	0.208091   	37.9212    	56.7324    	1.40218    	9.37175    	14.1074    	65.1766    	2.3313     	6.36612    	21.2335    	9.67647    	0.863907   	5.71413    	9.43246	13.0908	8.54018	0.000214702	0.000169568	0.999926   	0.107874   	0.15176    	0.149226   	0.20848    	0.208456   	2.00323	
4e-10      	0.4        	0.467399   	-0.333861  	-0.802797  	0.200426   	-0.215201  	0.393648   	0.891457   	0.607867   	0.152484   	-0.72203   	-0.666946  	0.236878   	28.4143    	51.5351    	2.23335    	21.1593    	22.9186    	70.9911    	2.9126     	9.15953    	28.399     	10.9131    	2.38182    	6.99255    	9.758	11.9968	9.56962	3.34592e-05	-0.000352798	0.99984    	0.074786   	0.159146   	0.154216   	0.196407   	0.196288   	1.73615	
4.1e-10    	0.2        	0.349094   	-0.443916  	-0.814116  	0.220227   	-0.233561  	0.430225   	0.86996    	0.552453   	0.217198   	-0.595068  	-0.765096  	0.23182    	20.331     	45.8529    	3.79687    	18.5314    	27.3555    	37.5361    	8.92926    	10.9731    	31.6753    	21.4371    	4.00635    	15.6455    	9.81312	14.1143	10.2833	-0.00147849	0.00343442 	0.999456   	0.0418383  	0.174412   	0.155432   	0.19084    	0.190664   	1.69415	
4.2e-10    	-0         	0.378034   	-0.344616  	-0.846759  	0.236988   	-0.144371  	0.285561   	0.942294   	0.449344   	-0.113484  	-0.22814   	-0.930641  	0.219059   	42.2653    	29.289     	36.6623    	37.5902    	28.5842    	72.726     	30.7519    	17.0999    	54.6513    	103.503    	64.286     	28.3595    	26.9946	22.7268	13.9145	0.157814   	0.0277611  	0.957633   	0.00629732 	0.175653   	0.160803   	0.423635   	0.388455   	1.88654	
