#----------------------------------------------------------------------------------------------------------------------------------------------------------
# Output file for vampire simulation
#   time       : 2025-06-06 20:30:58     process id : 1748254
#   hostname   : thor5.psi.ch
#   path       : /scratch/dossan_f/Na2BaMn(PO4)2/vampire_tripleUC_3mat_2d_k0.35_Jnn0.11/output-Field8-0T-Bc_high_res_steps10000x10000/run_T_0.250
#   version    : 6.0.0
#   githash    : 4c9651daecc86c3e6b6df0c8055fcd9e89fd900c
#----------------------------------------------------------------------------------------------------------------------------------------------------------
2e-11      	8          	3.19712e-05	-0.000422708	0.999905   	0.974939   	0.000600772	0.00107755 	0.998868   	0.974176   	-0.000477493	-8.80487e-05	0.999961   	0.975023   	0.62271    	5.21798    	48.982     	43.472     	1.50352    	7.10509    	189.803    	119.924    	2.54263    	1.27111    	45.3963    	43.7033    	8774.69	98250	8335.34	-9.96396e-06	1.49033e-05	0.999999   	0.974587   	0.132465   	0.11893    	251.577    	251.561    	81037.6	
3e-11      	7.8        	-1.07944e-05	8.8965e-05 	0.999996   	0.974027   	2.05484e-05	-0.000213805	0.999996   	0.974036   	-5.99831e-06	8.06581e-05	0.999996   	0.974019   	0.498763   	0.523731   	0.00950489 	0.00950235 	0.551815   	0.490111   	0.00922294 	0.00921457 	0.548983   	0.482305   	0.00926589 	0.00926171 	5.53216	5.30529	5.36059	1.25275e-06	-1.47287e-05	1          	0.974024   	0.123353   	0.120381   	0.0102756  	0.0102744  	1.41715	
4e-11      	7.6        	-1.64747e-05	-9.95881e-05	0.999995   	0.971848   	3.31268e-06	0.000104836	0.999995   	0.971814   	-2.92127e-06	7.53422e-06	0.999995   	0.97181    	0.572295   	0.599963   	0.0107294  	0.0107166  	0.572677   	0.556127   	0.0110253  	0.0110173  	0.540862   	0.632061   	0.0112216  	0.0112067  	5.87574	5.93067	5.93342	-5.35557e-06	4.2475e-06 	1          	0.97182    	0.121756   	0.126892   	0.0118354  	0.0118347  	1.38076	
5e-11      	7.4        	1.35737e-05	6.20062e-05	0.999995   	0.969176   	0.000134694	-1.88037e-06	0.999994   	0.969172   	-0.000167279	-8.92598e-05	0.999995   	0.969173   	0.589589   	0.665431   	0.0131974  	0.0131831  	0.643368   	0.712215   	0.0122313  	0.0122287  	0.624818   	0.673874   	0.0127691  	0.0127713  	6.1713	5.9168	6.12643	-6.33523e-06	-9.7122e-06	1          	0.969169   	0.120819   	0.125148   	0.01457    	0.0145705  	1.3745	
6e-11      	7.2        	8.61782e-06	0.000105023	0.999993   	0.965963   	-3.25174e-05	-0.000116804	0.999993   	0.965983   	1.98277e-06	3.78045e-05	0.999993   	0.965961   	0.769207   	0.837674   	0.0165067  	0.0165002  	0.806599   	0.782914   	0.0157147  	0.01572    	0.77293    	0.817189   	0.016163   	0.0161439  	6.9611	6.80959	6.87809	-7.31585e-06	8.65028e-06	1          	0.965963   	0.124436   	0.128242   	0.0188825  	0.0188821  	1.44779	
7e-11      	7          	0.000126531	9.06921e-06	0.999992   	0.96198    	8.21947e-05	-0.000228644	0.999992   	0.96195    	-0.00017158	0.000191011	0.999992   	0.961968   	0.927555   	0.987227   	0.0214657  	0.0214724  	0.971815   	0.985643   	0.0201282  	0.0200833  	0.899829   	0.984954   	0.020144   	0.0201222  	8.08857	7.9853	8.09759	1.23514e-05	-9.49013e-06	1          	0.961959   	0.134318   	0.136427   	0.023686   	0.0236862  	1.36662	
8e-11      	6.8        	-0.000112729	-0.000115728	0.999989   	0.956883   	-0.00014074	0.000227463	0.999989   	0.956882   	0.000312991	-8.04205e-05	0.99999    	0.956892   	1.24059    	1.46024    	0.0270153  	0.027007   	1.21064    	1.3206     	0.0260249  	0.0259991  	1.16049    	1.26067    	0.0267825  	0.0267889  	9.38867	9.03268	9.04037	1.98394e-05	1.04486e-05	1          	0.956875   	0.135236   	0.135877   	0.0320387  	0.032039   	1.43732	
9e-11      	6.6        	9.56637e-05	-0.000158286	0.999985   	0.950223   	-7.54763e-05	-0.000222957	0.999985   	0.950183   	1.50563e-05	0.000371383	0.999985   	0.950245   	1.76271    	1.65452    	0.0376704  	0.0377444  	1.85427    	1.671      	0.0402777  	0.0402019  	1.78484    	1.65641    	0.0386606  	0.0387404  	11.1842	11.8476	11.689	1.18411e-05	-3.33779e-06	1          	0.950203   	0.142614   	0.138362   	0.0457615  	0.0457591  	1.38393	
1e-10      	6.4        	-0.000607297	-0.000119778	0.999977   	0.941305   	0.000156831	7.79075e-05	0.999978   	0.94119    	0.000444857	0.000107515	0.999975   	0.941243   	2.70697    	2.52597    	0.0568533  	0.0567437  	2.40587    	2.54504    	0.0535422  	0.0536669  	2.44801    	3.16987    	0.054135   	0.0541273  	14.3605	13.9817	14.4709	-1.90362e-06	2.18144e-05	1          	0.941224   	0.141802   	0.139557   	0.0646429  	0.0646447  	1.32325	
1.1e-10    	6.2        	7.37032e-05	-0.0011873 	0.999958   	0.928662   	7.6953e-05 	0.00121474 	0.999962   	0.928628   	-0.000175182	-5.73004e-05	0.999964   	0.92866    	4.89898    	4.2729     	0.0900172  	0.0901275  	4.10275    	4.14799    	0.0895997  	0.0893671  	3.18483    	4.754      	0.0919933  	0.0917759  	21.6085	19.811	20.5221	-8.25513e-06	-9.80148e-06	1          	0.928615   	0.141994   	0.144963   	0.0932385  	0.0932356  	1.2747	
1.2e-10    	6          	0.00174986 	0.000668883	0.999914   	0.910737   	0.00233504 	0.000805317	0.999911   	0.910505   	-0.00407873	-0.0014946 	0.999881   	0.910516   	10.8815    	7.24097    	0.160995   	0.161049   	10.3721    	7.93103    	0.147394   	0.148479   	13.928     	9.4532     	0.15465    	0.153738   	29.2219	27.5292	28.5025	2.23084e-06	-6.06429e-06	1          	0.910497   	0.145962   	0.147896   	0.167272   	0.167277   	1.27317	
1.3e-10    	5.8        	-0.00430819	-0.014181  	0.999595   	0.885157   	-0.0108514 	0.00686017 	0.999628   	0.885073   	0.0152221  	0.00729743 	0.999409   	0.88494    	25.5372    	34.1304    	0.49917    	0.508035   	19.6562    	38.8109    	0.533597   	0.545944   	20.3337    	70.2819    	0.392326   	0.373368   	90.3309	92.956	62.2739	1.89295e-05	-6.5218e-06	1          	0.884653   	0.145577   	0.147934   	0.303396   	0.303394   	1.99843	
1.4e-10    	5.6        	-0.0527706 	0.00695646 	0.998213   	0.850733   	-0.0410105 	-0.0184217 	0.998275   	0.859631   	0.0939311  	0.0116835  	0.994766   	0.853522   	27.1484    	41.9474    	2.42244    	2.56747    	123.197    	12.7475    	1.41604    	1.44862    	103.751    	35.0512    	2.29926    	1.85671    	402.144	236.886	385.548	-3.79166e-07	2.00882e-05	0.999999   	0.852137   	0.154636   	0.143343   	0.418108   	0.418112   	4.08983	
1.5e-10    	5.4        	-0.155703  	-0.0621244 	0.984359   	0.8148     	-0.0783857 	0.0663543  	0.992939   	0.841207   	0.228775   	-0.00657658	0.972855   	0.842341   	51.4617    	194.158    	19.9778    	12.3744    	97.7008    	224.014    	3.16866    	3.79359    	46.7037    	55.9922    	13.0729    	8.36528    	2993.15	597.523	2211.13	4.63694e-07	-2.93758e-06	0.999999   	0.818944   	0.148425   	0.143262   	0.34529    	0.345283   	3.28314	
1.6e-10    	5.2        	-0.235753  	-0.053007  	0.968607   	0.753858   	0.00909443 	0.0959818  	0.993859   	0.825264   	0.205611   	-0.046862  	0.976937   	0.827925   	21.9292    	229.674    	7.84687    	9.44082    	63.6637    	195.252    	4.95784    	4.89705    	36.9339    	58.2377    	8.80041    	4.9835     	1148.89	759.523	1337.31	-1.77753e-05	8.22966e-05	0.999999   	0.786405   	0.156276   	0.151616   	0.261011   	0.261014   	2.14748	
1.7e-10    	5          	-0.32367   	-0.0779165 	0.942135   	0.688202   	0.0777137  	0.109843   	0.989528   	0.826371   	0.193532   	-0.0449905 	0.978642   	0.813197   	13.6049    	78.0786    	9.93856    	6.31536    	197.579    	43.55      	3.26362    	4.53259    	150.399    	85.7262    	8.61362    	6.39304    	1346.27	480.83	1267.93	-0.000402564	0.00022976 	0.999999   	0.753966   	0.16331    	0.148371   	0.261981   	0.261973   	2.14056	
1.8e-10    	4.8        	-0.444371  	-0.156189  	0.881369   	0.628157   	0.189304   	0.141213   	0.971428   	0.808494   	0.146979   	-0.0186227 	0.988679   	0.834945   	12.5053    	57.8342    	6.30827    	8.75235    	21.5662    	23.807     	10.11      	9.16579    	16.1738    	31.9016    	19.8782    	17.5061    	795.529	1288.21	2649.06	-0.00160153	0.000234625	0.999998   	0.7215     	0.153347   	0.15391    	0.235155   	0.235149   	2.10452	
1.9e-10    	4.6        	-0.505548  	-0.250985  	0.823945   	0.572036   	0.237244   	0.150552   	0.959407   	0.807068   	0.114333   	0.0257423  	0.99218    	0.827382   	46.9579    	71.1033    	1.78347    	11.9652    	29.1222    	19.6032    	3.83558    	3.33432    	66.5926    	94.8234    	5.39768    	4.20775    	211.113	463.308	693.021	-0.00158764	-0.000378016	0.999998   	0.688814   	0.174097   	0.181373   	0.233765   	0.233748   	1.9143	
2e-10      	4.4        	-0.518405  	-0.330089  	0.78644    	0.493301   	0.24227    	0.148903   	0.958261   	0.792716   	0.0745145  	0.0521386  	0.995546   	0.824101   	119.671    	40.4951    	1.46397    	44.1645    	43.7631    	28.4611    	1.70255    	3.55672    	26.5044    	27.5884    	2.08368    	2.18764    	169.311	212.27	260.41	-0.00147353	-0.00103032	0.999997   	0.655818   	0.163853   	0.159744   	0.221958   	0.221955   	1.83015	
2.1e-10    	4.2        	-0.575058  	-0.395772  	0.709929   	0.423567   	0.242656   	0.15756    	0.95641    	0.780683   	0.0626082  	0.050599   	0.99659    	0.82279    	130.827    	90.8284    	1.51353    	21.2474    	54.3009    	69.8584    	1.75703    	2.15924    	22.3058    	6.21227    	1.85866    	1.78089    	163.883	205.136	220.742	-0.00167817	-0.00143578	0.999996   	0.622356   	0.169689   	0.155668   	0.233436   	0.233408   	1.85636	
2.2e-10    	4          	-0.733832  	-0.388111  	0.55502    	0.373549   	0.275517   	0.128709   	0.952325   	0.77158    	0.0693176  	0.0515003  	0.996094   	0.826274   	77.2949    	34.3452    	1.53458    	63.6954    	22.7907    	24.7678    	1.11123    	2.57394    	20.6148    	9.39543    	1.08723    	1.23357    	168.846	141.972	133.633	-0.00263479	-0.00185748	0.999994   	0.588147   	0.181661   	0.162627   	0.238375   	0.238339   	1.77069	
2.3e-10    	3.8        	-0.853238  	-0.383227  	0.349325   	0.302775   	0.277134   	0.0728457  	0.957921   	0.757374   	0.0532157  	0.0665452  	0.996223   	0.830873   	30.3623    	27.09      	1.47314    	21.747     	8.15105    	12.7134    	0.777557   	1.16893    	10.1603    	14.6942    	0.789558   	0.826616   	148.344	93.5696	112.92	-0.00260978	-0.00328779	0.99999    	0.552942   	0.174545   	0.197604   	0.260787   	0.260767   	1.84743	
2.4e-10    	3.6        	-0.932646  	-0.356184  	-0.024363  	0.293477   	0.281936   	0.0357296  	0.958606   	0.748551   	0.0660102  	0.0822334  	0.994201   	0.843009   	33.5223    	35.6154    	2.03747    	40.5976    	7.21452    	15.5747    	0.660823   	1.03913    	12.7517    	28.3455    	0.677987   	1.01303    	193.763	91.16	108.789	-0.0044613 	-0.00557309	0.999972   	0.5162     	0.214134   	0.257578   	0.310292   	0.310199   	1.82569	
2.5e-10    	3.4        	-0.842358  	-0.354635  	-0.401109  	0.337429   	0.28564    	0.0506211  	0.956666   	0.744937   	0.0723553  	0.0825066  	0.993821   	0.859051   	89.8361    	38.8756    	2.44069    	75.1682    	24.279     	23.4348    	0.577175   	2.72728    	18.2507    	8.25926    	0.476662   	0.582307   	225.877	94.0435	98.2261	-0.00669152	-0.00762252	0.999946   	0.47726    	0.281384   	0.189128   	0.397083   	0.396664   	1.75289	
2.6e-10    	3.2        	-0.569518  	-0.250239  	-0.764645  	0.376445   	0.232599   	0.0295015  	0.9707     	0.733133   	0.0439622  	0.0676675  	0.996196   	0.881323   	438.182    	152.807    	4.78908    	89.943     	84.1331    	110.22     	0.506996   	3.32875    	100.108    	8.4277     	0.515908   	0.639117   	387.089	112.089	157.251	-0.0058865 	-0.00890488	0.999932   	0.434418   	1.43964    	0.238762   	0.673246   	0.673541   	2.02162	
2.7e-10    	3          	-0.177435  	-0.111887  	-0.975779  	0.487747   	0.120653   	0.0628355  	0.990455   	0.722373   	-0.00047051	0.00808533 	0.999745   	0.91465    	37.5418    	75.2366    	12.115     	8.27089    	18.7982    	14.5514    	0.658556   	0.727295   	7.58791    	40.2732    	0.824714   	0.748811   	888.4	210.243	327.893	0.00011739 	-0.00156406	0.999989   	0.384657   	0.266575   	0.853347   	1.64083    	1.64254    	2.14742	
2.8e-10    	2.8        	-0.0088013 	0.00362536 	-0.999364  	0.65339    	0.00881527 	-8.98584e-06	0.999759   	0.722252   	-0.000665038	-0.00195128	0.999946   	0.951393   	43.2121    	17.6349    	14.7443    	12.644     	18.841     	8.20823    	0.230049   	0.129658   	7.16311    	5.03357    	1.01449    	1.01593    	899.14	170.711	375.042	0.000150898	0.000571297	0.999994   	0.340146   	0.28914    	0.240712   	2.08839    	2.08824    	2.92994	
2.9e-10    	2.6        	-0.00126544	0.00106226 	-0.999893  	0.68274    	0.000471477	0.000403855	0.999956   	0.719554   	0.000419743	-0.000934292	0.999982   	0.953157   	6.52982    	6.23039    	0.253623   	0.253475   	2.94339    	2.95916    	0.0531648  	0.0530925  	2.07017    	2.11687    	0.0430893  	0.0433182  	12.0871	6.95352	8.56434	-0.000126662	0.000126954	0.999996   	0.33       	0.157423   	0.152185   	0.0564442  	0.056452   	1.54314	
3e-10      	2.4        	0.000549587	-0.00167125	-0.999932  	0.695548   	-2.25604e-05	0.000128095	0.999962   	0.715204   	-0.000363859	0.00100756 	0.999981   	0.950303   	4.07627    	4.20075    	0.111277   	0.110282   	2.44431    	2.62907    	0.0491872  	0.049047   	2.03264    	2.17578    	0.0422505  	0.0421949  	5.04654	4.81576	5.1027	2.07615e-05	-0.000116691	0.999997   	0.323322   	0.130688   	0.140666   	0.0373003  	0.0372986  	1.58012	
3.1e-10    	2.2        	0.000350201	5.75532e-05	-0.999954  	0.703877   	-5.00156e-06	-0.000110031	0.999961   	0.709396   	-0.000199585	-2.02191e-05	0.999979   	0.944867   	2.85045    	3.03569    	0.069363   	0.0692801  	2.37443    	2.71177    	0.0532246  	0.0531186  	2.57438    	2.25383    	0.0494125  	0.0493644  	3.74335	4.25014	4.71185	5.74355e-05	-5.96439e-05	0.999996   	0.316791   	0.139877   	0.13318    	0.0398354  	0.0398336  	1.4929	
3.2e-10    	2          	-0.000297375	0.000288147	-0.999962  	0.709832   	-0.000226291	-0.000740501	0.999946   	0.700884   	0.000403314	0.000329924	0.999972   	0.936007   	2.29385    	2.64164    	0.0584624  	0.0584908  	2.79344    	3.98665    	0.0689889  	0.0683658  	3.0415     	3.15424    	0.0772463  	0.0774928  	4.46199	4.5462	5.05654	8.47296e-06	-6.38267e-06	0.999996   	0.309009   	0.14372    	0.144742   	0.0587939  	0.0587982  	1.43395	
3.3e-10    	1.8        	-0.000554178	6.12634e-05	-0.99996   	0.714776   	0.00236183 	-0.00119076	0.99989    	0.687153   	-0.00139909	0.000902221	0.999934   	0.92069    	2.35466    	2.90201    	0.0576301  	0.0575441  	5.43889    	7.49892    	0.111738   	0.111466   	6.07837    	8.04408    	0.142981   	0.14239    	6.60663	5.5884	6.05619	-6.79084e-05	6.24765e-05	0.999996   	0.297654   	0.147513   	0.144195   	0.102728   	0.102722   	1.50388	
3.4e-10    	1.6        	-0.00500442	-0.0075498 	-0.999829  	0.719782   	0.00575934 	0.0221237  	0.998949   	0.659389   	-0.000145854	-0.0103773 	0.999405   	0.889023   	8.42777    	8.96129    	0.0728797  	0.0794707  	55.0886    	33.4592    	0.351068   	0.37097    	61.4358    	48.9287    	0.438125   	0.440228   	25.7344	14.6605	17.065	7.91471e-05	-8.18369e-05	0.999995   	0.275845   	0.149062   	0.152439   	0.405961   	0.405949   	1.97099	
3.5e-10    	1.4        	-0.0422253 	-0.0399573 	-0.998223  	0.726571   	-0.0429443 	0.0944492  	0.993313   	0.614392   	0.0680904  	-0.0346537 	0.996261   	0.836476   	4.63312    	7.03026    	0.0995455  	0.125485   	57.2071    	68.3414    	0.915655   	1.67753    	53.5664    	93.4422    	1.21665    	1.51333    	62.3944	34.2208	48.1473	-0.000196979	6.63844e-05	0.999993   	0.239447   	0.153302   	0.147593   	1.07536    	1.07535    	5.28841	
3.6e-10    	1.2        	-0.0564387 	-0.054652  	-0.996844  	0.733148   	-0.0116278 	0.0217395  	0.999042   	0.566403   	0.0612708  	0.0353629  	0.997186   	0.783897   	4.07001    	4.90429    	0.114881   	0.145358   	33.4092    	20.6561    	0.65234    	0.644171   	27.3419    	21.629     	0.727901   	0.881847   	23.2816	18.8333	22.8586	0.000119072	-3.20472e-05	0.999991   	0.205573   	0.145467   	0.151254   	0.351471   	0.351483   	1.84655	
3.7e-10    	1          	-0.0594392 	-0.068288  	-0.995794  	0.739202   	-0.0481095 	0.0134917  	0.997325   	0.524546   	0.0939253  	0.0589512  	0.993306   	0.737554   	7.23153    	6.69604    	0.151545   	0.19121    	47.0767    	54.4744    	0.702216   	1.04233    	31.6849    	41.8523    	0.889552   	0.951272   	18.2739	19.0347	19.6783	0.0001093  	0.000225656	0.999987   	0.173222   	0.149888   	0.152754   	0.279968   	0.27997    	1.77663	
3.8e-10    	0.8        	-0.0710624 	-0.0684554 	-0.995015  	0.744783   	-0.120101  	0.104356   	0.985919   	0.487357   	0.160684   	0.000131292	0.986065   	0.693952   	7.9553     	7.08947    	0.208198   	0.274936   	62.7528    	20.9616    	1.05586    	3.38564    	81.7486    	35.3544    	1.21511    	2.901      	16.9437	20.7733	21.425	-3.84563e-06	-2.52429e-05	0.99998    	0.14122    	0.155731   	0.156536   	0.237111   	0.237094   	1.59086	
3.9e-10    	0.6        	-0.0912371 	-0.0538584 	-0.994312  	0.750591   	-0.0830594 	0.0172933  	0.989628   	0.443059   	0.162683   	0.0502225  	0.982591   	0.647614   	3.92069    	4.79865    	0.299555   	0.351658   	157.546    	185.038    	1.48499    	3.30511    	134.839    	165.525    	1.72051    	3.14071    	17.858	20.4339	23.5162	-6.91489e-05	-0.000393334	0.999967   	0.109482   	0.149856   	0.154577   	0.235869   	0.235835   	1.55158	
4e-10      	0.4        	-0.0897976 	-0.0705143 	-0.993324  	0.756572   	-0.0360278 	-0.100173  	0.991845   	0.401651   	0.136869   	0.155918   	0.976726   	0.600522   	8.2315     	11.9711    	0.533818   	0.662729   	85.4542    	17.0858    	2.25433    	2.32351    	112.074    	28.6075    	2.58457    	4.89963    	17.6197	20.4806	23.7205	-0.000313666	0.000166929	0.999933   	0.0777952  	0.153545   	0.161149   	0.226047   	0.226008   	1.56335	
4.1e-10    	0.2        	-0.113472  	-0.0348339 	-0.992694  	0.760471   	-0.287702  	-0.164232  	0.938601   	0.375491   	0.333526   	0.151793   	0.928096   	0.582812   	8.29994    	26.8806    	0.7752     	0.900863   	114.317    	63.3552    	6.77221    	17.3174    	145.026    	62.7703    	6.14187    	23.2789    	16.8636	27.1619	27.0379	-0.000203932	0.000158146	0.999786   	0.0460095  	0.178592   	0.172155   	0.211864   	0.211651   	1.54554	
4.2e-10    	-0         	-0.0811281 	-0.0135557 	-0.995329  	0.739816   	-0.366787  	-0.0617124 	0.926207   	0.334458   	0.361815   	0.061284   	0.925952   	0.501805   	165.597    	24.2564    	13.6758    	22.3231    	39.6089    	31.595     	37.1184    	54.2733    	265.337    	34.2357    	40.2473    	81.0642    	23.4349	34.8898	55.9129	-0.031094  	0.0113685  	0.99339    	0.0125754  	0.53498    	0.191795   	0.449535   	0.437725   	1.57652	
