#----------------------------------------------------------------------------------------------------------------------------------------------------------
# Output file for vampire simulation
#   time       : 2025-06-06 20:30:58     process id : 1677736
#   hostname   : thor10.psi.ch
#   path       : /scratch/dossan_f/Na2BaMn(PO4)2/vampire_tripleUC_3mat_2d_k0.35_Jnn0.11/output-Field8-0T-Bc_high_res_steps10000x10000/run_T_0.500
#   version    : 6.0.0
#   githash    : 4c9651daecc86c3e6b6df0c8055fcd9e89fd900c
#----------------------------------------------------------------------------------------------------------------------------------------------------------
2e-11      	8          	-0.000465255	-5.87516e-05	0.999976   	0.953435   	5.35045e-06	-0.00067068	0.999734   	0.953029   	0.00047914 	0.000620086	0.999777   	0.953208   	0.725532   	0.572456   	14.6778    	14.2191    	0.441258   	1.10523    	37.8801    	33.9132    	0.809732   	2.21643    	30.139     	25.1741    	1399.4	8268.11	5771.2	-1.67916e-05	-2.1978e-06	0.999999   	0.953183   	0.115321   	0.123735   	79.7632    	79.7578    	13845.8	
3e-11      	7.8        	1.12034e-06	0.000189129	0.999993   	0.950888   	-5.45803e-05	-0.00016095	0.999993   	0.950921   	6.55858e-06	-0.000160566	0.999992   	0.950886   	0.438257   	0.395708   	0.0160652  	0.0160497  	0.424589   	0.444198   	0.016886   	0.0168841  	0.469204   	0.443635   	0.0159031  	0.0159274  	4.88947	4.9672	4.78055	-1.56235e-05	-4.41401e-05	0.999999   	0.950892   	0.118445   	0.120655   	0.0179986  	0.0179992  	1.43008	
4e-11      	7.6        	7.44399e-05	0.000124761	0.999991   	0.947237   	-0.000250957	-0.000134409	0.999992   	0.947246   	0.00015995 	6.18279e-05	0.999992   	0.947258   	0.48588    	0.518334   	0.0190431  	0.0190372  	0.484049   	0.487609   	0.0190998  	0.0191059  	0.473732   	0.50646    	0.0199626  	0.0199736  	5.39619	5.43029	5.62951	-5.4979e-06	1.74037e-05	0.999999   	0.94724    	0.116609   	0.117935   	0.0204652  	0.0204634  	1.46261	
5e-11      	7.4        	0.000133575	8.41101e-05	0.99999    	0.943032   	3.64881e-05	5.13515e-05	0.99999    	0.943054   	-0.000192772	-0.000146155	0.999991   	0.943051   	0.541504   	0.582708   	0.0225625  	0.0225718  	0.56378    	0.543178   	0.022157   	0.0221806  	0.539316   	0.530044   	0.0223182  	0.022321   	5.74981	5.73665	5.66494	-7.56265e-06	-3.59324e-06	0.999999   	0.943037   	0.121632   	0.118198   	0.0242708  	0.0242711  	1.42761	
6e-11      	7.2        	-0.000232967	-0.000117896	0.999989   	0.938166   	0.000440204	6.14938e-05	0.999988   	0.938126   	-0.000176153	9.49479e-05	0.999989   	0.938133   	0.645094   	0.622546   	0.0267691  	0.0267628  	0.664785   	0.672892   	0.0255917  	0.0255419  	0.671516   	0.584766   	0.0241205  	0.0241025  	6.22638	5.99524	5.57094	1.0313e-05 	1.2789e-05 	0.999999   	0.938132   	0.131986   	0.123779   	0.0288049  	0.0288056  	1.41464	
7e-11      	7          	-8.51742e-06	8.2707e-06 	0.999987   	0.932397   	0.000236892	0.000334755	0.999987   	0.932406   	-0.00021457	-0.000402924	0.999988   	0.932394   	0.727334   	0.726242   	0.0302956  	0.0302687  	0.728932   	0.760635   	0.0329729  	0.0329796  	0.690404   	0.669968   	0.0288517  	0.0288471  	6.62213	7.06975	6.2458	4.59834e-06	-2.00387e-05	0.999999   	0.932388   	0.127159   	0.122956   	0.0331052  	0.0331038  	1.32496	
8e-11      	6.8        	-7.79707e-06	-0.000236475	0.999983   	0.925546   	-0.000315324	-2.80509e-06	0.999984   	0.925513   	0.000400154	0.000220183	0.999983   	0.925536   	0.956277   	0.890281   	0.0361376  	0.0360786  	0.844446   	0.884322   	0.0363173  	0.0363363  	0.906403   	0.947043   	0.0347663  	0.0347519  	7.14294	7.4667	7.30573	2.57007e-05	-6.36311e-06	0.999999   	0.925517   	0.131502   	0.129057   	0.0371338  	0.0371363  	1.24836	
9e-11      	6.6        	-0.000230746	5.5325e-05 	0.99998    	0.917311   	0.000492892	-0.000344137	0.999981   	0.917305   	-0.000207333	0.000319119	0.99998    	0.917397   	0.967462   	1.15544    	0.0457451  	0.0457572  	0.982475   	1.05383    	0.0439365  	0.0438673  	1.02884    	1.1783     	0.0451429  	0.0450646  	8.37895	8.13339	8.33173	1.8253e-05 	1.01954e-05	0.999999   	0.91732    	0.137438   	0.135678   	0.0464799  	0.0464778  	1.25567	
1e-10      	6.4        	-0.00024887	-0.000179056	0.999975   	0.907482   	0.000356683	-0.000189999	0.999977   	0.9075     	-0.000211383	0.00041289 	0.999977   	0.907524   	1.37141    	1.32134    	0.0564682  	0.0564917  	1.19197    	1.24536    	0.0549423  	0.0549051  	1.26108    	1.2053     	0.0565222  	0.0564538  	9.42806	9.36209	9.34318	-3.45444e-05	1.45976e-05	0.999999   	0.907481   	0.144137   	0.139752   	0.0548594  	0.0548607  	1.23506	
1.1e-10    	6.2        	0.00033076 	0.000243192	0.999971   	0.895568   	-0.000685696	-0.000148656	0.999969   	0.895616   	0.00031327 	-0.000102988	0.999969   	0.895594   	1.44288    	1.54363    	0.0753031  	0.0753739  	1.45849    	1.74969    	0.0730226  	0.0729722  	1.58321    	1.60717    	0.0783015  	0.078406   	11.0231	11.1596	11.9131	-1.37131e-05	-2.71319e-06	0.999999   	0.895566   	0.140848   	0.1355     	0.0719536  	0.0719545  	1.13282	
1.2e-10    	6          	0.00070175 	-0.00118607	0.999957   	0.881207   	0.00035762 	0.000983724	0.999954   	0.881168   	-0.00108127	0.000158084	0.999948   	0.881121   	2.46717    	1.76256    	0.0989125  	0.0984218  	2.21353    	2.36513    	0.100408   	0.100231   	2.65654    	2.46434    	0.100525   	0.100149   	13.6082	13.4709	13.9041	-6.8971e-06	-1.48687e-05	0.999999   	0.881125   	0.142628   	0.142956   	0.0893781  	0.0893765  	1.16954	
1.3e-10    	5.8        	0.00101564 	0.000609088	0.999934   	0.863731   	0.000199469	0.00033967 	0.999938   	0.863796   	-0.00128612	-0.00100439	0.999935   	0.863794   	2.99991    	3.31198    	0.136449   	0.136204   	3.39971    	2.52942    	0.134722   	0.134164   	3.22226    	2.88743    	0.126767   	0.126892   	16.3156	16.5656	16.3679	-2.35395e-05	-1.83698e-05	0.999999   	0.863719   	0.143152   	0.142466   	0.109339   	0.109341   	1.13337	
1.4e-10    	5.6        	-0.00149757	-0.00274055	0.999902   	0.843095   	0.000905046	0.000444503	0.999913   	0.843004   	0.000533772	0.00222092 	0.999891   	0.84307    	4.22768    	4.30802    	0.179354   	0.179116   	4.09097    	3.88078    	0.173534   	0.174448   	4.26427    	5.50665    	0.179545   	0.178212   	20.4613	19.7204	20.0762	-1.96915e-05	-2.52139e-05	0.999999   	0.842975   	0.14965    	0.143409   	0.126571   	0.126571   	1.1511	
1.5e-10    	5.4        	0.00281993 	-7.6075e-05	0.999827   	0.818759   	-0.00343121	-5.09648e-05	0.999805   	0.819042   	0.000714536	1.95487e-05	0.99982    	0.818804   	6.66939    	7.89672    	0.263314   	0.259441   	8.64985    	7.74448    	0.268785   	0.26805    	8.37246    	7.15931    	0.279065   	0.279036   	25.9052	27.0726	27.7977	3.18997e-05	-3.49276e-05	0.999999   	0.81872    	0.141145   	0.149983   	0.158882   	0.158882   	1.2631	
1.6e-10    	5.2        	0.00399927 	0.000323282	0.9996     	0.791084   	-0.0045198 	-0.00245362	0.999423   	0.791572   	0.000517272	0.00206642 	0.999461   	0.791406   	18.7685    	12.8726    	0.424071   	0.417621   	22.6475    	22.9647    	0.374061   	0.384285   	22.796     	20.5956    	0.449537   	0.456207   	38.293	33.9015	40.2208	-6.41108e-06	-2.33902e-05	0.999999   	0.790954   	0.147213   	0.148934   	0.177334   	0.177325   	1.63727	
1.7e-10    	5          	0.0143356  	0.0044046  	0.998687   	0.760034   	-0.00956906	-0.00519404	0.999198   	0.762243   	-0.0046962 	0.000814671	0.99912    	0.761337   	33.2148    	56.1952    	0.771135   	0.7693     	25.8545    	29.7415    	0.839279   	0.835802   	25.8195    	39.0603    	0.992198   	0.975523   	63.0119	66.552	77.7509	-1.18212e-05	1.31452e-05	0.999999   	0.760446   	0.148591   	0.146391   	0.193233   	0.193232   	1.85213	
1.8e-10    	4.8        	-0.0307379 	0.0564072  	0.997183   	0.726287   	-0.0262676 	-0.00647631	0.998591   	0.730448   	0.0564586  	-0.049232  	0.995507   	0.733826   	30.8629    	20.2652    	1.88469    	2.06391    	33.8927    	37.7014    	2.23779    	2.06159    	82.5388    	34.3337    	1.43922    	1.70551    	135.747	153.494	103.892	5.41088e-07	5.19982e-05	0.999999   	0.728062   	0.150687   	0.148449   	0.211102   	0.211094   	2.47245	
1.9e-10    	4.6        	-0.0682566 	-0.0430824 	0.993148   	0.696101   	-0.0203024 	0.120428   	0.990656   	0.702798   	0.088135   	-0.0770832 	0.991734   	0.702632   	117.2      	105.04     	5.47149    	6.27635    	29.7553    	85.5757    	6.66886    	4.48249    	71.5206    	17.2772    	5.49465    	6.43031    	351.443	410.446	332.861	-2.83741e-05	-2.04072e-05	0.999998   	0.694791   	0.145868   	0.149202   	0.198597   	0.19861    	2.48512	
2e-10      	4.4        	-0.190104  	0.065863   	0.975625   	0.682892   	0.0307702  	0.0432876  	0.992865   	0.659382   	0.162078   	-0.108221  	0.975564   	0.680297   	88.3146    	143.752    	5.95889    	7.31163    	39.6152    	279.03     	6.78401    	6.11095    	98.5587    	208.012    	4.02562    	3.29889    	350.259	387.018	237.672	0.000293825	-3.3036e-05	0.999998   	0.661512   	0.155644   	0.150612   	0.213386   	0.213377   	2.85027	
2.1e-10    	4.2        	-0.319404  	-0.0288045 	0.945081   	0.71477    	0.0708907  	-0.0873104 	0.991421   	0.622935   	0.297402   	0.123481   	0.944586   	0.626555   	61.0727    	77.9067    	28.9038    	39.0014    	44.9674    	67.0747    	5.85743    	7.54274    	21.4254    	78.2014    	21.1863    	18.309     	1552.69	316.177	1083.79	0.000961132	0.000590561	0.999997   	0.628274   	0.178661   	0.155437   	0.19866    	0.198626   	2.28926	
2.2e-10    	4          	-0.465712  	-0.025325  	0.883327   	0.748809   	0.268471   	0.0556795  	0.959856   	0.608132   	0.334907   	-0.0240453 	0.940578   	0.572094   	47.5825    	15.1365    	19.8943    	3.25887    	59.2758    	33.1381    	8.76877    	17.1056    	38.5973    	17.7942    	8.50191    	10.4412    	952.928	435.214	436.672	0.00383104 	0.000807229	0.99999    	0.594366   	0.164807   	0.176298   	0.199444   	0.199412   	2.50931	
2.3e-10    	3.8        	-0.430765  	-0.103774  	0.894343   	0.740262   	0.312289   	0.205364   	0.925106   	0.585099   	0.290879   	-0.0825103 	0.952302   	0.499007   	48.9905    	73.9192    	14.4346    	2.29109    	29.4583    	71.4171    	2.83359    	4.47999    	13.5942    	19.0107    	12.1643    	17.0369    	694.467	130.911	521.06	0.00556187 	0.00128915 	0.999981   	0.559505   	0.156533   	0.188401   	0.236138   	0.235929   	2.42471	
2.4e-10    	3.6        	-0.385423  	-0.0896378 	0.917635   	0.733168   	0.329795   	0.224028   	0.916441   	0.537616   	0.274805   	-0.117487  	0.952494   	0.42424    	26.7546    	23.7904    	1.5128     	4.81371    	6.6747     	16.691     	1.92234    	3.25749    	21.6308    	20.8572    	1.97565    	4.55804    	83.8532	90.4263	87.1959	0.00726656 	0.00313401 	0.999965   	0.523145   	0.192726   	0.18534    	0.240097   	0.239891   	2.16662	
2.5e-10    	3.4        	-0.368548  	-0.079643  	0.925889   	0.725529   	0.379936   	0.351949   	0.853571   	0.524694   	0.22282    	-0.337479  	0.909275   	0.369572   	6.68484    	12.8683    	1.21187    	1.73079    	30.2983    	32.7007    	1.52253    	8.03543    	52.1914    	42.9564    	1.55203    	9.98217    	66.3668	65.3622	69.8151	0.0102399  	0.00128961 	0.999942   	0.485077   	0.168895   	0.227565   	0.283731   	0.283393   	2.12646	
2.6e-10    	3.2        	-0.372361  	-0.115564  	0.920115   	0.732343   	0.221265   	0.369214   	0.898483   	0.442413   	0.577602   	-0.218914  	0.773444   	0.337753   	10.7865    	39.0268    	0.733768   	2.65533    	72.18      	32.8588    	1.25399    	10.7514    	123.569    	45.8858    	1.52163    	26.6828    	51.1856	55.6985	62.1906	0.0169706  	0.00461175 	0.999838   	0.443848   	0.203086   	0.34851    	0.345174   	0.344047   	2.12603	
2.7e-10    	3          	-0.241254  	-0.123945  	0.961834   	0.707737   	0.069478   	0.446419   	0.888709   	0.38274    	0.652593   	-0.278627  	0.693393   	0.244286   	19.3325    	24.2665    	0.75569    	1.9858     	44.2028    	19.6369    	1.39341    	7.43071    	23.2313    	51.2852    	2.43731    	16.3596    	78.5551	47.9054	72.8187	0.0130609  	0.0123582  	0.999823   	0.396572   	0.385167   	0.552628   	0.840002   	0.840133   	2.36466	
2.8e-10    	2.8        	-0.00558671	-0.014822  	0.998905   	0.691572   	-0.00480306	0.0523878  	0.992127   	0.28497    	0.0351625  	-0.0354709 	0.928295   	0.0866168  	43.3381    	16.4121    	0.367573   	0.259784   	15.9599    	58.8903    	0.961576   	4.60217    	83.8675    	23.3812    	2.04467    	28.0039    	58.5947	20.7918	41.3268	0.000946022	0.000746939	0.999985   	0.350683   	0.364203   	0.341233   	0.915288   	0.918871   	2.32592	
2.9e-10    	2.6        	0.000114836	0.00120848 	0.999904   	0.6875     	0.00668203 	-0.00273132	0.999023   	0.260768   	-0.038932  	-0.00919185	0.968209   	0.0475285  	2.90845    	2.89019    	0.14873    	0.148446   	4.00631    	4.35657    	0.276807   	0.290635   	4.34243    	4.82203    	0.272124   	0.372248   	8.97796	8.81023	8.21866	-8.96293e-05	-0.000326883	0.999993   	0.331312   	0.150623   	0.152753   	0.104307   	0.104326   	1.75458	
3e-10      	2.4        	-0.000313118	0.00129353 	0.999923   	0.681127   	0.00364028 	-0.0036579 	0.999057   	0.24618    	-0.020285  	-0.00205901	0.935982   	0.0301574  	2.4672     	2.09874    	0.112587   	0.112458   	3.82626    	3.45106    	0.155353   	0.160928   	4.4933     	3.38238    	0.167126   	0.421203   	5.21242	5.04731	4.63751	3.56072e-05	-2.00757e-05	0.999993   	0.318384   	0.14155    	0.139486   	0.0637896  	0.063791   	1.58953	
3.1e-10    	2.2        	-0.00107467	-0.000300748	0.99992    	0.672246   	0.0070383  	0.00207892 	0.999261   	0.234168   	-0.0497754 	-0.0184979 	0.862973   	0.0171309  	2.28869    	2.31852    	0.116971   	0.116987   	2.50381    	2.53608    	0.130572   	0.13427    	2.50954    	2.87984    	0.144563   	0.416941   	4.6799	4.03914	3.93386	-1.75779e-05	-7.21913e-05	0.999992   	0.306931   	0.142999   	0.13381    	0.0592162  	0.0592093  	1.63137	
3.2e-10    	2          	0.000505274	8.61267e-05	0.999917   	0.661147   	-0.00406462	-0.00302835	0.999273   	0.222089   	0.0746167  	0.0515218  	0.328726   	0.00838923 	2.56052    	2.08621    	0.122136   	0.122137   	2.29767    	2.24861    	0.128817   	0.130198   	2.35841    	2.49839    	0.135865   	0.882805   	4.18504	3.84247	3.54445	7.79559e-05	7.84751e-05	0.999992   	0.295143   	0.13886    	0.141586   	0.065036   	0.0650283  	1.63211	
3.3e-10    	1.8        	-0.000762444	0.0011686  	0.999866   	0.646125   	0.00299869 	0.00105033 	0.998959   	0.209006   	-0.0109956 	-0.0727661 	-0.763055  	0.0134594  	3.95008    	3.21364    	0.159926   	0.1613     	3.2782     	2.5561     	0.143427   	0.143534   	2.97962    	2.83225    	0.140591   	0.664002   	4.54408	4.20036	3.67599	2.37967e-06	-0.000139352	0.999991   	0.281646   	0.149831   	0.139056   	0.0846935  	0.0846992  	1.51064	
3.4e-10    	1.6        	0.00122529 	0.00258857 	0.999824   	0.62598    	-0.0105825 	-0.00880281	0.998244   	0.193219   	0.0493428  	0.00816673 	-0.919303  	0.0259944  	4.61033    	4.06289    	0.196283   	0.194572   	4.29472    	3.70996    	0.173669   	0.179499   	4.26027    	2.93148    	0.153474   	0.356651   	5.07855	4.76479	4.61567	-1.47358e-05	0.0001221  	0.999989   	0.264991   	0.145638   	0.14593    	0.106826   	0.106816   	1.50772	
3.5e-10    	1.4        	-0.00665224	0.00594199 	0.999556   	0.597715   	0.0167567  	0.0119153  	0.99597    	0.172809   	0.0224566  	-0.127544  	-0.936536  	0.0433273  	10.5041    	8.11056    	0.313366   	0.312166   	6.37561    	8.36237    	0.247137   	0.264796   	6.65308    	7.07023    	0.216161   	0.632463   	5.84455	5.90715	5.38017	3.68173e-05	-0.000170439	0.999987   	0.243038   	0.15326    	0.148401   	0.16279    	0.16279    	1.52321	
3.6e-10    	1.2        	0.0183174  	-0.0342844 	0.997743   	0.559492   	-0.110022  	0.107688   	0.962814   	0.150085   	0.0896473  	0.0422492  	-0.928859  	0.0676766  	27.5994    	33.0146    	0.519868   	0.558617   	38.5364    	34.4057    	0.38388    	1.2551     	22.4394    	17.3848    	0.357161   	1.36488    	9.45541	8.241	8.26096	-8.99999e-05	-9.22083e-05	0.999982   	0.213322   	0.155651   	0.156058   	0.267594   	0.267609   	1.98853	
3.7e-10    	1          	0.0355601  	-0.157277  	0.984684   	0.516347   	-0.462828  	0.489575   	0.717604   	0.156547   	0.50435    	0.0273632  	-0.831105  	0.107552   	38.8692    	37.3257    	0.941344   	1.41596    	24.3133    	37.1337    	0.575103   	17.8027    	18.4679    	25.303     	0.549259   	4.76657    	14.7483	9.37143	9.79318	0.000139685	2.91713e-06	0.999974   	0.176829   	0.152797   	0.157592   	0.437096   	0.437084   	3.27251	
3.8e-10    	0.8        	0.0556219  	-0.0512448 	0.993969   	0.464845   	-0.664426  	0.546021   	0.493551   	0.158631   	0.502909   	-0.405166  	-0.737946  	0.156652   	47.1294    	41.4507    	1.16624    	1.68545    	15.1439    	27.0426    	0.895095   	15.9684    	32.0042    	35.1439    	0.595054   	6.68312    	12.0374	10.216	8.3675	-6.22094e-06	-0.000304869	0.999962   	0.141491   	0.145089   	0.150798   	0.244874   	0.244834   	2.03353	
3.9e-10    	0.6        	-0.107096  	-0.175921  	0.974276   	0.427592   	-0.661913  	0.673273   	0.315899   	0.149115   	0.70168    	-0.129278  	-0.677596  	0.205709   	51.7482    	52.1051    	1.88019    	6.60784    	13.2744    	11.9033    	1.37952    	14.2414    	36.5252    	62.8357    	1.54916    	13.8588    	12.2895	11.1503	11.0188	-4.48711e-06	-2.01169e-05	0.999932   	0.108051   	0.147818   	0.157152   	0.208858   	0.208806   	1.79763	
4e-10      	0.4        	-0.0817918 	-0.240331  	0.962477   	0.383417   	-0.899847  	0.407697   	0.0827685  	0.194066   	0.786792   	0.0591231  	-0.607242  	0.262382   	35.6885    	56.1424    	3.45023    	8.07157    	44.7517    	17.9502    	2.0619     	25.283     	13.4941    	31.7833    	1.69047    	8.00394    	14.2244	10.1524	9.77151	-0.00106096	0.000396589	0.999859   	0.0751961  	0.154249   	0.153088   	0.188983   	0.189059   	1.77829	
4.1e-10    	0.2        	-0.195329  	-0.483696  	0.847826   	0.375891   	-0.909886  	0.38777    	-0.0638278 	0.168507   	0.722281   	0.372205   	-0.574098  	0.314575   	64.6621    	22.0267    	9.51145    	12.8212    	32.945     	20.4276    	5.2011     	26.3035    	19.2764    	50.4032    	3.1436     	8.4921     	16.7064	13.696	10.2495	-0.000617286	-2.20055e-05	0.99954    	0.0424146  	0.151188   	0.168781   	0.192799   	0.192741   	1.94821	
4.2e-10    	-0         	-0.223664  	-0.602153  	0.759661   	0.290425   	-0.88986   	-0.12361   	-0.324772  	0.113922   	0.550304   	0.6169     	-0.55612   	0.299344   	20.5081    	62.153     	42.4438    	68.8043    	33.5187    	65.6536    	5.39389    	28.9532    	15.7158    	15.6013    	29.592     	18.5718    	17.1506	12.0584	11.639	-0.0497233 	-0.123031  	0.95635    	0.00612202 	0.238344   	0.180993   	0.519153   	0.488286   	1.69538	
