#----------------------------------------------------------------------------------------------------------------------------------------------------------
# Output file for vampire simulation
#   time       : 2025-06-06 20:30:58     process id : 1782423
#   hostname   : thor9.psi.ch
#   path       : /scratch/dossan_f/Na2BaMn(PO4)2/vampire_tripleUC_3mat_2d_k0.35_Jnn0.11/output-Field8-0T-Bc_high_res_steps10000x10000/run_T_0.450
#   version    : 6.0.0
#   githash    : 4c9651daecc86c3e6b6df0c8055fcd9e89fd900c
#----------------------------------------------------------------------------------------------------------------------------------------------------------
2e-11      	8          	0.000199435	3.00874e-06	0.999972   	0.957871   	-0.000660149	-9.77555e-05	0.999581   	0.957202   	-4.38622e-05	5.25501e-05	0.999613   	0.957128   	1.76903    	0.552863   	7.36732    	6.82982    	1.53183    	0.48203    	50.4571    	42.3912    	0.401179   	0.489962   	51.0859    	46.3303    	165.816	12817.5	13065.2	-1.53301e-05	2.02413e-05	0.999999   	0.957356   	0.121526   	0.130485   	95.722     	95.7125    	18173.9	
3e-11      	7.8        	9.10707e-05	5.1809e-06 	0.999993   	0.955322   	5.72721e-07	3.03039e-05	0.999993   	0.95533    	-4.69293e-05	-3.40794e-06	0.999993   	0.955342   	0.479231   	0.433995   	0.0146417  	0.0146344  	0.455182   	0.43705    	0.0151954  	0.0151985  	0.443774   	0.455681   	0.0152342  	0.0152326  	4.88827	5.03106	5.04814	1.49376e-05	1.0668e-05 	0.999999   	0.955325   	0.121645   	0.122088   	0.016606   	0.0166059  	1.41602	
4e-11      	7.6        	0.000106533	-0.000121758	0.999992   	0.951968   	-0.000128427	0.000189638	0.999992   	0.951944   	-1.50011e-05	-5.6115e-05	0.999992   	0.951969   	0.477713   	0.562145   	0.016879   	0.0169005  	0.485352   	0.525086   	0.0179391  	0.0179528  	0.46671    	0.553538   	0.0171909  	0.0172007  	5.20658	5.29104	5.28659	-1.23128e-05	3.92646e-06	0.999999   	0.951954   	0.125912   	0.120027   	0.0192605  	0.0192592  	1.46741	
5e-11      	7.4        	0.000283676	-0.000156326	0.999991   	0.947997   	0.00019298 	-5.25001e-05	0.999991   	0.948      	-0.000488341	0.000193248	0.999991   	0.947988   	0.548911   	0.58705    	0.0192864  	0.0192764  	0.554501   	0.590294   	0.0213806  	0.0213762  	0.580785   	0.585194   	0.0202658  	0.0202532  	5.49475	5.98403	5.85456	-3.91953e-06	-5.18374e-06	0.999999   	0.947987   	0.122188   	0.126464   	0.0222412  	0.0222405  	1.42619	
6e-11      	7.2        	-0.00012602	7.80359e-05	0.99999    	0.943377   	0.000162351	-0.000131158	0.99999    	0.94338    	-6.84072e-05	3.66099e-06	0.99999    	0.94338    	0.663387   	0.633845   	0.0248629  	0.0248437  	0.682289   	0.626023   	0.0243556  	0.0243258  	0.672574   	0.628775   	0.023371   	0.0233639  	6.38122	6.44021	5.9874	-1.06834e-05	-1.64787e-05	0.999999   	0.94337    	0.132729   	0.131486   	0.0269151  	0.0269149  	1.41683	
7e-11      	7          	-1.90405e-06	-0.000499611	0.999988   	0.937931   	-0.00025001	0.000267872	0.999988   	0.937896   	0.000275001	0.000129544	0.999988   	0.937916   	0.791308   	0.732611   	0.0288947  	0.0288989  	0.818518   	0.704067   	0.029716   	0.0297331  	0.700902   	0.768812   	0.0294294  	0.0294489  	6.81735	7.06199	7.04808	7.66073e-06	-3.40997e-05	0.999999   	0.937904   	0.125614   	0.130512   	0.0314113  	0.031411   	1.32913	
8e-11      	6.8        	-0.000142015	0.000183542	0.999984   	0.93133    	9.55227e-05	-1.93461e-05	0.999985   	0.93134    	3.55781e-06	-0.000171647	0.999985   	0.931341   	0.994337   	1.01885    	0.0362883  	0.0362696  	0.870631   	0.979414   	0.0351015  	0.0350736  	0.922785   	0.96458    	0.0361715  	0.0361888  	7.82885	7.60567	7.81958	-1.43651e-05	-2.39577e-06	0.999999   	0.931323   	0.134384   	0.131955   	0.0389696  	0.0389704  	1.28965	
9e-11      	6.6        	0.000338343	-0.000397796	0.999982   	0.923315   	5.15407e-05	0.000527803	0.999982   	0.923425   	-0.000343951	-0.000183898	0.999981   	0.923417   	1.05982    	1.10741    	0.0422082  	0.0421215  	1.04386    	1.08427    	0.0444946  	0.0444296  	1.22015    	1.11273    	0.0443803  	0.0444862  	8.73059	8.478	8.66012	1.53225e-05	-1.79259e-05	0.999999   	0.923369   	0.130708   	0.137804   	0.0458586  	0.0458587  	1.25236	
1e-10      	6.4        	0.000104942	-0.000558207	0.999977   	0.913728   	0.00025307 	0.000818718	0.999973   	0.913673   	-0.000391641	-0.000216996	0.999975   	0.913741   	1.30744    	1.43942    	0.0597922  	0.0598074  	1.56063    	1.61429    	0.0540699  	0.0541845  	1.53022    	1.40164    	0.0563875  	0.0563409  	10.1967	10.1146	10.4196	-1.1318e-05	1.44351e-05	0.999999   	0.913692   	0.137866   	0.142185   	0.0573543  	0.0573528  	1.27493	
1.1e-10    	6.2        	0.000129915	0.000213896	0.999968   	0.901866   	-0.000214022	0.000760914	0.999969   	0.901819   	6.25269e-05	-0.000902249	0.999968   	0.901802   	1.85657    	1.89345    	0.0709093  	0.0709165  	1.80977    	1.71675    	0.0723477  	0.0721317  	1.89458    	1.73301    	0.0746577  	0.074589   	11.3082	11.3239	11.8491	-7.50002e-06	2.41435e-05	0.999999   	0.901801   	0.137163   	0.143331   	0.0744957  	0.074496   	1.19749	
1.2e-10    	6          	-0.000221566	-0.000903173	0.999952   	0.887236   	-0.000647162	0.000280996	0.99995    	0.887145   	0.000779291	0.000559125	0.999949   	0.887108   	2.85511    	2.5469     	0.100952   	0.100378   	2.79584    	2.80319    	0.0923018  	0.0917424  	2.67642    	3.06874    	0.100143   	0.100194   	14.4347	13.5683	14.5747	-3.00678e-05	-2.12404e-05	0.999999   	0.887119   	0.147786   	0.142241   	0.0886246  	0.0886267  	1.13111	
1.3e-10    	5.8        	0.000795782	-0.000268405	0.999927   	0.868979   	0.000573005	-8.1878e-05	0.999935   	0.869343   	-0.00140361	0.000376294	0.999926   	0.869269   	3.94288    	3.90767    	0.13522    	0.135743   	3.3568     	3.64304    	0.13257    	0.132662   	4.01813    	3.93197    	0.13955    	0.139489   	17.8234	17.8981	18.5466	-1.08717e-05	8.88874e-06	0.999999   	0.869136   	0.141821   	0.14619    	0.109287   	0.109284   	1.1722	
1.4e-10    	5.6        	0.000416419	-0.000813162	0.999859   	0.847318   	0.00274461 	0.00119764 	0.999873   	0.847373   	-0.00317695	-0.00040622	0.999873   	0.847414   	8.15431    	6.35057    	0.190135   	0.189789   	6.45448    	6.17333    	0.183613   	0.18229    	6.87122    	5.70115    	0.23424    	0.233548   	23.3081	22.7901	25.8242	-4.66317e-06	-7.23381e-06	0.999999   	0.847257   	0.148178   	0.147748   	0.148885   	0.148886   	1.27982	
1.5e-10    	5.4        	0.00122889 	-0.00039223	0.999693   	0.821618   	-0.00230914	0.0051888  	0.999675   	0.821929   	0.00106108 	-0.00475643	0.999729   	0.821762   	15.8871    	13.6962    	0.316674   	0.318695   	14.4689    	15.4626    	0.345911   	0.343778   	12.6691    	12.4184    	0.354958   	0.349219   	34.7606	36.9871	35.2754	-6.31304e-06	1.23574e-05	0.999999   	0.821523   	0.147701   	0.152144   	0.177792   	0.177787   	1.45613	
1.6e-10    	5.2        	0.0212277  	0.00371795 	0.999139   	0.792363   	0.00658071 	-0.0137298 	0.999165   	0.79193    	-0.027888  	0.00998382 	0.998812   	0.793706   	37.224     	19.2614    	0.762556   	0.742757   	28.3783    	36.2921    	0.651865   	0.659585   	39.3386    	28.3462    	0.602055   	0.628946   	68.2639	61.2817	58.51	-3.22617e-05	3.23273e-06	0.999999   	0.791904   	0.153485   	0.147184   	0.200552   	0.200545   	1.78528	
1.7e-10    	5          	-0.00509574	0.0177408  	0.997709   	0.761419   	-0.0156522 	-0.02311   	0.99716    	0.760992   	0.0207713  	0.00530801 	0.998931   	0.76164    	47.6262    	128.887    	1.25193    	1.49881    	88.5788    	114.781    	1.22199    	1.32148    	22.5772    	47.0601    	1.35636    	1.35167    	103.583	105.784	112.945	1.58044e-05	-2.70117e-05	0.999999   	0.759775   	0.153838   	0.149696   	0.234      	0.233996   	2.5354	
1.8e-10    	4.8        	-0.061394  	-0.0784152 	0.993197   	0.721673   	0.034186   	0.0189365  	0.996749   	0.733693   	0.0267437  	0.0583614  	0.996015   	0.734305   	107.275    	29.917     	5.13106    	6.33553    	135.762    	55.357     	2.56322    	2.11042    	33.2462    	114.863    	2.32378    	2.14404    	370.612	205.611	178.955	6.37252e-05	3.68347e-05	0.999999   	0.726479   	0.142777   	0.146103   	0.225709   	0.225712   	2.71829	
1.9e-10    	4.6        	-0.10921   	0.0307264  	0.991033   	0.704964   	-0.0462294 	0.138329   	0.987862   	0.697069   	0.152465   	-0.165114  	0.971074   	0.713513   	45.2629    	130.173    	8.82412    	7.75087    	61.6515    	36.6106    	6.15819    	4.80487    	97.2386    	142.251    	3.86823    	6.59214    	602.542	425.223	267.821	2.5114e-06 	2.40686e-05	0.999999   	0.693343   	0.152009   	0.149584   	0.211879   	0.211873   	2.32956	
2e-10      	4.4        	-0.108001  	0.0721119  	0.99001    	0.658334   	-0.114328  	0.0632382  	0.98937    	0.669001   	0.215592   	-0.129932  	0.963912   	0.692299   	45.8705    	49.3648    	7.39652    	8.45611    	30.1997    	103.088    	12.454     	14.3724    	52.6936    	215.833    	5.73603    	15.0265    	467.249	785.54	373.781	0.00103233 	-0.00024936	0.999998   	0.660227   	0.157756   	0.160862   	0.206394   	0.206393   	2.11888	
2.1e-10    	4.2        	-0.231908  	0.0327843  	0.968108   	0.607527   	-0.163158  	0.0163824  	0.98534    	0.671055   	0.368582   	-0.048982  	0.926252   	0.681682   	175.059    	24.5296    	27.1581    	14.903     	49.2803    	18.0583    	52.3016    	47.0892    	91.4166    	29.9044    	10.9424    	6.13826    	1541.53	3087.99	623.142	0.000913059	-0.00104422	0.999997   	0.626922   	0.164022   	0.163347   	0.207193   	0.207187   	2.63996	
2.2e-10    	4          	-0.533373  	0.150559   	0.828176   	0.621284   	-0.0395535 	-0.0302845 	0.997176   	0.69807    	0.529932   	-0.115231  	0.837603   	0.678483   	85.7414    	128.434    	5.60835    	26.0041    	64.8027    	45.173     	5.91736    	5.53186    	20.6163    	134.421    	8.52312    	20.8653    	301.139	323.552	478.808	-3.3894e-06	-0.00288205	0.999994   	0.59272    	0.168584   	0.156783   	0.212836   	0.212791   	2.05485	
2.3e-10    	3.8        	-0.664314  	0.239337   	0.707252   	0.641178   	0.106765   	-0.0246562 	0.992933   	0.693274   	0.53608    	-0.221152  	0.813935   	0.653113   	17.8372    	25.2484    	2.24154    	10.004     	59.898     	12.0468    	2.78864    	3.48805    	27.8941    	14.8402    	2.67837    	8.03213    	120.873	155.158	141.423	-0.000948692	-0.00469252	0.999986   	0.557735   	0.155077   	0.166119   	0.235844   	0.235716   	1.99451	
2.4e-10    	3.6        	-0.763806  	0.205602   	0.609363   	0.644395   	0.189829   	-0.0223452 	0.980967   	0.69654    	0.577772   	-0.201534  	0.789673   	0.619238   	63.929     	60.4686    	1.76478    	36.8895    	22.3771    	19.0943    	1.16218    	2.02957    	22.1094    	37.1241    	1.5739     	6.43053    	88.1132	74.7717	85.8302	-0.00151903	-0.00501117	0.999983   	0.521449   	0.172984   	0.252032   	0.250267   	0.250228   	2.13858	
2.5e-10    	3.4        	-0.79934   	0.126206   	0.585885   	0.555377   	0.198766   	-0.0051434 	0.979634   	0.695076   	0.559252   	-0.136681  	0.816204   	0.54436    	55.1767    	19.6055    	1.67766    	35.8773    	15.5351    	12.3197    	0.82212    	1.54258    	28.0533    	30.2663    	1.03847    	8.95581    	78.8333	60.2148	59.4689	-0.000986779	-0.00547721	0.999981   	0.483322   	0.176809   	0.195141   	0.294385   	0.294192   	2.0655	
2.6e-10    	3.2        	-0.811991  	0.103653   	0.571259   	0.436143   	0.134248   	-0.0938797 	0.985052   	0.692875   	0.545817   	0.0280003  	0.834657   	0.4722     	12.9013    	48.8285    	1.66221    	13.4402    	28.6936    	71.2545    	0.685034   	2.94232    	29.5746    	51.9383    	1.12522    	8.98984    	75.434	60.1362	56.4286	-0.00226166	-0.00498556	0.999974   	0.441797   	0.307081   	0.598445   	0.417115   	0.417264   	2.06555	
2.7e-10    	3          	-0.828855  	0.174895   	0.521321   	0.303631   	0.0999207  	-0.0275683 	0.993951   	0.693086   	0.483317   	-0.0984343 	0.867766   	0.386633   	40.3947    	68.2154    	2.64364    	42.913     	11.3185    	34.1109    	0.759297   	0.868426   	15.822     	29.1976    	1.6657     	6.77401    	93.3744	96.1737	62.7574	0.00376903 	-0.00231877	0.999981   	0.393951   	0.424706   	0.204521   	0.891976   	0.890925   	2.23869	
2.8e-10    	2.8        	-0.097537  	-0.0977887 	0.93901    	0.0750995  	0.00284051 	0.00627128 	0.999726   	0.697689   	0.0305777  	0.0102587  	0.993944   	0.280158   	78.9305    	8.38128    	2.14401    	34.0594    	8.22324    	9.18495    	0.331484   	0.308732   	61.6535    	8.69993    	0.994493   	4.99085    	44.737	67.8347	19.0975	2.64523e-05	5.15041e-05	0.999991   	0.348112   	0.275662   	0.212108   	1.08755    	1.08821    	2.2932	
2.9e-10    	2.6        	-0.019794  	0.0679524  	0.952407   	0.0419819  	0.00527897 	-0.0037378 	0.999882   	0.694261   	-0.0124023 	-0.000749432	0.998936   	0.258323   	5.33359    	6.48655    	0.264185   	0.567662   	3.38068    	3.32303    	0.126113   	0.126779   	4.09589    	5.35158    	0.198394   	0.203702   	7.67358	7.70011	7.55642	-0.00041449	0.00020103 	0.999993   	0.330711   	0.156208   	0.154629   	0.108928   	0.108932   	1.75686	
3e-10      	2.4        	-0.00370455	-0.0244459 	0.921287   	0.0259932  	0.000874702	0.00159723 	0.999933   	0.688036   	-0.00142192	-0.00103537	0.999203   	0.245481   	4.21713    	3.83776    	0.140414   	0.45914    	2.30018    	2.13874    	0.0923673  	0.0923389  	3.43035    	3.44982    	0.126828   	0.134119   	4.38739	5.17554	4.79865	2.69771e-05	0.00019983 	0.999994   	0.319033   	0.142947   	0.139889   	0.0556927  	0.0556928  	1.55743	
3.1e-10    	2.2        	0.00803195 	-0.0271463 	0.808105   	0.0145619  	-0.000512832	-0.000738905	0.999926   	0.679883   	0.00130317 	0.00461913 	0.999336   	0.23442    	2.8551     	3.26712    	0.130997   	0.550238   	2.41198    	2.49346    	0.106543   	0.106123   	2.68122    	2.45705    	0.126422   	0.127913   	4.1082	4.66489	3.96874	4.05826e-05	6.00269e-05	0.999993   	0.308533   	0.138911   	0.136621   	0.0603587  	0.0603655  	1.55685	
3.2e-10    	2          	0.00429136 	0.000448835	0.0641184  	0.0072909  	7.73604e-05	-0.00114086	0.999923   	0.668994   	-0.00100448	0.00431083 	0.999315   	0.223464   	2.31305    	2.38683    	0.112658   	1.01502    	2.62848    	2.23732    	0.118426   	0.118136   	2.58641    	2.24765    	0.119332   	0.120859   	3.6447	4.62678	3.98371	-6.79221e-05	9.12391e-05	0.999993   	0.297539   	0.135904   	0.139933   	0.0639001  	0.0639084  	1.57267	
3.3e-10    	1.8        	0.0754575  	-0.0123343 	-0.805225  	0.0142229  	-0.000969691	-0.000742393	0.999893   	0.654262   	-0.00271894	0.00313005 	0.999134   	0.210929   	3.39545    	2.65093    	0.120448   	0.646574   	3.01531    	3.49613    	0.134115   	0.133861   	2.6666     	2.8012     	0.12631    	0.126778   	3.81894	4.60811	4.48144	-1.58117e-05	-7.34185e-05	0.999992   	0.284607   	0.142511   	0.142405   	0.0799625  	0.0799464  	1.46748	
3.4e-10    	1.6        	0.0266319  	0.0278106  	-0.922533  	0.0270075  	0.00173179 	-0.0029379 	0.999788   	0.633966   	-0.0108815 	0.00594285 	0.998417   	0.195148   	5.03513    	3.40038    	0.148228   	0.452108   	6.69886    	5.15239    	0.188075   	0.187913   	3.97035    	4.25933    	0.151411   	0.158166   	4.92451	5.9025	5.07153	-0.00018889	8.36464e-05	0.99999    	0.267963   	0.144818   	0.148573   	0.114843   	0.114848   	1.59342	
3.5e-10    	1.4        	0.0924454  	-0.0975852 	-0.921477  	0.0460206  	0.00903476 	-0.00255177	0.999422   	0.603771   	-0.0567116 	0.0361538  	0.991507   	0.17445    	9.82174    	11.9619    	0.234469   	1.03623    	13.323     	14.5615    	0.296524   	0.300502   	11.004     	16.1494    	0.228053   	0.280215   	6.4424	7.49032	6.52959	-1.38984e-05	-7.92831e-05	0.999988   	0.244727   	0.141577   	0.156394   	0.190811   	0.190812   	1.64098	
3.6e-10    	1.2        	0.475768   	-0.23194   	-0.803659  	0.0841554  	-0.111273  	0.0203925  	0.991734   	0.565153   	0.139611   	0.0540507  	0.970966   	0.146996   	37.1381    	15.7254    	0.362497   	14.2586    	67.9006    	16.7704    	0.63171    	1.32981    	36.1275    	19.4881    	0.475841   	1.55529    	8.59068	13.3272	9.5477	7.75835e-05	-0.000100702	0.999985   	0.212296   	0.148865   	0.150034   	0.430969   	0.430929   	2.63283	
3.7e-10    	1          	0.618359   	-0.596356  	-0.483793  	0.192944   	-0.200247  	0.280471   	0.936178   	0.545626   	-0.0756794 	-0.2879    	0.905812   	0.119976   	30.3446    	62.9993    	0.397285   	19.9364    	22.3133    	88.546     	0.794965   	8.25361    	19.186     	88.6044    	0.566994   	12.63      	9.64888	12.913	9.94332	-0.000260053	1.10465e-05	0.999978   	0.175158   	0.146666   	0.145387   	0.366029   	0.366023   	2.88159	
3.8e-10    	0.8        	0.687167   	0.0449787  	-0.683883  	0.173106   	-0.170023  	0.341227   	0.922016   	0.50388    	-0.162073  	-0.88687   	0.407822   	0.197725   	18.7832    	127.219    	0.666096   	15.1325    	68.7068    	17.3759    	1.07346    	4.77643    	31.0927    	157.021    	0.726589   	136.693    	10.2469	11.6356	10.2495	0.00037996 	6.04799e-05	0.999965   	0.141031   	0.149666   	0.151124   	0.220545   	0.22056    	1.7879	
3.9e-10    	0.6        	0.465391   	0.52077    	-0.695143  	0.203763   	-0.0404914 	0.254782   	0.959459   	0.437633   	-0.318755  	-0.922323  	0.192865   	0.238637   	18.7646    	85.3892    	1.19946    	17.8017    	56.2087    	130.617    	1.79095    	11.4087    	32.1639    	19.9669    	1.41357    	9.51523    	11.8435	13.9358	11.4886	4.30382e-06	2.50623e-05	0.99994    	0.108162   	0.152102   	0.148506   	0.212823   	0.212803   	1.75873	
4e-10      	0.4        	0.454348   	0.577309   	-0.669988  	0.247213   	-0.0568857 	0.194191   	0.976883   	0.38553    	-0.38447   	-0.917354  	0.0669873  	0.23709    	31.2776    	26.1611    	1.36325    	8.95833    	31.3308    	19.4836    	3.31562    	3.53848    	13.6419    	34.7161    	2.63378    	26.7306    	9.71727	13.4423	12.3857	0.000226199	-5.29088e-06	0.999875   	0.0756927  	0.159147   	0.149146   	0.189094   	0.189028   	1.67971	
4.1e-10    	0.2        	0.551874   	0.393854   	-0.72746   	0.254823   	-0.132959  	0.307324   	0.936945   	0.353952   	-0.401996  	-0.901368  	-0.071196  	0.232695   	32.1317    	29.5635    	5.61328    	16.0464    	49.5189    	42.3556    	9.31968    	11.2351    	70.8201    	14.695     	9.89848    	13.1902    	13.5816	18.4387	18.0082	-0.00241002	0.000124586	0.999594   	0.0431849  	0.161922   	0.160738   	0.196862   	0.196672   	1.61126	
4.2e-10    	-0         	0.563289   	0.314795   	-0.726664  	0.232179   	-0.240356  	0.493108   	0.822563   	0.250451   	-0.371626  	-0.904028  	-0.05887   	0.21194    	117.855    	39.8145    	78.973     	20.144     	47.2643    	41.3926    	134.363    	123.723    	49.037     	127.14     	9.42113    	63.326     	37.5175	37.9361	15.0436	-0.045145  	0.0950214  	0.982072   	0.008468   	0.173482   	0.178226   	0.413556   	0.401999   	1.72695	
