#----------------------------------------------------------------------------------------------------------------------------------------------------------
# Output file for vampire simulation
#   time       : 2025-05-27 20:30:18     process id : 377603
#   hostname   : thor7.psi.ch
#   path       : /scratch/dossan_f/Na2BaMn(PO4)2/vampire_tripleUC_15mat_J2Ja_small_k0.035_Jnn0.11_Ba
#   version    : 6.0.0
#   githash    : 4c9651daecc86c3e6b6df0c8055fcd9e89fd900c
#----------------------------------------------------------------------------------------------------------------------------------------------------------
1e-11      	8          	0.999127   	0.00111846 	-0.0024031 	0.950097   	0.999522   	0.000195797	0.00221716 	0.950319   	0.999636   	-0.00150493	-9.48465e-06	0.949763   	0.999827   	0.000927921	0.000343622	0.950068   	0.99941    	-0.000904424	0.00189719 	0.950183   	0.999117   	0.000221417	-0.00224507	0.949926   	0.999377   	-0.000267321	0.00219741 	0.950423   	0.99954    	-0.000938196	-0.00116222	0.949719   	0.999356   	0.00116682 	-0.00174507	0.950075   	0.999538   	-0.00123167	0.00100772 	0.949851   	0.999087   	0.000856489	-0.00231631	0.950053   	0.999696   	0.000395675	0.0015354  	0.95024    	0.99933    	-0.000243935	-0.00189626	0.94983    	0.999706   	0.00109941 	-0.000893976	0.949944   	0.999377   	-0.000573556	0.00219304 	0.950297   	155.581    	14.1307    	63.5639    	73.9086    	93.1804    	0.532167   	55.2207    	54.9886    	152.402    	12.1144    	0.647382   	130.111    	104.354    	8.36047    	2.88352    	92.4085    	122.692    	11.9623    	40.8028    	70.4731    	175.152    	1.93387    	58.5826    	90.0054    	99.1792    	1.9493     	76.579     	46.3171    	164.232    	5.61646    	8.07383    	134.811    	135.615    	14.6985    	38.9219    	80.6191    	143.682    	12.5431    	11.1467    	108.143    	161.477    	8.45834    	71.3554    	73.2844    	95.6338    	1.9392     	26.9593    	72.8816    	169.41     	0.811115   	30.5336    	113.423    	119.527    	12.0534    	6.2405     	98.6411    	107.836    	5.85867    	64.7273    	53.4958    	29318	10687.3	28270.7	13770.9	19189.1	35419.7	12241.9	31765.3	23074.9	25591.5	31126.8	11359.6	33491.5	18209.1	14813.6	0.999999   	5.90669e-05	-1.24695e-05	0.949783   	1976.6     	0.630005   	0.124134   	1976.11    	324803	
1.5e-11    	7.8        	0.999996   	9.33063e-05	-9.19953e-05	0.947394   	0.999996   	2.42724e-05	2.96662e-06	0.947371   	0.999996   	-0.000134441	8.05098e-05	0.947397   	0.999996   	-8.44429e-05	-1.35752e-05	0.947418   	0.999996   	8.62093e-05	-1.76007e-05	0.947385   	0.999997   	-2.72175e-05	0.000153796	0.947409   	0.999996   	7.9687e-05 	0.000187512	0.947406   	0.999996   	-9.93945e-05	-0.000277505	0.947405   	0.999996   	-2.63656e-05	0.000147189	0.947405   	0.999996   	4.31353e-05	0.000473079	0.947405   	0.999996   	-0.000162853	-0.00024373	0.947392   	0.999996   	0.00012401 	-0.000214176	0.947393   	0.999997   	-0.000197803	1.38596e-05	0.947407   	0.999997   	-1.72374e-05	-0.000145002	0.947398   	0.999996   	0.000126216	0.00016021 	0.947353   	0.0203156  	0.532019   	0.69826    	0.0203148  	0.0205399  	0.479415   	0.682481   	0.0205514  	0.0214892  	0.572052   	0.566481   	0.0214858  	0.0210316  	0.505658   	0.65963    	0.0210483  	0.0213285  	0.541794   	0.635114   	0.0213385  	0.0215504  	0.519555   	0.564228   	0.0215502  	0.0213721  	0.603051   	0.618674   	0.0213563  	0.0211184  	0.518424   	0.659826   	0.0211053  	0.0208728  	0.563369   	0.604817   	0.0208883  	0.0222201  	0.478149   	0.7032     	0.0222145  	0.0212352  	0.532958   	0.668977   	0.0212349  	0.0228734  	0.504127   	0.72043    	0.0228766  	0.0209076  	0.500328   	0.611181   	0.0209029  	0.0204126  	0.494138   	0.494778   	0.0203913  	0.021844   	0.52096    	0.602614   	0.021827   	5.53255	5.70098	5.82532	5.83621	6.07142	5.9762	5.92262	5.64294	5.77483	6.09086	5.77954	6.25866	5.88166	5.75931	5.91489	1          	-1.15321e-05	1.43713e-05	0.947393   	0.0372772  	0.118342   	0.119525   	0.0372772  	2.07993	
2e-11      	7.6        	0.999996   	-9.03876e-05	-5.98803e-05	0.942744   	0.999996   	3.80084e-05	9.82545e-05	0.942718   	0.999996   	4.65089e-05	-4.56489e-05	0.942737   	0.999996   	-0.000102406	-4.14364e-05	0.942716   	0.999996   	-6.53108e-05	5.70346e-05	0.942734   	0.999996   	0.000132343	-4.14381e-05	0.942709   	0.999996   	0.000110632	-3.47219e-05	0.94275    	0.999996   	-0.000210977	-6.67077e-05	0.942729   	0.999996   	-4.98048e-06	1.51283e-05	0.942701   	0.999996   	-0.000127665	9.23535e-05	0.942738   	0.999996   	3.72116e-05	0.000113081	0.942752   	0.999996   	8.53371e-05	-0.000255031	0.942772   	0.999996   	8.96103e-05	-0.000136985	0.942745   	0.999996   	6.05003e-05	-2.65711e-06	0.942771   	0.999996   	-0.000112329	0.000137719	0.942724   	0.0253346  	0.580101   	0.750353   	0.0253428  	0.0248042  	0.62076    	0.673048   	0.0247803  	0.0271081  	0.616237   	0.683284   	0.0270709  	0.0262813  	0.653825   	0.6731     	0.0262937  	0.0248116  	0.608748   	0.671764   	0.0248184  	0.0259008  	0.610341   	0.676972   	0.0259069  	0.0252921  	0.607309   	0.702133   	0.025275   	0.0243133  	0.579901   	0.699499   	0.024313   	0.0263666  	0.57016    	0.764278   	0.0263871  	0.0246351  	0.555453   	0.612175   	0.024646   	0.0250999  	0.665572   	0.735133   	0.025111   	0.0254885  	0.598964   	0.732484   	0.0255092  	0.0257096  	0.580077   	0.800729   	0.0256883  	0.0254564  	0.538078   	0.744427   	0.0254126  	0.0265545  	0.581068   	0.811991   	0.0265488  	6.38146	6.21859	6.87923	6.21195	6.18074	6.31386	6.64147	6.29915	6.68072	6.57592	6.55302	6.19741	6.24538	6.52836	6.55588	1          	-7.58528e-06	-1.1397e-05	0.942732   	0.0466598  	0.120445   	0.129097   	0.0466615  	2.14186	
2.5e-11    	7.4        	0.999995   	5.36403e-05	5.51694e-05	0.937214   	0.999995   	0.000278563	0.00016261 	0.937173   	0.999995   	-0.000405583	-0.000146699	0.937236   	0.999995   	-0.000192838	-9.09546e-05	0.937207   	0.999995   	0.000143408	0.000313261	0.937203   	0.999995   	3.10438e-05	-9.87283e-05	0.937206   	0.999995   	-5.08518e-05	-8.10182e-05	0.937238   	0.999995   	-0.000132693	0.000227606	0.937229   	0.999994   	0.000113755	-0.000131909	0.937218   	0.999995   	0.00016211 	-4.75142e-05	0.937189   	0.999995   	-0.000230612	-0.000214278	0.937212   	0.999995   	0.000117382	0.00025951 	0.937207   	0.999995   	0.000178579	-0.000209735	0.937198   	0.999995   	-0.000114087	-2.54654e-05	0.937232   	0.999995   	-8.35732e-05	0.000247331	0.937226   	0.0284592  	0.636105   	0.884835   	0.0284575  	0.0281285  	0.794037   	0.819967   	0.0281493  	0.030397   	0.721203   	0.883692   	0.0303667  	0.0304827  	0.710771   	0.829167   	0.0304616  	0.029731   	0.740375   	0.947342   	0.0297061  	0.0303597  	0.680637   	0.845325   	0.0303598  	0.0315292  	0.712747   	0.92118    	0.0315273  	0.0307536  	0.706703   	0.866555   	0.0307303  	0.0315572  	0.740893   	1.05871    	0.0315342  	0.0298971  	0.624183   	0.812455   	0.0298905  	0.0303758  	0.658739   	0.787623   	0.0303709  	0.0300679  	0.619773   	0.887942   	0.030027   	0.0313511  	0.585168   	0.853823   	0.0313293  	0.0326505  	0.649908   	0.821917   	0.0326626  	0.0337119  	0.664086   	0.857497   	0.0337008  	6.51347	6.44687	6.82696	7.1113	6.75841	6.58977	6.8224	6.83257	7.45986	6.89076	7.09134	6.51163	7.08662	7.52749	7.57551	1          	-8.78545e-06	1.46105e-05	0.937208   	0.0655187  	0.122352   	0.12953    	0.065518   	2.30234	
3e-11      	7.2        	0.999994   	0.000100196	-3.51053e-05	0.930679   	0.999995   	-0.000245058	-0.000244639	0.930642   	0.999993   	0.000171326	0.000300818	0.93065    	0.999993   	0.000139001	-0.000303483	0.930586   	0.999994   	-0.000313598	0.000162882	0.930664   	0.999993   	0.000282091	0.000172717	0.930649   	0.999994   	0.000189106	3.61781e-05	0.930635   	0.999994   	-0.000118702	-0.000188011	0.930626   	0.999994   	-9.99789e-05	7.81619e-05	0.930666   	0.999993   	-6.3731e-05	0.000355643	0.930658   	0.999994   	0.000106465	0.000108359	0.930666   	0.999993   	5.44115e-06	-0.000467725	0.930663   	0.999994   	-0.000323244	0.000358567	0.93065    	0.999994   	0.000148469	-1.69845e-05	0.930651   	0.999994   	0.000193752	-0.000394188	0.930651   	0.0430375  	0.826169   	1.09373    	0.0431086  	0.0391981  	0.791274   	0.887397   	0.0392049  	0.0363153  	0.86461    	1.14966    	0.036295   	0.0376573  	0.813322   	1.24287    	0.0376683  	0.0387473  	0.754077   	0.980251   	0.0386679  	0.0412528  	0.935021   	1.17901    	0.0412611  	0.0382328  	0.788983   	1.12649    	0.0382166  	0.0372157  	0.754142   	1.04655    	0.0371561  	0.0360665  	0.759862   	1.10603    	0.0360694  	0.0411941  	0.99567    	1.1065     	0.0411961  	0.0401367  	0.875151   	0.94755    	0.0401322  	0.0412039  	0.971101   	1.09784    	0.04121    	0.0413067  	0.788771   	1.08772    	0.0412311  	0.035653   	0.825203   	1.06304    	0.0356713  	0.0396337  	0.82181    	1.06638    	0.039626   	8.47726	8.36566	6.95787	7.80228	7.92859	8.01481	7.74705	7.55466	7.47211	8.24458	7.92229	8.39984	8.31444	7.79856	7.98928	1          	1.14261e-05	-5.13846e-06	0.930643   	0.0931084  	0.122632   	0.140041   	0.0931077  	2.41308	
3.5e-11    	7          	0.999992   	-0.000411553	-0.000295652	0.922779   	0.999992   	0.000603222	0.000276906	0.922711   	0.999992   	-0.000167556	-5.4095e-05	0.922699   	0.999993   	-4.18574e-05	-0.000213349	0.922697   	0.999991   	0.000119661	0.000606205	0.922762   	0.999991   	-0.000123908	-0.000325172	0.922726   	0.999992   	-7.79565e-05	-9.1485e-06	0.922711   	0.999992   	0.000289516	-0.000282629	0.922681   	0.999991   	-0.000174795	0.000232928	0.922735   	0.999992   	-3.17918e-05	-0.000219128	0.922732   	0.999992   	-0.000393566	0.000445326	0.922745   	0.999993   	0.000360545	-0.00019956	0.922752   	0.999993   	-8.12068e-05	0.000492804	0.92273    	0.999993   	2.84883e-05	-0.000543578	0.922724   	0.999993   	4.62406e-05	4.68898e-05	0.922711   	0.0493724  	1.06221    	1.33155    	0.0493454  	0.047653   	0.885009   	1.53763    	0.0475863  	0.052156   	1.0503     	1.38958    	0.0521287  	0.0490658  	0.927798   	1.23525    	0.0490766  	0.0495205  	0.997541   	1.67263    	0.0495268  	0.0534783  	1.15285    	1.50774    	0.0534441  	0.0456226  	1.01872    	1.52464    	0.0455682  	0.0493923  	1.09838    	1.2659     	0.0493367  	0.0469267  	1.033      	1.69024    	0.0468873  	0.0470393  	0.99832    	1.45118    	0.0469999  	0.0492351  	0.921446   	1.52345    	0.049297   	0.0486479  	0.910446   	1.31204    	0.0487124  	0.0514983  	0.901569   	1.05076    	0.051458   	0.0488155  	0.970258   	1.13484    	0.0488144  	0.052771   	0.845117   	1.21748    	0.05273    	8.7938	8.66013	9.25894	8.75492	9.15557	9.30246	8.50339	9.19589	8.64689	8.60609	8.64387	9.2603	9.17613	8.5307	9.65247	1          	-3.77202e-06	-2.75537e-06	0.922719   	0.129706   	0.133181   	0.140458   	0.129707   	2.46564	
4e-11      	6.8        	0.99999    	-0.000260481	0.000594352	0.913095   	0.999989   	-0.000210696	-0.000686602	0.913142   	0.99999    	0.000423956	9.70677e-05	0.91308    	0.999988   	-0.000291959	-0.000465868	0.913074   	0.99999    	0.000384206	0.000193327	0.91317    	0.99999    	-9.45766e-05	0.000242211	0.913103   	0.999989   	0.000160291	-0.000265017	0.913097   	0.999989   	0.000135178	0.00107604 	0.913157   	0.999988   	-0.000315156	-0.000768011	0.913127   	0.999989   	0.000397604	0.000536498	0.913087   	0.999989   	-9.05099e-05	1.89612e-05	0.913156   	0.99999    	-0.000348152	-0.000547233	0.913111   	0.99999    	0.000501419	-0.00016375	0.913104   	0.999989   	-0.000339509	-0.000225807	0.913111   	0.999989   	-8.69103e-05	0.00035647 	0.913126   	0.0648974  	1.22178    	1.67015    	0.0648527  	0.0581151  	1.16899    	1.9327     	0.058083   	0.0631208  	1.08544    	1.9613     	0.0632937  	0.0620807  	1.31304    	2.13723    	0.0617809  	0.0625769  	1.31699    	1.60123    	0.0625837  	0.0602794  	1.15229    	1.91555    	0.0602653  	0.0653516  	1.11273    	2.07929    	0.0651889  	0.0603502  	1.26227    	1.886      	0.0601368  	0.0600776  	1.23408    	2.1016     	0.0600061  	0.0601619  	1.2418     	1.92496    	0.0602382  	0.0708642  	1.24452    	1.93557    	0.0709318  	0.0614143  	1.02926    	1.98718    	0.0615887  	0.0572623  	1.01487    	1.9787     	0.0572489  	0.0617183  	1.22065    	1.89576    	0.0616044  	0.0633907  	1.37741    	1.8534     	0.0633902  	10.8921	9.81987	10.5282	10.4246	9.88434	10.6256	10.1172	9.62695	9.48557	9.52165	10.8223	9.84614	10.1295	10.2015	9.60917	1          	-2.36419e-06	-5.10987e-07	0.913106   	0.16601    	0.133188   	0.141345   	0.166008   	2.32085	
4.5e-11    	6.6        	0.999986   	0.000584311	0.000950715	0.901342   	0.999986   	0.000122922	-0.001518  	0.901365   	0.999986   	-0.000686245	0.000574317	0.901378   	0.999985   	0.000191417	-0.000103065	0.901388   	0.999984   	-0.000480515	-0.000513405	0.901392   	0.999986   	0.000347994	0.0005662  	0.901382   	0.999986   	9.32571e-05	5.18344e-05	0.901376   	0.999987   	-0.000180768	0.00140826 	0.90133    	0.999986   	0.000120484	-0.0015008 	0.901438   	0.999985   	0.000432884	0.000911772	0.901313   	0.999986   	-0.000391261	-0.000658679	0.901327   	0.999986   	-6.84662e-05	-0.000328134	0.901378   	0.999984   	0.000368934	0.00119144 	0.901374   	0.999987   	-7.44969e-05	-5.59255e-05	0.901332   	0.999986   	-0.000285102	-0.00118834	0.901409   	0.0791614  	1.20659    	2.8107     	0.0790972  	0.0803046  	1.32163    	2.35641    	0.0800806  	0.0889659  	1.32489    	2.51512    	0.0887739  	0.0842907  	1.74138    	2.49456    	0.0845316  	0.0808832  	1.70438    	2.98269    	0.0807885  	0.0809198  	1.41135    	2.54857    	0.0809816  	0.0842797  	1.66841    	2.38748    	0.0841408  	0.0857222  	1.66775    	1.96517    	0.0858903  	0.0899237  	1.24303    	2.43266    	0.0898742  	0.0809913  	1.5029     	2.75759    	0.0810169  	0.0791386  	1.49132    	2.50554    	0.0791597  	0.0871513  	1.64689    	2.35669    	0.0871618  	0.0839529  	1.52385    	2.91039    	0.0838672  	0.0819103  	1.5573     	2.15207    	0.0816331  	0.0848613  	1.35105    	2.51233    	0.0848694  	11.6285	11.72	13.0345	11.6	11.8131	11.9576	12.0651	13.1966	13.299	11.4768	11.743	11.9785	12.5901	11.856	12.6266	1          	6.36599e-06	-1.41105e-05	0.901356   	0.241901   	0.13347    	0.142731   	0.241902   	2.11278	
5e-11      	6.4        	0.999983   	0.000420435	-0.00142906	0.887047   	0.99998    	0.000144631	0.000317739	0.886837   	0.99998    	-0.00056266	0.00119491 	0.886977   	0.999976   	0.000563172	0.000203742	0.886964   	0.999977   	-0.000620083	0.000160319	0.886892   	0.999981   	5.13153e-05	-0.000326125	0.886975   	0.999977   	0.000341057	0.000245399	0.886941   	0.99998    	0.000378313	0.000440715	0.8869     	0.999979   	-0.00069521	-0.000674011	0.887072   	0.999978   	-0.000320574	0.00165973 	0.8869     	0.999979   	0.0009527  	-0.000873302	0.886995   	0.999981   	-0.000565457	-0.000777277	0.886923   	0.999983   	-0.000120461	-0.000474281	0.886912   	0.999978   	0.000322813	-0.00145238	0.886892   	0.999979   	-0.000295253	0.00194844 	0.886942   	0.112563   	1.44014    	3.03098    	0.112824   	0.115824   	1.76492    	3.96627    	0.115821   	0.107388   	1.90051    	3.40968    	0.107191   	0.106701   	1.91524    	4.83751    	0.106269   	0.105588   	1.69275    	4.78249    	0.104945   	0.128499   	1.93722    	3.36668    	0.128469   	0.109496   	2.15313    	4.23257    	0.109104   	0.112061   	2.07139    	3.53571    	0.11191    	0.107119   	1.97263    	3.71402    	0.106567   	0.110055   	1.81046    	3.93844    	0.109835   	0.111822   	1.87995    	3.87784    	0.111751   	0.121708   	2.04       	3.18791    	0.121963   	0.105918   	1.93266    	2.92326    	0.106016   	0.116711   	2.21142    	3.67106    	0.116651   	0.108953   	2.02486    	3.45399    	0.109218   	13.4131	14.284	13.7783	14.2146	13.8744	15.3741	13.95	14.624	13.7308	13.4414	14.1246	14.9442	13.7711	14.5157	13.1673	1          	-3.90579e-07	1.10369e-05	0.886926   	0.361214   	0.136409   	0.143341   	0.361211   	1.76705	
5.5e-11    	6.2        	0.999966   	0.000679369	-0.00215435	0.86893    	0.999965   	3.10043e-05	0.00232716 	0.869124   	0.99997    	-0.000633867	-0.000215574	0.869054   	0.999974   	0.000506005	0.00218677 	0.868943   	0.999971   	-0.00101143	0.00171616 	0.868975   	0.999963   	0.000547968	-0.0038631 	0.869085   	0.999961   	0.000591017	0.002495   	0.869014   	0.999962   	-4.92955e-05	-0.00279462	0.869045   	0.999969   	-0.000560871	0.00029918 	0.869019   	0.999932   	-0.000404373	-0.00114183	0.868999   	0.999954   	0.000320196	-0.00243189	0.869086   	0.999951   	5.36484e-05	0.00358506 	0.868993   	0.999963   	7.42778e-05	-0.00309788	0.869111   	0.999951   	8.71433e-05	0.000789554	0.86895    	0.999957   	-0.000203185	0.00226757 	0.869002   	0.197397   	2.19407    	6.43559    	0.197253   	0.169513   	2.13983    	6.55866    	0.169003   	0.175359   	2.42791    	5.70178    	0.17621    	0.172721   	2.71898    	3.72238    	0.172672   	0.190265   	2.86614    	4.56738    	0.189437   	0.165172   	2.33897    	5.59913    	0.165699   	0.15034    	2.22725    	7.56912    	0.150201   	0.167577   	2.46863    	6.62906    	0.167748   	0.176866   	2.46602    	5.82842    	0.177922   	0.169108   	2.32453    	15.7942    	0.165536   	0.184067   	2.46803    	9.27524    	0.18303    	0.178943   	2.1965     	9.38919    	0.17833    	0.162687   	2.52669    	6.22116    	0.161694   	0.165923   	3.04258    	10.2031    	0.165179   	0.162814   	2.40442    	8.47428    	0.164605   	21.2959	18.3193	18.9073	18.1929	20.3073	18.5483	16.9723	18.4119	18.5519	19.2147	19.2244	18.5645	17.1867	17.1	18.1583	1          	1.9499e-06 	-2.23183e-06	0.868988   	0.587709   	0.138728   	0.146061   	0.587711   	1.73706	
6e-11      	6          	0.999876   	-0.000214666	0.00268083 	0.844129   	0.998602   	-0.000613164	-0.042097  	0.844493   	0.998951   	0.000736508	0.0393706  	0.844604   	0.99874    	0.000668907	-0.0416914 	0.844548   	0.999949   	-0.000149345	0.00448819 	0.844474   	0.998897   	-0.000550248	0.0371746  	0.844065   	0.99918    	6.60342e-06	-0.0315862 	0.844566   	0.998753   	-0.000746313	0.0428604  	0.84429    	0.999863   	0.000684447	-0.0111853 	0.844338   	0.999575   	0.00120824 	0.0255499  	0.843615   	0.999337   	-0.00048359	0.0250569  	0.844662   	0.998273   	-0.000687175	-0.0507072 	0.844945   	0.998403   	0.00123625 	0.0474595  	0.844649   	0.999158   	-0.00168278	-0.0371286 	0.844456   	0.99979    	0.000461813	-0.0102943 	0.844125   	0.736891   	3.13575    	27.5353    	0.722017   	1.03584    	3.32896    	126.958    	0.611709   	0.809497   	2.53025    	66.8781    	0.500885   	0.975946   	2.85034    	96.4607    	0.548833   	0.48453    	2.55794    	7.7856     	0.485076   	0.743026   	2.45961    	102.295    	0.505076   	0.569691   	2.64412    	79.2414    	0.469033   	0.951406   	2.8063     	80.5039    	0.59434    	0.523609   	2.84628    	16.2635    	0.534342   	0.691834   	2.98733    	21.8913    	0.649945   	0.469998   	2.21974    	86.935     	0.507518   	1.18904    	2.93392    	108.936    	0.584499   	1.14757    	2.72888    	116.599    	0.584769   	0.672376   	2.91015    	35.5436    	0.512818   	0.48566    	3.34946    	36.5702    	0.471097   	56.582	38.2153	46.5245	36.7219	51.7611	31.0694	34.5118	25.9402	41.5225	36.607	58.9156	35.8497	32.0127	37.6483	53.5853	1          	-8.43876e-06	-6.90966e-06	0.843685   	6.6439     	0.137592   	0.144523   	6.6439     	98.7382	
6.5e-11    	5.8        	0.99992    	0.00149323 	0.00215353 	0.810048   	0.997127   	0.000816   	-0.0742677 	0.810755   	0.997371   	-0.00233482	0.0717283  	0.816515   	0.996912   	0.000886406	-0.0778656 	0.816185   	0.999767   	-0.00104861	0.0167842  	0.81099    	0.997997   	0.000164095	0.0614945  	0.809804   	0.99861    	-0.00111022	-0.0511041 	0.808917   	0.996481   	0.000408357	0.0831616  	0.815079   	0.999393   	0.000686613	-0.0323277 	0.813273   	0.998871   	0.000293977	0.0458906  	0.814324   	0.9993     	-9.51833e-05	0.0349823  	0.808853   	0.996681   	-0.000134691	-0.0808316 	0.813726   	0.996551   	0.000317942	0.0821689  	0.812851   	0.998122   	0.000345931	-0.0606075 	0.81568    	0.99971    	-0.000658139	-0.0214214 	0.809101   	1.09753    	2.30346    	15.7111    	1.10254    	0.907627   	2.46299    	23.7656    	1.03578    	0.864078   	2.85173    	9.16189    	0.950053   	0.86516    	3.01081    	9.24776    	0.936798   	0.887251   	3.30034    	18.2935    	0.857248   	0.731568   	2.26879    	23.582     	0.699183   	0.748565   	2.8234     	16.4633    	0.732719   	0.694126   	2.86911    	10.0349    	0.660632   	0.840316   	2.61413    	17.2805    	0.776741   	0.642536   	3.02538    	14.7507    	0.556974   	0.686171   	2.73954    	17.8469    	0.684603   	1.00602    	3.14123    	8.03709    	1.11363    	0.790508   	2.38336    	13.4763    	0.853094   	0.711913   	3.3042     	6.12098    	0.740863   	1.16295    	2.94473    	11.2898    	1.14363    	57.1433	62.6042	83.4094	56.2615	58.9276	55.345	57.3094	42.8231	54.4665	61.2113	39.6918	60.4685	72.2752	58.6183	51.7622	1          	2.04363e-06	7.21293e-07	0.810932   	4.00577    	0.135623   	0.133242   	4.00577    	62.9794	
7e-11      	5.6        	0.999797   	0.000682228	-0.0172637 	0.779288   	0.99893    	-2.19102e-06	-0.0425043 	0.783442   	0.998098   	-0.000628386	0.0597271  	0.784059   	0.997913   	0.00116476 	-0.0620976 	0.784417   	0.999482   	-0.000831887	0.0309271  	0.781033   	0.999307   	-0.000327131	0.0312528  	0.781491   	0.99955    	0.00090463 	-0.0221198 	0.781242   	0.997963   	-0.000860514	0.0596807  	0.783178   	0.999246   	0.000102681	-0.0374671 	0.782442   	0.998843   	-0.00137029	0.0466284  	0.782627   	0.999809   	0.000886962	0.0113443  	0.781763   	0.998095   	0.000440783	-0.058062  	0.782566   	0.998248   	-0.000641444	0.0568531  	0.783718   	0.998155   	3.0566e-05 	-0.0591092 	0.782561   	0.999948   	0.000516997	0.00223469 	0.780865   	4.59363    	2.77102    	8.90363    	4.50609    	1.89073    	2.54308    	33.5123    	1.4788     	1.53566    	2.52833    	22.7976    	1.19046    	2.41164    	2.34666    	31.3465    	1.75936    	1.96361    	3.1053     	5.45389    	1.86652    	0.969385   	2.8905     	41.9608    	1.14693    	0.90541    	2.75201    	41.9677    	0.961298   	2.35301    	2.73442    	52.8253    	2.04898    	1.32576    	2.83867    	8.55051    	1.36449    	1.94371    	2.58767    	12.8166    	2.2386     	1.18376    	2.24333    	25.3455    	1.20296    	3.18673    	2.75145    	44.1556    	2.34361    	4.35656    	2.70662    	25.7963    	3.38291    	1.16386    	2.21417    	19.1638    	1.4048     	3.1476     	2.60882    	8.05351    	3.12926    	331.786	148.538	115.888	195.686	138.145	63.9507	76.7904	168.715	96.4648	145.619	94.2136	234.935	337.591	79.1355	224.751	1          	6.04086e-06	7.86297e-06	0.781446   	1.57615    	0.137302   	0.138649   	1.57614    	14.3287	
7.5e-11    	5.4        	0.99977    	0.00105404 	-0.0143728 	0.752132   	0.999605   	-0.000542558	-0.0263907 	0.752019   	0.999068   	-0.00052336	0.0406001  	0.756011   	0.999113   	0.000379496	-0.040111  	0.753943   	0.999539   	-0.00124057	0.026234   	0.754948   	0.999862   	0.000798923	0.013522   	0.751096   	0.99992    	4.17521e-05	-0.0069237 	0.752761   	0.999321   	0.000265598	0.0357211  	0.753927   	0.999488   	-0.000272768	-0.0287506 	0.753287   	0.999348   	0.000225302	0.0332048  	0.753022   	0.999945   	-0.00025895	-0.000502482	0.751719   	0.999401   	5.21379e-05	-0.0324431 	0.755142   	0.999532   	-0.000221109	0.0291598  	0.754469   	0.999265   	0.00155108 	-0.0352725 	0.754201   	0.99988    	-0.00123855	0.00627909 	0.751309   	5.2661     	2.54573    	22.6182    	4.9485     	6.28316    	2.22326    	7.27987    	6.28053    	1.31715    	1.98422    	19.9314    	1.30149    	3.15727    	3.03731    	14.1405    	3.49945    	4.72839    	3.17135    	19.9725    	4.24663    	2.07372    	3.0669     	6.28506    	2.05101    	1.74704    	2.94836    	8.3466     	1.73525    	3.06273    	2.02275    	6.47335    	3.24244    	2.77404    	3.62599    	16.0959    	2.54941    	3.15717    	2.80078    	17.195     	2.81957    	1.27385    	3.35238    	7.8173     	1.27249    	2.68122    	4.12483    	10.9273    	2.90179    	7.10017    	2.02618    	6.81975    	7.14819    	3.7317     	2.25654    	19.9869    	3.26468    	2.02424    	2.67723    	17.448     	1.99027    	370.704	417.421	96.525	205.657	345.329	143.8	132.036	199.177	204.32	216.44	103.176	173.84	472.8	260.12	152.572	1          	4.51138e-06	5.24094e-06	0.752984   	1.011      	0.139521   	0.14245    	1.011      	6.96361	
8e-11      	5.2        	0.999773   	-0.000519956	0.0155682  	0.729449   	0.99955    	0.000927696	-0.0286843 	0.719817   	0.999809   	-0.000355028	0.0133848  	0.726308   	0.999721   	-0.00141011	-0.0187442 	0.723152   	0.999767   	0.00042233 	-0.0113276 	0.729712   	0.999492   	0.000976126	0.0298951  	0.72289    	0.999442   	-0.000694053	-0.032022  	0.724236   	0.999601   	0.000103005	0.0242516  	0.722626   	0.999818   	0.000601885	0.00762484 	0.729093   	0.999858   	0.000575394	-0.000272098	0.730531   	0.999512   	-0.00137578	0.0296146  	0.723688   	0.999431   	0.000812544	-0.0296242 	0.721585   	0.999388   	-4.17146e-05	0.0333144  	0.717739   	0.999803   	-0.000890011	-0.00875306	0.731139   	0.999632   	0.00100696 	-0.0241108 	0.726988   	1.98298    	3.0758     	17.0225    	1.94233    	2.29983    	2.41216    	4.76979    	2.32997    	1.59393    	2.85344    	16.3237    	1.59964    	1.39554    	2.53504    	16.5826    	1.36205    	1.38283    	2.8957     	29.2957    	1.39446    	1.56602    	2.97756    	8.38721    	1.54922    	1.22596    	2.82956    	5.64305    	1.20375    	1.90056    	2.80616    	16.7711    	1.8149     	1.86394    	3.41562    	25.6764    	1.89881    	1.90589    	2.62953    	24.5154    	1.92195    	3.31567    	2.73168    	6.39381    	3.31265    	3.20567    	3.08702    	20.9206    	2.93556    	1.62808    	2.54924    	7.868      	1.55413    	1.7845     	2.45461    	27.7115    	1.73837    	2.08034    	2.85837    	11.5427    	1.97823    	134.984	158.008	106.744	95.0737	93.2611	105.805	86.4191	126.192	130.308	134.398	216.741	213.064	111.576	125.287	135.605	1          	8.47469e-06	-1.97279e-06	0.725003   	0.838094   	0.142255   	0.145235   	0.838094   	4.69059	
8.5e-11    	5          	0.999776   	0.000729901	0.0150955  	0.698246   	0.999722   	-0.00115598	-0.0221009 	0.690383   	0.999854   	0.000463271	0.00690543 	0.703737   	0.999852   	-0.00100476	-0.01171   	0.700228   	0.999896   	0.000958122	-0.00871036	0.701377   	0.999725   	7.43334e-05	0.0210118  	0.69073    	0.999775   	-0.000338774	-0.0190744 	0.692138   	0.999746   	-2.84119e-06	0.0193685  	0.697024   	0.99994    	0.000346288	-0.000782218	0.703329   	0.999925   	0.00058634 	0.00162218 	0.703722   	0.999708   	-0.000173295	0.0214038  	0.692805   	0.999661   	-0.000371912	-0.0229048 	0.69597    	0.999611   	-0.000765123	0.0256573  	0.693032   	0.999887   	0.00126866 	-0.00671565	0.704383   	0.999755   	-0.000469596	-0.0187652 	0.695128   	1.40382    	2.43106    	16.6942    	1.39924    	1.36167    	2.77349    	2.94116    	1.38552    	2.1966     	3.20767    	18.4538    	2.16309    	1.4379     	2.97318    	10.9486    	1.43388    	1.63486    	2.92537    	8.60078    	1.61999    	1.97718    	2.84112    	6.42985    	1.97748    	2.95279    	3.13593    	4.12266    	2.90409    	2.51112    	2.96627    	8.44637    	2.4625     	2.74116    	3.47318    	7.1277     	2.74215    	1.23026    	3.37336    	9.68908    	1.22595    	2.08789    	3.38606    	7.4087     	2.10886    	1.51572    	2.73694    	10.371     	1.4264     	2.43375    	2.95915    	7.29792    	2.38026    	2.42261    	2.78757    	13.1774    	2.40308    	2.76121    	2.68628    	9.14371    	2.74459    	87.7911	90.5836	138.558	92.1191	105.983	122.433	188.134	157.748	175.224	78.7936	126.785	99.2597	162.937	154.989	162.377	1          	1.23845e-05	1.27019e-05	0.697335   	0.709419   	0.150346   	0.145894   	0.709416   	3.76645	
9e-11      	4.8        	0.999701   	0.000611377	0.0208334  	0.675677   	0.999547   	0.000176882	-0.0270954 	0.664055   	0.999839   	-0.000715931	0.00696833 	0.670578   	0.999863   	-0.00142392	-0.00814002	0.666927   	0.999776   	0.00036047 	-0.0166347 	0.677681   	0.999632   	0.000981601	0.0251718  	0.665683   	0.999586   	0.000465841	-0.0263505 	0.66945    	0.999872   	0.000800064	0.0126443  	0.665444   	0.999819   	-0.00131839	0.0126892  	0.675398   	0.999823   	0.000616212	-0.00754441	0.674485   	0.999593   	0.000371873	0.0248357  	0.67073    	0.99981    	-0.00106302	-0.016972  	0.66492    	0.999587   	0.00117676 	0.0259133  	0.663883   	0.999884   	-0.00197344	-0.000680178	0.672379   	0.999569   	0.000758911	-0.0254005 	0.674293   	1.97674    	2.71186    	10.6003    	1.96743    	1.20244    	2.4967     	10.9787    	1.1922     	1.40823    	2.69825    	19.2755    	1.38434    	1.28093    	3.18572    	13.294     	1.29106    	1.56444    	2.06073    	11.8846    	1.52839    	1.00911    	2.77969    	5.30851    	1.04059    	1.97783    	3.18602    	7.55968    	2.02125    	1.83341    	2.78755    	4.7195     	1.81987    	1.4614     	3.36491    	12.9051    	1.44138    	2.08017    	3.34061    	20.8166    	2.04114    	1.59077    	2.4891     	13.5344    	1.68202    	1.52018    	2.61103    	4.5581     	1.51214    	2.46257    	2.83477    	9.15422    	2.42572    	1.62547    	2.28706    	16.1807    	1.62084    	2.27702    	2.7696     	14.7363    	2.23902    	121.939	73.1015	89.0866	80.8148	92.4028	63.5995	113.758	113.536	87.9508	122.989	93.6552	93.1581	145.477	102.6	137.597	1          	-1.24793e-05	9.90546e-06	0.669923   	0.658305   	0.142349   	0.147696   	0.658303   	3.53396	
9.5e-11    	4.6        	0.99988    	-0.000272513	0.00641007 	0.646793   	0.999934   	-0.000418425	-0.00404013	0.639424   	0.999918   	0.000761723	-0.00225037	0.6419     	0.999951   	0.000602909	-0.000718056	0.635864   	0.999828   	0.000211068	-0.000205667	0.650595   	0.999873   	-0.000880263	0.000946637	0.641909   	0.999896   	-3.66798e-05	0.00101961 	0.646232   	0.999936   	0.000673352	0.00501246 	0.636633   	0.999847   	-0.000765355	-0.00648998	0.645544   	0.999933   	0.00175074 	0.000633174	0.645458   	0.999878   	-0.00173354	-0.00355822	0.646903   	0.999945   	2.64211e-05	0.00339244 	0.635803   	0.99992    	0.000282253	-0.00573993	0.640519   	0.99987    	-0.000845536	0.0108386  	0.640107   	0.999879   	0.000487351	-0.00478393	0.647945   	4.65589    	3.17934    	11.6766    	4.65565    	4.7035     	2.64996    	5.81808    	4.70499    	4.29007    	2.62354    	9.14296    	4.31575    	2.59406    	2.89602    	4.20314    	2.59889    	3.31872    	2.53299    	23.5514    	3.30246    	5.43962    	2.56066    	16.1135    	5.43135    	2.24979    	2.80326    	12.6862    	2.23675    	1.77813    	3.36663    	4.12795    	1.77371    	3.66411    	3.01536    	16.5007    	3.61616    	4.10712    	2.18565    	7.54654    	4.06979    	2.55616    	2.05332    	15.1168    	2.62456    	2.8962     	1.92593    	5.2153     	2.90949    	3.62967    	3.01189    	6.35592    	3.68851    	3.34471    	2.4433     	7.97701    	3.36291    	3.72039    	2.1543     	14.2759    	3.72287    	221.181	239.008	214.224	132.963	179.31	280.699	122.201	95.7963	187.545	204.959	140.138	145.898	193.473	170.95	205.323	1          	-1.15856e-05	1.26598e-05	0.64271    	0.577107   	0.133598   	0.140063   	0.577107   	2.76864	
1e-10      	4.4        	0.999856   	-0.00198614	-0.0117328 	0.612657   	0.9999     	0.000614282	-0.00424498	0.61984    	0.999754   	0.00135809 	0.0161042  	0.614561   	0.9998     	-0.0020364 	-0.00637066	0.611075   	0.999728   	0.00118336 	0.0174365  	0.614827   	0.999846   	0.000880364	-0.0117554 	0.621234   	0.999855   	0.000618906	0.0120242  	0.623902   	0.999698   	0.000709141	0.0136233  	0.616635   	0.999561   	-0.00135189	-0.0246244 	0.607202   	0.999626   	0.000775989	0.0186263  	0.607966   	0.999692   	-0.000196939	-0.0195389 	0.619737   	0.999906   	-0.000529044	-0.000205934	0.619372   	0.999866   	0.00191838 	-0.010693  	0.625506   	0.999887   	-0.0014213 	-0.00468366	0.60651    	0.999809   	-0.000598266	0.01668    	0.61545    	1.70074    	4.23091    	5.64558    	1.69387    	3.09951    	3.51191    	8.99363    	3.11326    	2.98153    	3.01876    	12.5873    	2.958      	4.94152    	2.65765    	21.0586    	4.96967    	3.44901    	2.87167    	13.1272    	3.36101    	4.31101    	3.80941    	7.95223    	4.34999    	6.29935    	3.48234    	6.71009    	6.36425    	3.42129    	3.68557    	24.8704    	3.52505    	2.99154    	3.22588    	14.6833    	3.14908    	2.9773     	3.4295     	23.2126    	3.07797    	2.13228    	2.8695     	13.187     	2.08741    	2.16659    	3.20193    	9.72193    	2.15559    	3.58056    	2.67978    	7.89379    	3.58       	2.25095    	2.63962    	10.6544    	2.26289    	2.52226    	2.39226    	4.61572    	2.56241    	88.0574	149.767	153.327	234.201	175.604	203.355	300.757	157.168	147.1	150.974	101.706	106.661	170.32	113.407	124.031	1          	3.47611e-06	4.11622e-05	0.615633   	0.546607   	0.139499   	0.145591   	0.546614   	2.41932	
1.05e-10   	4.2        	0.998324   	0.00126413 	-0.0549353 	0.584292   	0.999769   	0.000291577	0.0144223  	0.594185   	0.999135   	-0.00162066	0.0399853  	0.588805   	0.99965    	0.000374874	-0.0233905 	0.585844   	0.998193   	0.00125961 	0.0586451  	0.588981   	0.999306   	-0.00162535	-0.0342231 	0.592614   	0.999305   	0.00124371 	0.0320364  	0.593619   	0.99959    	-0.00214994	0.0248949  	0.5966     	0.998299   	0.000952154	-0.0564545 	0.577919   	0.99887    	0.000541579	0.0459275  	0.588462   	0.999128   	-0.00122533	-0.039266  	0.584529   	0.999889   	0.000580185	-0.00666452	0.593536   	0.999403   	8.34569e-05	-0.0298867 	0.593671   	0.999365   	-0.000385067	-0.0324775 	0.58355    	0.997937   	0.000172754	0.0603593  	0.591437   	2.44818    	3.52346    	16.9504    	2.78354    	8.35895    	3.11306    	12.7991    	8.18164    	5.90312    	3.4416     	4.7119     	6.11061    	2.8048     	3.13395    	6.29746    	2.81051    	4.82524    	3.37192    	7.45107    	5.08613    	7.7414     	3.21061    	9.97702    	7.47277    	5.27905    	4.45003    	18.1685    	4.95011    	4.40906    	3.52523    	8.77593    	4.24635    	5.29762    	4.1473     	8.88782    	5.6479     	3.07895    	3.79995    	5.58409    	3.25491    	4.03733    	3.29647    	8.76869    	3.88569    	3.14552    	3.68122    	7.44912    	3.11468    	5.35946    	3.3835     	15.4457    	5.14694    	10.5984    	2.86161    	10.8031    	11.0997    	3.45928    	3.48534    	26.0614    	2.9833     	116.02	329.43	254.755	123.639	208.621	304.192	222.922	201.853	215.771	121.078	165.141	141.604	230.139	439.667	147.202	1          	-1.36829e-05	9.29344e-05	0.588661   	0.513949   	0.140613   	0.14702    	0.513944   	2.17331	
1.1e-10    	4          	0.994646   	0.000648893	-0.102085  	0.564819   	0.998688   	-0.00222297	0.0466305  	0.551511   	0.998404   	0.00152534 	0.0551737  	0.573202   	0.999904   	-0.00106952	-0.00433703	0.561396   	0.996712   	-0.000951913	0.0796584  	0.572661   	0.996786   	0.00209255 	-0.0771679 	0.554964   	0.995901   	-0.000958433	0.0872736  	0.561458   	0.999622   	0.000147512	0.0165058  	0.567527   	0.994753   	0.000822042	-0.101487  	0.56222    	0.996681   	-0.00132283	0.080446   	0.572749   	0.997497   	-0.000596623	-0.0687015 	0.551271   	0.999831   	0.00195002 	-0.0114284 	0.563657   	0.998365   	-0.00071021	-0.0549982 	0.561443   	0.997462   	0.00164585 	-0.0698412 	0.567371   	0.992077   	-0.000925231	0.123875   	0.56431    	3.57363    	3.17898    	11.7635    	3.81581    	4.28622    	2.36937    	21.2186    	3.79773    	2.99539    	3.07445    	5.21843    	2.86923    	3.92847    	3.63364    	6.14759    	3.94016    	4.98238    	2.46374    	10.9504    	5.58337    	5.69412    	4.24805    	20.378     	5.03728    	4.2316     	3.42571    	27.5494    	3.3543     	7.18312    	3.74749    	24.2685    	7.2724     	7.36945    	3.88641    	6.03271    	7.84533    	5.30427    	3.65786    	5.43847    	5.36484    	6.90175    	3.29962    	12.3584    	7.38897    	10.3128    	3.09012    	8.51281    	10.3865    	3.23657    	2.94335    	10.5445    	3.01857    	4.89623    	4.02875    	6.44489    	4.44708    	5.03267    	3.68675    	23.2774    	7.05372    	143.617	172.208	129.66	146.272	173.223	205.695	159.027	278.863	287.497	201.069	239.553	358.251	131.36	198.493	196.888	1          	6.89154e-06	0.00030044 	0.561766   	0.493375   	0.143861   	0.154265   	0.493369   	2.37629	
1.15e-10   	3.8        	0.993551   	-0.000359312	-0.11172   	0.542858   	0.998163   	-0.000348384	0.0586489  	0.513797   	0.99822    	0.000666213	0.0572585  	0.552903   	0.999693   	0.000448221	-0.020074  	0.533947   	0.996512   	0.000336413	0.0814506  	0.550925   	0.997623   	-0.000739078	-0.0656303 	0.522854   	0.996174   	7.29284e-05	0.0860465  	0.525323   	0.999829   	0.000155299	0.0118362  	0.535811   	0.995557   	-0.000281843	-0.0932433 	0.549089   	0.996249   	0.00143039 	0.0849897  	0.554559   	0.997286   	-0.00234923	-0.0720606 	0.526472   	0.999777   	0.000663041	-0.0149447 	0.526089   	0.997562   	-0.000950326	-0.0681451 	0.524662   	0.997029   	-0.000148812	-0.0744743 	0.544095   	0.989848   	0.000827932	0.141442   	0.545705   	3.5083     	3.3428     	17.2363    	4.24759    	1.6445     	4.85443    	6.08924    	1.6458     	2.53197    	4.44277    	10.5435    	2.32583    	4.72107    	3.42229    	7.36161    	4.73732    	3.33822    	2.82199    	14.7843    	2.96764    	4.62138    	2.7488     	19.2687    	5.14306    	5.30238    	2.25883    	9.10666    	5.17214    	4.29157    	3.29108    	7.0615     	4.2494     	3.09975    	3.52556    	6.11091    	3.49162    	2.50262    	4.40033    	10.0286    	2.51144    	3.72978    	2.82379    	8.07418    	3.64859    	4.49214    	4.45015    	6.52081    	4.47393    	9.2315     	4.67446    	6.80279    	9.59582    	4.98085    	4.53884    	16.147     	5.05779    	3.16191    	3.44533    	7.29539    	3.50721    	124.183	60.5594	87.429	172.38	125.197	169.505	180.157	165.414	103.676	96.9536	134.848	160.151	314.638	178.538	120.697	1          	-1.6329e-05	0.000422653	0.534915   	0.491651   	0.146843   	0.14919    	0.491651   	2.14611	
1.2e-10    	3.6        	0.997273   	0.00157123 	-0.0728209 	0.519469   	0.997922   	-0.000416371	0.0618128  	0.48164    	0.999681   	-0.00109827	0.0172543  	0.524759   	0.999866   	0.000107522	-0.00683166	0.492915   	0.999352   	-0.00124941	0.0339467  	0.542206   	0.999387   	0.00141884 	-0.0323186 	0.48888    	0.995071   	-0.00203281	0.0982364  	0.507854   	0.999685   	-0.000418524	0.0194343  	0.49009    	0.993569   	0.00237193 	-0.112468  	0.532608   	0.996975   	-0.00308537	0.0766942  	0.524763   	0.995628   	0.00183252 	-0.0921445 	0.515275   	0.999745   	0.00158    	0.0173466  	0.486567   	0.9903     	0.000351843	-0.134884  	0.503521   	0.999536   	0.00234649 	-0.0267157 	0.507085   	0.986506   	-0.00254838	0.159917   	0.526327   	2.30311    	3.50386    	3.19938    	2.23238    	4.23216    	3.94117    	9.34151    	3.83733    	3.5902     	3.74011    	13.0132    	3.53901    	5.58276    	3.97793    	5.77062    	5.61803    	4.4714     	3.1722     	4.33652    	4.48021    	9.14213    	3.72909    	3.70669    	8.99702    	5.64642    	4.42038    	4.16835    	5.96092    	14.6522    	3.23546    	7.67477    	14.661     	6.15299    	3.30838    	5.57446    	6.61134    	6.18611    	3.24405    	3.68066    	5.75898    	9.04604    	5.3419     	6.55857    	9.93911    	4.43959    	3.95236    	4.70321    	4.3811     	14.0567    	4.19158    	52.5109    	20.405     	9.0998     	3.95623    	5.80205    	9.23414    	8.40105    	3.52259    	54.2232    	5.39864    	80.0252	123.441	119.123	167.755	140.277	278.81	181.383	421.955	215.249	187.355	251.17	126.605	459.014	268.114	241.652	1          	3.40059e-05	0.000416108	0.507891   	0.473995   	0.145289   	0.165178   	0.473994   	2.50975	
1.25e-10   	3.4        	0.995818   	0.00159036 	-0.0906789 	0.492477   	0.993705   	0.00358459 	0.111346   	0.440799   	0.999883   	-0.00463747	-0.00890072	0.513331   	0.999828   	0.00235338 	-0.00913046	0.46076    	0.999652   	-0.00079911	0.0228465  	0.528342   	0.999662   	-0.00140058	-0.0198253 	0.453111   	0.996427   	0.000480503	0.0829435  	0.490301   	0.997653   	0.000658164	0.0629742  	0.438129   	0.991023   	-0.000940875	-0.132666  	0.521183   	0.99457    	-0.00347151	0.103261   	0.492349   	0.993333   	0.00114689 	-0.114718  	0.496106   	0.999795   	0.00241065 	0.0155587  	0.459305   	0.977012   	-0.00321247	-0.212754  	0.493553   	0.999707   	0.00237952 	-0.0181006 	0.475379   	0.972554   	0.000897075	0.232272   	0.498551   	3.42855    	2.55859    	2.46996    	3.20285    	3.17897    	3.24227    	1.52933    	3.08621    	3.32721    	3.44853    	2.85169    	3.30956    	2.91849    	4.45456    	5.2449     	2.89492    	3.08021    	4.96029    	3.72947    	3.09503    	2.4146     	4.37244    	5.99934    	2.42739    	6.025      	3.70132    	6.36897    	5.26084    	8.58643    	3.48572    	20.7756    	7.68925    	2.95521    	3.1685     	9.92588    	2.7821     	3.52487    	3.04715    	3.44964    	3.23345    	4.04383    	3.69778    	2.02733    	4.09509    	2.05979    	3.3903     	2.67922    	2.04268    	6.08378    	4.02593    	3.16733    	5.69335    	7.32575    	3.94512    	6.26864    	7.30427    	4.11746    	3.36022    	4.30186    	3.43261    	94.6476	87.6791	106.245	86.0154	86.307	73.9184	180.776	217.273	89.1424	101.613	107.536	66.319	171.637	185.149	113.824	1          	2.72788e-06	0.000134015	0.480646   	0.488751   	0.13664    	0.166617   	0.48874    	2.8373	
1.3e-10    	3.2        	0.9955     	-0.00470819	-0.0938232 	0.464309   	0.993216   	0.000624623	0.115296   	0.408335   	0.999903   	0.0039466  	-0.00653311	0.492285   	0.999891   	-0.0010338 	-0.00682444	0.433361   	0.999804   	0.00101607 	0.0158901  	0.502457   	0.999832   	-0.000222897	-0.0139574 	0.424222   	0.996411   	0.000881213	0.0835107  	0.465338   	0.995825   	-1.45195e-05	0.0900602  	0.403885   	0.988181   	-0.000893399	-0.152671  	0.499778   	0.994715   	0.00563899 	0.101877   	0.464599   	0.993496   	-0.00573636	-0.1131    	0.473136   	0.999788   	0.000367678	0.014709   	0.428052   	0.972049   	-0.00149144	-0.234401  	0.473671   	0.999849   	-0.00284404	-0.0101051 	0.438959   	0.968571   	0.00405078 	0.248366   	0.475559   	2.52839    	4.37031    	1.50429    	2.47154    	3.01673    	5.18762    	1.53612    	2.93983    	1.96722    	3.88903    	1.98617    	1.96587    	3.08991    	4.19183    	1.56325    	3.09324    	2.90661    	4.38479    	1.88211    	2.89318    	2.95301    	3.07745    	1.46362    	2.96256    	2.51662    	5.20675    	2.15605    	2.51009    	2.92179    	4.56317    	1.96222    	2.97791    	1.90601    	5.51283    	2.81582    	1.82766    	3.60707    	3.99296    	0.984212   	3.53024    	1.93455    	4.09985    	1.57399    	1.94695    	2.68426    	5.56258    	1.24791    	2.70148    	3.62774    	4.77083    	2.00034    	3.38014    	4.30948    	4.91168    	1.68389    	4.30175    	3.35079    	4.45138    	2.08356    	3.06316    	62.5084	73.8439	58.7342	82.6565	74.9898	75.0211	67.0303	79.7183	52.7501	83.3641	55.0659	69.1187	90.0215	97.9349	82.1068	1          	6.65126e-06	0.00016233 	0.453313   	0.49486    	0.142317   	0.178836   	0.494861   	2.86833	
1.35e-10   	3          	0.995032   	-0.002351  	-0.0986222 	0.439072   	0.991824   	0.00579176 	0.126713   	0.375124   	0.999867   	-0.00274094	-0.00901632	0.469295   	0.999856   	0.00149799 	-0.00641403	0.40296    	0.999873   	0.000740113	0.010208   	0.475841   	0.99988    	-0.00234791	-0.00803518	0.399067   	0.995898   	0.000501933	0.0897089  	0.439721   	0.994105   	-0.00132122	0.107394   	0.370291   	0.985824   	0.000805441	-0.167358  	0.478134   	0.994024   	0.000673588	0.108436   	0.43724    	0.993173   	-0.000426394	-0.11593   	0.445627   	0.999842   	-0.000502734	0.0109106  	0.401592   	0.964248   	-0.00303161	-0.264619  	0.451129   	0.999871   	-0.000290019	-0.00366089	0.406912   	0.962203   	0.00327833 	0.271981   	0.453096   	2.31384    	5.10368    	1.00097    	2.25445    	2.86854    	3.74115    	1.12834    	2.81537    	2.34312    	5.39896    	1.58865    	2.34309    	1.95815    	5.96605    	1.19441    	1.97023    	2.21174    	4.96747    	1.0777     	2.21893    	2.907      	3.6246     	1.22116    	2.91018    	1.65553    	3.7561     	1.05033    	1.6221     	1.80878    	4.48294    	0.889816   	1.79945    	2.33717    	4.10887    	1.51689    	2.14431    	1.86233    	4.41607    	0.991318   	1.84865    	2.70508    	4.70707    	1.23579    	2.689      	2.07943    	4.70434    	0.95687    	2.07586    	2.2474     	5.22384    	1.75351    	2.16335    	2.99738    	6.06833    	1.20056    	2.99889    	2.66897    	5.05448    	1.23205    	2.3319     	62.7883	62.5189	51.9448	48.0815	50.7348	64.9101	44.2494	42.9192	56.0012	48.8372	60.0263	51.4542	56.3027	67.4943	61.7362	1          	-1.19227e-05	0.000115884	0.425989   	0.462339   	0.139994   	0.181646   	0.462343   	2.70492	
1.4e-10    	2.8        	0.994266   	0.00158859 	-0.106152  	0.411953   	0.990501   	-0.00097012	0.136576   	0.343886   	0.999895   	-0.00064713	-0.00697598	0.446057   	0.999839   	0.000575201	-0.00745498	0.373988   	0.999896   	-0.00444023	0.00817606 	0.450112   	0.999875   	0.0046397  	-0.00542319	0.371606   	0.994817   	-0.00520676	0.100878   	0.413563   	0.992418   	0.00265014 	0.121878   	0.340834   	0.982472   	0.00279826 	-0.18602   	0.453332   	0.993293   	0.0100346  	0.114529   	0.411373   	0.992645   	-0.000850496	-0.120235  	0.417005   	0.999834   	-0.00988947	0.00800433 	0.374586   	0.957638   	0.00284616 	-0.287708  	0.428968   	0.999833   	-0.0072866 	-0.00322387	0.37684    	0.9549     	0.00337604 	0.29655    	0.427419   	2.12594    	4.14516    	0.7826     	2.06327    	2.38244    	4.5873     	0.697422   	2.31256    	1.90067    	4.82138    	0.875034   	1.89971    	2.35441    	6.03264    	0.652488   	2.36938    	2.18787    	3.27999    	1.09704    	2.18568    	1.91882    	4.1673     	0.771194   	1.92927    	2.39342    	3.43463    	0.669559   	2.35476    	2.29171    	4.45619    	0.59442    	2.24009    	1.69995    	4.26715    	0.700124   	1.61406    	1.85185    	3.9161     	0.681363   	1.83276    	1.70402    	5.41836    	0.75772    	1.71899    	1.90482    	3.74824    	0.556704   	1.90936    	1.71218    	3.89502    	0.75294    	1.54335    	2.00239    	6.09618    	0.83074    	2.02046    	1.87987    	5.86865    	0.792885   	1.61612    	48.4258	52.7103	41.7532	50.6094	46.7889	42.1573	48.3444	49.4525	39.4794	41.3017	40.6238	40.0751	40.1879	42.2749	41.9432	1          	-4.73685e-06	3.78979e-07	0.398642   	0.448387   	0.138528   	0.163684   	0.448387   	2.20311	
1.45e-10   	2.6        	0.993311   	-0.00557981	-0.113802  	0.385855   	0.988935   	0.00616493 	0.146763   	0.312493   	0.999895   	0.0003671  	-0.00478158	0.421988   	0.999856   	-0.00111489	-0.00413268	0.345869   	0.99989    	0.00251494 	0.00546414 	0.423369   	0.99985    	-0.00196755	-0.00534098	0.34428    	0.993723   	0.00120153 	0.11051    	0.38642    	0.990704   	-0.000421009	0.135065   	0.310347   	0.979891   	-0.000502838	-0.198935  	0.430194   	0.992805   	0.00112862 	0.118619   	0.387532   	0.992142   	-0.00578411	-0.124203  	0.387767   	0.999876   	0.00487965 	0.00640376 	0.34582    	0.950208   	0.00124157 	-0.311368  	0.404955   	0.999842   	0.00302386 	-0.00373095	0.345391   	0.947549   	-0.00349491	0.319222   	0.404729   	1.70928    	8.51368    	0.807696   	1.6498     	2.13034    	6.76212    	0.763915   	2.13123    	1.68041    	5.30388    	0.68054    	1.67705    	2.43313    	5.2308     	0.552577   	2.4296     	2.1245     	5.12555    	0.794614   	2.1231     	1.75853    	5.02057    	0.659583   	1.76123    	1.68583    	7.49544    	0.59187    	1.69462    	2.46147    	3.97651    	0.520722   	2.41982    	1.95102    	7.18434    	0.596185   	1.85447    	1.77976    	6.57437    	0.6049     	1.79029    	1.54125    	4.56637    	0.639308   	1.5088     	1.73131    	3.27812    	0.607271   	1.71603    	1.71938    	3.60921    	0.678688   	1.48372    	2.2103     	5.61771    	0.634006   	2.20302    	1.77508    	5.9656     	0.732374   	1.55378    	35.9772	39.347	34.6955	44.4588	42.8507	37.7435	38.8928	47.2182	41.408	33.8274	32.4707	35.3479	37.0402	41.7956	36.0995	1          	4.68263e-06	-2.49509e-05	0.3713     	0.418745   	0.142012   	0.172647   	0.418738   	2.38383	
1.5e-10    	2.4        	0.99208    	0.0161594  	-0.123232  	0.359405   	0.986251   	-0.00546767	0.16435    	0.280971   	0.999781   	-0.0109989 	-0.00425698	0.398669   	0.999827   	0.00861868 	-0.00465924	0.316916   	0.999814   	-0.00957685	0.00578267 	0.396096   	0.999832   	0.00383173 	-0.0062779 	0.3184     	0.9927     	-0.00537243	0.1195     	0.360468   	0.988039   	-0.00579561	0.153156   	0.279613   	0.97678    	0.00868255 	-0.213692  	0.405928   	0.991691   	-0.00849788	0.127403   	0.360836   	0.990917   	0.00223516 	-0.133689  	0.360088   	0.999806   	0.00703784 	0.00676612 	0.318945   	0.942179   	-0.00340515	-0.334771  	0.380444   	0.999753   	0.0079626  	-0.00311713	0.315158   	0.93948    	-0.00303081	0.342252   	0.38098    	1.83097    	7.07675    	0.5278     	1.81029    	2.03011    	3.31975    	0.394392   	1.94597    	1.93923    	7.98177    	0.545535   	1.94644    	1.88796    	4.09109    	0.427732   	1.89103    	1.76918    	6.34468    	0.604321   	1.78429    	1.68957    	4.65433    	0.468542   	1.68757    	2.00681    	5.06801    	0.472685   	1.99411    	1.70561    	3.62391    	0.368919   	1.67421    	2.41587    	4.18292    	0.521775   	2.37348    	2.01742    	5.25604    	0.463494   	1.9965     	1.98093    	4.1653     	0.54188    	1.89045    	1.67205    	4.82713    	0.497296   	1.67537    	1.77444    	5.02877    	0.409186   	1.64079    	2.21969    	7.04893    	0.442245   	2.20894    	1.67036    	5.38905    	0.476617   	1.52778    	34.3859	35.2548	34.1994	36.3441	34.2989	32.5565	38.6953	31.6226	43.3207	36.2714	36.5169	30.9997	32.7113	40.1275	31.2287	1          	3.75505e-06	3.70292e-05	0.343939   	0.420851   	0.141814   	0.162914   	0.420848   	2.09634	
1.55e-10   	2.2        	0.990283   	-0.0334197 	-0.133426  	0.332172   	0.982096   	0.0110123  	0.184881   	0.250657   	0.999392   	0.0220888  	-0.00529556	0.37518    	0.999075   	-0.01779   	-0.00429126	0.288428   	0.999205   	0.0321113  	0.0054564  	0.37005    	0.999498   	-0.0224511 	-0.00546983	0.291301   	0.990828   	0.0321593  	0.129705   	0.333528   	0.984701   	0.00314306 	0.169553   	0.251251   	0.972789   	-0.0304534 	-0.228225  	0.380787   	0.989099   	0.0382742  	0.13839    	0.335164   	0.988386   	-0.0417815 	-0.145086  	0.332045   	0.999588   	0.00463934 	0.00584745 	0.291983   	0.932891   	-0.00799963	-0.359467  	0.357027   	0.998588   	-0.0388008 	-0.00229748	0.286018   	0.928924   	0.0391272  	0.367546   	0.355918   	1.59819    	7.83718    	0.493452   	1.60816    	1.63187    	13.024     	0.375498   	1.65298    	1.42759    	17.1267    	0.47582    	1.40498    	1.97232    	22.2881    	0.379941   	2.04025    	1.70813    	12.4906    	0.486185   	1.71378    	2.09518    	6.77127    	0.379145   	2.10416    	2.15279    	7.66201    	0.346174   	2.13511    	2.1711     	17.7817    	0.347637   	2.13413    	1.22477    	16.8877    	0.490762   	1.27515    	2.11511    	20.8972    	0.522317   	2.05955    	1.56896    	5.31826    	0.534206   	1.55311    	1.84985    	11.3163    	0.41521    	1.84369    	1.61077    	9.3627     	0.379952   	1.42659    	2.02143    	18.7944    	0.433712   	2.01035    	1.36521    	10.3062    	0.40604    	1.20447    	27.4096	28.836	26.1017	31.8128	30.2964	33.4414	32.6404	34.608	24.4766	31.397	29.0779	29.5638	31.3765	35.4546	25.7863	0.999999   	6.01376e-05	-1.89499e-05	0.316554   	0.451322   	0.139215   	0.160585   	0.451332   	1.87304	
1.6e-10    	2          	0.979837   	-0.11078   	-0.143527  	0.307961   	0.974623   	0.0701246  	0.208895   	0.22099    	0.99674    	0.05379    	-0.00576481	0.351405   	0.998005   	-0.0340741 	-0.00541103	0.260795   	0.993713   	0.0878917  	0.00799947 	0.344155   	0.995648   	-0.0794083 	-0.00846815	0.265456   	0.985583   	0.0846949  	0.137306   	0.310073   	0.980765   	0.000284085	0.190354   	0.222039   	0.965385   	-0.0764353 	-0.24185   	0.35451    	0.981488   	0.0832418  	0.150551   	0.306225   	0.978659   	-0.109439  	-0.159699  	0.308537   	0.998735   	0.0331651  	0.0118506  	0.266689   	0.923579   	-0.0335179 	-0.381201  	0.33575    	0.99093    	-0.101324  	-0.00476205	0.25414    	0.910856   	0.109946   	0.39139    	0.334239   	1.87883    	121.037    	0.471355   	3.18574    	2.05502    	13.4534    	0.446272   	2.33278    	1.71522    	78.6077    	0.504417   	1.54708    	2.02528    	33.8097    	0.452387   	2.18432    	1.57891    	100.948    	0.501361   	2.03513    	2.02688    	28.7311    	0.530005   	2.1089     	1.8244     	44.813     	0.543897   	2.34706    	1.74825    	16.0254    	0.370832   	1.68282    	1.83703    	82.5065    	0.612957   	1.57542    	2.48431    	118.4      	0.553595   	2.01585    	1.96253    	83.0749    	0.536542   	4.21994    	1.73325    	15.8128    	0.515143   	1.67493    	1.59048    	10.8271    	0.458179   	1.49051    	2.4872     	90.4024    	0.467085   	2.99717    	2.24788    	101.284    	0.48596    	2.44483    	27.1602	31.0977	24.8356	27.5974	24.4076	29.868	26.2304	25.7874	26.8971	31.6567	29.993	25.7652	24.6068	34.9702	32.1677	0.999999   	-2.88449e-05	-6.09749e-05	0.288979   	0.465972   	0.147479   	0.17751    	0.465991   	1.94371	
1.65e-10   	1.8        	0.926317   	-0.346629  	-0.142474  	0.293907   	0.965718   	0.083558   	0.237243   	0.188953   	0.967306   	0.251862   	-0.00833683	0.336352   	0.975615   	-0.216973  	0.00380735 	0.242693   	0.956394   	0.290197   	0.00855877 	0.32437    	0.986357   	-0.160133  	-0.0189019 	0.236249   	0.970307   	0.198052   	0.134859   	0.296899   	0.964346   	0.151262   	0.211006   	0.197061   	0.924149   	-0.284707  	-0.252509  	0.325817   	0.935767   	0.313104   	0.157761   	0.292311   	0.947905   	-0.264092  	-0.175774  	0.290034   	0.997477   	-0.0549213 	0.0197293  	0.232137   	0.923692   	-0.0111475 	-0.381805  	0.311045   	0.913494   	-0.404233  	-0.0128459 	0.242422   	0.860398   	0.321399   	0.394002   	0.313944   	3.02892    	25.4922    	1.14369    	6.64026    	2.38905    	25.7127    	0.948698   	2.6436     	2.26159    	15.6575    	0.986222   	2.46457    	2.33747    	10.9331    	0.693112   	2.59741    	1.81897    	19.4366    	0.82354    	2.78194    	2.02768    	10.7789    	0.642549   	2.48268    	5.53665    	19.014     	1.0721     	8.27749    	5.12899    	17.9811    	1.03204    	6.03181    	5.75467    	18.3716    	1.59488    	4.00794    	3.68462    	19.6409    	1.86495    	3.57938    	2.95382    	12.642     	1.60776    	4.59381    	3.95098    	14.433     	1.33801    	3.92349    	3.38171    	13.8609    	2.10683    	3.82027    	3.13969    	18.8931    	1.13656    	2.84916    	2.93196    	20.3997    	1.80717    	4.34335    	30.5447	26.4098	27.7407	28.2793	19.978	28.2658	55.484	57.627	47.2003	36.114	31.2659	42.1083	33.7531	35.0649	31.9703	0.999999   	-1.65654e-05	4.33566e-05	0.259867   	1.30761    	0.143217   	0.172651   	1.30761    	2.51463	
1.7e-10    	1.6        	0.867358   	-0.459855  	-0.184083  	0.250623   	0.96338    	0.0150518  	0.264294   	0.175692   	0.938004   	0.344789   	-0.00356089	0.323079   	0.949657   	-0.311317  	-0.00558839	0.216057   	0.932867   	0.356404   	0.0429817  	0.301921   	0.98295    	-0.171441  	-0.0593613 	0.207616   	0.97076    	0.193798   	0.139337   	0.261939   	0.945215   	0.265942   	0.187247   	0.193318   	0.88962    	-0.37552   	-0.257407  	0.28551    	0.906297   	0.39164    	0.156755   	0.271264   	0.941358   	-0.263048  	-0.20948   	0.249993   	0.983127   	-0.173891  	0.0437051  	0.211502   	0.927998   	0.0702495  	-0.364755  	0.282034   	0.818698   	-0.572977  	-0.00875616	0.235308   	0.833682   	0.398201   	0.381387   	0.281752   	10.0052    	15.5108    	6.82414    	6.22502    	6.1946     	6.99858    	2.09066    	5.13054    	6.25237    	13.7416    	9.53247    	6.08954    	3.91205    	6.28756    	3.35382    	3.49203    	3.04307    	11.4639    	4.76311    	4.83855    	2.98995    	5.61463    	1.54133    	3.23906    	4.54542    	6.44989    	1.77862    	4.75488    	13.7227    	5.15974    	1.91463    	15.5508    	12.3395    	11.3519    	1.66031    	6.10359    	4.52384    	7.43869    	3.44131    	6.54674    	8.54994    	3.95087    	3.52349    	7.432      	3.43208    	6.21027    	4.34778    	3.56103    	5.594      	5.42202    	7.99344    	7.00128    	8.65462    	11.3425    	1.51223    	8.26638    	3.25219    	6.72334    	6.2781     	2.67958    	73.1192	60.1134	49.9184	35.8162	30.4708	28.246	31.9595	90.7743	86.2043	38.3941	55.4976	32.2103	41.8886	54.1807	28.7141	0.999999   	-0.000117744	-6.97893e-05	0.229999   	0.818466   	0.137885   	0.170808   	0.818473   	1.87217	
1.75e-10   	1.4        	0.753174   	-0.538968  	-0.370793  	0.205045   	0.948214   	0.0230441  	0.31333    	0.159234   	0.936309   	0.338761   	0.0754247  	0.31597    	0.871221   	-0.454592  	-0.141785  	0.17394    	0.909099   	0.405817   	0.0902179  	0.286002   	0.98164    	-0.176829  	-0.0175816 	0.194564   	0.960846   	0.235927   	0.142406   	0.23789    	0.923708   	0.342097   	0.169356   	0.188694   	0.814988   	-0.509836  	-0.270364  	0.24614    	0.892114   	0.432419   	0.122361   	0.265608   	0.916513   	-0.348973  	-0.183091  	0.194305   	0.971747   	-0.229518  	0.0222262  	0.191238   	0.934616   	0.0713549  	-0.347133  	0.245215   	0.693449   	-0.699985  	0.136732   	0.18178    	0.883137   	0.389124   	0.240094   	0.278108   	31.2129    	27.5667    	10.3444    	32.9538    	3.96267    	7.06373    	2.80067    	3.90957    	30.0827    	29.0383    	8.33906    	16.0238    	56.2644    	19.1294    	20.5154    	19.8898    	9.06879    	4.87208    	5.19802    	8.75626    	27.6769    	14.077     	12.9236    	21.7037    	4.07818    	5.68118    	3.05584    	4.38219    	14.9478    	10.5729    	1.82783    	20.7387    	20.8363    	14.015     	2.80608    	7.74798    	31.1951    	7.47138    	8.73204    	19.9798    	72.2401    	5.53806    	31.0146    	79.1747    	13.9422    	4.44004    	10.07      	11.866     	10.8108    	6.72287    	3.55225    	11.4506    	55.2424    	51.4261    	42.2504    	86.0605    	92.983     	32.8294    	47.7903    	23.7729    	148.026	34.4076	184.146	234.264	76.177	91.1799	28.5877	67.3129	89.9352	184.065	345.102	80.3984	55.0202	235.639	437.541	0.999999   	0.000135268	7.99857e-05	0.200725   	0.589044   	0.136786   	0.165139   	0.589047   	2.22044	
1.8e-10    	1.2        	0.587029   	-0.707783  	-0.385764  	0.166203   	0.964546   	0.0196466  	0.236507   	0.139989   	0.921901   	0.37403    	0.0960546  	0.305985   	0.638568   	-0.697008  	-0.315114  	0.159732   	0.888491   	0.448969   	0.0859847  	0.271825   	0.980944   	-0.0586108 	0.149951   	0.176221   	0.962575   	0.257785   	0.0517721  	0.210547   	0.909583   	0.384688   	0.142159   	0.215667   	0.628534   	-0.74365   	-0.217223  	0.185579   	0.893595   	0.445833   	0.0138388  	0.275469   	0.786991   	-0.578727  	0.150435   	0.142867   	0.948892   	-0.239954  	-0.166925  	0.164568   	0.949355   	0.0872688  	-0.294234  	0.197943   	0.412544   	-0.855777  	0.301757   	0.139851   	0.931671   	0.35222    	0.0682398  	0.289788   	8.74284    	5.85742    	17.9302    	4.49709    	8.69675    	11.6816    	33.3751    	6.48767    	18.1806    	10.1852    	5.40847    	17.7149    	16.7225    	4.49191    	26.2908    	13.8923    	8.81826    	4.44155    	15.1429    	6.92577    	9.45594    	6.35705    	55.1455    	5.63208    	6.13943    	4.4048     	30.064     	6.49811    	70.1861    	7.31776    	9.91812    	51.0487    	73.6892    	13.9594    	17.1892    	74.5497    	30.1212    	8.24081    	10.969     	15.7279    	9.64705    	5.49437    	79.3542    	9.02128    	33.0902    	6.46821    	50.14      	22.5816    	3.57745    	5.90771    	28.8055    	6.47526    	17.6559    	5.77945    	8.97251    	9.72961    	19.0556    	3.98663    	39.243     	13.938     	50.4697	30.3163	65.0176	64.4771	53.2557	49.7588	32.6164	207.463	202.076	135.671	33.6389	110.394	23.5286	52.2395	52.2806	0.999998   	-7.24155e-05	-2.49933e-05	0.171923   	0.429324   	0.146517   	0.167177   	0.429351   	1.76444	
1.85e-10   	1          	0.611559   	-0.760374  	-0.184218  	0.140771   	0.990632   	0.026861   	-0.0703822 	0.11469    	0.905431   	0.402423   	0.129973   	0.253378   	0.573525   	-0.688893  	-0.4367    	0.157608   	0.87256    	0.476777   	0.102382   	0.230083   	0.952704   	-0.0121434 	0.29551    	0.146744   	0.973652   	0.180767   	-0.111056  	0.179007   	0.905137   	0.391474   	0.162683   	0.204892   	0.532764   	-0.831264  	-0.0879337 	0.133056   	0.900704   	0.431399   	0.0344871  	0.241436   	0.821923   	-0.446047  	0.338352   	0.126815   	0.833651   	-0.382421  	-0.392226  	0.129978   	0.977231   	0.115375   	-0.166264  	0.16513    	0.318819   	-0.890534  	0.255737   	0.120917   	0.931277   	0.362959   	-0.00600709	0.24616    	16.408     	15.3149    	23.5289    	5.28712    	25.7212    	19.1914    	13.4525    	28.0136    	59.485     	20.7919    	3.93573    	69.4258    	16.8417    	5.18109    	7.54714    	3.96813    	18.2171    	13.4584    	2.75456    	26.3697    	4.70705    	14.486     	4.40128    	4.76931    	6.94286    	14.7261    	25.0956    	6.58497    	14.0569    	2.9937     	3.43326    	12.9071    	22.7815    	16.516     	28.67      	11.5009    	28.5736    	29.6281    	3.65607    	46.9887    	7.14854    	27.1711    	4.23764    	6.33587    	19.1231    	6.79066    	6.93754    	17.6305    	27.8898    	18.5266    	4.13318    	31.4896    	81.8689    	20.8453    	4.71451    	2.92747    	25.5976    	9.21656    	5.38271    	30.1044    	75.4319	53.9566	143.946	51.0342	36.2458	18.5592	25.1174	56.2958	70.6298	87.6555	39.1532	52.7851	82.5324	184.777	52.6043	0.999997   	-0.00015699	-7.41997e-05	0.143307   	0.429198   	0.148775   	0.163226   	0.429183   	1.77698	
1.9e-10    	0.8        	0.683223   	-0.654348  	0.202019   	0.0918994  	0.922379   	0.119889   	-0.354177  	0.133503   	0.942671   	0.264276   	0.183812   	0.168814   	0.766523   	-0.410453  	-0.460261  	0.120342   	0.90808    	0.409438   	0.0336829  	0.171471   	0.884137   	-0.199619  	0.415561   	0.110015   	0.937632   	0.121363   	-0.317123  	0.164138   	0.91766    	0.256544   	0.271059   	0.131401   	0.748648   	-0.572587  	0.201136   	0.0950321  	0.951958   	0.263846   	0.0890041  	0.163249   	0.664726   	-0.321524  	0.64658    	0.100183   	0.836862   	-0.0966147 	-0.528296  	0.147589   	0.987156   	-0.0564057 	0.032873   	0.0965249  	0.742218   	-0.539389  	0.282421   	0.0925815  	0.940532   	0.285076   	-0.145795  	0.192162   	13.0278    	86.4495    	13.5881    	16.1399    	6.52978    	11.3323    	20.94      	9.38711    	17.8661    	43.3107    	3.87447    	26.7137    	17.9298    	75.8824    	2.22062    	10.1479    	13.0105    	49.5361    	6.47121    	34.4581    	3.61857    	7.17436    	4.61829    	3.02429    	3.5204     	10.2436    	17.7862    	4.98893    	19.2545    	71.3064    	2.38774    	35.4246    	17.7174    	99.2646    	16.2894    	13.9249    	29.0203    	91.3876    	5.75552    	52.4366    	6.79385    	33.4023    	30.9714    	5.11789    	36.2131    	26.7215    	42.9997    	64.0457    	9.35038    	6.21286    	29.766     	9.21097    	28.2538    	93.9825    	4.8216     	6.57344    	11.2092    	79.4832    	16.082     	23.2466    	38.1452	22.9723	41.0024	30.6283	20.3925	15.3466	17.4649	52.8886	48.3766	36.8321	15.9187	33.4878	37.1344	56.6854	19.8194	0.999995   	-0.000808558	0.00013743 	0.114799   	0.452346   	0.143016   	0.161479   	0.452344   	1.79534	
1.95e-10   	0.6        	0.859475   	-0.0271625 	0.457256   	0.0647847  	0.826357   	0.0893292  	-0.552479  	0.116231   	0.935888   	-0.0965273 	0.31189    	0.113937   	0.727189   	0.0895703  	-0.669599  	0.0987505  	0.986818   	0.0249839  	-0.0138668 	0.110066   	0.766671   	-0.143826  	0.616533   	0.102233   	0.891262   	0.0491862  	-0.445974  	0.129398   	0.830395   	-0.126232  	0.526945   	0.0939585  	0.966576   	0.0462008  	0.139374   	0.0676017  	0.968406   	-0.126771  	0.187658   	0.102905   	0.495888   	0.0427115  	0.860207   	0.0830701  	0.795431   	0.0661277  	-0.599706  	0.148052   	0.801457   	-0.232356  	0.540283   	0.0737681  	0.962652   	0.184562   	0.0860208  	0.0700532  	0.942046   	0.0032324  	-0.321546  	0.139959   	14.3585    	32.3442    	2.36094    	10.4938    	1.98768    	7.22234    	3.22297    	2.96865    	10.9561    	34.9777    	3.12157    	8.48703    	6.19671    	23.4448    	7.336      	11.5967    	16.2228    	54.5071    	2.00733    	17.847     	5.61804    	16.1464    	7.29387    	7.59754    	5.80005    	8.64414    	3.146      	4.53993    	12.1459    	12.7596    	8.42974    	6.88125    	22.1895    	28.3064    	7.08749    	22.8045    	17.8706    	11.6816    	4.43146    	13.9846    	8.24922    	6.94423    	5.15446    	4.9331     	10.0629    	5.04471    	3.86943    	6.16756    	6.06996    	6.562      	2.73182    	3.97946    	24.0389    	32.6382    	3.1353     	33.9652    	17.4647    	26.3966    	3.00056    	15.5521    	23.9855	11.7823	17.8587	15.8263	18.4261	13.6412	10.881	19.9113	29.1271	26.8509	21.4547	15.0247	14.8656	27.9396	19.75	0.999992   	-0.00100454	-0.000496614	0.0862158  	0.48897    	0.137717   	0.15882    	0.489001   	1.68869	
2e-10      	0.4        	0.647552   	0.455503   	0.580921   	0.0503285  	0.764056   	0.165892   	-0.613372  	0.0952179  	0.801755   	-0.469501  	0.35912    	0.0834711  	0.699621   	0.404065   	-0.568276  	0.0821756  	0.934372   	-0.320623  	-0.117731  	0.0779634  	0.595979   	-0.118837  	0.785526   	0.0694793  	0.852062   	-0.0389529 	-0.515465  	0.0992931  	0.612364   	-0.430316  	0.648065   	0.0715537  	0.785175   	0.594525   	0.109643   	0.0569506  	0.855591   	-0.474357  	0.179369   	0.0782133  	0.328383   	0.198957   	0.910636   	0.0651648  	0.731756   	0.22053    	-0.640805  	0.114089   	0.529185   	-0.363387  	0.753225   	0.0623683  	0.750086   	0.628438   	-0.137042  	0.0620105  	0.909963   	-0.16012   	-0.373943  	0.101563   	17.4054    	4.64499    	2.03918    	7.46616    	12.5967    	8.73208    	4.76776    	6.00193    	5.94386    	4.35372    	5.70656    	6.30063    	4.60188    	8.38506    	25.7548    	9.40538    	13.5958    	5.19815    	4.54098    	12.3948    	18.8566    	5.34902    	13.7073    	25.9306    	3.91931    	6.1789     	5.61456    	3.82865    	6.43466    	8.06141    	8.616      	5.38135    	8.37435    	6.22547    	3.72658    	7.90648    	9.12384    	6.34287    	5.01392    	8.56413    	6.61565    	9.75682    	5.86654    	4.36116    	8.88239    	7.11705    	6.58339    	10.0732    	6.08005    	11.4184    	4.22901    	7.32372    	11.1497    	7.5877     	6.1242     	7.74727    	8.3475     	7.43184    	2.50119    	6.35931    	24.0392	31.8752	12.385	13.0918	11.0167	16.4709	36.1401	11.6362	35.2857	16.9088	11.7785	17.1295	13.8279	19.7603	10.4512	0.999983   	-0.000871476	0.000321419	0.0574519  	0.52756    	0.135356   	0.157954   	0.527719   	1.79841	
2.05e-10   	0.2        	0.0257133  	0.69513    	0.69408    	0.0375836  	0.617581   	0.258485   	-0.732044  	0.079979   	0.525599   	-0.691979  	0.468798   	0.0688685  	0.443123   	0.631479   	-0.62262   	0.0701666  	0.806288   	-0.523275  	-0.225802  	0.061845   	0.0770984  	-0.197142  	0.965503   	0.0588499  	0.710919   	-0.0136477 	-0.694085  	0.0755899  	0.264331   	-0.616837  	0.72838    	0.0686355  	0.317175   	0.931746   	0.0728576  	0.0458727  	0.635816   	-0.726976  	0.203585   	0.0633805  	0.0220881  	0.236682   	0.95453    	0.04811    	0.540242   	0.429411   	-0.716603  	0.0825039  	0.14696    	-0.443206  	0.868461   	0.0653834  	0.306136   	0.836567   	-0.404201  	0.0576368  	0.824817   	-0.285065  	-0.476855  	0.0704849  	5.09077    	8.68382    	3.59522    	8.70978    	10.4       	6.6382     	4.09847    	3.13578    	10.7126    	7.39454    	10.08      	6.36974    	10.2963    	4.30324    	3.9124     	3.31328    	6.78979    	11.4218    	3.83738    	4.96171    	2.92678    	10.2731    	4.5714     	3.73316    	3.25134    	8.06006    	4.8282     	3.42558    	6.9179     	5.4361     	9.00749    	5.40793    	9.38518    	9.92668    	3.16036    	13.1485    	6.77252    	8.49474    	7.26617    	4.10441    	4.7932     	8.67813    	6.93682    	7.20882    	7.61768    	7.42675    	8.55366    	11.3262    	11.4171    	9.21199    	6.60672    	5.48087    	5.93682    	10.582     	14.6475    	5.5292     	5.39396    	5.85831    	5.13577    	6.7285     	9.91224	8.69947	8.77059	9.89584	9.65316	9.16228	9.60278	8.74332	10.8476	12.0153	11.9331	11.8506	11.1487	12.6284	13.8322	0.99993    	-0.00114758	0.000363434	0.0287172  	0.533029   	0.137699   	0.166913   	0.532974   	1.73103	
2.1e-10    	-0         	-0.597859  	0.450975   	0.617219   	0.0374858  	0.404275   	0.408848   	-0.795821  	0.0524677  	0.0423551  	-0.884192  	0.412055   	0.0443854  	0.0834029  	0.827154   	-0.521589  	0.0477624  	0.563113   	-0.645331  	-0.462032  	0.0352476  	-0.477555  	-0.303762  	0.80862    	0.0516073  	0.541735   	0.154002   	-0.799452  	0.0514029  	-0.229327  	-0.740379  	0.601669   	0.0535805  	-0.403286  	0.838388   	0.25251    	0.0376045  	0.228828   	-0.943439  	0.0311413  	0.038514   	-0.562396  	0.0772068  	0.788972   	0.0460126  	0.324502   	0.597773   	-0.697124  	0.0542588  	-0.355932  	-0.506558  	0.747168   	0.0532738  	-0.121814  	0.925078   	-0.243635  	0.041121   	0.572007   	-0.267966  	-0.737499  	0.0404248  	3.19132    	6.41519    	7.70648    	3.00243    	6.2052     	17.89      	15.1179    	23.6127    	5.28225    	10.7169    	12.4209    	12.7273    	6.47209    	12.0607    	18.755     	22.4213    	5.8933     	3.45265    	5.52152    	3.49495    	4.16916    	11.1873    	12.2086    	16.3497    	3.8473     	14.5441    	11.1577    	10.8491    	6.48721    	27.318     	17.0157    	32.9539    	8.31995    	7.88533    	7.75758    	6.37026    	6.64397    	12.3258    	8.16814    	13.0967    	6.65912    	9.95662    	9.04157    	5.94822    	7.0732     	26.4901    	15.3916    	23.8521    	9.05947    	25.8534    	11.916     	19.8594    	6.87569    	11.9475    	12.3247    	11.2484    	6.05505    	6.77929    	7.65066    	4.22028    	8.86454	10.2373	8.61239	7.91964	8.07666	8.28298	8.97429	9.56184	8.47653	12.0953	15.1335	10.6832	9.58181	15.7414	11.4736	-0.00412386	0.0318474  	0.00295781 	0.000398333	0.531393   	0.139877   	0.164495   	0.410679   	1.82828	
