#----------------------------------------------------------------------------------------------------------------------------------------------------------
# Output file for vampire simulation
#   time       : 2025-05-27 21:14:37     process id : 382247
#   hostname   : thor7.psi.ch
#   path       : /scratch/dossan_f/Na2BaMn(PO4)2/vampire_tripleUC_15mat_J2Ja_small_k0.035_Jnn0.11_Ba
#   version    : 6.0.0
#   githash    : 4c9651daecc86c3e6b6df0c8055fcd9e89fd900c
#----------------------------------------------------------------------------------------------------------------------------------------------------------
1e-11      	8          	0.999963   	0.000325322	0.000150157	0.936415   	0.999888   	-0.000581611	-0.00058254	0.936578   	0.999561   	0.000474742	0.000722454	0.936007   	0.999937   	-0.000370509	-0.0004999 	0.936561   	0.999913   	-0.00032926	-0.000366395	0.936156   	0.999697   	0.000696452	0.000919009	0.936266   	0.999879   	-0.000538944	-0.00060643	0.936477   	0.99958    	0.000556783	0.00110207 	0.936138   	0.99999    	0.000114766	-0.000217587	0.936458   	0.999806   	-1.11004e-05	0.000520026	0.936069   	0.999825   	0.000492225	0.000467865	0.936342   	0.999908   	-0.000163225	-0.000655355	0.936649   	0.99962    	0.00067996 	0.000777516	0.93615    	0.999973   	-0.000152813	-0.00050273	0.936563   	0.999908   	-0.00046646	-0.000122543	0.936298   	70.7492    	1.38023    	0.623792   	69.3045    	59.9108    	3.0253     	2.81499    	54.2779    	124.518    	1.03313    	1.93551    	111.936    	56.0048    	1.80338    	2.30428    	52.9814    	99.0488    	0.864053   	0.943604   	97.357     	95.5578    	3.75447    	3.9366     	82.5837    	70.9169    	2.79235    	2.09173    	65.3748    	114.695    	2.14575    	4.15076    	98.6271    	65.4244    	0.471467   	0.945356   	65.1888    	109.544    	0.429905   	0.641418   	107.28     	87.9835    	2.38743    	2.22965    	81.2694    	55.4548    	2.33516    	3.3007     	50.8818    	108.112    	2.35443    	4.63159    	93.0687    	57.6196    	0.603312   	1.73252    	56.5042    	85.2984    	1.32592    	1.09049    	82.1889    	8076.87	5785.2	21862.8	5166.7	14905.8	13795.2	8052.1	19134.7	6998.49	17768.3	11992.3	4987.38	17082.6	5433.84	11314	1          	6.17263e-06	2.88017e-07	0.936301   	1236.91    	0.132134   	0.115177   	1236.9     	161880	
1.5e-11    	7.8        	0.999995   	-6.5517e-05	0.00017834 	0.932996   	0.999996   	0.000200181	-4.84385e-05	0.932978   	0.999995   	-0.000139713	-0.000236259	0.933021   	0.999995   	0.000101074	0.00021934 	0.932996   	0.999995   	-0.000106125	2.44561e-05	0.932989   	0.999995   	-9.86266e-05	-0.000213873	0.93303    	0.999995   	0.000127592	8.27824e-05	0.933039   	0.999996   	-0.000239496	-0.000237564	0.933037   	0.999996   	8.57292e-05	0.000130202	0.933004   	0.999995   	-0.00010663	-0.000181019	0.932969   	0.999995   	2.72989e-05	9.00381e-05	0.933012   	0.999995   	9.22048e-05	1.13881e-06	0.933011   	0.999995   	6.32423e-05	5.24458e-05	0.933002   	0.999995   	-0.000179049	-0.00011428	0.932995   	0.999996   	6.41097e-05	0.000126243	0.933025   	0.027275   	0.487052   	0.616076   	0.0272747  	0.0245764  	0.461206   	0.556715   	0.0245784  	0.0242231  	0.485683   	0.61657    	0.0242579  	0.0277477  	0.472821   	0.592849   	0.0277536  	0.0264326  	0.483357   	0.63145    	0.026433   	0.0250625  	0.541411   	0.659265   	0.0250226  	0.0253183  	0.536306   	0.539756   	0.0253091  	0.0246216  	0.495594   	0.489364   	0.024633   	0.0255681  	0.477393   	0.493191   	0.0255665  	0.0264575  	0.495494   	0.562628   	0.0264659  	0.0257417  	0.525154   	0.588285   	0.0257411  	0.0261939  	0.461589   	0.627308   	0.0262322  	0.0242779  	0.55732    	0.637453   	0.0242854  	0.0250492  	0.509452   	0.549322   	0.0250681  	0.0238626  	0.545842   	0.504234   	0.0238612  	5.88285	5.2052	5.18535	6.09807	5.90064	5.47188	5.19724	5.41258	5.38882	5.67447	5.79802	5.59261	5.43095	5.61172	5.34594	1          	-1.15826e-05	-8.42055e-06	0.933003   	0.043995   	0.110231   	0.124252   	0.0439944  	2.04185	
2e-11      	7.6        	0.999994   	9.16063e-05	4.44985e-05	0.927629   	0.999994   	0.000101162	1.93417e-05	0.927637   	0.999995   	-0.00011349	-0.000117821	0.927607   	0.999995   	-1.81099e-05	3.51426e-05	0.927637   	0.999995   	-0.000201868	0.000120502	0.927658   	0.999995   	0.000254843	-0.000188405	0.927648   	0.999995   	-0.000207574	0.000239936	0.927623   	0.999995   	0.00010732 	-0.00027759	0.927667   	0.999994   	8.04697e-05	6.66917e-06	0.927608   	0.999995   	0.000107004	0.000199292	0.927637   	0.999995   	1.64226e-05	-0.000333885	0.927667   	0.999995   	-6.75569e-05	0.000157651	0.92764    	0.999995   	7.49396e-05	2.41789e-05	0.927659   	0.999995   	-0.000175247	-3.88382e-05	0.927644   	0.999995   	0.000114931	-0.000126978	0.927632   	0.0298712  	0.66595    	0.722982   	0.0298599  	0.0299526  	0.585378   	0.714376   	0.0299511  	0.031723   	0.60172    	0.631618   	0.0317102  	0.0291063  	0.525113   	0.575646   	0.0291131  	0.0319236  	0.618326   	0.561665   	0.0318889  	0.0332282  	0.553967   	0.565369   	0.0332097  	0.0285922  	0.542355   	0.710723   	0.0285766  	0.0304718  	0.545313   	0.703444   	0.030441   	0.0317427  	0.54462    	0.751415   	0.0317788  	0.0313251  	0.524443   	0.652704   	0.0313086  	0.0297982  	0.60439    	0.634058   	0.0297958  	0.0269717  	0.575232   	0.685587   	0.0269599  	0.0308887  	0.501919   	0.663822   	0.0309194  	0.0306688  	0.479513   	0.627351   	0.0306606  	0.0327425  	0.503768   	0.63553    	0.0327439  	5.79659	6.07022	6.19587	6.13676	6.45654	6.6893	5.66798	6.17425	6.17351	6.2139	6.06252	5.53341	6.10687	6.11611	6.37135	1          	1.09864e-05	-1.57488e-05	0.927635   	0.0504349  	0.117033   	0.128572   	0.0504345  	1.99561	
2.5e-11    	7.4        	0.999994   	-9.16227e-05	0.00010567 	0.921483   	0.999994   	-0.000118837	0.000224497	0.921442   	0.999994   	0.000178118	-0.000345799	0.921443   	0.999994   	2.97201e-05	-0.000185009	0.921483   	0.999994   	7.68348e-05	0.000152292	0.921408   	0.999994   	-9.47341e-05	2.69304e-05	0.921458   	0.999994   	-0.000381693	-8.50258e-05	0.921451   	0.999994   	0.000416515	8.20791e-05	0.92145    	0.999994   	7.0809e-05 	-1.22557e-05	0.921488   	0.999994   	-3.61885e-05	-0.000185024	0.921418   	0.999994   	8.87592e-05	-0.00021068	0.921493   	0.999994   	-4.88201e-05	0.000405416	0.92145    	0.999994   	-0.000110763	-0.000165304	0.921471   	0.999994   	-9.49093e-06	0.000132497	0.92142    	0.999994   	7.5688e-05 	6.09336e-05	0.921443   	0.0361372  	0.666354   	0.744813   	0.0361642  	0.0339727  	0.61774    	0.810984   	0.0339747  	0.0337273  	0.573249   	0.717815   	0.0337321  	0.0359522  	0.599704   	0.777546   	0.0359151  	0.0370184  	0.659178   	0.746193   	0.0369974  	0.0373438  	0.631204   	0.812818   	0.0373139  	0.0341794  	0.555125   	0.798957   	0.0341777  	0.0355511  	0.616393   	0.800906   	0.0356015  	0.0363922  	0.578041   	0.827244   	0.0363562  	0.0344677  	0.540142   	0.720336   	0.0344999  	0.0350163  	0.609015   	0.75192    	0.035011   	0.0361331  	0.560945   	0.828092   	0.0361635  	0.0373236  	0.565622   	0.771564   	0.0373171  	0.0355768  	0.598811   	0.69885    	0.0355796  	0.0366229  	0.604886   	0.704957   	0.0365931  	6.46527	6.27538	5.92115	6.84593	6.83743	6.64043	6.38893	6.54352	6.7289	6.01085	6.32237	6.48046	6.81566	6.31051	6.62938	1          	2.95917e-06	9.07685e-08	0.921448   	0.068122   	0.124228   	0.128814   	0.0681213  	2.1472	
3e-11      	7.2        	0.999993   	-3.99804e-05	-0.000226053	0.914263   	0.999993   	-0.000209819	-0.000182859	0.914206   	0.999992   	0.000317718	0.000472594	0.914232   	0.999993   	-6.22344e-05	-0.00038037	0.91428    	0.999993   	9.25446e-05	0.000560789	0.914227   	0.999994   	-4.27519e-05	-0.00016885	0.914235   	0.999993   	-7.73789e-05	0.000413613	0.914223   	0.999992   	0.000261539	-0.000119736	0.914233   	0.999993   	-0.0001573 	-0.000273954	0.91425    	0.999993   	-3.70066e-05	0.000333464	0.914269   	0.999993   	-7.25406e-05	-0.00021063	0.914189   	0.999993   	0.000150021	-0.000183848	0.914227   	0.999992   	-5.28589e-05	0.00049292 	0.914248   	0.999992   	-0.000284031	-0.00056607	0.914236   	0.999993   	0.00028281 	8.69944e-05	0.914235   	0.0428988  	0.687275   	0.925711   	0.0428707  	0.0447088  	0.692236   	0.860827   	0.0447228  	0.0369574  	0.765144   	1.08248    	0.0369442  	0.0414706  	0.72434    	0.724449   	0.0414691  	0.0416229  	0.673606   	0.873918   	0.0416234  	0.0414786  	0.646603   	0.804514   	0.0414654  	0.0414828  	0.687674   	0.835141   	0.0414586  	0.0438387  	0.777329   	1.09902    	0.043827   	0.0401686  	0.71409    	0.852278   	0.0401106  	0.0453491  	0.720539   	0.930642   	0.0453842  	0.0416178  	0.636236   	0.992986   	0.0416032  	0.0441654  	0.671833   	0.960504   	0.0441451  	0.0394625  	0.760933   	0.903813   	0.0394104  	0.0419425  	0.700394   	1.00915    	0.0418886  	0.0451493  	0.660114   	0.987445   	0.0451422  	7.26824	6.9004	6.18837	6.80812	7.12433	7.00399	6.77283	6.78302	6.39048	7.40627	7.134	7.2167	6.91777	6.86796	7.44996	1          	4.60001e-06	3.1919e-06 	0.91423    	0.0843783  	0.120328   	0.130655   	0.0843778  	2.11993	
3.5e-11    	7          	0.999991   	-2.79116e-05	8.51575e-06	0.905831   	0.999992   	5.87348e-05	-0.000120862	0.905803   	0.999992   	9.54317e-06	4.15334e-05	0.905841   	0.99999    	-0.000172491	-1.24004e-05	0.905853   	0.999991   	0.000557978	-0.000307954	0.905809   	0.999992   	-0.000382154	0.000353091	0.905872   	0.999991   	-0.000361647	-0.00036183	0.905825   	0.999991   	0.000537057	0.00051805 	0.905824   	0.999991   	-0.000248574	-8.77792e-05	0.905773   	0.999991   	0.000178562	0.000503571	0.90586    	0.999991   	7.95126e-05	0.000105578	0.905837   	0.999991   	-0.000241709	-0.000623059	0.905828   	0.999991   	-7.03965e-05	0.000230921	0.905835   	0.999992   	0.000103885	-0.000394486	0.905873   	0.999992   	1.66903e-05	0.000133113	0.905827   	0.0510596  	0.792837   	1.08839    	0.0509987  	0.048444   	0.807262   	1.00356    	0.0484921  	0.0488963  	0.877403   	0.932274   	0.0487911  	0.0505896  	0.886913   	1.20515    	0.0505191  	0.0505601  	0.85794    	1.05715    	0.0504912  	0.0532549  	0.776742   	0.987834   	0.0531867  	0.0511278  	0.774942   	1.08481    	0.0511145  	0.0475314  	0.876056   	0.98648    	0.0475059  	0.0487242  	0.93342    	1.03223    	0.0487206  	0.0542534  	0.844151   	1.18349    	0.05425    	0.0497229  	0.850064   	1.23174    	0.0498176  	0.0524103  	0.895076   	1.06767    	0.0523972  	0.048761   	0.905476   	0.964912   	0.0487786  	0.050639   	0.80093    	1.05197    	0.0505911  	0.0508434  	0.827799   	1.03374    	0.0508521  	8.11983	7.58365	7.34108	8.09475	7.66798	8.00732	7.33173	7.13188	7.61611	8.00036	7.40738	7.42716	7.73018	7.82033	7.87183	1          	2.4575e-06 	-9.0993e-07	0.905825   	0.108339   	0.123569   	0.130196   	0.108339   	2.17115	
4e-11      	6.8        	0.999989   	-0.000680177	-5.21799e-05	0.895999   	0.999988   	2.81449e-05	0.000320592	0.895952   	0.999989   	0.000594826	-0.000305339	0.896062   	0.99999    	-8.40924e-05	0.0003023  	0.895985   	0.99999    	0.000253489	-0.000228727	0.896022   	0.99999    	-0.000212492	-4.49393e-05	0.895993   	0.999989   	0.000463965	-8.24665e-06	0.895977   	0.999991   	-0.000239468	0.000302984	0.895976   	0.99999    	-0.000199276	-0.000301537	0.89608    	0.999989   	-0.000149562	0.000212378	0.896031   	0.999988   	2.89548e-05	-0.000569894	0.89599    	0.999989   	8.54338e-05	0.000389849	0.895983   	0.99999    	-0.000252332	-0.000448443	0.896041   	0.999991   	0.000166489	3.62915e-05	0.895997   	0.99999    	8.54605e-05	0.000410828	0.896016   	0.0612181  	0.946803   	1.27121    	0.0611882  	0.0604955  	1.0314     	1.50197    	0.0606045  	0.0615888  	0.8861     	1.40546    	0.061582   	0.060508   	0.835037   	1.34012    	0.0604146  	0.0620856  	0.977983   	1.2606     	0.0620646  	0.0623301  	1.09444    	1.16507    	0.0623104  	0.0568649  	0.977198   	1.26658    	0.0567759  	0.0645044  	0.921007   	1.03885    	0.0644894  	0.062014   	1.04658    	1.11491    	0.0620691  	0.0636752  	1.00218    	1.41549    	0.0636929  	0.0626389  	1.20015    	1.44468    	0.0627483  	0.0605624  	0.932712   	1.34358    	0.0605187  	0.0600107  	1.09731    	1.0368     	0.0600529  	0.0612759  	0.805633   	1.21056    	0.0611912  	0.0559133  	1.05172    	1.02206    	0.0559345  	8.27294	8.83375	8.33936	8.56975	8.64432	8.54578	7.89741	8.88857	8.87164	8.67065	8.6944	8.79096	8.10561	8.40434	7.88729	1          	-7.3855e-06	1.11208e-06	0.895998   	0.130164   	0.128143   	0.128316   	0.130163   	2.07267	
4.5e-11    	6.6        	0.999986   	-7.62988e-05	0.000151667	0.884469   	0.999987   	0.00013195 	3.67283e-05	0.884456   	0.999985   	-6.21737e-05	-0.000209929	0.884444   	0.999987   	5.71371e-05	0.000228398	0.88441    	0.999987   	-0.000238201	0.000500995	0.884553   	0.999985   	0.000164832	-0.000816954	0.884464   	0.999988   	-0.000317256	-0.000334096	0.884477   	0.999986   	-0.000194128	0.000194578	0.884435   	0.999985   	0.000563228	0.000104602	0.884504   	0.999986   	0.000235691	-0.00116018	0.88443    	0.999987   	-5.13172e-06	0.000825714	0.884422   	0.999987   	-0.00018628	0.000338811	0.884486   	0.999987   	0.000350804	0.000157064	0.884459   	0.999988   	-0.000137394	0.000210589	0.88442    	0.999986   	-0.000166575	-0.000309874	0.884449   	0.0673746  	1.13168    	1.76851    	0.0674427  	0.0756381  	1.09213    	1.59915    	0.0755956  	0.0799798  	1.1181     	1.92577    	0.0799683  	0.0837771  	1.15746    	1.64442    	0.0838208  	0.0675912  	0.979966   	1.76776    	0.0675599  	0.0812492  	1.22529    	1.95141    	0.0810959  	0.0833175  	1.02774    	1.37362    	0.0832589  	0.0827521  	1.22581    	1.73556    	0.0828175  	0.0725478  	1.2724     	1.80033    	0.0724679  	0.0827535  	1.20386    	1.68591    	0.0828429  	0.090588   	1.22252    	1.48729    	0.0905947  	0.0814668  	1.1002     	1.69735    	0.0814755  	0.0802894  	1.08137    	1.57876    	0.0800118  	0.0834768  	1.1331     	1.45904    	0.0834957  	0.0737731  	0.960686   	1.87776    	0.0737656  	8.25796	9.01701	9.94604	10.3987	8.84792	10.3732	9.84686	9.88595	9.61875	10.8101	11.1912	10.1808	10.1062	10.6909	9.8289	1          	8.00089e-06	-5.42971e-06	0.884447   	0.169295   	0.135833   	0.146505   	0.169294   	1.88182	
5e-11      	6.4        	0.999983   	-0.000191031	-0.000563327	0.870934   	0.99998    	-0.000123182	-0.00010927	0.871038   	0.999984   	0.000250714	0.000720411	0.870899   	0.999983   	-0.000170542	0.000279594	0.870957   	0.999982   	-0.000236343	-0.000684133	0.870982   	0.999983   	0.000456127	0.000422519	0.870936   	0.999984   	0.000129932	0.000138021	0.870935   	0.999982   	-0.000652584	-0.000385701	0.870933   	0.999981   	0.000553793	0.000295765	0.870911   	0.999984   	0.000373977	0.000166494	0.87095    	0.999982   	-0.000431836	-0.000232609	0.870927   	0.999984   	8.70368e-05	0.000119422	0.87096    	0.999983   	0.000346389	0.000478201	0.871043   	0.999983   	-9.65076e-05	-0.000898921	0.870985   	0.999982   	-0.000216229	0.000481134	0.871006   	0.0930189  	1.20777    	2.24322    	0.0930459  	0.0930655  	1.42502    	2.6072     	0.0928877  	0.0877871  	1.33543    	1.94839    	0.0876807  	0.0948121  	1.23485    	2.31665    	0.0949767  	0.093329   	1.38169    	2.13878    	0.0933611  	0.0958851  	1.48465    	1.93961    	0.0958516  	0.0955721  	1.39341    	1.87518    	0.0952341  	0.0959339  	1.3645     	2.32036    	0.0956131  	0.0988808  	1.6344     	2.14081    	0.0989276  	0.0985252  	1.35527    	1.80458    	0.0985037  	0.0954702  	1.641      	2.03596    	0.095098   	0.103322   	1.28181    	1.90494    	0.10343    	0.0958125  	1.42833    	1.96213    	0.0956799  	0.0877081  	1.48114    	1.94969    	0.0880093  	0.0922006  	1.55488    	2.13944    	0.0921939  	10.6844	10.4893	10.036	10.1882	10.5249	10.743	11.0441	11.1255	11.0072	11.9125	11.208	11.4341	10.9563	10.0873	10.5641	1          	5.34171e-06	1.51705e-05	0.870945   	0.221401   	0.135412   	0.141584   	0.221403   	1.57562	
5.5e-11    	6.2        	0.999979   	0.000160451	0.00080883 	0.855142   	0.999976   	0.000488896	-0.00163688	0.855251   	0.999976   	-0.000596764	0.000772365	0.855157   	0.999976   	9.85616e-05	0.00021806 	0.85526    	0.999971   	-0.000148397	-0.00161411	0.855139   	0.99997    	2.70837e-05	0.00140542 	0.855221   	0.999967   	-0.000588852	-0.00233026	0.855267   	0.999976   	0.000533846	-0.000446031	0.855236   	0.999971   	0.000118053	0.00278664 	0.855126   	0.999979   	-0.000564342	0.000488975	0.855184   	0.999976   	0.000312296	0.000170808	0.855245   	0.999973   	0.000304717	-0.000671364	0.855212   	0.999976   	-0.000475047	0.00116758 	0.855115   	0.999975   	0.000450052	-0.000492432	0.855231   	0.999976   	3.97237e-05	-0.00076045	0.855228   	0.129842   	1.48785    	2.60989    	0.129771   	0.12508    	1.76833    	2.72201    	0.124973   	0.126082   	1.69661    	2.94896    	0.126482   	0.122758   	1.5556     	3.19757    	0.122554   	0.128647   	1.51343    	3.94635    	0.128967   	0.113062   	1.68591    	3.94519    	0.113247   	0.11539    	1.61975    	4.23042    	0.115853   	0.122971   	1.62285    	3.0463     	0.122475   	0.126837   	1.88472    	3.03163    	0.12683    	0.120565   	1.55663    	2.6136     	0.120992   	0.122785   	2.03964    	2.71866    	0.122812   	0.136642   	1.52329    	3.72014    	0.13619    	0.128141   	1.6681     	2.9738     	0.128263   	0.119623   	1.79636    	3.00275    	0.119729   	0.121807   	1.86265    	2.81685    	0.121595   	13.4101	14.8586	13.4304	12.9419	12.6686	12.2089	12.8143	13.219	13.7505	12.9934	12.1568	13.4854	12.9569	12.7829	12.8862	1          	1.06195e-05	-8.88718e-06	0.855179   	0.288295   	0.134737   	0.144712   	0.288299   	1.58628	
6e-11      	6          	0.999959   	-0.000189438	-0.000501211	0.836847   	0.999949   	0.000564916	0.00104292 	0.836826   	0.999954   	-0.000292612	-0.000375723	0.83696    	0.999966   	0.000170313	-0.000662562	0.836879   	0.999964   	-0.000146556	0.000570385	0.83692    	0.999966   	-1.04331e-05	5.26877e-05	0.836877   	0.999966   	-0.000619089	0.00275858 	0.836939   	0.999959   	0.000201457	-0.00177809	0.836842   	0.999961   	0.000379082	-0.00102977	0.836863   	0.999961   	8.36601e-07	-0.00308887	0.837039   	0.999967   	-9.45206e-05	-0.000382395	0.837032   	0.999964   	4.96364e-05	0.003444   	0.836677   	0.999965   	-0.00105756	-0.00047324	0.83694    	0.999968   	-0.000249765	0.00141544 	0.837029   	0.999968   	0.00121673 	-0.000936957	0.836704   	0.175727   	2.30606    	5.33792    	0.175987   	0.154609   	2.49364    	7.06123    	0.15461    	0.157966   	3.0609     	5.58338    	0.157425   	0.168472   	2.60657    	3.735      	0.167651   	0.153037   	2.10073    	4.67942    	0.153331   	0.159993   	2.5355     	3.93972    	0.160518   	0.149194   	1.66907    	3.99756    	0.148726   	0.162321   	2.29844    	5.07815    	0.16262    	0.156188   	1.94905    	5.23418    	0.156158   	0.15598    	2.19493    	4.25758    	0.155014   	0.158846   	1.92208    	4.19091    	0.158837   	0.163623   	2.37979    	3.36755    	0.163308   	0.152266   	1.93288    	4.46705    	0.152494   	0.170909   	1.58667    	4.17962    	0.171075   	0.147713   	1.78428    	4.02054    	0.147857   	17.0496	14.8589	15.0875	15.4461	14.3228	15.208	14.2672	15.3228	14.6826	14.8717	14.7517	14.5196	14.7134	15.8982	14.7745	1          	-5.14548e-06	3.80805e-06	0.83686    	0.365558   	0.137912   	0.142379   	0.365555   	1.36982	
6.5e-11    	5.8        	0.999935   	-0.000342051	-0.00269252	0.815677   	0.999947   	1.36751e-05	0.000491866	0.815413   	0.999939   	0.000406186	0.00222455 	0.815824   	0.999932   	-0.00117196	-0.00221626	0.815547   	0.999954   	0.00025659 	0.000309767	0.815778   	0.99993    	0.00102924 	0.0018657  	0.815784   	0.999912   	0.000211809	-0.00258597	0.815664   	0.999917   	0.00104104 	0.00436804 	0.815646   	0.999938   	-0.00116763	-0.00180494	0.815755   	0.999939   	0.000417242	0.000751519	0.815923   	0.999913   	6.89858e-05	-0.000381861	0.815859   	0.999908   	-0.0003971 	-0.000464883	0.815464   	0.999928   	0.000237712	-0.0023831 	0.81558    	0.999929   	-0.000305539	0.00115576 	0.815728   	0.999935   	-4.28397e-05	0.00116698 	0.815821   	0.206518   	2.38992    	8.63562    	0.208162   	0.221559   	2.15609    	7.26456    	0.22197    	0.220937   	2.67232    	7.81445    	0.218542   	0.243579   	2.93438    	8.67713    	0.242046   	0.221175   	2.43939    	5.80697    	0.221296   	0.225494   	2.35234    	9.77699    	0.225012   	0.215288   	2.8867     	12.1944    	0.214234   	0.225665   	3.12352    	9.86608    	0.226796   	0.240506   	3.34063    	7.27201    	0.239727   	0.223821   	2.38648    	8.48159    	0.223266   	0.212517   	3.29797    	12.2658    	0.212363   	0.237605   	2.99638    	13.3512    	0.236648   	0.248834   	2.51759    	9.81015    	0.249865   	0.198307   	2.8661     	9.74288    	0.198531   	0.231442   	3.13548    	8.35715    	0.231471   	18.1254	17.1815	18.0565	19.8006	17.8446	19.3897	18.1938	19.2413	19.4549	19.145	17.7228	18.6328	20.0218	17.3564	20.6899	1          	1.70616e-05	-1.37912e-05	0.815641   	0.503058   	0.138598   	0.136519   	0.50306    	1.8407	
7e-11      	5.6        	0.999882   	0.000437127	0.00869912 	0.790551   	0.996062   	0.000380482	-0.0814919 	0.792149   	0.996886   	-0.000766083	0.072894   	0.792049   	0.996097   	0.000245254	-0.0822276 	0.792106   	0.999808   	0.00103674 	0.0146523  	0.79076    	0.997319   	-0.00125081	0.0676082  	0.791691   	0.998183   	-0.000148466	-0.0546231 	0.791742   	0.995931   	-0.000266071	0.084417   	0.791931   	0.999471   	0.000454553	-0.0299748 	0.790782   	0.998791   	0.00145643 	0.0449105  	0.790649   	0.998818   	-0.000614483	0.0436702  	0.791444   	0.995446   	-0.0007855 	-0.0884179 	0.792397   	0.995633   	0.000327452	0.0856433  	0.792714   	0.997891   	0.000926823	-0.0597734 	0.790967   	0.999494   	-0.00125468	-0.0262441 	0.790778   	0.406656   	2.83968    	10.538     	0.401958   	0.348168   	3.05171    	99.8709    	0.557584   	0.570361   	3.48671    	72.471     	0.382005   	0.665862   	2.64663    	83.8472    	0.469222   	0.368092   	2.89176    	11.2511    	0.369318   	0.404125   	3.11939    	62.8342    	0.57233    	0.371178   	2.52423    	52.1744    	0.551783   	0.597352   	2.68853    	81.0067    	0.394065   	0.46967    	2.66213    	10.6388    	0.43812    	0.589062   	2.98421    	30.3875    	0.493253   	0.384485   	3.57598    	34.7202    	0.453349   	0.590964   	2.84802    	103.979    	0.440305   	0.499454   	3.07335    	113.456    	0.620431   	0.622693   	3.19785    	50.3445    	0.414525   	0.436481   	2.20099    	24.8409    	0.417853   	28.9344	25.8947	28.5136	33.0352	28.8754	28.4386	37.7686	26.7935	24.9993	29.7062	40.996	26.3624	30.1634	29.6986	38.355	1          	1.1327e-05 	-1.63121e-05	0.789703   	1.75613    	0.139637   	0.141141   	1.75613    	30.036	
7.5e-11    	5.4        	0.999497   	0.000215964	-0.00878309	0.772924   	0.963891   	-0.00032113	-0.264019  	0.782867   	0.959672   	0.000162309	0.274426   	0.777396   	0.951771   	-0.000507021	-0.300874  	0.779155   	0.996562   	0.00123811 	0.0754355  	0.773485   	0.973712   	-0.000739805	0.225769   	0.781382   	0.983637   	0.000406427	-0.178693  	0.779197   	0.949727   	0.00107595 	0.308578   	0.780341   	0.990735   	-0.00149522	-0.131753  	0.772584   	0.981634   	-0.00145725	0.185426   	0.7718     	0.992631   	0.00194243 	0.120192   	0.775286   	0.952001   	-0.000562757	-0.301567  	0.783104   	0.956523   	0.000975248	0.28827    	0.783628   	0.970895   	-0.00071518	-0.233453  	0.773945   	0.998157   	-0.000236322	-0.0583924 	0.773251   	3.00626    	2.8494     	71.7881    	3.1999     	0.907046   	2.6454     	101.102    	6.02858    	7.07415    	3.41691    	294.811    	4.39556    	5.62827    	2.85841    	291.203    	7.4501     	1.42256    	3.40823    	92.1883    	3.00717    	0.955384   	3.9583     	73.9004    	4.48238    	0.885432   	2.94343    	41.5674    	2.70994    	5.18231    	3.86438    	224.138    	5.60274    	1.09904    	2.39018    	86.5265    	3.54078    	0.744533   	3.76043    	160.378    	4.65215    	2.16919    	3.51329    	15.8327    	2.71851    	4.77024    	3.75454    	222.441    	5.39473    	2.10988    	3.56581    	160.51     	5.27755    	2.80913    	3.57634    	227.53     	4.08339    	3.80897    	3.21099    	18.063     	3.17966    	251.368	63.0327	246.147	173.35	144.057	82.6622	98.1898	142.817	122.786	63.6887	196.649	134.182	62.8223	87.5432	296.759	1          	-1.41077e-07	9.847e-06  	0.757617   	3.43468    	0.143933   	0.143425   	3.43469    	89.819	
8e-11      	5.2        	0.998259   	0.000238928	-0.0553428 	0.769998   	0.92762    	-0.00105844	-0.373208  	0.776869   	0.901875   	0.000857417	0.431641   	0.768551   	0.887748   	0.000846654	-0.459991  	0.771592   	0.987382   	-0.00107646	0.1568     	0.768645   	0.952553   	0.000339402	0.303919   	0.775404   	0.973599   	0.000199647	-0.227448  	0.774537   	0.884223   	-0.000341264	0.466761   	0.774087   	0.969677   	6.92716e-05	-0.243336  	0.767214   	0.947848   	-0.00114981	0.317805   	0.766753   	0.989593   	0.00143125 	0.142336   	0.772975   	0.890539   	-0.000296766	-0.454694  	0.775602   	0.904489   	6.02677e-05	0.426286   	0.777451   	0.921826   	0.000338472	-0.386939  	0.767557   	0.998789   	-0.000349004	-0.0448193 	0.772507   	1.56837    	2.83766    	30.4498    	1.70724    	2.21405    	2.04822    	15.4841    	0.560542   	1.60104    	1.98692    	22.7418    	2.01431    	2.94216    	2.78699    	20.8503    	1.74274    	1.25659    	2.84022    	37.0345    	2.35815    	1.8634     	3.02529    	18.2977    	0.865273   	2.17386    	2.93893    	25.7663    	0.869285   	3.57452    	2.3186     	18         	0.947563   	2.51173    	2.40258    	39.8954    	4.35053    	1.78445    	2.75046    	44.9072    	3.59476    	1.34712    	2.81163    	32.2714    	0.769374   	1.73497    	3.41671    	11.3643    	0.889741   	1.79049    	3.1417     	10.3263    	0.696384   	2.06374    	2.61276    	38.6924    	2.7234     	1.3041     	2.619      	30.2123    	1.07774    	115.256	95.6077	67.3924	114.727	86.1207	100.815	126.441	138.87	143.525	88.9683	84.7701	68.7967	74.4618	93.1265	97.3864	1          	7.35379e-06	-2.19298e-05	0.72747    	1.03156    	0.141473   	0.14984    	1.03155    	14.9602	
8.5e-11    	5          	0.997826   	0.000461333	-0.0648544 	0.761874   	0.897068   	-0.000983976	-0.44176   	0.761292   	0.861646   	0.000599715	0.507405   	0.75801    	0.842535   	-0.000380695	-0.538539  	0.759884   	0.984053   	-0.00147051	0.177239   	0.7593     	0.93123    	0.00182186 	0.364253   	0.761323   	0.961565   	-0.000967953	-0.274325  	0.763324   	0.833935   	0.000866177	0.551792   	0.762098   	0.959095   	0.000134229	-0.282843  	0.75775    	0.926546   	0.000223535	0.376023   	0.757079   	0.985893   	0.000220088	0.166855   	0.763097   	0.84323    	-0.000372664	-0.53746   	0.762024   	0.864994   	0.00166109 	0.501657   	0.762399   	0.891817   	-0.000943441	-0.452291  	0.756936   	0.998481   	-0.000736272	-0.0536866 	0.76293    	1.21448    	2.73934    	8.14037    	1.34762    	0.976999   	2.63527    	6.23269    	0.803787   	1.5769     	2.72167    	4.84508    	0.877761   	1.04857    	3.04266    	5.50257    	1.00105    	0.803022   	2.15359    	15.3015    	0.970029   	1.20099    	2.46394    	7.13214    	0.853516   	0.851683   	3.3846     	7.33421    	0.73868    	1.29149    	2.33133    	3.31417    	0.949391   	1.26374    	3.35612    	6.7636     	0.828193   	1.25735    	2.93805    	5.5225     	0.547645   	0.991364   	3.14713    	10.1788    	0.75868    	0.940877   	2.17717    	5.99112    	1.26038    	1.55689    	2.53744    	6.34389    	0.810829   	1.78221    	2.68355    	3.73846    	0.956833   	1.19192    	3.29241    	8.67069    	1.1782     	69.9985	47.7242	68.8398	43.8747	47.4898	64.8979	50.5509	58.363	64.9341	63.0919	61.2541	40.0891	69.9587	88.7353	72.4958	1          	1.03214e-05	-5.36204e-06	0.698771   	0.705941   	0.134216   	0.135635   	0.705942   	7.14198	
9e-11      	4.8        	0.997749   	0.00137287 	-0.0653585 	0.752485   	0.875525   	-0.00107647	-0.483071  	0.742001   	0.8332     	-0.000355671	0.552801   	0.733823   	0.809556   	-0.000456008	-0.586896  	0.735241   	0.982577   	0.000689307	0.185121   	0.747949   	0.916685   	-0.000212663	0.399445   	0.743843   	0.954923   	0.000333147	-0.296638  	0.747848   	0.800281   	0.000594741	0.599507   	0.736817   	0.95309    	-0.00102513	-0.302232  	0.742886   	0.914023   	-0.000401488	0.405264   	0.737968   	0.983448   	0.000137553	0.180826   	0.751004   	0.811405   	0.00032362 	-0.584356  	0.73807    	0.837942   	0.000588765	0.545685   	0.739966   	0.870197   	0.000899423	-0.492375  	0.735271   	0.9983     	-0.00150857	-0.0566517 	0.753342   	1.58433    	2.85992    	14.302     	1.7246     	1.85886    	3.15996    	3.5745     	1.38785    	3.08573    	2.72998    	9.53953    	1.67541    	3.72187    	3.23907    	7.5145     	2.00134    	1.3754     	3.21509    	17.9295    	2.11062    	2.10459    	3.18771    	5.82854    	1.28973    	1.76295    	2.55956    	6.22226    	0.969078   	2.06493    	2.68958    	8.15697    	2.59754    	1.42728    	3.50945    	17.7337    	2.30419    	1.76188    	3.28764    	21.3829    	2.81022    	1.24367    	2.90297    	6.64477    	0.826404   	1.12011    	3.09686    	9.61283    	2.87542    	1.58198    	2.79522    	4.22041    	2.61199    	1.95658    	3.95243    	19.8505    	2.33416    	1.39864    	2.50932    	11.5018    	1.2277     	81.0291	82.8381	126.702	147.2	70.3151	98.9447	84.2663	85.0129	68.3252	79.0871	65.9275	46.589	65.8786	82.5337	78.2397	1          	-7.12205e-06	1.31651e-05	0.670632   	0.579665   	0.13882    	0.132813   	0.57967    	5.32209	
9.5e-11    	4.6        	0.999554   	0.00138025 	-0.0271194 	0.737466   	0.846162   	-0.000938694	-0.53282   	0.722329   	0.821232   	-0.000409495	0.570486   	0.706542   	0.788133   	0.000247522	-0.615429  	0.707604   	0.987847   	-0.000980314	0.154561   	0.729871   	0.892992   	0.000745065	0.449853   	0.727661   	0.938072   	-0.000386907	-0.346091  	0.733389   	0.773596   	0.00080284 	0.633603   	0.709641   	0.959895   	-0.000402621	-0.279841  	0.720494   	0.917899   	0.00166659 	0.396555   	0.713496   	0.97377    	-0.000818519	0.227221   	0.73786    	0.779741   	-0.000791927	-0.626024  	0.712151   	0.807986   	0.000590299	0.589116   	0.716296   	0.869137   	0.00138946 	-0.494428  	0.707444   	0.994886   	-0.00195518	-0.100325  	0.738744   	1.79221    	2.21259    	9.02221    	1.72744    	1.77801    	3.24781    	4.02669    	1.20251    	1.58049    	3.09728    	5.10273    	1.47355    	1.43136    	2.75506    	3.61883    	1.53013    	1.54297    	2.35744    	16.1344    	0.861941   	2.63917    	2.41699    	9.90152    	0.966209   	3.88831    	2.33247    	12.8342    	1.54295    	1.55774    	2.59942    	3.59451    	1.28017    	2.46773    	2.61819    	16.5169    	1.40171    	3.60014    	2.57472    	9.48901    	1.71377    	2.35676    	2.87617    	6.67111    	1.5017     	1.93934    	2.75403    	3.60884    	1.67977    	1.42166    	2.20148    	4.99267    	1.71179    	2.64234    	2.71052    	5.46864    	1.43406    	1.53303    	3.3652     	6.29155    	1.46861    	81.2888	72.9022	63.5401	56.3392	71.9519	105.398	149.576	61.7032	102.427	143.317	94.1884	77.6198	56.1957	102.789	72.3283	1          	4.38049e-06	-7.648e-06 	0.642859   	0.516214   	0.139968   	0.133986   	0.516212   	3.73949	
1e-10      	4.4        	0.999884   	-0.0010829 	-0.00720412	0.717871   	0.817425   	0.000695755	-0.57593   	0.699687   	0.806148   	0.000370649	0.59149    	0.689856   	0.765931   	-0.000568414	-0.642774  	0.69109    	0.989708   	-0.000252027	0.141435   	0.710131   	0.869983   	0.00075181 	0.49269    	0.705533   	0.917272   	0.00119197 	-0.397573  	0.712079   	0.744499   	-0.00104005	0.667518   	0.694241   	0.963745   	-0.000199877	-0.265587  	0.701498   	0.920068   	4.05573e-05	0.391315   	0.695582   	0.961447   	0.000213197	0.274398   	0.716369   	0.745579   	-0.000202486	-0.666311  	0.694212   	0.771336   	0.000129647	0.63631    	0.695545   	0.86347    	0.000685958	-0.504063  	0.690734   	0.990432   	-0.000792718	-0.136811  	0.719944   	5.57697    	3.14827    	9.14456    	5.58477    	1.70593    	3.56346    	4.33663    	1.64561    	6.54329    	2.29921    	10.9124    	2.82276    	10.4633    	1.94289    	3.92086    	4.0545     	2.98831    	4.54562    	28.4028    	3.95898    	8.66058    	3.88604    	14.7992    	1.58216    	12.6832    	3.03231    	23.8621    	2.4764     	5.83486    	2.58656    	4.03512    	3.33557    	3.38299    	2.90113    	38.7819    	1.49196    	3.58426    	3.12651    	17.609     	1.81592    	5.90341    	3.4017     	15.938     	2.90353    	3.25925    	2.83377    	4.52133    	1.45297    	2.45383    	3.45353    	5.23297    	1.4514     	5.71209    	3.09059    	15.9849    	3.03614    	4.25484    	2.6183     	18.6701    	2.74062    	199.922	60.5542	210.551	331.535	112.37	286.613	425.227	185.747	129.365	127.017	201.042	116.393	87.346	193.05	151.431	1          	-6.86362e-06	-8.79481e-06	0.615351   	0.428988   	0.13886    	0.135123   	0.428993   	2.79847	
1.05e-10   	4.2        	0.99979    	-0.000431287	0.00576581 	0.684628   	0.803174   	0.000944418	-0.595558  	0.676919   	0.800605   	-0.000573339	0.598907   	0.669288   	0.763072   	-6.97601e-05	-0.646125  	0.672307   	0.99285    	0.000389174	0.116752   	0.678251   	0.850164   	-0.000325888	0.526164   	0.679329   	0.899178   	0.000664989	-0.436844  	0.681563   	0.738879   	-0.0008974 	0.67377    	0.675516   	0.969915   	0.000202064	-0.242216  	0.672438   	0.923705   	0.000696348	0.382444   	0.669693   	0.952087   	-0.00101449	0.305042   	0.68568    	0.732472   	0.000438073	-0.6807    	0.672923   	0.759815   	-0.00186305	0.650025   	0.672959   	0.858079   	0.00116155 	-0.513203  	0.667219   	0.989126   	0.000642236	-0.146143  	0.687827   	3.11363    	3.77901    	20.5423    	3.08113    	9.02653    	2.13725    	5.75291    	3.30987    	8.20223    	2.67165    	11.5429    	1.81613    	4.72647    	2.70377    	8.89805    	1.56093    	3.65678    	3.03257    	33.5744    	2.19413    	10.6799    	2.55889    	12.911     	3.09571    	7.70042    	3.60443    	30.3233    	1.33476    	1.88346    	2.77949    	3.27844    	2.3804     	8.21869    	3.57913    	27.1987    	2.83979    	7.21301    	2.77981    	21.5732    	1.18895    	4.55027    	3.17621    	24.7076    	2.28255    	3.03381    	2.38327    	3.80236    	1.21899    	6.24325    	2.87044    	4.33474    	4.63505    	6.28609    	2.86362    	11.353     	1.24789    	4.32535    	4.13422    	13.6136    	4.76995    	103.092	260.548	236.758	144.593	114.196	306.341	230.277	65.4346	254.769	217.061	146.662	98.1836	181.986	185.75	138.916	1          	-1.18669e-06	1.24888e-05	0.588049   	0.437204   	0.143347   	0.145757   	0.4372     	2.64626	
1.1e-10    	4          	0.999057   	0.00027041 	-0.0399007 	0.666916   	0.795671   	0.00109926 	-0.605615  	0.660692   	0.754074   	-0.00146053	0.656543   	0.650582   	0.718434   	-0.000135056	-0.695404  	0.65877    	0.987418   	0.00128627 	0.157411   	0.660436   	0.840896   	-0.00110205	0.541051   	0.66252    	0.899343   	0.00022788 	-0.436905  	0.661299   	0.701885   	-0.00138511	0.712143   	0.660869   	0.956532   	0.00132926 	-0.291049  	0.652567   	0.890849   	-0.00152815	0.453805   	0.648423   	0.962563   	-0.000930539	0.270252   	0.665407   	0.707146   	0.0025002  	-0.706958  	0.657361   	0.747183   	0.000771853	0.664532   	0.658069   	0.810734   	6.68949e-05	-0.585184  	0.646701   	0.995212   	-0.000799922	-0.0964275 	0.669891   	2.5738     	3.29644    	14.307     	2.68783    	2.48045    	2.90198    	5.92268    	3.29494    	5.95292    	2.58423    	12.5662    	2.84768    	8.53561    	2.31908    	7.44497    	2.78793    	2.16464    	3.59929    	10.2271    	2.7857     	4.99763    	3.52119    	4.31717    	3.66496    	11.8636    	2.97168    	9.14212    	6.71119    	7.6897     	3.11022    	4.42269    	2.96558    	3.33333    	3.6104     	13.8588    	1.63637    	6.58831    	3.14298    	16.8103    	1.2688     	11.3328    	3.28943    	17.8197    	6.59445    	3.91574    	3.24282    	2.89084    	1.36736    	1.64129    	3.49011    	4.00078    	2.47609    	3.99166    	3.05066    	10.2715    	2.13026    	2.76463    	3.83305    	11.1918    	2.4439     	84.6949	72.5202	158.636	221.733	65.6286	142.416	319.108	209.251	105.673	183.977	322.057	112.486	54.6326	109.359	87.184	1          	1.40612e-05	1.18333e-05	0.560906   	0.404011   	0.145863   	0.151399   	0.40401    	2.46304	
1.15e-10   	3.8        	0.998984   	-0.0015526 	-0.0435389 	0.65813    	0.761915   	0.00138276 	-0.647512  	0.649021   	0.707591   	0.000127596	0.706551   	0.634968   	0.683577   	-0.00112056	-0.729791  	0.639863   	0.987858   	0.00105709 	0.154553   	0.648497   	0.814947   	1.18702e-05	0.579238   	0.642314   	0.880946   	-0.000473171	-0.472713  	0.638675   	0.666527   	-0.000404472	0.745403   	0.642173   	0.956158   	0.000856622	-0.292339  	0.638999   	0.878092   	-0.00168908	0.478257   	0.634188   	0.957109   	0.00128402 	0.289336   	0.647745   	0.663247   	0.000470762	-0.748314  	0.640794   	0.705124   	-0.000568943	0.70898    	0.645958   	0.770649   	0.000748888	-0.637147  	0.632358   	0.995624   	-9.91595e-05	-0.0926628 	0.661717   	1.41911    	4.1879     	3.56043    	1.38098    	4.21468    	3.70969    	5.40051    	1.33791    	3.97623    	2.76247    	4.27152    	5.58051    	4.59702    	3.15751    	1.77247    	2.61814    	2.01827    	3.6223     	10.2518    	1.83459    	6.8199     	4.0859     	9.82921    	1.62025    	12.3815    	4.51727    	12.4537    	3.18666    	3.54861    	2.56677    	4.13222    	3.79987    	6.11471    	4.36813    	9.90405    	3.99408    	5.92894    	3.97647    	5.4706     	3.37149    	4.84106    	3.81577    	7.6444     	3.57308    	2.2783     	2.7113     	4.41328    	2.26148    	2.33835    	3.75659    	4.88136    	2.73869    	3.79578    	3.01575    	4.29577    	3.41867    	1.45833    	4.29662    	4.17247    	1.33114    	49.4781	107.099	100.216	114.818	58.3907	160.732	286.485	98.8047	160.859	153.885	126.361	66.4117	65.4549	97.3847	47.9278	1          	1.38501e-06	5.08733e-06	0.53386    	0.379539   	0.14035    	0.15827    	0.379545   	2.54355	
1.2e-10    	3.6        	0.998462   	-0.00146323	-0.0536699 	0.645638   	0.737085   	6.4954e-05 	-0.675656  	0.632371   	0.663942   	0.00137766 	0.747667   	0.616686   	0.643706   	-0.000864277	-0.765202  	0.624211   	0.985739   	-0.000391197	0.167652   	0.630604   	0.79566    	0.00118921 	0.605557   	0.625013   	0.870388   	-0.00112374	-0.492121  	0.614619   	0.634378   	-0.00029282	0.77295    	0.628831   	0.949267   	0.00133253 	-0.314041  	0.618194   	0.854783   	-0.00274792	0.518834   	0.611132   	0.958568   	0.00239771 	0.284597   	0.63036    	0.63147    	0.000368778	-0.775303  	0.62487    	0.684093   	-0.00123503	0.729293   	0.630231   	0.724741   	8.54855e-05	-0.688844  	0.609313   	0.997408   	0.00118042 	-0.0703071 	0.649615   	4.21596    	4.58826    	6.09044    	4.16571    	4.99055    	2.75049    	4.75595    	2.02855    	6.15296    	3.19479    	3.47735    	3.92754    	3.52153    	2.39333    	1.88818    	2.12621    	2.15631    	4.24539    	6.76171    	1.88572    	4.21792    	3.11475    	7.52984    	3.08648    	2.62307    	4.8969     	6.58035    	1.94845    	2.82289    	3.26544    	2.91788    	3.03262    	3.51489    	4.6863     	7.6367     	2.00821    	2.97272    	4.30122    	2.20184    	1.93366    	3.54864    	3.8539     	3.68184    	3.31722    	3.05588    	3.65734    	3.02486    	1.84639    	3.89724    	3.08914    	2.51755    	1.68346    	4.95355    	3.62675    	4.89692    	1.30196    	2.72865    	3.79296    	9.43426    	2.71933    	99.3585	118.579	134.158	84.5448	51.785	98.7108	70.6925	68.695	87.1513	72.124	88.7328	76.0056	92.84	112.395	74.0597	1          	-2.38839e-06	0.000184132	0.506902   	0.386611   	0.143585   	0.155527   	0.386613   	2.05794	
1.25e-10   	3.4        	0.99701    	0.000233202	-0.0748552 	0.632966   	0.724998   	0.00141953 	-0.688522  	0.619022   	0.606544   	-0.0016352 	0.794875   	0.593039   	0.605592   	0.00287069 	-0.795655  	0.604847   	0.98145    	3.38761e-05	0.190479   	0.604954   	0.790111   	-0.0028788 	0.61254    	0.607348   	0.861703   	0.00330764 	-0.506702  	0.591905   	0.607194   	-0.00134254	0.794418   	0.612656   	0.942645   	-0.00190853	-0.332945  	0.591826   	0.826914   	0.00191185 	0.562098   	0.589202   	0.957811   	-0.00385205	0.286972   	0.615302   	0.592045   	0.00207761 	-0.805811  	0.614461   	0.647249   	-0.00216623	0.762179   	0.61661    	0.676432   	0.00102762 	-0.73634   	0.589461   	0.99783    	0.00114164 	-0.0641516 	0.643345   	4.121      	3.89263    	15.2296    	3.45989    	10.0998    	2.71531    	6.02398    	2.7022     	6.52222    	3.53455    	4.21355    	1.24648    	5.22844    	2.64269    	3.07792    	1.95453    	10.1453    	3.08876    	16.5266    	6.54001    	11.6036    	2.31996    	14.0986    	2.65553    	8.38468    	5.00656    	23.2128    	3.18766    	5.78793    	3.7439     	2.94665    	1.70673    	8.77786    	3.56446    	18.7058    	4.54611    	8.12265    	3.19274    	4.06127    	3.39927    	3.50434    	4.41659    	5.99663    	2.19869    	3.98252    	3.40421    	1.65114    	1.56941    	3.29852    	3.54634    	2.52079    	1.8384     	4.622      	4.11602    	3.53067    	0.965691   	1.7223     	4.63641    	7.44192    	1.64919    	88.9346	184.725	123.533	109.031	191.967	225.703	170.31	118.508	160.182	145.614	78.5662	86.2841	67.9841	88.3226	45.6107	1          	1.47724e-05	0.000105298	0.479976   	0.361812   	0.136997   	0.155057   	0.361814   	2.39589	
1.3e-10    	3.2        	0.997604   	-0.0011984 	-0.0675492 	0.624436   	0.682203   	-0.00103122	-0.730951  	0.607499   	0.553905   	0.00215153 	0.832472   	0.580412   	0.554966   	-0.00219672	-0.831742  	0.59344    	0.978407   	0.00410599 	0.20584    	0.586622   	0.767775   	-0.00187746	0.640524   	0.593952   	0.868935   	0.00603836 	-0.494617  	0.569534   	0.570723   	-0.00261605	0.821049   	0.602339   	0.919075   	-0.00321279	-0.393788  	0.566253   	0.789345   	0.00104258 	0.613795   	0.563661   	0.962826   	-0.000784521	0.269729   	0.593978   	0.568659   	-0.000232347	-0.822489  	0.602048   	0.609276   	0.00113276 	0.792834   	0.605508   	0.630329   	-0.00183536	-0.776207  	0.569756   	0.997696   	0.000646418	-0.0668219 	0.632291   	4.26307    	4.9049     	6.30075    	3.87538    	7.48372    	3.40628    	7.10079    	2.66593    	3.43634    	4.61636    	1.68638    	1.79093    	5.56894    	5.36565    	1.86986    	2.78451    	4.84017    	6.37437    	7.39533    	3.20922    	3.64271    	4.77564    	5.65082    	2.31882    	5.31161    	4.43485    	4.11896    	2.16948    	2.8697     	4.06085    	2.85332    	2.6115     	3.96032    	4.17113    	3.91236    	2.46899    	3.09618    	2.94384    	3.52149    	1.53793    	2.65489    	3.57083    	5.57109    	1.73209    	2.2433     	3.79773    	1.60192    	0.924847   	5.5458     	3.93912    	2.28726    	2.12024    	3.00394    	3.99476    	3.16838    	2.12781    	3.79119    	3.98937    	3.5931     	4.02601    	84.8961	136.069	67.9061	99.556	84.5331	69.7347	91.3111	57.9853	73.9785	59.2352	54.2482	46.8584	99.6344	59.6263	77.1204	1          	-8.7514e-06	0.000144276	0.453027   	0.353792   	0.14122    	0.179549   	0.353789   	2.10757	
1.35e-10   	3          	0.997165   	-0.000654651	-0.0739211 	0.615364   	0.650298   	9.18008e-05	-0.759493  	0.588823   	0.498105   	0.000851609	0.867011   	0.564553   	0.508288   	0.000985976	-0.861101  	0.566614   	0.968687   	-0.00136255	0.247771   	0.561703   	0.781686   	0.000223143	0.623332   	0.570724   	0.858505   	0.000711588	-0.512452  	0.540508   	0.549434   	-0.00107187	0.8354     	0.592275   	0.907011   	0.000716379	-0.420726  	0.538565   	0.76706    	-0.0011346 	0.641241   	0.539913   	0.958714   	0.00118954 	0.283737   	0.567831   	0.54026    	-0.00031777	-0.841419  	0.591401   	0.563375   	0.000265739	0.826092   	0.593104   	0.584712   	-0.00191715	-0.811052  	0.557947   	0.997547   	0.00152061 	-0.0685435 	0.619324   	2.32937    	5.16646    	4.65376    	2.12325    	6.3266     	3.65594    	4.67711    	1.53195    	4.40487    	3.53362    	1.18603    	1.28478    	3.75954    	3.35037    	2.42135    	3.20726    	3.15101    	4.24374    	5.22503    	1.91439    	5.70615    	4.44753    	10.5844    	2.1208     	4.90615    	6.64893    	5.09953    	2.4847     	6.59445    	3.19001    	2.59155    	1.6147     	6.38737    	6.01502    	5.0701     	4.98276    	6.75468    	4.81167    	7.84441    	2.62016    	5.22135    	6.41163    	6.87812    	2.94506    	2.57486    	3.65247    	0.962051   	0.946802   	4.20757    	3.84689    	1.62728    	1.15057    	6.15245    	3.19103    	5.73471    	2.34898    	5.33549    	4.32899    	5.68745    	5.04624    	48.5422	94.0901	66.4165	66.1277	55.9809	110.033	74.032	94.9226	86.123	112.617	86.6515	46.8257	70.751	91.7735	98.8881	1          	1.35916e-05	-4.65602e-05	0.426014   	0.347566   	0.146297   	0.175924   	0.347561   	2.5028	
1.4e-10    	2.8        	0.996049   	0.00452978 	-0.0873269 	0.597077   	0.625116   	-0.00273004	-0.780343  	0.574103   	0.440277   	-0.00191347	0.897754   	0.552194   	0.452164   	-0.00136876	-0.891758  	0.555132   	0.959294   	0.000131952	0.281798   	0.53568    	0.776699   	0.00112298 	0.629551   	0.556223   	0.827634   	-0.00179523	-0.560893  	0.511452   	0.522663   	-0.00139931	0.852418   	0.580068   	0.909823   	0.0032993  	-0.414567  	0.516688   	0.755176   	-0.00243918	0.655341   	0.517814   	0.94749    	0.00331873 	0.319448   	0.540595   	0.50371    	-0.000968901	-0.863776  	0.582096   	0.525804   	0.00511194 	0.850452   	0.580172   	0.500929   	0.00104384 	-0.865281  	0.546967   	0.999021   	-0.00580107	-0.0397265 	0.618319   	1.73481    	6.89835    	4.44649    	1.59617    	4.65333    	6.39907    	3.09374    	1.43692    	3.60616    	3.78734    	1.37609    	0.977764   	7.10543    	4.98347    	1.83662    	1.00501    	6.04025    	6.8132     	4.45769    	4.08446    	8.20253    	8.80175    	3.70566    	4.01292    	6.86657    	5.64791    	4.83736    	2.66117    	4.97707    	4.17973    	1.84087    	1.72381    	5.15695    	4.8327     	5.34098    	2.94608    	2.57992    	5.25636    	2.35726    	1.81689    	2.57464    	5.03329    	2.56935    	2.1602     	2.8515     	4.80905    	0.997272   	1.10543    	4.72712    	6.00906    	1.21527    	1.27127    	7.76756    	3.49075    	4.42141    	1.32202    	2.18757    	9.50719    	8.1123     	2.03312    	37.2128	64.3777	54.5278	93.2059	83.9712	133.226	87.234	62.6003	71.6307	45.2685	39.3498	43.1424	64.5856	100.112	43.9686	1          	-1.04014e-05	-2.27484e-05	0.398901   	0.358626   	0.148129   	0.167076   	0.358618   	2.54022	
1.45e-10   	2.6        	0.995956   	0.0015737  	-0.0886477 	0.584277   	0.581523   	-0.00388607	-0.813388  	0.559445   	0.382958   	0.00196665 	0.923674   	0.543095   	0.397117   	-0.00286176	-0.917661  	0.545964   	0.945074   	-0.00244375	0.32641    	0.507626   	0.775694   	0.00523588 	0.630898   	0.539322   	0.802866   	0.00247282 	-0.595925  	0.487926   	0.484412   	-0.00113943	0.874734   	0.573409   	0.899782   	-0.00111461	-0.436076  	0.494922   	0.726701   	0.00504478 	0.686743   	0.493757   	0.941941   	-0.00508861	0.335319   	0.516385   	0.47162    	-6.79672e-05	-0.881711  	0.57147    	0.481849   	0.00228698 	0.876121   	0.571287   	0.422902   	-0.00223545	-0.905998  	0.539737   	0.999582   	4.53769e-05	-0.025155  	0.611762   	1.76212    	6.77702    	2.78178    	1.69628    	3.23086    	5.19888    	1.77013    	1.11571    	2.76875    	3.72069    	0.665362   	0.57243    	2.92552    	4.68369    	0.776648   	0.838946   	2.69702    	7.56441    	2.08592    	2.4175     	2.19448    	6.57639    	1.58868    	1.07281    	3.68681    	6.06278    	1.81653    	2.81183    	3.08596    	4.89396    	1.11619    	0.943982   	2.37152    	5.67266    	1.416      	1.94958    	3.81746    	4.07693    	2.13346    	1.40069    	2.78853    	6.46166    	2.75948    	1.9087     	2.75678    	4.54643    	0.642744   	0.870439   	3.84785    	6.10076    	0.853103   	0.764004   	7.05713    	4.46674    	1.91535    	1.06102    	2.09571    	6.19623    	3.91935    	2.02309    	30.0842	43.2885	37.3272	38.4016	37.9139	33.1918	45.5083	40.6981	34.0811	42.186	41.6298	36.0123	49.3928	78.8263	36.6132	0.999999   	-3.75858e-05	-0.000138617	0.371654   	0.328558   	0.14681    	0.171268   	0.328559   	2.4329	
1.5e-10    	2.4        	0.996142   	-0.00156156	-0.0861654 	0.565365   	0.533425   	-2.25495e-05	-0.845664  	0.542494   	0.337802   	0.00152916 	0.941119   	0.534815   	0.334754   	-0.00318479	-0.942208  	0.535573   	0.93874    	0.00330463 	0.344265   	0.488469   	0.756416   	0.000917518	0.6539     	0.522466   	0.775165   	-0.0036629 	-0.631474  	0.462451   	0.443272   	0.00516742 	0.896269   	0.562122   	0.890606   	-0.0035476 	-0.454515  	0.477474   	0.689369   	-0.00155966	0.724216   	0.471671   	0.937211   	0.00411505 	0.348119   	0.492429   	0.437675   	-0.00180846	-0.898984  	0.562031   	0.443167   	-0.000422164	0.896274   	0.561346   	0.34877    	0.00372455 	-0.937073  	0.530716   	0.999708   	-0.00304291	-0.014827  	0.599382   	1.72982    	9.51405    	2.24764    	1.66783    	3.15987    	8.80661    	1.22934    	0.915638   	3.2184     	3.97591    	0.672835   	0.818995   	2.6276     	4.02056    	0.84228    	0.788809   	2.48296    	5.28085    	1.7355     	1.8792     	2.56456    	6.29665    	1.902      	1.61931    	2.60348    	7.6146     	1.17378    	1.45128    	2.66156    	5.33587    	0.906434   	1.04082    	2.75293    	4.9926     	1.12966    	2.00556    	4.23235    	4.97805    	0.983094   	1.87973    	3.43551    	11.8797    	1.61042    	2.84903    	4.2568     	7.26878    	0.810415   	1.10106    	3.23213    	9.20201    	0.955196   	0.840363   	3.62841    	5.27673    	1.06227    	0.861899   	2.3823     	15.1687    	1.96409    	2.37893    	27.3607	35.6477	36.5834	28.5879	30.7479	29.7646	35.5942	32.2554	32.84	45.2476	40.3355	46.2371	36.6409	41.7472	34.8343	0.999999   	7.76194e-06	8.63619e-05	0.344331   	0.363841   	0.148926   	0.164857   	0.363825   	2.43187	
1.55e-10   	2.2        	0.995988   	0.00606378 	-0.0878433 	0.54778    	0.484805   	-0.0375269 	-0.873476  	0.527937   	0.283505   	0.03107    	0.958147   	0.527322   	0.279001   	-0.0306122 	-0.959556  	0.527019   	0.932301   	-0.000901944	0.36127    	0.466169   	0.732956   	0.0322106  	0.679154   	0.503229   	0.74252    	-0.0276889 	-0.668862  	0.439373   	0.401057   	0.0347126  	0.915072   	0.552645   	0.880565   	-0.0148486 	-0.473243  	0.457229   	0.653114   	0.0293749  	0.756235   	0.452937   	0.929683   	0.021601   	0.367188   	0.468886   	0.395033   	-0.0420165 	-0.917385  	0.553077   	0.398626   	0.0418821  	0.915858   	0.550015   	0.284151   	-0.0266692 	-0.958029  	0.522089   	0.999687   	-0.0157146 	-0.0108953 	0.583227   	2.0004     	8.48122    	1.78681    	1.9929     	2.92601    	19.2716    	0.808022   	0.701287   	2.54503    	20.4869    	0.634999   	0.756875   	2.65243    	15.0758    	0.570438   	0.602733   	1.82382    	7.565      	1.04486    	1.71199    	2.44219    	14.5034    	0.967955   	1.34998    	3.39817    	10.9531    	1.43136    	2.30541    	3.04834    	21.3333    	0.726832   	0.830392   	1.97145    	10.3473    	1.06646    	1.42738    	3.20481    	15.9487    	1.12722    	1.32042    	3.08418    	9.34958    	1.45213    	2.21268    	2.67141    	21.6578    	0.664528   	0.824802   	2.81428    	19.4567    	0.639109   	0.68152    	3.50352    	23.1307    	0.773933   	0.755811   	1.61362    	10.2673    	1.66772    	1.61051    	26.8397	26.3879	22.7437	29.739	23.2088	31.06	32.3577	28.9277	22.6434	33.2424	30.1569	28.5663	31.6461	35.675	24.4943	0.999999   	-1.14792e-05	8.93333e-05	0.316865   	0.358675   	0.143332   	0.196841   	0.358672   	2.25176	
1.6e-10    	2          	0.994601   	-0.0126375 	-0.0991026 	0.521209   	0.434076   	-0.0881902 	-0.896359  	0.511248   	0.239018   	0.0988305  	0.965602   	0.523644   	0.226882   	-0.0969763 	-0.968925  	0.523098   	0.920764   	0.0442951  	0.386098   	0.4414     	0.704679   	0.0623618  	0.706046   	0.482975   	0.703845   	-0.038899  	-0.707906  	0.411548   	0.355578   	0.100912   	0.928963   	0.540986   	0.867483   	-0.0825971 	-0.489206  	0.441951   	0.61989    	0.105026   	0.776475   	0.440379   	0.920199   	0.0169273  	0.388514   	0.438779   	0.347278   	-0.101759  	-0.932024  	0.541984   	0.34784    	0.103489   	0.931693   	0.538385   	0.232195   	-0.0963284 	-0.967283  	0.516977   	0.999504   	-0.00978365	-0.00755524	0.558363   	6.16889    	27.0931    	1.19338    	5.83314    	3.87497    	8.78152    	0.850897   	1.50601    	8.60369    	18.2548    	0.627079   	1.11638    	3.40052    	8.05555    	0.706569   	0.989486   	4.72045    	27.71      	1.19402    	3.32197    	4.04561    	28.7194    	1.26663    	1.52219    	7.55701    	40.2557    	1.35828    	4.92261    	4.68986    	10.9991    	1.18514    	0.812361   	2.32308    	33.283     	1.22409    	1.92512    	4.60242    	42.7222    	1.75013    	2.47206    	5.57386    	49.0803    	1.62186    	4.63687    	3.24193    	11.7807    	1.96263    	2.20231    	2.45857    	7.23496    	1.17112    	1.31342    	8.93421    	33.0258    	0.962518   	0.973115   	12.2069    	33.8778    	1.24909    	12.3396    	41.6783	31.9002	73.968	36.1023	40.8842	33.3617	54.7091	45.9693	24.5187	39.75	38.8771	28.7859	27.7025	75.0648	79.6922	0.999999   	-8.07266e-06	-2.31362e-05	0.28846    	0.758957   	0.139672   	0.167025   	0.758951   	3.0227	
1.65e-10   	1.8        	0.953624   	-0.269992  	-0.111259  	0.460662   	0.422206   	0.00282855 	-0.905719  	0.490604   	0.246891   	0.227847   	0.941211   	0.522415   	0.21686    	-0.181521  	-0.958792  	0.519867   	0.85777    	0.317954   	0.396857   	0.407614   	0.672044   	-0.0757749 	0.735454   	0.46578    	0.640745   	0.172416   	-0.745907  	0.377325   	0.357643   	0.126532   	0.925022   	0.52848    	0.808622   	-0.303049  	-0.500742  	0.426554   	0.597311   	0.293098   	0.745249   	0.446269   	0.874629   	-0.218348  	0.429934   	0.389482   	0.322295   	-0.0930282 	-0.941895  	0.522279   	0.335959   	0.0653402  	0.939368   	0.519243   	0.236987   	-0.2456    	-0.938816  	0.511622   	0.978844   	0.195278   	-0.0219593 	0.49004    	42.3789    	123.599    	3.31479    	14.4118    	12.209     	28.8964    	7.07832    	2.60643    	10.0137    	33.9615    	3.08936    	1.20151    	6.73538    	19.4426    	1.71953    	1.08414    	14.2573    	112.351    	3.02471    	2.73702    	4.96455    	45.2062    	2.79553    	3.10173    	4.59424    	57.105     	4.36857    	2.12101    	8.51809    	7.00209    	1.44791    	1.35679    	10.4962    	75.3067    	2.97425    	2.17442    	3.49236    	51.0748    	2.63104    	6.75012    	10.7241    	44.775     	3.80864    	7.84053    	6.70324    	3.7595     	2.47763    	1.71602    	9.30448    	5.60579    	2.70285    	1.24674    	12.8938    	58.6677    	4.88849    	1.13817    	39.0708    	90.1286    	2.86576    	23.2527    	223.237	78.5514	78.1138	58.9344	82.8957	37.3275	31.9202	82.0191	63.1791	30.5901	68.6134	50.4698	63.0664	90.7452	216.654	0.999999   	-5.51664e-05	0.000147989	0.258514   	0.819413   	0.146576   	0.173888   	0.819388   	3.02519	
1.7e-10    	1.6        	0.88472    	-0.450413  	-0.116851  	0.402159   	0.411297   	0.0189892  	-0.911107  	0.47261    	0.261108   	0.320966   	0.910085   	0.521261   	0.211251   	-0.235971  	-0.948276  	0.521606   	0.786012   	0.479311   	0.388546   	0.389155   	0.604662   	-0.138855  	0.783454   	0.448214   	0.568917   	0.279647   	-0.772781  	0.362837   	0.323603   	0.16675    	0.93128    	0.522821   	0.73818    	-0.44123   	-0.509507  	0.423415   	0.515919   	0.421033   	0.745573   	0.453783   	0.818223   	-0.369956  	0.439323   	0.368677   	0.294718   	-0.109662  	-0.949157  	0.516487   	0.331897   	0.0688543  	0.940513   	0.502685   	0.233397   	-0.352058  	-0.905983  	0.5071     	0.93731    	0.344819   	-0.0409686 	0.428356   	20.2879    	7.25738    	3.2768     	14.4164    	6.07954    	3.90476    	2.35368    	1.56924    	9.25023    	9.85559    	2.60155    	1.72022    	9.62559    	7.82025    	1.37193    	1.86       	12.9461    	10.1599    	13.7315    	6.77928    	20.3502    	5.94158    	11.3911    	2.493      	8.11747    	5.18874    	5.60286    	2.25884    	2.52457    	4.7264     	1.87242    	2.06116    	6.77579    	11.7038    	5.65563    	4.64625    	5.11738    	14.1194    	1.89734    	2.35632    	8.04929    	9.68116    	2.20699    	8.24599    	3.66505    	3.94655    	2.52552    	2.38838    	13.1724    	4.29848    	2.85424    	2.0083     	6.11536    	13.3104    	11.2152    	3.81426    	26.672     	5.57533    	8.62981    	19.1615    	78.9949	32.4023	44.5054	57.7389	53.2377	81.9876	37.9861	25.059	33.5259	38.0804	44.8063	24.2166	76.4406	31.19	112.59	0.999998   	-5.8697e-06	0.000323012	0.229098   	0.495371   	0.145326   	0.169338   	0.495365   	2.32939	
1.75e-10   	1.4        	0.831384   	-0.539457  	-0.13074   	0.37991    	0.336373   	0.0232817  	-0.940574  	0.440375   	0.261053   	0.367858   	0.891542   	0.517098   	0.178926   	-0.276894  	-0.943961  	0.518443   	0.736221   	0.570315   	0.363032   	0.373578   	0.532898   	-0.153249  	0.831648   	0.436019   	0.515554   	0.32554    	-0.791671  	0.340122   	0.298792   	0.189724   	0.935086   	0.516966   	0.660415   	-0.506041  	-0.553716  	0.410724   	0.420955   	0.493211   	0.760865   	0.454768   	0.801729   	-0.432435  	0.409872   	0.373421   	0.216343   	-0.128801  	-0.967331  	0.503116   	0.348564   	0.0709517  	0.932808   	0.49221    	0.231573   	-0.412643  	-0.880767  	0.499793   	0.868054   	0.488007   	-0.0645601 	0.35989    	8.65649    	7.54619    	6.37949    	9.08599    	45.6689    	18.8241    	41.9954    	65.111     	38.3754    	7.4704     	24.1524    	9.85417    	5.23637    	4.05444    	3.00904    	3.19376    	6.79419    	4.06823    	9.3625     	2.84925    	11.9502    	5.84501    	7.54713    	2.4905     	5.80896    	3.29799    	27.0063    	13.065     	5.76528    	6.50245    	3.89893    	3.93652    	9.94358    	6.23598    	15.0812    	4.67063    	8.76072    	7.96232    	5.01233    	4.35605    	41.4647    	7.9747     	16.2601    	23.7568    	33.9245    	2.47898    	9.33641    	15.838     	73.324     	12.2278    	27.491     	5.04174    	3.80708    	6.98446    	2.54361    	1.59799    	74.5626    	11.8346    	23.0509    	38.8797    	46.3894	175.688	108.395	27.0769	30.4952	43.4879	24.9595	35.667	29.3838	37.0268	129.048	149.502	241.714	24.7034	237.949	0.999998   	0.00011361 	2.49498e-05	0.200014   	0.39712    	0.140387   	0.159484   	0.397108   	2.07482	
1.8e-10    	1.2        	0.742621   	-0.653316  	-0.143279  	0.385207   	0.194373   	0.127077   	-0.972113  	0.403381   	0.293085   	0.387646   	0.873851   	0.506663   	0.121836   	-0.303799  	-0.944638  	0.518045   	0.571226   	0.710042   	0.405595   	0.360715   	0.553144   	-0.216095  	0.803414   	0.441167   	0.449589   	0.446457   	-0.770966  	0.318742   	0.295829   	0.212331   	0.931115   	0.51786    	0.520595   	-0.603586  	-0.601853  	0.418767   	0.364954   	0.589612   	0.719252   	0.458989   	0.745703   	-0.511265  	0.426047   	0.397003   	0.0999529  	-0.140906  	-0.984548  	0.495041   	0.42635    	0.0227642  	0.903985   	0.481474   	0.18365    	-0.458473  	-0.869335  	0.50022    	0.697206   	0.715242   	-0.0127758 	0.311054   	5.05509    	19.876     	9.83603    	11.5152    	4.56114    	17.2085    	5.71066    	4.294      	4.81627    	2.72955    	1.65581    	1.78304    	9.99645    	9.54655    	3.07652    	3.89793    	28.4598    	67.7465    	4.70045    	12.5448    	49.2257    	34.6967    	4.47693    	38.8804    	10.8818    	45.9676    	7.06641    	6.8379     	12.5977    	6.30988    	3.14037    	6.68033    	13.9576    	55.8719    	10.1549    	22.8741    	8.18902    	19.5183    	29.0481    	4.74537    	18.8161    	32.0293    	12.7365    	42.4435    	22.2912    	8.27456    	7.51243    	11.3648    	10.414     	8.67164    	4.36369    	7.23632    	5.89267    	5.02427    	1.82728    	1.56679    	11.8519    	14.4849    	6.12312    	4.12202    	23.7846	36.3213	38.6785	24.9261	65.9475	76.429	41.6882	60.6205	30.6263	27.1176	42.7572	45.2942	31.2746	21.5484	42.8684	0.999997   	2.17348e-05	-0.000393516	0.171155   	0.342712   	0.141873   	0.156168   	0.34271    	1.9987	
1.85e-10   	1          	0.67815    	-0.715981  	-0.162548  	0.393764   	0.0658796  	0.179822   	-0.980902  	0.393546   	0.265626   	0.406526   	0.874019   	0.503693   	0.0444075  	-0.319917  	-0.946283  	0.505691   	0.386556   	0.831599   	0.397087   	0.361767   	0.577105   	-0.293455  	0.761269   	0.460453   	0.260817   	0.569164   	-0.778564  	0.322306   	0.311506   	0.196586   	0.929433   	0.529209   	0.419994   	-0.674114  	-0.607164  	0.425263   	0.310185   	0.626668   	0.714484   	0.428256   	0.713933   	-0.550166  	0.432317   	0.422714   	-0.0130926 	-0.0856877 	-0.995924  	0.47944    	0.45045    	-0.0251233 	0.892035   	0.50289    	0.140257   	-0.489004  	-0.860692  	0.497725   	0.445172   	0.890054   	-0.0693844 	0.295744   	17.0815    	5.19301    	5.6284     	5.94243    	16.5492    	6.69516    	3.3329     	2.58769    	4.83092    	3.61334    	2.96825    	2.21263    	4.77027    	3.75447    	2.68961    	3.30804    	18.4643    	5.83307    	5.84327    	6.62661    	27.9365    	4.17914    	8.42168    	3.48978    	21.9417    	3.79633    	3.66818    	3.35257    	16.1137    	4.28523    	2.81077    	5.49247    	7.41616    	5.48309    	2.30798    	2.37167    	8.36452    	8.71687    	5.04427    	7.76218    	18.6788    	3.84767    	5.40058    	10.5268    	9.66388    	9.65358    	3.13633    	3.27323    	22.171     	8.73586    	2.95152    	8.96187    	8.21229    	4.24074    	4.38679    	3.09106    	45.8651    	9.98323    	4.16248    	2.90135    	42.8181	50.048	16.083	16.1662	28.153	40.0179	61.8764	29.5406	22.8883	23.3766	36.7248	33.9958	34.5602	31.7334	96.2899	0.999996   	0.000113334	-0.000362349	0.142626   	0.330196   	0.143749   	0.153356   	0.330201   	2.12859	
1.9e-10    	0.8        	0.630597   	-0.76182   	-0.14617   	0.388823   	-0.0746007 	0.150874   	-0.985324  	0.411006   	0.244328   	0.436974   	0.865531   	0.520525   	-0.0183842 	-0.339202  	-0.94038   	0.515421   	0.242913   	0.870213   	0.426561   	0.358989   	0.579833   	-0.292801  	0.759935   	0.457545   	0.0211465  	0.58256    	-0.811701  	0.329307   	0.325373   	0.210091   	0.921795   	0.543941   	0.369379   	-0.717426  	-0.589853  	0.42551    	0.252134   	0.652163   	0.714516   	0.437664   	0.686717   	-0.564933  	0.456815   	0.40716    	-0.0949009 	-0.121048  	-0.987928  	0.494237   	0.460318   	-0.00781273	0.887537   	0.512262   	0.110001   	-0.53053   	-0.840326  	0.499729   	0.180536   	0.975652   	-0.119131  	0.282812   	7.03637    	4.42386    	5.61579    	4.63545    	14.1562    	5.31026    	10.552     	11.7676    	6.04278    	3.07064    	7.39691    	8.72619    	5.18839    	4.27518    	11.0238    	10.1863    	14.1272    	5.54013    	15.8036    	4.77319    	13.6058    	4.41025    	3.78754    	6.08685    	13.6491    	4.9269     	11.2359    	10.6847    	9.04425    	5.75916    	7.01069    	10.3366    	8.8723     	8.03869    	10.1823    	4.32287    	9.43152    	6.82748    	2.86417    	4.17349    	2.86064    	4.72378    	8.99852    	3.44227    	7.19333    	5.92478    	11.5297    	13.489     	8.67259    	5.03458    	1.69109    	3.94344    	4.22419    	5.98391    	5.67776    	6.09256    	9.36096    	4.14317    	5.82981    	5.15593    	17.1741	25.3099	12.2207	17.4101	22.5068	25.0075	17.1339	12.4436	14.3638	15.1555	13.2551	21.2248	13.1575	14.3976	16.7878	0.999994   	-3.16502e-05	-0.00035451	0.114038   	0.355351   	0.144034   	0.156983   	0.355319   	1.88473	
1.95e-10   	0.6        	0.555905   	-0.817031  	-0.149847  	0.393005   	-0.212497  	0.181214   	-0.959765  	0.43324    	0.24072    	0.441291   	0.86425    	0.536735   	-0.082581  	-0.340807  	-0.936338  	0.532499   	0.0897022  	0.880623   	0.464394   	0.376935   	0.587918   	-0.322367  	0.741504   	0.456141   	-0.186057  	0.606734   	-0.771856  	0.343736   	0.332682   	0.213251   	0.918429   	0.555978   	0.30511    	-0.745234  	-0.592305  	0.43882    	0.179721   	0.662642   	0.72683    	0.460637   	0.663155   	-0.610882  	0.431564   	0.404502   	-0.18132   	-0.119535  	-0.975923  	0.513805   	0.473103   	-0.0238098 	0.880321   	0.515355   	0.0584912  	-0.553195  	-0.830789  	0.509672   	-0.0581039 	0.993157   	-0.0936272 	0.301991   	4.87611    	19.3916    	6.24566    	10.4076    	8.31398    	15.7572    	8.58389    	11.243     	14.9032    	2.69806    	2.93294    	5.63828    	7.26909    	5.33404    	2.00574    	3.05975    	5.46062    	19.646     	3.75745    	13.7186    	8.3393     	13.4725    	6.19017    	11.2588    	17.6608    	11.4038    	8.55331    	13.8032    	9.87165    	4.03573    	1.80715    	1.84244    	7.18705    	9.96619    	7.88613    	6.77075    	4.78784    	4.95387    	5.66831    	6.22214    	10.3481    	8.11675    	10.0912    	11.0098    	9.32896    	5.81319    	1.93128    	2.61405    	12.1928    	11.0406    	4.44753    	4.92479    	6.04483    	6.84884    	1.65754    	2.5925     	12.1903    	19.2614    	6.45625    	19.9253    	8.77881	11.8933	10.7551	18.41	14.8685	17.1831	13.8367	11.9219	10.2384	13.1784	23.135	16.7549	17.67	12.6336	12.8294	0.99999    	5.10145e-05	-0.000692792	0.0854691  	0.37082    	0.14041    	0.15535    	0.370808   	1.95915	
2e-10      	0.4        	0.492319   	-0.857091  	-0.148174  	0.348744   	-0.309153  	0.157215   	-0.93742   	0.440771   	0.255236   	0.429827   	0.865469   	0.5247     	-0.160134  	-0.327012  	-0.931032  	0.525087   	0.0112838  	0.873768   	0.484271   	0.352701   	0.576858   	-0.306154  	0.756723   	0.440002   	-0.31765   	0.581676   	-0.748086  	0.344825   	0.343574   	0.205437   	0.916115   	0.54689    	0.215649   	-0.752368  	-0.621269  	0.414617   	0.165542   	0.645553   	0.744597   	0.449371   	0.621207   	-0.643179  	0.446068   	0.367374   	-0.253238  	-0.112173  	-0.960709  	0.511464   	0.463443   	-0.0220069 	0.885592   	0.510437   	-0.0260523 	-0.542696  	-0.83897   	0.493477   	-0.184253  	0.974256   	-0.121452  	0.29127    	15.9215    	25.1053    	13.5332    	37.4866    	9.99932    	14.7175    	3.84943    	3.64025    	29.5366    	6.97591    	6.98299    	3.9447     	15.9883    	6.87675    	2.23535    	2.81239    	17.4       	28.2364    	4.96741    	19.0548    	4.25971    	19.2817    	6.26558    	7.07159    	10.012     	20.3481    	5.68901    	18.3353    	11.9822    	6.10377    	3.47707    	2.03078    	29.129     	18.705     	4.02511    	18.0062    	26.1651    	15.7551    	6.83027    	9.78071    	20.071     	19.6951    	7.04014    	20.4974    	5.35331    	6.47121    	2.08313    	2.42064    	8.02156    	8.82151    	2.36861    	2.96307    	24.4814    	8.35875    	3.80532    	6.05138    	18.2671    	23.6708    	8.98044    	26.6083    	10.5831	13.7581	14.2456	13.4405	22.5834	10.5977	9.24153	9.93783	10.2648	20.7371	12.0133	10.9925	10.0159	14.9157	12.829	0.999976   	-0.000112994	-0.00103584	0.0569104  	0.354985   	0.142483   	0.165912   	0.355037   	1.73587	
2.05e-10   	0.2        	0.438821   	-0.891765  	-0.101131  	0.296174   	-0.400612  	0.0916146  	-0.911319  	0.458132   	0.271384   	0.430569   	0.860512   	0.508864   	-0.236535  	-0.338525  	-0.910391  	0.526672   	-0.0698689 	0.88187    	0.465253   	0.317361   	0.545995   	-0.233383  	0.803887   	0.430409   	-0.442341  	0.453575   	-0.772547  	0.349822   	0.355571   	0.235131   	0.904076   	0.542089   	0.117016   	-0.767484  	-0.629755  	0.371108   	0.143633   	0.635075   	0.758397   	0.422894   	0.607865   	-0.595442  	0.522836   	0.33318    	-0.332672  	-0.140407  	-0.932246  	0.523238   	0.453924   	0.0296782  	0.890239   	0.509493   	-0.114078  	-0.534441  	-0.837112  	0.470949   	-0.355798  	0.90687    	-0.216949  	0.265133   	7.92752    	26.015     	6.79341    	18.0123    	11.9401    	5.56313    	4.36641    	4.55352    	4.5617     	19.5134    	8.13901    	15.6089    	12.6433    	11.6143    	8.88823    	9.39708    	5.23307    	34.467     	5.68482    	32.3766    	14.1393    	14.0324    	6.47002    	5.07359    	14.8277    	17.4564    	2.67144    	5.72504    	17.2096    	15.9494    	11.0966    	7.70309    	3.23555    	39.518     	8.60083    	39.0081    	5.07399    	35.6732    	3.12328    	23.0074    	13.7793    	28.3806    	5.2511     	8.60005    	11.5052    	7.16807    	7.15779    	6.22253    	11.8451    	7.48054    	4.07049    	4.28223    	5.35152    	28.6106    	8.38296    	24.5139    	18.4561    	25.8677    	7.49679    	14.9692    	6.9121	7.67557	6.91477	8.09591	8.84601	8.95888	8.1427	7.78868	7.37308	7.16764	6.87611	7.5165	9.69535	8.75854	10.4683	0.999911   	-7.64684e-05	-0.000755629	0.028435   	0.344778   	0.141304   	0.148319   	0.344748   	2.03697	
2.1e-10    	-0         	0.45834    	-0.874233  	-0.1507    	0.256035   	-0.542145  	0.0839863  	-0.8352    	0.463451   	0.284772   	0.386479   	0.876756   	0.475432   	-0.347429  	-0.300892  	-0.88757   	0.50347    	-0.239805  	0.840862   	0.483072   	0.279602   	0.586342   	-0.203675  	0.783058   	0.415499   	-0.626513  	0.369066   	-0.684683  	0.361082   	0.40336    	0.20685    	0.890533   	0.515639   	0.0433641  	-0.724782  	-0.686179  	0.327494   	0.10307    	0.598638   	0.793341   	0.381483   	0.650078   	-0.559865  	0.510212   	0.305938   	-0.455169  	-0.117449  	-0.881801  	0.512187   	0.498532   	0.0215306  	0.865498   	0.495056   	-0.207175  	-0.485577  	-0.848382  	0.432128   	-0.606122  	0.75893    	-0.228943  	0.265963   	8.58424    	18.2028    	6.67526    	7.53775    	27.0338    	2.64832    	17.0991    	4.19621    	11.0678    	16.0381    	7.7954     	9.57307    	12.3901    	19.9281    	8.27127    	7.65426    	6.5181     	29.2641    	3.21536    	17.3001    	21.6271    	4.64869    	12.3005    	2.81184    	22.0889    	6.86933    	18.8946    	4.66048    	24.5554    	19.8802    	14.6676    	6.64486    	4.43107    	38.7666    	4.45966    	19.8935    	7.27522    	35.4577    	3.19097    	14.4286    	16.3204    	16.8326    	19.5043    	7.51767    	27.1478    	10.7119    	17.9021    	4.30821    	36.4408    	5.37262    	25.6191    	4.03914    	15.9581    	31.702     	4.6634     	13.6443    	12.1962    	22.6773    	14.6822    	9.64242    	10.0579	7.36218	11.1793	10.2295	8.59857	7.69119	7.49844	10.0767	6.5676	6.94309	10.973	9.20436	9.4055	8.21928	14.3666	0.0226823  	-0.0029565 	0.00961946 	0.000441519	0.339971   	0.142708   	0.147932   	0.238668   	1.9879	
