#----------------------------------------------------------------------------------------------------------------------------------------------------------
# Output file for vampire simulation
#   time       : 2025-05-28 00:11:55     process id : 400783
#   hostname   : thor7.psi.ch
#   path       : /scratch/dossan_f/Na2BaMn(PO4)2/vampire_tripleUC_15mat_J2Ja_small_k0.035_Jnn0.11_Ba
#   version    : 6.0.0
#   githash    : 4c9651daecc86c3e6b6df0c8055fcd9e89fd900c
#----------------------------------------------------------------------------------------------------------------------------------------------------------
1e-11      	8          	0.999983   	-0.00014109	0.000158094	0.888641   	0.999993   	8.5231e-05 	4.06958e-05	0.888602   	0.999982   	7.656e-05  	-0.000123836	0.88859    	0.999989   	3.69459e-05	3.30525e-05	0.888645   	0.999975   	8.01139e-05	-0.000164212	0.888657   	0.999988   	0.000114188	0.000179612	0.888632   	0.999988   	0.000121245	-3.99719e-05	0.888627   	0.999992   	-0.000159556	-0.000122177	0.888581   	0.999981   	5.05824e-05	0.000165494	0.888681   	0.999989   	5.47857e-05	0.000107221	0.888654   	0.999985   	-0.000290161	2.75439e-05	0.888674   	0.999992   	0.000200766	-0.000129584	0.888684   	0.999991   	0.00010018 	-0.000262006	0.888607   	0.999988   	1.49419e-05	0.000127977	0.888621   	0.999977   	-8.37729e-05	0.000114552	0.888592   	20.8493    	0.376454   	0.534439   	20.6615    	21.4412    	0.341909   	0.391217   	21.4339    	22.1843    	0.354359   	0.517038   	21.9692    	21.6102    	0.3725     	0.424563   	21.5346    	21.1793    	0.356072   	0.626165   	20.8273    	21.5187    	0.353212   	0.439165   	21.4187    	21.485     	0.352344   	0.424631   	21.3809    	22.0358    	0.364861   	0.398664   	22.0158    	21.0445    	0.371582   	0.514924   	20.8106    	21.8868    	0.33357    	0.461492   	21.8232    	21.6439    	0.338211   	0.496049   	21.4877    	20.8159    	0.341284   	0.413658   	20.7898    	21.9942    	0.347421   	0.398786   	21.9531    	21.0693    	0.366818   	0.463812   	20.976     	22.0931    	0.337755   	0.542601   	21.7819    	1707.68	1786.28	1876.69	1808.25	1739.12	1800.67	1784.74	1856.65	1721.9	1846.41	1807.56	1698.19	1851.98	1719.11	1860.45	1          	1.7201e-05 	7.87667e-06	0.888625   	322.358    	0.110513   	0.114951   	322.356    	26792.7	
1.5e-11    	7.8        	0.999992   	-3.25086e-06	-0.000159706	0.882942   	0.999993   	-8.35032e-06	8.14016e-05	0.882888   	0.999993   	-1.66914e-05	0.000102984	0.882969   	0.999992   	0.000165672	-1.74976e-05	0.882857   	0.999992   	-0.000148988	-6.77336e-05	0.882928   	0.999993   	-4.50763e-05	3.95184e-05	0.882948   	0.999993   	-0.000319165	9.03122e-06	0.882977   	0.999993   	3.57162e-05	0.000173626	0.882968   	0.999993   	0.000409739	-0.000121783	0.883005   	0.999993   	0.000242616	-0.000144118	0.882975   	0.999993   	-0.000281421	-7.97299e-05	0.88302    	0.999993   	0.000122411	0.000150927	0.883002   	0.999992   	5.52073e-06	-7.4203e-05	0.882979   	0.999993   	-0.000263078	0.000127325	0.882933   	0.999993   	0.000303885	-0.000141736	0.882956   	0.0385686  	0.385793   	0.421942   	0.0385672  	0.0381304  	0.364795   	0.413639   	0.038115   	0.0375239  	0.354635   	0.355491   	0.0375455  	0.0416976  	0.371206   	0.414476   	0.0416389  	0.0365318  	0.368469   	0.417462   	0.0365475  	0.0397705  	0.377036   	0.399836   	0.039744   	0.0359308  	0.387034   	0.391263   	0.0359444  	0.0388883  	0.337819   	0.383586   	0.0388579  	0.0392684  	0.376527   	0.356116   	0.0392521  	0.0353872  	0.379782   	0.335002   	0.0353692  	0.039394   	0.372168   	0.382125   	0.0394028  	0.0364823  	0.383684   	0.399725   	0.036484   	0.0381433  	0.399149   	0.391564   	0.0381665  	0.0367943  	0.35076    	0.401317   	0.0367902  	0.0355257  	0.376642   	0.40057    	0.0354899  	4.8279	4.69588	4.64507	5.17739	4.63172	5.13959	4.59198	4.79147	4.88732	4.34525	4.89342	4.48702	4.65986	4.54863	4.57708	1          	1.3302e-05 	-8.11616e-06	0.88295    	0.0478229  	0.11666    	0.113592   	0.0478241  	1.66829	
2e-11      	7.6        	0.999992   	0.000317294	-2.56041e-05	0.875807   	0.999992   	1.9577e-05 	-2.74339e-05	0.87585    	0.999991   	-0.000290049	3.48682e-05	0.875771   	0.999991   	0.000276968	0.000354217	0.875846   	0.999991   	9.92082e-06	-0.000136175	0.875768   	0.999991   	-0.000324886	-0.000263068	0.875807   	0.999992   	1.83728e-06	0.000142062	0.875824   	0.999991   	6.87865e-05	-0.000518851	0.875784   	0.999992   	-6.45101e-05	0.000354682	0.875822   	0.999991   	-0.000309509	2.98511e-05	0.875751   	0.999992   	-4.41495e-05	9.0714e-05 	0.875803   	0.999992   	0.000283067	-0.000126675	0.875805   	0.999992   	-0.000249553	-5.89179e-05	0.875831   	0.999992   	-6.27063e-05	-0.000316644	0.875801   	0.999992   	0.000327738	0.000348175	0.875756   	0.0402168  	0.415732   	0.432257   	0.0402247  	0.0410438  	0.408551   	0.460139   	0.0410545  	0.0439946  	0.397741   	0.478271   	0.0439794  	0.0419406  	0.4223     	0.475267   	0.0419294  	0.0419418  	0.414885   	0.505728   	0.0419423  	0.042626   	0.427209   	0.469425   	0.0426112  	0.042711   	0.423409   	0.440931   	0.0427129  	0.0436864  	0.412537   	0.463389   	0.0436731  	0.0407311  	0.371194   	0.451675   	0.0407276  	0.0430555  	0.413049   	0.458061   	0.0430625  	0.0439564  	0.395979   	0.406555   	0.0439817  	0.0433067  	0.360559   	0.434786   	0.0433155  	0.0383503  	0.399654   	0.437959   	0.0383965  	0.0420912  	0.40534    	0.45333    	0.0421205  	0.0424909  	0.398116   	0.42087    	0.042493   	4.62211	4.83828	5.08454	4.77889	4.8516	4.91259	4.77315	5.14525	4.9089	4.94904	5.19564	4.92153	4.55979	4.93872	5.04011	1          	-2.65635e-06	-7.89976e-06	0.875794   	0.0553824  	0.117115   	0.120091   	0.0553817  	1.65775	
2.5e-11    	7.4        	0.999991   	0.000294001	4.99596e-05	0.86793    	0.999991   	0.000112206	4.58372e-05	0.867872   	0.999991   	-0.000415292	-4.19409e-05	0.867943   	0.999991   	0.000153408	0.000259194	0.867862   	0.999991   	-0.000122308	-4.10694e-05	0.867846   	0.999991   	1.12129e-05	-0.000117656	0.86791    	0.999991   	0.000231816	0.000364793	0.867849   	0.999991   	-0.000114582	-0.000252225	0.867863   	0.999991   	-0.00017791	-9.3338e-05	0.867932   	0.999991   	-0.000150196	0.000108847	0.867835   	0.999991   	0.000204909	-9.36934e-05	0.867904   	0.999991   	-7.08486e-05	-8.17652e-05	0.867866   	0.999991   	-0.000425066	-9.94408e-05	0.867933   	0.99999    	0.000351709	-4.57497e-05	0.867936   	0.999991   	3.90056e-05	0.000193478	0.867864   	0.0453731  	0.419234   	0.463469   	0.0453317  	0.0459535  	0.400891   	0.475274   	0.0459614  	0.0504784  	0.40757    	0.489288   	0.0504776  	0.0458944  	0.404709   	0.472872   	0.045901   	0.0450138  	0.425096   	0.472359   	0.0450331  	0.04928    	0.44163    	0.481619   	0.0492846  	0.0467224  	0.417994   	0.442563   	0.046718   	0.0478827  	0.43623    	0.442402   	0.0478794  	0.0456864  	0.427758   	0.466511   	0.0456817  	0.0469022  	0.419178   	0.501964   	0.0469309  	0.0467713  	0.44432    	0.491183   	0.0467927  	0.0436907  	0.441697   	0.483118   	0.0436523  	0.0460413  	0.441355   	0.482231   	0.046079   	0.048098   	0.420205   	0.550893   	0.0481229  	0.0489623  	0.450504   	0.467468   	0.0489768  	4.99575	4.94641	5.57462	4.92758	4.92875	5.27367	5.067	5.07604	4.83821	4.98043	5.07314	4.79797	4.97409	5.1026	5.34746	1          	-5.19739e-06	1.03604e-05	0.867882   	0.0621421  	0.115856   	0.126978   	0.062141   	1.63586	
3e-11      	7.2        	0.99999    	-0.000209533	-0.000389913	0.859082   	0.99999    	0.000104608	0.000319476	0.859098   	0.99999    	7.35527e-05	7.67917e-05	0.859119   	0.99999    	-9.84728e-05	8.9433e-05 	0.859217   	0.999989   	0.000392217	1.21184e-05	0.859123   	0.99999    	-0.000191703	-0.000149501	0.85912    	0.99999    	5.85321e-05	0.000148276	0.859109   	0.99999    	0.000155705	-0.000417094	0.859129   	0.99999    	-5.0108e-05	0.000229701	0.859069   	0.99999    	-6.22612e-05	0.000502906	0.859137   	0.99999    	0.000118814	-1.93705e-05	0.859082   	0.99999    	-7.31519e-06	-0.000414657	0.85918    	0.999989   	0.000204674	8.34447e-05	0.859156   	0.99999    	2.23016e-05	-0.000360086	0.85912    	0.99999    	-0.000116125	0.00032793 	0.859107   	0.0552806  	0.472205   	0.522488   	0.0553648  	0.0488656  	0.499446   	0.483862   	0.0489198  	0.0534323  	0.491101   	0.478778   	0.0534204  	0.0491633  	0.441374   	0.583938   	0.0491941  	0.0515032  	0.507831   	0.537017   	0.0515107  	0.0538243  	0.454964   	0.546176   	0.0537684  	0.0542677  	0.431781   	0.537931   	0.054272   	0.0551375  	0.476651   	0.521369   	0.0550993  	0.057657   	0.464847   	0.570678   	0.0576853  	0.0515587  	0.444566   	0.561814   	0.051575   	0.0556076  	0.409129   	0.609261   	0.0556529  	0.0536601  	0.442362   	0.55618    	0.05368    	0.0541537  	0.478107   	0.604656   	0.0541867  	0.0557699  	0.46668    	0.556429   	0.0557331  	0.0592253  	0.423399   	0.571358   	0.0592257  	5.42018	4.90247	5.15876	5.06876	5.11028	5.59418	5.67704	5.58688	5.77227	5.11688	5.57217	5.41646	5.63476	5.61541	6.00717	1          	2.63267e-05	2.63739e-06	0.859114   	0.0740006  	0.113395   	0.124564   	0.073999   	1.63352	
3.5e-11    	7          	0.999989   	-1.7292e-05	0.000319625	0.849465   	0.999989   	-8.45368e-05	-7.74189e-05	0.849424   	0.999989   	0.000139306	-0.000354511	0.849423   	0.999988   	-0.000441867	0.000302894	0.849366   	0.999988   	0.000331118	0.000113735	0.84946    	0.999989   	0.000132872	-0.000363505	0.849498   	0.999989   	0.000221803	7.14109e-05	0.849499   	0.999988   	-0.00022426	-0.00032209	0.849478   	0.999989   	7.27757e-06	5.2287e-05 	0.849407   	0.999988   	0.000318991	7.25258e-05	0.849414   	0.999987   	-0.000154085	9.24836e-05	0.849391   	0.999988   	-0.000173291	-8.61345e-05	0.84946    	0.999988   	-0.000172582	-8.96925e-05	0.849458   	0.999988   	6.76112e-05	-2.93328e-06	0.84946    	0.999989   	0.00021449 	0.000229916	0.84933    	0.0610848  	0.494369   	0.550481   	0.0610263  	0.060109   	0.469029   	0.557163   	0.0600867  	0.0623887  	0.481096   	0.536746   	0.0624091  	0.0587658  	0.491947   	0.643461   	0.0587709  	0.0627433  	0.503551   	0.63309    	0.0627386  	0.0600926  	0.512479   	0.580028   	0.0601091  	0.0626638  	0.516781   	0.556123   	0.0626147  	0.0538518  	0.478849   	0.633548   	0.0538554  	0.0586551  	0.524342   	0.529683   	0.0586834  	0.0604608  	0.586156   	0.541193   	0.0603683  	0.0607685  	0.59853    	0.648475   	0.0608034  	0.064155   	0.580168   	0.613479   	0.0640743  	0.0633368  	0.531071   	0.626322   	0.0633769  	0.0586053  	0.553138   	0.580983   	0.0586022  	0.0617086  	0.513459   	0.571355   	0.0616797  	5.97017	5.89383	5.96301	5.57333	6.16486	6.04572	5.87754	4.90302	5.7884	5.78283	5.9478	6.17747	6.10479	5.67016	5.87875	1          	1.10413e-05	-2.76438e-06	0.849426   	0.0738823  	0.122214   	0.130365   	0.0738802  	1.48411	
4e-11      	6.8        	0.999986   	-0.000105588	0.000515986	0.838674   	0.999987   	4.16379e-05	-0.000753075	0.838711   	0.999988   	-6.98266e-07	0.000280639	0.838779   	0.999986   	-0.000115499	-0.000166742	0.838699   	0.999987   	0.000234945	-0.000157992	0.83871    	0.999987   	-9.48322e-05	0.000244691	0.838692   	0.999987   	-0.000170593	9.56068e-06	0.83877    	0.999987   	4.26672e-05	0.000103025	0.838736   	0.999987   	0.000105612	5.17072e-05	0.838714   	0.999987   	-9.16763e-05	-0.000249044	0.838692   	0.999986   	0.000225611	-0.00014533	0.838677   	0.999988   	-0.000253241	0.00032456 	0.838724   	0.999987   	5.59438e-06	0.000422272	0.838662   	0.999988   	-3.13678e-06	-3.59307e-05	0.838755   	0.999987   	-9.58251e-06	-0.000466082	0.838718   	0.0689815  	0.604125   	0.729695   	0.068907   	0.0708207  	0.53873    	0.657063   	0.0708793  	0.0701682  	0.465542   	0.679179   	0.0700865  	0.0703178  	0.573626   	0.710471   	0.07025    	0.065261   	0.551092   	0.686797   	0.0653334  	0.0731156  	0.560147   	0.667377   	0.0731134  	0.0689913  	0.61254    	0.660864   	0.0689924  	0.066604   	0.541864   	0.657537   	0.0665556  	0.0728237  	0.536282   	0.668094   	0.0727893  	0.071488   	0.567132   	0.634702   	0.0714071  	0.0690991  	0.564787   	0.72919    	0.0691506  	0.0732782  	0.518907   	0.603781   	0.0732444  	0.0704137  	0.569314   	0.667693   	0.0704321  	0.0710964  	0.614169   	0.550347   	0.0710104  	0.0653256  	0.53544    	0.652747   	0.0652897  	5.87716	6.1607	6.25198	6.42699	5.83226	6.56588	6.19855	5.80192	6.32257	6.10877	6.22594	6.40209	6.12202	6.14376	5.98364	1          	-1.25594e-05	-1.54176e-06	0.838703   	0.101708   	0.121      	0.121427   	0.10171    	1.6927	
4.5e-11    	6.6        	0.999985   	-0.000388593	-0.000485972	0.826846   	0.999984   	0.000277862	0.000571856	0.826833   	0.999986   	0.000221061	-9.85321e-05	0.82696    	0.999987   	0.000176122	0.00015319 	0.826822   	0.999986   	0.000100257	-4.00269e-05	0.826915   	0.999986   	-0.000259512	-0.000179223	0.826873   	0.999986   	0.000561816	-3.2636e-05	0.826895   	0.999986   	-0.000406769	-0.000453948	0.826839   	0.999985   	-0.000159059	0.000418784	0.82696    	0.999984   	0.000194195	-0.000641739	0.826939   	0.999986   	-0.000286597	0.000382081	0.826951   	0.999986   	6.36493e-05	6.91036e-05	0.826828   	0.999985   	-5.78973e-05	-0.000413538	0.826882   	0.999985   	-0.000567388	0.000231833	0.826814   	0.999985   	0.000654559	0.000226403	0.826887   	0.0829001  	0.604158   	0.755013   	0.082941   	0.0836292  	0.682688   	0.751794   	0.0835981  	0.0774877  	0.593292   	0.706083   	0.077517   	0.0772616  	0.625133   	0.600626   	0.0772409  	0.079764   	0.598971   	0.721258   	0.0797616  	0.0892664  	0.58757    	0.704119   	0.0892131  	0.0827045  	0.682369   	0.614765   	0.082731   	0.0817167  	0.587624   	0.703314   	0.0817475  	0.0781166  	0.684475   	0.663796   	0.0780746  	0.0809654  	0.719237   	0.70022    	0.0810164  	0.0850838  	0.612689   	0.684012   	0.0850761  	0.0784197  	0.60006    	0.688373   	0.078476   	0.07916    	0.571501   	0.777161   	0.0791839  	0.0797396  	0.604586   	0.759395   	0.0797539  	0.0762868  	0.605583   	0.733132   	0.0763246  	6.56129	6.67816	6.6534	6.64212	7.0515	7.39577	6.7999	6.89271	6.55901	6.64334	6.72041	6.41405	6.42112	6.46673	6.22438	1          	8.23607e-06	-1.95122e-05	0.826871   	0.100964   	0.125171   	0.133515   	0.100965   	1.48057	
5e-11      	6.4        	0.999984   	8.72702e-06	0.000112556	0.813869   	0.999984   	-3.07128e-06	-5.12989e-05	0.813789   	0.999984   	1.10448e-05	-0.000105117	0.813819   	0.999983   	5.52886e-05	-0.000111143	0.813828   	0.999982   	4.21502e-06	0.000363627	0.813795   	0.999983   	-0.000157327	-0.000352267	0.813885   	0.999983   	-0.000127381	0.000206955	0.813823   	0.999982   	-0.000303999	-0.000165395	0.813799   	0.999983   	0.00031493 	-0.000214484	0.813876   	0.999983   	5.02215e-05	0.00058559 	0.813817   	0.999983   	0.000165692	0.000168279	0.81388    	0.999982   	-0.000154831	-0.000775166	0.813792   	0.999983   	0.000359821	8.47692e-05	0.813828   	0.999983   	-0.000244318	-0.000328873	0.813895   	0.999984   	-0.000140649	0.000281952	0.813792   	0.0940845  	0.624263   	0.806291   	0.0940536  	0.0930477  	0.653831   	0.80418    	0.0930563  	0.0922804  	0.675653   	0.731393   	0.0922461  	0.0899776  	0.747793   	0.806978   	0.0899314  	0.0858493  	0.678267   	0.946682   	0.0857652  	0.0918749  	0.70854    	0.826869   	0.0918674  	0.089282   	0.707535   	0.77199    	0.0892579  	0.0969296  	0.754992   	0.810303   	0.0969732  	0.084119   	0.644063   	0.86641    	0.084146   	0.0912663  	0.696978   	0.772014   	0.0912282  	0.0872746  	0.744112   	0.733111   	0.0873149  	0.0963787  	0.67783    	0.914934   	0.0961947  	0.0974417  	0.710317   	0.834764   	0.097376   	0.0965464  	0.734897   	0.762406   	0.0965662  	0.0872147  	0.691195   	0.769504   	0.0872601  	7.05321	6.99959	7.23024	6.70042	6.67794	6.91535	6.78192	7.24599	6.49969	6.91837	6.72081	7.33587	7.63779	7.3758	6.85831	1          	-1.07999e-05	-1.99898e-05	0.813819   	0.113309   	0.128277   	0.132021   	0.11331    	1.43979	
5.5e-11    	6.2        	0.99998    	-8.73716e-05	-0.000387432	0.799596   	0.999979   	0.000110557	0.000724937	0.799435   	0.999979   	-2.52004e-05	-0.00029479	0.799498   	0.99998    	8.31826e-05	-0.000319466	0.799539   	0.999979   	-0.000316398	9.18389e-05	0.799423   	0.99998    	0.000309201	0.000180854	0.799456   	0.999979   	-0.000146345	-0.000133941	0.799547   	0.999982   	-5.33594e-05	9.991e-07  	0.79953    	0.999981   	0.000177797	0.000221266	0.79943    	0.99998    	-0.000532933	-0.000115055	0.799532   	0.99998    	0.000460038	0.000240336	0.799631   	0.999981   	-2.23172e-05	-0.000114936	0.799474   	0.99998    	0.000343736	-0.000194216	0.799705   	0.999981   	-0.000238682	0.00012222 	0.799429   	0.999981   	-8.54159e-05	8.0493e-05 	0.799451   	0.107322   	0.763182   	0.964397   	0.107283   	0.109648   	0.782635   	0.967717   	0.109609   	0.105279   	0.703301   	1.06241    	0.105326   	0.1067     	0.778872   	0.941505   	0.106736   	0.0973826  	0.782824   	0.982349   	0.0974536  	0.100661   	0.843093   	0.852384   	0.100634   	0.106253   	0.79316    	0.989069   	0.106191   	0.103571   	0.805473   	0.725984   	0.103578   	0.108542   	0.71282    	0.918716   	0.108623   	0.106795   	0.786357   	0.911915   	0.106794   	0.111174   	0.784351   	0.9475     	0.111239   	0.108755   	0.75785    	0.862033   	0.108725   	0.0988554  	0.780091   	0.94649    	0.0987424  	0.103992   	0.696754   	0.929453   	0.104045   	0.105703   	0.733903   	0.916156   	0.105683   	7.90029	8.18114	7.71247	7.41537	6.97431	7.327	7.76363	7.61094	8.15268	7.67467	8.21022	7.40697	7.11226	7.51074	7.65296	1          	-1.53149e-06	6.88867e-06	0.799496   	0.126595   	0.131928   	0.12807    	0.126593   	1.38006	
6e-11      	6          	0.999978   	-0.000484606	-0.000843632	0.783759   	0.999978   	4.5265e-05 	3.5333e-05 	0.783849   	0.999977   	0.000509997	0.000745867	0.783731   	0.999977   	0.000363096	-0.000309847	0.783869   	0.999977   	-0.000377701	0.000752577	0.783699   	0.999976   	2.71539e-05	-0.000498059	0.783881   	0.999978   	0.000303769	-0.000840777	0.783942   	0.999978   	-0.000309757	0.000306554	0.783796   	0.999976   	-8.74981e-05	0.000440966	0.783872   	0.999976   	-0.000634791	-0.000584205	0.783873   	0.999978   	0.000322304	0.000485   	0.783737   	0.999977   	0.000202059	-2.15524e-05	0.783844   	0.999977   	4.17223e-06	0.000230501	0.783685   	0.999976   	-0.000236365	0.000150341	0.784019   	0.999978   	0.000224544	-0.000330725	0.783854   	0.116411   	0.814036   	0.966365   	0.116365   	0.11843    	0.851086   	0.986743   	0.118417   	0.120827   	0.901154   	0.944481   	0.120894   	0.118128   	0.960984   	0.907286   	0.117995   	0.126224   	1.01569    	0.867723   	0.126378   	0.122107   	0.984288   	0.99346    	0.122165   	0.118362   	0.728739   	1.05353    	0.118367   	0.121858   	0.714355   	1.07752    	0.12178    	0.118042   	0.824247   	1.12208    	0.11816    	0.12087    	0.842346   	1.14372    	0.121035   	0.123994   	0.820811   	0.988528   	0.12407    	0.118008   	0.848873   	1.02346    	0.118141   	0.116674   	0.830541   	1.05421    	0.116536   	0.125149   	0.900043   	1.11603    	0.12512    	0.128735   	0.880006   	0.941675   	0.128597   	7.837	7.90876	8.3754	7.67868	8.44424	8.0616	7.90781	8.21664	7.66801	7.94318	8.33134	7.94982	7.72165	8.31295	8.37472	1          	-8.55091e-06	-1.87824e-05	0.78381    	0.148191   	0.131106   	0.134716   	0.14819    	1.38183	
6.5e-11    	5.8        	0.999974   	0.000168148	-0.000461933	0.766604   	0.999974   	-0.000332669	0.000680565	0.766655   	0.999973   	0.000324958	-0.000145457	0.76686    	0.999974   	0.000526167	-3.24013e-05	0.766604   	0.999977   	-0.000278325	-0.000253347	0.766894   	0.999976   	-0.000131815	0.000234902	0.766873   	0.999976   	-7.22608e-05	0.00094022 	0.766746   	0.999972   	0.000414832	-0.000334821	0.766938   	0.999971   	-0.000338138	-0.000655695	0.76662    	0.999971   	0.000910329	8.31017e-05	0.766801   	0.999973   	-0.00049251	0.000216792	0.76672    	0.999973   	-0.000395707	-0.000294785	0.766674   	0.999973   	-0.00032079	-0.000483546	0.766631   	0.999974   	0.000150846	0.00028169 	0.766884   	0.999973   	7.66061e-05	0.000114345	0.766675   	0.144181   	0.83657    	1.23435    	0.14434    	0.140445   	0.825005   	1.23856    	0.140169   	0.14035    	0.952078   	1.14214    	0.140355   	0.151746   	0.848277   	1.17934    	0.15185    	0.146961   	0.687153   	1.1555     	0.14688    	0.144276   	0.844583   	1.05366    	0.144729   	0.149667   	0.835854   	1.02619    	0.149583   	0.132548   	1.04646    	1.14078    	0.132599   	0.137427   	1.08802    	1.15796    	0.137379   	0.135529   	0.924885   	1.29822    	0.135832   	0.134385   	0.884742   	1.25138    	0.134434   	0.146485   	0.904625   	1.2253     	0.146601   	0.142947   	0.864509   	1.27027    	0.142955   	0.151505   	0.836183   	1.18984    	0.151429   	0.139406   	0.894788   	1.26354    	0.139548   	9.29411	8.62683	8.8023	9.21311	9.13233	8.99551	9.38369	8.46183	8.70852	8.63093	8.35822	8.97585	8.8632	9.18567	8.77164	1          	1.40826e-05	-7.309e-06 	0.766725   	0.156316   	0.134425   	0.13746    	0.156314   	1.28017	
7e-11      	5.6        	0.999969   	0.000535117	9.06427e-05	0.748332   	0.999969   	-0.000234906	-0.000164671	0.748332   	0.999972   	-0.000200707	0.000129493	0.748122   	0.999969   	0.000444505	3.01934e-05	0.748208   	0.99997    	-9.94692e-05	-0.000476658	0.748303   	0.999967   	-0.000269841	0.000434096	0.748217   	0.999966   	-0.000325457	-0.00102963	0.748289   	0.999969   	0.000947356	5.23777e-05	0.748174   	0.999969   	-0.000728642	0.000885503	0.748387   	0.999968   	0.000146106	5.4712e-05 	0.748295   	0.999966   	0.000598275	0.000661248	0.748261   	0.999968   	-0.00072522	-0.000652712	0.748191   	0.999963   	-0.000580773	0.00123003 	0.748263   	0.999965   	-0.000266327	-0.000619461	0.74837    	0.999964   	0.000792477	-0.00084487	0.748346   	0.156316   	1.0001     	1.34305    	0.15598    	0.157979   	1.06287    	1.29473    	0.15795    	0.153158   	0.947639   	1.13321    	0.153119   	0.163662   	1.03836    	1.25783    	0.164061   	0.157415   	0.917611   	1.35886    	0.15747    	0.157243   	1.08339    	1.40581    	0.157228   	0.173143   	1.15355    	1.36152    	0.173236   	0.153555   	1.05846    	1.24634    	0.153658   	0.165779   	0.990823   	1.32148    	0.166017   	0.164859   	1.03182    	1.35527    	0.164971   	0.167386   	1.10309    	1.45167    	0.166737   	0.17139    	1.06938    	1.30421    	0.17122    	0.161816   	1.19861    	1.47938    	0.16178    	0.162199   	1.25898    	1.33364    	0.162294   	0.168272   	1.14127    	1.54328    	0.168115   	8.78	8.84002	8.83642	8.85749	9.43579	9.0694	9.75068	8.94021	9.70311	9.50848	9.67227	10.0643	9.20348	9.19283	9.30122	1          	2.12463e-06	-1.47634e-05	0.748249   	0.169244   	0.129086   	0.139823   	0.169245   	1.27924	
7.5e-11    	5.4        	0.999959   	0.000113122	-0.00087142	0.728284   	0.999957   	-0.000538784	-0.000155712	0.728446   	0.999957   	0.000472283	0.000980002	0.728362   	0.999961   	-0.000681759	0.000557437	0.72828    	0.999969   	-0.000202065	-0.000109574	0.728498   	0.999958   	0.0008942  	-0.000367133	0.72844    	0.999957   	0.000902676	-0.00110479	0.728302   	0.99996    	-1.16557e-05	0.000519956	0.728561   	0.999959   	-0.000919759	0.000522742	0.728487   	0.999961   	0.000236477	-0.000404435	0.728452   	0.999963   	-0.000136243	-3.70952e-05	0.728288   	0.999963   	-4.69879e-05	0.000342539	0.728451   	0.99996    	0.000782982	-0.000394527	0.728529   	0.999962   	-0.00132489	-0.000184762	0.728357   	0.999961   	0.000589733	0.000598596	0.7284     	0.185479   	1.30847    	1.57416    	0.185351   	0.191166   	1.17839    	1.8686     	0.190466   	0.174391   	1.40611    	1.58456    	0.174208   	0.180769   	1.09271    	1.66185    	0.180271   	0.183771   	0.993842   	1.24695    	0.183885   	0.196372   	1.148      	1.84712    	0.196362   	0.18576    	1.40312    	1.56832    	0.185664   	0.198708   	1.38968    	1.44609    	0.198803   	0.184294   	1.24474    	1.61394    	0.184427   	0.181862   	1.10909    	1.64348    	0.181868   	0.1986     	1.04951    	1.59042    	0.198494   	0.190034   	1.21728    	1.40412    	0.189318   	0.195448   	1.17383    	1.68163    	0.195827   	0.185087   	1.18532    	1.49019    	0.184601   	0.19324    	1.16086    	1.56352    	0.193256   	9.87038	10.6842	9.73386	10.0313	9.82182	10.2482	9.80643	10.4613	10.1751	9.65491	10.3286	10.3916	10.9369	9.89973	10.6813	1          	8.88217e-06	-7.11885e-06	0.728381   	0.189212   	0.136737   	0.136681   	0.189211   	1.16937	
8e-11      	5.2        	0.999953   	-0.000848915	0.0001228  	0.707149   	0.999951   	-0.000580819	-0.000718479	0.707293   	0.999951   	0.00142202 	0.000477022	0.707033   	0.999959   	0.000214152	-0.000465319	0.707263   	0.999952   	-0.000358746	0.000445614	0.707141   	0.999953   	0.000119653	0.000189013	0.707207   	0.999953   	-0.000302807	0.0014382  	0.707189   	0.999955   	2.10285e-05	8.67861e-05	0.707247   	0.999955   	0.000323122	-0.00160473	0.707158   	0.999941   	0.000184062	-4.35075e-05	0.70723    	0.99995    	0.000386407	-0.00094707	0.707443   	0.999949   	-0.000553391	0.00092244 	0.707038   	0.99995    	0.000412667	0.000244881	0.707272   	0.999947   	0.000705926	-5.47773e-05	0.70716    	0.999947   	-0.000966394	-0.000306292	0.707232   	0.222212   	1.15109    	1.95187    	0.222104   	0.24432    	1.35008    	1.9283     	0.244304   	0.245144   	1.26229    	1.93712    	0.245156   	0.196724   	1.13648    	1.64056    	0.197315   	0.20183    	1.22718    	2.005      	0.201731   	0.223443   	1.35371    	1.81799    	0.223301   	0.223345   	1.28778    	1.82597    	0.223428   	0.226735   	1.25947    	1.76188    	0.225919   	0.215238   	1.25148    	1.70254    	0.215445   	0.219757   	1.38189    	2.54771    	0.219695   	0.22959    	1.3199     	1.99399    	0.229253   	0.239892   	1.27084    	2.081      	0.239471   	0.246559   	1.27063    	2.08853    	0.246533   	0.215885   	1.49043    	2.08399    	0.215525   	0.218781   	1.37969    	2.17653    	0.218776   	11.4837	12.1442	11.3993	9.56482	10.1626	10.7666	10.7656	11.3144	10.5911	10.9681	11.7142	11.8584	11.8199	11.0854	10.1548	1          	1.13764e-05	-1.44328e-05	0.707169   	0.19792    	0.143617   	0.141896   	0.197922   	1.14603	
8.5e-11    	5          	0.999937   	-0.000508265	-0.000724153	0.684581   	0.999944   	0.000345743	0.000690765	0.684952   	0.999945   	0.000145124	-7.66435e-05	0.684566   	0.999937   	0.000137221	-8.4762e-05	0.684891   	0.999936   	0.000464477	-0.00057917	0.684831   	0.999939   	-0.000402459	0.000849904	0.684534   	0.999942   	-0.000448742	0.00110923 	0.684643   	0.999941   	-0.000715826	0.00150666 	0.684816   	0.99994    	0.00121366 	-0.00255045	0.684656   	0.999945   	0.000268764	-0.000595664	0.684792   	0.999944   	0.000943035	0.000404611	0.684727   	0.999945   	-0.00121969	0.000281767	0.684785   	0.999946   	-0.000990256	-0.000261685	0.684647   	0.999949   	0.000970927	0.000310994	0.684692   	0.999947   	5.94002e-05	-0.000139604	0.684776   	0.275102   	1.50328    	2.41744    	0.274937   	0.262023   	1.49949    	1.99796    	0.262109   	0.260771   	1.18643    	2.29914    	0.260664   	0.271936   	1.60806    	2.33014    	0.271807   	0.259886   	1.37996    	2.64749    	0.259956   	0.270004   	1.50083    	2.33819    	0.270191   	0.261916   	1.50562    	2.11878    	0.261783   	0.250567   	1.67148    	1.95232    	0.251082   	0.257992   	1.40327    	2.10262    	0.257908   	0.26883    	1.43557    	2.01952    	0.268963   	0.250661   	1.45686    	2.02251    	0.249573   	0.275503   	1.3012     	2.09459    	0.275711   	0.257863   	1.38552    	1.96528    	0.258188   	0.2728     	1.37992    	1.82112    	0.272737   	0.267237   	1.51838    	1.8102     	0.267422   	12.2516	12.1186	12.4533	12.51	11.4512	12.4253	12.0316	11.4516	11.5011	12.1086	11.5252	12.715	11.72	12.0928	12.293	1          	1.72564e-05	9.43551e-06	0.684687   	0.218513   	0.130894   	0.142148   	0.218515   	1.12115	
9e-11      	4.8        	0.999926   	-0.000699651	-0.000694826	0.661205   	0.999932   	-0.00064437	0.00119508 	0.661121   	0.99993    	0.00155689 	-0.000456497	0.661104   	0.999929   	-0.000752584	0.00201026 	0.661345   	0.999934   	0.00110884 	-0.0017024 	0.660938   	0.999934   	-0.000269622	-0.000288789	0.661075   	0.999923   	4.65166e-05	-0.000132409	0.660959   	0.999927   	0.000652013	0.00078633 	0.66117    	0.999934   	-0.000765039	-0.000609553	0.661211   	0.999933   	-0.000540849	-0.00181538	0.661095   	0.99993    	-0.000763509	0.00214432 	0.661245   	0.999932   	0.00133147 	-0.000275281	0.660939   	0.999931   	-0.000121292	2.30319e-05	0.661079   	0.999936   	0.000289353	-0.000861994	0.661092   	0.999929   	-0.000194875	0.000830055	0.661243   	0.304831   	1.49467    	2.83052    	0.303918   	0.290717   	1.60037    	2.32682    	0.290027   	0.273312   	1.44754    	2.57661    	0.273812   	0.307656   	1.62807    	2.41081    	0.307316   	0.310183   	1.56455    	2.19131    	0.31014    	0.278104   	1.42682    	2.43931    	0.27745    	0.321973   	1.66741    	2.86725    	0.321667   	0.295929   	1.9258     	2.30513    	0.295714   	0.313529   	1.64156    	2.22633    	0.312879   	0.337295   	1.705      	2.10161    	0.337696   	0.332579   	1.61951    	2.32737    	0.332447   	0.329563   	1.45956    	2.46601    	0.329712   	0.350524   	1.56051    	2.51843    	0.350705   	0.334847   	1.42418    	2.3014     	0.334448   	0.319766   	1.49632    	2.66206    	0.320951   	13.0759	12.2072	11.9867	12.7313	13.4389	11.8506	13.3587	12.5751	13.2309	14.2844	13.9116	14.0352	14.5464	14.0462	13.738	1          	1.52811e-05	9.48498e-06	0.661076   	0.220724   	0.134656   	0.138275   	0.220727   	1.14927	
9.5e-11    	4.6        	0.999894   	-0.00042389	-0.00256926	0.6365     	0.999914   	-0.000517209	0.00235385 	0.636335   	0.999915   	0.000959434	0.000210364	0.636686   	0.999917   	0.00166738 	-0.00199779	0.63647    	0.999903   	-0.000761896	0.00258673 	0.636508   	0.999915   	-0.00095182	-0.000454504	0.636622   	0.999912   	0.000388443	0.00117641 	0.636229   	0.999907   	-0.00107422	-0.00349919	0.63652    	0.999907   	0.000821201	0.00228289 	0.636818   	0.999905   	-0.000255261	-0.00294549	0.636667   	0.999916   	0.000444907	0.000638554	0.636095   	0.999891   	-0.000275604	0.00237127 	0.636773   	0.999903   	0.000282278	-0.00174081	0.636434   	0.999916   	0.000349569	0.00137202 	0.636339   	0.999916   	-0.000656124	0.000348577	0.636667   	0.375227   	2.12245    	3.44554    	0.373435   	0.40393    	1.76119    	2.7715     	0.403199   	0.342323   	1.86589    	2.73915    	0.340703   	0.340534   	1.71655    	2.61213    	0.341167   	0.361515   	2.18882    	2.86782    	0.362126   	0.353652   	2.10836    	2.46661    	0.353561   	0.39437    	1.85075    	2.9194     	0.395526   	0.366925   	1.72347    	2.98544    	0.367827   	0.361012   	1.84416    	3.04613    	0.360295   	0.375306   	1.47247    	3.45885    	0.374806   	0.324455   	1.88507    	2.65723    	0.325142   	0.333774   	1.74982    	4.0054     	0.333552   	0.347661   	1.85273    	3.31309    	0.346124   	0.371916   	1.7642     	2.77177    	0.371709   	0.356558   	1.85476    	2.71612    	0.358588   	14.3805	15.6349	13.7777	13.117	13.6659	13.4391	15.0831	14.3418	14.4679	13.9028	12.6459	13.6191	14.0215	14.5322	13.1654	1          	2.07828e-07	8.63243e-06	0.636453   	0.218301   	0.13204    	0.139229   	0.218299   	1.09544	
1e-10      	4.4        	0.999876   	0.00109211 	-0.000151537	0.611094   	0.999896   	-0.00219561	0.000654002	0.61116    	0.999888   	0.00128453 	-0.00056716	0.610643   	0.999883   	0.00076566 	8.74919e-05	0.611004   	0.99991    	-0.00190381	0.00133443 	0.611474   	0.999901   	0.00111699 	-0.00172264	0.610508   	0.999908   	-0.000815679	-2.82746e-05	0.610924   	0.999909   	0.000638696	0.000434975	0.610974   	0.999868   	0.000235904	-0.000497676	0.610994   	0.999897   	-0.00209803	-0.000699779	0.611115   	0.999889   	0.00101262 	8.89035e-05	0.610959   	0.999907   	0.00115986 	0.000761322	0.610885   	0.999866   	0.00152754 	-0.000306768	0.611126   	0.9999     	0.000281869	-0.000153512	0.610856   	0.999877   	-0.00173707	0.00049211 	0.61098    	0.446526   	2.38769    	3.79718    	0.447146   	0.461452   	2.03797    	3.06677    	0.459634   	0.419804   	2.49023    	3.09104    	0.421988   	0.402791   	1.89146    	3.94825    	0.402625   	0.40029    	1.79755    	2.58428    	0.401036   	0.440118   	1.84182    	3.0002     	0.440172   	0.473237   	2.19658    	2.39903    	0.473048   	0.414515   	1.71549    	2.85476    	0.414552   	0.449266   	2.03758    	4.56309    	0.447416   	0.399264   	1.994      	3.03538    	0.402968   	0.370938   	2.28124    	3.24434    	0.370594   	0.394111   	1.80107    	2.78622    	0.392998   	0.417414   	2.18891    	4.4921     	0.414592   	0.463423   	1.86665    	3.14447    	0.462232   	0.435149   	2.15838    	3.90522    	0.435581   	15.5957	16.1192	14.3484	14.0454	14.0327	15.1045	17.0086	15.0749	15.4047	14.6552	13.575	14.014	14.3842	16.6211	15.8175	1          	2.33494e-05	-1.82986e-05	0.610914   	0.230139   	0.13817    	0.138384   	0.230139   	1.1239	
1.05e-10   	4.2        	0.999883   	-0.00142476	0.00158422 	0.584347   	0.999854   	0.000934806	-0.00213361	0.58465    	0.999831   	0.000367697	0.000779785	0.585099   	0.999872   	0.000351697	-0.00223278	0.584857   	0.999876   	-0.00096235	-0.000409124	0.584643   	0.999878   	0.000501597	0.00254064 	0.584759   	0.999866   	-0.000678249	-0.00309432	0.584806   	0.999857   	0.00285031 	0.0010987  	0.584754   	0.999865   	-0.00210807	0.00205166 	0.584663   	0.999847   	-0.000942549	-0.0042765 	0.5846     	0.999843   	0.00134755 	0.00359437 	0.58465    	0.999851   	-0.000271295	0.000843924	0.584987   	0.999874   	0.000878351	-0.00350406	0.584892   	0.999863   	-0.000342854	0.00480331 	0.584393   	0.999869   	-0.000539567	-0.00114295	0.584916   	0.503004   	2.14404    	3.12953    	0.503646   	0.516213   	2.40752    	4.17102    	0.518601   	0.49345    	2.99299    	4.7815     	0.496774   	0.450414   	2.30805    	3.46289    	0.450363   	0.525407   	2.36502    	3.28673    	0.526957   	0.500698   	2.12938    	3.32031    	0.499042   	0.528565   	2.41107    	3.52662    	0.528813   	0.542678   	2.88385    	3.48191    	0.541101   	0.51784    	2.33786    	3.65094    	0.517435   	0.56329    	2.43619    	4.12725    	0.561258   	0.532175   	2.22054    	4.6443     	0.527363   	0.488613   	2.36585    	4.45033    	0.489614   	0.550703   	2.36513    	3.11806    	0.547563   	0.490927   	2.40239    	3.33855    	0.489492   	0.483778   	1.96155    	4.03621    	0.482946   	16.7965	15.8166	15.9823	14.1916	17.0389	15.3161	16.5949	17.5455	16.5435	17.5517	17.1279	15.3222	16.1988	15.5916	16.8144	1          	-2.49035e-06	3.3428e-05 	0.584654   	0.217502   	0.14131    	0.136915   	0.217504   	1.16201	
1.1e-10    	4          	0.99982    	0.000576331	-0.00371186	0.557741   	0.999771   	-0.000976342	0.00186977 	0.558279   	0.999814   	0.000343387	0.00163838 	0.55773    	0.999826   	-0.000555168	-0.00409254	0.558187   	0.999847   	0.00183274 	0.00190888 	0.557585   	0.999849   	-0.00121461	0.00191199 	0.557858   	0.999802   	0.00069233 	-0.000316668	0.558152   	0.999793   	0.000306295	0.00370526 	0.557915   	0.999801   	-0.00091618	-0.00336785	0.557812   	0.999767   	-0.000516771	0.00354803 	0.558269   	0.999805   	-0.000169995	0.00255761 	0.557831   	0.999795   	0.000873813	-0.00610358	0.557585   	0.999852   	-0.000542102	0.000841029	0.557881   	0.999849   	-0.000581058	-0.000650685	0.557658   	0.999848   	0.00116667 	-0.000273609	0.558147   	0.689571   	2.22264    	4.99221    	0.69176    	0.675716   	2.23745    	7.2551     	0.673571   	0.677947   	2.61575    	5.07503    	0.676293   	0.545193   	2.28835    	4.62575    	0.545922   	0.562479   	2.23795    	3.99221    	0.564288   	0.590155   	2.16023    	4.03492    	0.588015   	0.595494   	2.7751     	5.50087    	0.593847   	0.610916   	3.25043    	5.12675    	0.608828   	0.58496    	2.96699    	5.11556    	0.586691   	0.607178   	2.65421    	6.83782    	0.603417   	0.61378    	1.88516    	6.12739    	0.611149   	0.668685   	2.82565    	4.94849    	0.665847   	0.622233   	2.37866    	3.77844    	0.620452   	0.550705   	2.16256    	4.12705    	0.551066   	0.608674   	2.04656    	4.27426    	0.604688   	19.0937	18.5121	20.2242	15.7436	16.6945	16.498	16.8318	18.0949	17.1949	17.6131	17.6557	19.4693	18.0985	16.699	17.2182	1          	2.0271e-05 	-3.75168e-05	0.557806   	0.210717   	0.137145   	0.138677   	0.210712   	1.26943	
1.15e-10   	3.8        	0.999772   	0.00130144 	0.00247164 	0.530654   	0.99966    	-0.00271684	0.0106587  	0.530776   	0.999687   	0.00142173 	-0.013234  	0.530646   	0.999735   	0.000381273	0.00677779 	0.530345   	0.999798   	-9.82705e-05	-0.000241097	0.530619   	0.999744   	-0.000157585	-0.0063921 	0.530946   	0.999713   	-0.0016232 	-0.00506492	0.531431   	0.999718   	0.000242425	-0.00244334	0.530406   	0.999649   	0.00115487 	0.00731721 	0.530106   	0.999727   	-0.00164995	-0.00551218	0.530147   	0.999644   	0.00223705 	-0.0036297 	0.530986   	0.999673   	-0.000839961	0.00895125 	0.53096    	0.999682   	0.000530267	-0.00996429	0.53053    	0.999735   	-0.00171756	0.00493216 	0.530675   	0.999728   	0.00121857 	0.00489369 	0.530868   	0.608617   	2.62545    	5.84355    	0.60985    	0.652627   	2.30063    	8.27232    	0.654094   	0.769834   	2.22601    	6.25457    	0.765106   	0.727974   	2.75601    	6.38292    	0.726064   	0.676448   	2.97404    	4.66097    	0.677098   	0.67351    	2.87888    	6.03745    	0.676401   	0.771524   	2.88652    	7.45298    	0.772667   	0.740166   	3.30138    	7.2579     	0.73894    	0.710891   	2.74953    	9.46902    	0.719737   	0.737387   	2.7373     	6.92878    	0.736157   	0.784919   	3.27209    	9.86603    	0.788675   	0.768511   	2.70824    	8.1596     	0.767432   	0.763258   	2.47655    	7.64597    	0.755922   	0.859285   	3.11626    	6.40078    	0.855058   	0.747989   	2.92778    	6.89719    	0.748693   	15.9775	17.1804	20.4638	18.3548	17.2818	17.4883	19.2987	19.2021	19.2771	18.989	20.1113	19.7703	19.7272	20.2915	19.9658	0.999999   	-2.06604e-05	-3.05662e-05	0.53052    	0.230902   	0.137335   	0.149377   	0.230906   	1.32367	
1.2e-10    	3.6        	0.99976    	0.000797935	-0.00674055	0.503182   	0.999676   	-0.00204441	0.00417777 	0.503663   	0.999727   	0.00131826 	0.00303158 	0.502395   	0.999615   	3.64376e-05	-0.000434746	0.503451   	0.999726   	0.00139347 	-0.00411859	0.502584   	0.999676   	-0.00142932	0.00470134 	0.503162   	0.999698   	0.00170449 	-0.00568934	0.503175   	0.999618   	-0.00491219	0.00104172 	0.502973   	0.99955    	0.00324831 	0.00461127 	0.503293   	0.999687   	-0.00039767	0.00218405 	0.503338   	0.999756   	0.000498717	0.00238477 	0.502745   	0.999756   	-0.000207819	-0.00459433	0.503007   	0.999648   	0.000420523	0.00251081 	0.501969   	0.999689   	-0.00175903	-0.0092596 	0.503886   	0.999734   	0.00143152 	0.00666499 	0.503284   	0.972127   	3.37265    	4.00065    	0.971314   	0.995709   	3.91617    	6.73714    	0.992404   	0.838528   	2.99354    	6.07352    	0.829602   	0.809825   	2.3848     	10.7128    	0.812292   	0.997426   	3.19742    	5.7846     	0.997286   	0.96472    	3.06601    	7.52625    	0.961103   	1.01768    	2.97488    	6.70713    	1.0273     	0.887346   	3.4927     	9.06215    	0.883598   	0.997372   	3.39585    	11.3713    	0.988273   	0.875182   	2.99752    	7.55895    	0.872854   	0.965876   	2.73883    	5.4385     	0.964472   	0.875184   	2.44844    	5.47       	0.87259    	0.701226   	3.54252    	8.25158    	0.704225   	0.912401   	3.48215    	5.60595    	0.904067   	0.894472   	3.46095    	4.786      	0.891317   	22.6607	21.9092	19.3344	17.9106	22.4367	20.6283	21.7492	21.0945	21.7329	19.6904	20.9568	19.746	17.2051	20.3849	20.3894	0.999999   	8.68673e-06	2.8454e-05 	0.502917   	0.212138   	0.130882   	0.142616   	0.212133   	1.37487	
1.25e-10   	3.4        	0.999642   	-0.00207607	0.000996619	0.47504    	0.99947    	0.00138926 	0.0182282  	0.475488   	0.9995     	0.000599755	-0.0191633 	0.475554   	0.999547   	-0.00105823	0.0125843  	0.475303   	0.999623   	0.00160244 	-0.0108954 	0.475116   	0.999673   	-0.000313012	-0.00162382	0.475448   	0.999662   	0.00373289 	0.00271559 	0.475974   	0.999595   	-0.000918507	-0.0132657 	0.474946   	0.99963    	-0.00280963	0.0104819  	0.47507    	0.999714   	0.00168859 	-0.00547493	0.474699   	0.999633   	-0.00368847	-0.00605523	0.475646   	0.999644   	0.00201383 	0.011753   	0.475475   	0.999497   	-0.000351024	-0.0165279 	0.47588    	0.999564   	0.00208279 	0.00564571 	0.475181   	0.999464   	-0.00151922	0.0109805  	0.475005   	1.04922    	3.19688    	7.58216    	1.05189    	1.0754     	3.2951     	7.72548    	1.07017    	1.12015    	2.29838    	7.35487    	1.15046    	0.912246   	2.54733    	8.81124    	0.924875   	0.948219   	2.85375    	6.7362     	0.950563   	0.866622   	2.55438    	7.34741    	0.869127   	0.918602   	2.93983    	7.03277    	0.923484   	1.28656    	2.10968    	7.48933    	1.28393    	1.02714    	3.5197     	5.90155    	1.01832    	1.11523    	3.13855    	5.02207    	1.11169    	1.04445    	3.5018     	6.89659    	1.04214    	0.968992   	3.03953    	5.6213     	0.965202   	1.16703    	3.80434    	7.33605    	1.1652     	1.0993     	3.06109    	9.63732    	1.10707    	1.14665    	4.43613    	9.94749    	1.14402    	21.6797	21.4882	22.878	19.0568	19.3133	18.3693	18.183	25.4381	20.9342	22.1912	20.6326	19.0503	22.9842	22.254	21.8877	0.999999   	2.6814e-05 	2.2828e-05 	0.475127   	0.223426   	0.139211   	0.142156   	0.223424   	1.67147	
1.3e-10    	3.2        	0.999421   	0.00183194 	0.00531585 	0.447095   	0.999149   	-0.00390524	0.00696883 	0.447714   	0.999316   	0.00203627 	-0.0124648 	0.447883   	0.999283   	0.00157191 	0.00731838 	0.447162   	0.999328   	-0.00447524	-0.0160573 	0.448162   	0.99917    	0.00277856 	0.00862059 	0.447256   	0.999163   	-0.00473538	-0.0158821 	0.447071   	0.999332   	0.00232032 	0.00769185 	0.447215   	0.999606   	0.00247524 	0.00810202 	0.447973   	0.999595   	-0.00525053	-0.00503349	0.448381   	0.999349   	0.00463594 	0.00411209 	0.44752    	0.998904   	0.000632772	0.000850271	0.446638   	0.999068   	0.00101223 	-0.00963013	0.448012   	0.999471   	0.00173439 	0.00976926 	0.44694    	0.999228   	-0.00250072	-0.00026116	0.447594   	1.21278    	3.46991    	11.6575    	1.22091    	1.1148     	2.90988    	19.1814    	1.12963    	1.04101    	2.90652    	13.3634    	1.03772    	1.24265    	3.98519    	14.5277    	1.25021    	1.53451    	3.98334    	10.3843    	1.52413    	1.31044    	2.78845    	18.3829    	1.30927    	1.15262    	2.75914    	15.9484    	1.11047    	1.08317    	3.9091     	13.1891    	1.09547    	1.39213    	3.46759    	6.20426    	1.40539    	1.1625     	2.8067     	7.39961    	1.15633    	1.44807    	2.33081    	14.7231    	1.47029    	1.30793    	3.17267    	26.1463    	1.29283    	1.42155    	2.66661    	21.1145    	1.37359    	1.12492    	2.84481    	10.0458    	1.12943    	1.37919    	3.12772    	17.674     	1.43852    	19.5141	18.7755	19.1366	22.5456	26.3548	22.1733	19.385	19.7676	23.5662	19.801	25.2418	22.7116	23.125	20.5567	23.3776	0.999999   	4.47539e-06	-4.06761e-05	0.447191   	0.21486    	0.141418   	0.151321   	0.214853   	1.63839	
1.35e-10   	3          	0.999066   	0.0033102  	0.0212466  	0.41909    	0.998898   	-0.00196933	-0.0253762 	0.420211   	0.99951    	-0.00137173	0.0040157  	0.4194     	0.999383   	0.00298463 	-0.00935403	0.419735   	0.999282   	-0.000547208	-0.0155437 	0.418636   	0.998772   	-0.00277147	0.0247318  	0.420525   	0.999002   	-0.00167474	-0.0222996 	0.419371   	0.999079   	-0.000384647	0.0122653  	0.419658   	0.999559   	0.00209976 	0.0100613  	0.419751   	0.999374   	-0.000792021	-0.00178533	0.419743   	0.999134   	-0.000485265	0.0226558  	0.419814   	0.998844   	0.00144882 	-0.0206869 	0.419193   	0.99888    	0.000373818	0.0240144  	0.419386   	0.999337   	-0.000491438	-0.00611289	0.419901   	0.999312   	-3.03571e-05	-0.0179447 	0.419497   	1.27869    	3.92983    	12.6419    	1.28701    	1.27985    	4.75485    	13.6379    	1.25536    	1.50408    	3.31555    	8.07156    	1.51009    	1.5218     	3.67454    	9.75442    	1.50887    	1.59696    	4.34904    	9.69504    	1.5848     	1.8391     	3.12429    	18.8446    	1.91446    	1.47024    	3.70926    	14.0079    	1.49765    	1.42912    	3.36974    	16.6883    	1.44723    	1.63773    	3.46721    	5.72223    	1.63082    	1.65549    	5.43477    	9.31486    	1.64935    	1.28705    	3.4268     	10.9778    	1.2756     	1.41494    	4.05627    	18.2005    	1.44231    	1.37452    	3.76392    	15.8195    	1.32897    	1.51279    	4.13639    	11.0988    	1.50531    	2.072      	3.76532    	8.7402     	2.10594    	20.7607	19.8092	21.0961	22.554	23.3114	26.2889	22.1407	22.0407	23.763	24.042	18.9998	22.3584	20.6143	23.6894	28.787	0.999999   	-2.82085e-05	-1.42366e-05	0.419243   	0.199303   	0.137489   	0.139152   	0.199302   	1.90935	
1.4e-10    	2.8        	0.999319   	-0.00410048	0.00405136 	0.391727   	0.998549   	7.7431e-05 	0.0299791  	0.391217   	0.998776   	0.00403865 	-0.0335443 	0.392227   	0.99885    	-0.00289887	0.0269393  	0.390487   	0.999345   	0.00338034 	0.00735408 	0.392875   	0.998159   	-0.000759047	-0.034202  	0.392143   	0.997939   	-0.0024052 	0.0449309  	0.392      	0.998661   	0.00289281 	-0.0342091 	0.391244   	0.999467   	-0.00043643	-0.0108866 	0.392379   	0.999258   	0.00435856 	-0.00880538	0.39182    	0.998099   	-0.000791081	-0.033125  	0.39167    	0.998315   	-0.00359635	0.0418938  	0.392213   	0.998319   	0.00467912 	-0.0357132 	0.392304   	0.998859   	-0.0022104 	0.0282668  	0.391324   	0.999172   	-0.00256701	0.0075627  	0.39196    	2.28254    	3.54801    	10.144     	2.28125    	1.91393    	3.30302    	17.2792    	1.87003    	2.16494    	3.2774     	10.301     	2.25157    	1.78639    	3.68669    	12.3908    	1.81454    	1.87021    	2.64958    	10.1989    	1.84574    	1.80084    	3.46948    	22.4652    	1.80328    	2.41786    	3.53908    	18.0791    	2.42647    	2.04533    	3.94642    	11.3976    	1.98681    	1.89447    	3.33255    	6.46322    	1.89148    	1.66736    	4.61983    	9.71611    	1.67687    	2.06139    	3.26995    	24.4498    	1.9611     	1.89406    	4.96723    	11.5678    	1.93158    	2.17576    	3.52549    	17.7       	2.13253    	1.77786    	3.32195    	11.8587    	1.78775    	2.00792    	3.28408    	13.1369    	2.00498    	28.8787	22.6973	26.935	22.2396	23.9855	22.9272	30.0087	26.3512	25.9625	21.2722	26.3121	25.1351	25.3338	23.0994	24.691	0.999999   	-2.29194e-05	1.71414e-05	0.391345   	0.215397   	0.137261   	0.141089   	0.215407   	1.94417	
1.45e-10   	2.6        	0.996334   	-0.00231305	-0.0606473 	0.363588   	0.998982   	0.00193529 	0.0180575  	0.36382    	0.997846   	0.000262389	0.0418931  	0.365648   	0.998558   	-0.0045623 	-0.0369744 	0.362711   	0.997131   	0.00165132 	0.0546597  	0.36477    	0.999009   	0.00293604 	-0.0177801 	0.365039   	0.998796   	-0.00128292	0.0294755  	0.363038   	0.998437   	0.0031195  	0.0307827  	0.364876   	0.996551   	-0.00222939	-0.0599601 	0.364906   	0.996366   	0.0020351  	0.0601625  	0.365045   	0.998072   	0.00277979 	-0.0443801 	0.365036   	0.998927   	-0.00492283	-0.0154816 	0.362816   	0.999222   	0.000771048	-0.0105587 	0.363702   	0.996868   	-0.00600765	-0.0424993 	0.366121   	0.996485   	0.00511616 	0.0534125  	0.36349    	2.58515    	3.95088    	28.4081    	2.55246    	1.8908     	5.09552    	10.1078    	1.91448    	1.81009    	4.86054    	18.2753    	1.97837    	2.41414    	4.6854     	8.52151    	2.42297    	2.29681    	4.46965    	20.1413    	2.38602    	2.16561    	4.17332    	10.6051    	2.13255    	2.86887    	4.50063    	9.18252    	2.92787    	2.08512    	3.66179    	15.659     	2.0487     	2.18017    	3.89091    	25.4875    	2.09098    	1.96935    	4.15923    	28.318     	1.92988    	2.27946    	4.19703    	12.5921    	2.29858    	2.6108     	4.48154    	12.1644    	2.62592    	2.15368    	3.58931    	9.29498    	2.17895    	2.4231     	3.96339    	35.5083    	2.30533    	2.22103    	4.11178    	32.7889    	2.27811    	25.8425	20.2757	19.0969	25.3585	23.3049	24.3059	29.2208	22.4847	23.2959	20.7231	23.0588	27.4466	23.7487	26.0287	22.0375	0.999999   	-3.56286e-05	3.10929e-05	0.363519   	0.206427   	0.133367   	0.143611   	0.206425   	2.16646	
1.5e-10    	2.4        	0.99655    	-0.00225215	-0.0504047 	0.33526    	0.998033   	0.000319579	-0.0349768 	0.336894   	0.99421    	0.00179655 	0.0844198  	0.338935   	0.994182   	-0.00174192	-0.0865221 	0.340699   	0.994806   	-0.00769139	0.0622365  	0.335215   	0.997299   	0.00939243 	0.0257611  	0.335966   	0.99611    	-0.00805215	-0.0106155 	0.334965   	0.996168   	0.00295545 	0.069367   	0.340134   	0.994175   	0.0050046  	-0.0590631 	0.336769   	0.995076   	-0.00313539	0.0674482  	0.338138   	0.997287   	0.0029568  	-0.00330012	0.334963   	0.996677   	-9.37704e-05	-0.0634587 	0.337919   	0.997301   	-0.00256627	0.045168   	0.336433   	0.994139   	0.00434975 	-0.0830236 	0.337362   	0.997082   	-0.00181312	0.0378889  	0.337286   	2.70222    	3.5939     	28.9624    	2.4881     	3.29666    	3.68284    	17.0261    	3.33826    	2.53473    	3.75742    	30.2486    	2.58704    	2.52524    	3.78064    	28.1917    	2.33909    	2.64482    	3.11119    	45.2479    	2.5222     	2.34799    	3.76802    	31.312     	2.24812    	2.4738     	4.37094    	52.9123    	2.48979    	3.28975    	3.20745    	18.6553    	3.13172    	2.15471    	4.19212    	57.5074    	2.10267    	3.22701    	3.11684    	37.197     	3.01367    	2.45536    	3.87578    	37.1778    	2.61675    	2.37166    	4.48733    	15.5482    	2.33968    	2.73654    	5.10106    	20.4454    	2.8278     	2.35696    	3.84679    	32.8037    	2.5007     	2.98333    	3.93985    	29.5669    	2.96451    	23.1702	29.0931	23.8682	23.1812	23.1192	22.3478	22.0612	27.5899	20.26	28.1414	21.9741	20.9778	24.6225	20.3998	25.7742	0.999999   	-2.1009e-05	3.90683e-05	0.335758   	0.199771   	0.139901   	0.136932   	0.199764   	2.33132	
1.55e-10   	2.2        	0.995783   	0.000918978	0.0797079  	0.30851    	0.99615    	0.00216922 	0.0739709  	0.310165   	0.986825   	-0.00301588	-0.152279  	0.312348   	0.98567    	0.00399775 	0.159885   	0.315036   	0.98992    	-0.000498733	-0.134257  	0.310463   	0.998723   	-0.00334092	-0.027849  	0.306938   	0.998722   	0.00385874 	0.00617618 	0.309212   	0.986358   	-0.0072751 	-0.150481  	0.312566   	0.987943   	0.00368658 	0.144674   	0.311211   	0.989289   	0.00199316 	-0.132352  	0.313456   	0.99853    	-0.0032029 	0.00886751 	0.306828   	0.98978    	0.0010762  	0.124532   	0.311168   	0.992153   	0.00121843 	-0.110376  	0.307815   	0.989464   	0.000206023	0.13389    	0.312682   	0.998373   	-0.00161352	-0.0259051 	0.310096   	2.60146    	4.65943    	8.66148    	2.71052    	2.35189    	3.8615     	10.4207    	2.36863    	2.55408    	3.08028    	16.6118    	2.71059    	3.3382     	3.71443    	15.1517    	2.97913    	2.70195    	4.17457    	9.47466    	3.127      	2.34809    	4.59786    	6.55555    	2.31933    	3.65603    	3.19941    	12.7485    	3.61283    	3.25984    	4.27927    	24.0961    	2.86993    	3.97013    	4.214      	15.2899    	3.7197     	3.03701    	3.85466    	21.2621    	3.1822     	3.29126    	3.23669    	14.5965    	3.18774    	2.77981    	3.81492    	28.2497    	3.27403    	3.23582    	4.33671    	17.0096    	2.68271    	2.59141    	3.49294    	17.075     	3.14005    	3.09973    	3.41784    	13.2157    	3.07154    	20.058	18.9576	21.7181	22.355	19.519	17.4432	24.3848	24.0494	28.9616	22.0718	23.3897	21.1605	20.5606	20.2023	22.6333	0.999998   	4.21836e-07	2.02285e-05	0.308145   	0.19979    	0.144386   	0.143355   	0.199788   	2.22522	
1.6e-10    	2          	0.974579   	-0.00635894	0.21808    	0.286562   	0.998527   	0.000316515	-0.0135652 	0.283683   	0.977512   	0.00578502 	-0.205468  	0.285568   	0.982102   	-0.00390798	0.181939   	0.287104   	0.970561   	0.00895745 	-0.233848  	0.287671   	0.997238   	-0.0053321 	0.0533018  	0.281123   	0.995075   	0.00893354 	-0.0847722 	0.280436   	0.987329   	-0.00506124	-0.145434  	0.286303   	0.971957   	-0.00346191	0.228148   	0.287985   	0.968926   	0.00213304 	-0.239012  	0.289905   	0.989045   	-0.00362588	0.138825   	0.283916   	0.992454   	0.00130063 	0.105662   	0.282043   	0.997494   	0.0022187  	-0.0232033 	0.281856   	0.973788   	-0.00770969	0.221501   	0.287909   	0.978314   	0.004992   	-0.200569  	0.286315   	3.88372    	5.72624    	8.94339    	4.17069    	4.12889    	4.67413    	10.0912    	4.04876    	3.14239    	4.6044     	7.63532    	3.25076    	3.40401    	3.85393    	9.28525    	3.43903    	3.46672    	3.63554    	14.8493    	3.74315    	3.91434    	4.34996    	9.69249    	3.91319    	3.37698    	4.34233    	9.11956    	3.37393    	4.12276    	2.77349    	19.5721    	4.59205    	3.7243     	4.17085    	14.0313    	3.77733    	3.95383    	4.11292    	18.2251    	3.45395    	3.62312    	4.64837    	9.07187    	3.83164    	3.51684    	4.56918    	16.3014    	3.72231    	3.58183    	3.5453     	20.0957    	3.44774    	3.48086    	3.66015    	11.4165    	4.00783    	3.91002    	3.67488    	10.2385    	3.36274    	22.0795	22.3159	19.8443	19.0655	22.6173	21.845	24.2116	24.9417	22.1689	22.724	21.7596	20.891	22.9983	21.0657	21.5316	0.999998   	-2.78611e-05	2.56092e-05	0.28053    	0.185385   	0.138914   	0.142828   	0.185373   	1.98247	
1.65e-10   	1.8        	0.978537   	0.00193877 	0.200567   	0.25888    	0.995501   	0.00140373 	0.0523196  	0.253499   	0.966837   	-0.00333214	-0.248257  	0.262058   	0.969853   	-0.0122697 	0.234606   	0.26096    	0.971653   	0.00932427 	-0.229032  	0.261471   	0.997676   	0.00319507 	-0.00619105	0.252583   	0.995179   	-0.00323829	-0.0725233 	0.255175   	0.98093    	0.00896451 	-0.178875  	0.257636   	0.965533   	-0.0050674 	0.247136   	0.261282   	0.960916   	0.00487    	-0.266909  	0.261681   	0.989154   	-0.00119071	0.124535   	0.255971   	0.985988   	-0.00399657	0.147253   	0.258052   	0.993031   	-0.00394326	-0.0871625 	0.254938   	0.964082   	0.00648852 	0.258727   	0.26197    	0.982781   	-0.00217723	-0.175614  	0.257725   	4.27923    	3.79575    	6.64253    	4.68008    	4.3113     	3.69642    	23.1383    	4.20571    	3.92815    	4.29099    	13.2758    	4.78278    	5.00569    	4.20299    	17.0763    	6.61346    	3.73153    	3.83267    	12.0513    	4.27568    	3.49019    	3.69141    	15.8559    	3.41633    	6.33183    	4.18815    	14.8347    	6.37373    	3.68208    	4.0578     	21.7981    	3.79198    	6.54189    	4.53326    	27.197     	7.7883     	4.12623    	3.94509    	22.578     	5.94237    	5.04515    	3.03083    	24.0951    	5.33394    	4.62222    	5.19572    	23.6641    	5.58355    	3.285      	3.25118    	25.1975    	4.08991    	5.45952    	4.42283    	11.5681    	4.86049    	3.93449    	3.9071     	10.9163    	3.99608    	20.2556	20.8216	20.231	23.2205	19.64	18.6485	27.2832	18.2121	25.9479	21.8987	25.2523	21.4083	17.1631	23.0514	19.6546	0.999998   	3.4219e-05 	9.39828e-06	0.252987   	0.194323   	0.148068   	0.146199   	0.194331   	2.56371	
1.7e-10    	1.6        	0.991221   	0.00164018 	0.115493   	0.229423   	0.984528   	0.0025188  	0.159922   	0.227019   	0.961579   	-0.00349631	-0.268168  	0.234137   	0.9585     	0.00522534 	0.275258   	0.233804   	0.981555   	-0.00034091	-0.179077  	0.228485   	0.991754   	-0.00550937	-0.103542  	0.22993    	0.996972   	0.00212218 	0.0293723  	0.225026   	0.972403   	-0.00596647	-0.216988  	0.234085   	0.978023   	0.00416513 	0.194495   	0.229472   	0.978394   	-0.00565147	-0.195482  	0.2306     	0.997503   	0.00124624 	0.00318047 	0.227909   	0.978      	0.00505504 	0.195829   	0.228309   	0.979967   	-0.00511652	-0.184623  	0.232508   	0.969531   	0.00565969 	0.237309   	0.232551   	0.995305   	0.000261463	-0.0549512 	0.224035   	4.02505    	3.52638    	10.7796    	3.71868    	4.22664    	3.85622    	14.0085    	4.40772    	4.38478    	2.59048    	9.9679     	4.2725     	4.00823    	3.42818    	19.3436    	6.33355    	4.96768    	3.51962    	12.1388    	4.88869    	4.74523    	3.69079    	15.9729    	4.29613    	5.96773    	4.18163    	13.2313    	5.86994    	4.85222    	4.75898    	24.8827    	6.9605     	3.81087    	5.13282    	13.9428    	3.0677     	3.94371    	4.47242    	12.2286    	4.44054    	6.01857    	5.30778    	11.8005    	5.89454    	5.12789    	4.10138    	13.2095    	4.38414    	3.51252    	4.077      	16.0142    	3.61871    	3.69158    	4.32244    	9.60511    	4.40463    	4.32701    	5.05189    	16.7521    	4.54177    	17.0249	16.8044	15.6503	14.6769	17.8887	16.9856	21.8672	17.5331	14.9758	15.2582	21.1472	17.5998	13.5824	12.8446	16.2155	0.999997   	0.000110526	4.13096e-05	0.225409   	0.194384   	0.142137   	0.147745   	0.194376   	1.86874	
1.75e-10   	1.4        	0.974882   	-0.00918878	0.164958   	0.200377   	0.98838    	-0.00476648	0.0627921  	0.200583   	0.971512   	0.0128243  	-0.22432   	0.205548   	0.976794   	0.00339331 	0.19974    	0.201662   	0.976397   	-0.00318646	-0.174014  	0.204096   	0.989717   	-0.000850162	-0.0221293 	0.199111   	0.989768   	0.00461926 	-0.0165172 	0.198529   	0.983039   	-0.00713183	-0.162522  	0.203005   	0.977589   	0.00342855 	0.179758   	0.201822   	0.973393   	0.006926   	-0.211033  	0.203305   	0.983972   	0.00141115 	0.0813145  	0.197732   	0.985956   	-0.00896401	0.131102   	0.203518   	0.985567   	-0.000210764	-0.0802907 	0.200412   	0.971979   	-0.0130537 	0.224403   	0.204068   	0.974867   	0.0133573  	-0.143791  	0.20241    	5.55893    	4.99338    	56.482     	6.44017    	4.61755    	4.67374    	47.0061    	4.50709    	3.81011    	5.18231    	11.4547    	4.27517    	3.00542    	3.66263    	13.6385    	3.80024    	2.84464    	4.36958    	44.3301    	5.12238    	4.23166    	4.04587    	48.7453    	3.99311    	5.18971    	4.98371    	49.4637    	5.78954    	4.73883    	3.78131    	17.1663    	5.46506    	4.05629    	4.7204     	29.2753    	4.77288    	4.57584    	5.48672    	16.7847    	4.83309    	4.63436    	3.52925    	64.4784    	5.43604    	4.53296    	3.92878    	25.6693    	4.25026    	4.45793    	3.8495     	56.3062    	4.37379    	4.60164    	4.60985    	9.08278    	5.08317    	5.84145    	3.77288    	76.9659    	6.69354    	15.531	14.1084	10.9752	11.4986	10.0678	13.7184	15.1405	12.6714	11.7862	13.0594	13.4815	13.159	13.7185	14.4076	15.641	0.999996   	-6.40095e-05	-0.000119038	0.197705   	0.190448   	0.143783   	0.141732   	0.190448   	1.72071	
1.8e-10    	1.2        	0.962551   	0.0141038  	0.235551   	0.177377   	0.987378   	-0.00433598	-0.136298  	0.172643   	0.984927   	-0.00973614	-0.105286  	0.171293   	0.989238   	-0.00801224	0.0715885  	0.174266   	0.95785    	-0.00631   	-0.257015  	0.175753   	0.979263   	0.0144199  	0.18841    	0.172805   	0.969936   	-0.000551316	-0.228751  	0.178082   	0.989341   	-0.00749589	0.0154229  	0.170516   	0.966453   	0.0081201  	0.214334   	0.174284   	0.97627    	-0.0117894 	-0.161406  	0.172463   	0.965826   	0.00224442 	0.247579   	0.175297   	0.987964   	0.00930204 	-0.0884347 	0.174209   	0.988603   	-0.0119583 	0.116089   	0.171775   	0.980942   	0.0188398  	0.123879   	0.174722   	0.963081   	-0.00696337	-0.239129  	0.175113   	4.57982    	4.8066     	33.2067    	5.05307    	4.95511    	5.23568    	7.79166    	5.03898    	3.74982    	3.42939    	34.5443    	4.62817    	5.3389     	5.46167    	28.573     	6.09618    	4.20014    	5.22003    	30.1822    	5.21416    	3.96249    	5.23633    	5.68578    	4.13445    	4.49562    	4.21193    	10.3775    	4.36023    	4.90934    	4.62811    	36.2658    	4.90284    	4.90938    	5.07705    	40.4913    	8.87327    	3.76695    	3.84326    	38.407     	4.30093    	4.03645    	3.63083    	8.42958    	3.92926    	4.22872    	4.04314    	28.2193    	3.79573    	6.90665    	6.28383    	11.6795    	6.83664    	4.27104    	4.54759    	43.3141    	6.19167    	4.55933    	5.78937    	25.9497    	5.12219    	9.95694	11.3729	9.60872	12.6789	11.5345	10.9187	10.4368	9.63758	11.8184	8.19973	9.30758	10.7414	12.9003	10.6161	10.082	0.999995   	-7.05661e-06	-2.5408e-05	0.169903   	0.194983   	0.142495   	0.148323   	0.194988   	2.29631	
1.85e-10   	1          	0.982037   	-0.00220485	0.117198   	0.14377    	0.978865   	-0.00626044	0.0810723  	0.145881   	0.973362   	0.0084236  	-0.195963  	0.14576    	0.979288   	0.00488877 	0.16058    	0.144819   	0.982474   	0.00717557 	-0.123569  	0.145815   	0.981508   	-0.0122482 	-0.0338059 	0.143409   	0.971365   	-0.00332413	0.0337105  	0.14592    	0.971273   	0.00908539 	-0.172247  	0.144726   	0.98035    	-0.00676199	0.144261   	0.146498   	0.974189   	0.00728344 	-0.199255  	0.145237   	0.97989    	-0.0098228 	0.0247976  	0.144774   	0.970637   	0.00334572 	0.173891   	0.146772   	0.977267   	-0.000616346	-0.129633  	0.147318   	0.975244   	0.00666856 	0.193598   	0.144021   	0.981951   	-0.00631814	-0.0529591 	0.144114   	6.38962    	3.70462    	27.2794    	6.68682    	3.74056    	4.72163    	45.7138    	3.5847     	6.93628    	4.20205    	16.1825    	7.4669     	3.26802    	4.0561     	17.5784    	3.42012    	3.87343    	4.59244    	23.9873    	4.41103    	4.76401    	4.64931    	44.3761    	4.83005    	5.08253    	4.55234    	74.609     	4.71918    	5.88642    	4.88604    	34.0878    	7.80777    	5.32692    	4.87429    	20.4227    	4.78886    	5.32013    	4.57987    	11.4441    	5.50095    	4.82776    	5.10887    	50.9463    	5.21441    	6.22695    	4.83382    	35.4349    	6.34103    	6.27082    	3.74101    	39.9023    	8.13906    	7.61055    	4.04888    	11.5431    	7.29404    	6.58659    	3.71898    	43.4723    	7.40364    	11.1489	7.6688	10.8252	7.47761	6.81906	8.67623	8.26249	9.25823	9.40263	9.16208	7.98947	9.93873	9.12016	10.8756	9.32536	0.999993   	-7.10649e-05	7.93605e-05	0.141921   	0.196325   	0.139579   	0.151855   	0.196313   	2.10994	
1.9e-10    	0.8        	0.968428   	0.00649966 	0.142549   	0.117614   	0.973198   	-0.0131872 	0.176587   	0.115677   	0.939523   	0.00390624 	-0.306399  	0.122496   	0.934226   	0.00740779 	0.312012   	0.123306   	0.958762   	-0.0215351 	-0.202698  	0.117005   	0.984639   	0.0122485  	-0.12776   	0.115705   	0.981178   	-0.027374  	0.108762   	0.114716   	0.938765   	0.0133005  	-0.307516  	0.121009   	0.962091   	0.0136648  	0.203673   	0.119911   	0.954261   	-0.00940899	-0.266785  	0.118233   	0.986613   	0.0334966  	-0.0682806 	0.117478   	0.934544   	-0.0230458 	0.331494   	0.120502   	0.9638     	0.00510482 	-0.233993  	0.119579   	0.944603   	-0.00062395	0.290977   	0.120672   	0.983655   	-0.00427671	-0.0682136 	0.114144   	5.61609    	6.06054    	33.2482    	6.34353    	4.46859    	5.81318    	13.7949    	4.81597    	4.87936    	4.65211    	19.9645    	6.20922    	5.36673    	4.36436    	25.8509    	5.23649    	4.78543    	4.17976    	32.1842    	5.32218    	5.81759    	4.92078    	7.68467    	5.88853    	3.94771    	5.0871     	17.2767    	4.33006    	4.62803    	5.73859    	18.2974    	5.28413    	5.23201    	3.48121    	28.0598    	5.65994    	5.99994    	3.55774    	13.2616    	6.05318    	6.16745    	3.51235    	15.0892    	5.83133    	5.8467     	4.45196    	10.4977    	4.95506    	4.6662     	4.85295    	11.1623    	5.20051    	5.42186    	4.97209    	18.9181    	7.10183    	5.38575    	3.75004    	21.0249    	5.53537    	6.9361	6.84603	6.53926	6.1604	7.22477	6.57258	6.52007	7.93104	7.09945	6.75732	7.27337	7.26419	6.54772	7.92087	7.89346	0.999989   	-9.65794e-05	-0.000110566	0.113757   	0.19778    	0.142133   	0.143023   	0.197754   	1.872	
1.95e-10   	0.6        	0.914303   	0.00522943 	0.369266   	0.0924655  	0.968558   	-0.0122605 	0.145129   	0.0863946  	0.87456    	0.00280436 	-0.457948  	0.101278   	0.879979   	-0.00650607	0.437818   	0.0941823  	0.903244   	-0.00368504	-0.401249  	0.096739   	0.98299    	0.00881351 	-0.0305297 	0.0881675  	0.974988   	-0.0346584 	-0.0907948 	0.0891624  	0.911053   	0.0314212  	-0.366834  	0.0936277  	0.879307   	-0.00235134	0.44403    	0.0961979  	0.859695   	-0.00392956	-0.490286  	0.100905   	0.947588   	0.0164181  	0.245944   	0.089581   	0.93466    	-0.0133407 	0.293036   	0.0910419  	0.956825   	0.0167168  	-0.19394   	0.0899722  	0.843366   	-0.0138637 	0.514054   	0.0988165  	0.918702   	0.00355151 	-0.352492  	0.0951057  	3.80999    	3.71893    	12.565     	4.49402    	4.05474    	4.63857    	15.714     	3.95548    	5.10756    	3.67636    	16.0834    	7.66397    	4.0231     	4.28018    	18.2327    	7.02025    	4.82438    	5.60806    	11.3894    	7.37608    	4.7181     	5.5598     	11.5256    	4.74242    	4.54623    	6.84909    	14.9316    	4.7916     	4.6707     	5.56846    	15.5339    	6.11224    	5.0602     	6.77804    	12.7979    	6.56356    	5.33714    	5.36356    	8.66671    	5.35526    	5.43899    	5.86783    	17.0892    	6.12861    	4.97792    	5.43003    	17.614     	5.51927    	5.74174    	5.57058    	19.7498    	5.394      	7.04724    	6.60646    	12.7783    	10.6554    	5.00988    	6.60095    	12.9893    	5.41263    	4.39532	5.13053	5.46485	5.09194	5.68155	5.96	5.52742	5.45661	5.6168	4.93397	5.0858	5.95361	6.55376	6.2557	5.14299	0.99998    	-0.000199245	7.14055e-05	0.0854608  	0.195901   	0.14183    	0.152876   	0.195891   	1.89939	
2e-10      	0.4        	0.873318   	-0.0426424 	0.437529   	0.0641942  	0.905323   	0.0119837  	0.153704   	0.062404   	0.817148   	0.0282904  	-0.481734  	0.0741018  	0.803651   	-0.0265217 	0.413753   	0.0709142  	0.862196   	0.0546364  	-0.429979  	0.0674586  	0.932407   	-0.0282856 	-0.0238551 	0.0618482  	0.92349    	0.0129357  	-0.0986403 	0.0644426  	0.794621   	0.0315885  	-0.36144   	0.0689221  	0.820565   	-0.0400338 	0.499199   	0.0722379  	0.825114   	0.046676   	-0.496581  	0.0704901  	0.911606   	-0.00454109	0.231152   	0.0629513  	0.829711   	-0.0404447 	0.294551   	0.0688518  	0.889495   	0.0184952  	-0.206125  	0.0662382  	0.810555   	-0.0295701 	0.490952   	0.0701644  	0.918873   	0.00336164 	-0.311601  	0.0621587  	4.9147     	4.51052    	8.24585    	5.93345    	5.31112    	4.65097    	39.5837    	6.91105    	3.7439     	2.89369    	39.8821    	13.6533    	4.37761    	4.00126    	61.306     	9.40755    	4.13188    	6.53564    	15.9411    	6.05821    	4.85663    	4.86778    	30.1075    	5.7775     	4.21328    	5.489      	32.9997    	4.66069    	4.82171    	4.94205    	75.7274    	16.378     	4.76922    	5.63758    	23.6605    	8.53538    	5.25031    	5.21301    	22.9092    	11.981     	5.22326    	6.24932    	24.1678    	5.91594    	7.13989    	6.53826    	65.3579    	6.47362    	5.36635    	5.05969    	46.1598    	9.4439     	4.16516    	3.76489    	33.6903    	9.35092    	4.12326    	6.06703    	10.0406    	4.85422    	3.94438	4.43656	4.23066	4.12171	4.46566	4.60874	4.78301	4.64576	4.78911	4.32563	4.50669	4.36106	4.60923	4.50153	3.83051	0.999956   	-0.000155453	4.43305e-05	0.0570698  	0.192479   	0.140073   	0.148424   	0.192519   	2.22855	
2.05e-10   	0.2        	0.828475   	0.00345668 	0.202186   	0.0352716  	0.799474   	0.0763285  	-0.365727  	0.0325742  	0.900704   	-0.0594909 	0.0703559  	0.0341578  	0.835569   	-0.0935873 	-0.27011   	0.0296738  	0.82949    	0.0741088  	-0.205684  	0.0369113  	0.806168   	-0.00456766	0.419662   	0.0392453  	0.785214   	0.0269654  	-0.464689  	0.037167   	0.870764   	0.0444072  	0.275674   	0.0338929  	0.81717    	-0.0743453 	0.243642   	0.0333597  	0.881056   	-0.00708378	-0.153455  	0.0330337  	0.767386   	0.00236215 	0.488897   	0.0397595  	0.778316   	-0.0160319 	-0.430679  	0.0339458  	0.832404   	-0.00290362	0.413987   	0.038756   	0.864415   	0.0286138  	0.0357111  	0.0295683  	0.775161   	-0.0294423 	-0.437595  	0.0361867  	4.77306    	4.35655    	20.2492    	6.61449    	5.7498     	4.87922    	8.74574    	4.54628    	4.43063    	5.05173    	9.30581    	4.52204    	3.53487    	4.40714    	8.31281    	3.76688    	4.84878    	4.15027    	23.2538    	7.59135    	3.46309    	4.48888    	16.227     	6.35947    	5.11577    	3.5624     	11.8379    	5.7298     	3.95097    	4.49074    	8.10675    	4.14799    	4.79902    	4.50237    	14.2822    	4.39947    	5.32353    	3.69256    	9.62952    	5.23998    	6.48392    	4.65106    	14.2681    	9.16307    	4.57516    	3.80163    	11.868     	4.73993    	4.93963    	6.02132    	8.2198     	5.68747    	5.90297    	4.47338    	8.18177    	5.04849    	6.2621     	4.31981    	15.3087    	8.18643    	3.60637	3.80421	4.04072	3.64488	3.98941	4.13902	3.85781	4.06336	3.87303	4.27202	3.4093	4.41168	3.40111	4.11593	4.17696	0.999823   	-0.000133291	-6.23817e-05	0.0285558  	0.197763   	0.142783   	0.147588   	0.197821   	2.20558	
2.1e-10    	-0         	-0.0242318 	-0.126085  	-0.185996  	0.0229886  	0.0987741  	0.0784006  	-0.0607413 	0.0240499  	-0.0743368 	0.0312389  	0.542215   	0.0169992  	0.00534255 	0.0417619  	-0.531735  	0.018479   	-0.037371  	0.180039   	0.584013   	0.0210224  	-0.0113396 	-0.148637  	-0.191838  	0.0211966  	-0.158287  	0.103924   	0.210751   	0.0202116  	-0.0223668 	-0.10222   	0.409557   	0.01735    	0.148116   	-0.0707037 	-0.512899  	0.0199737  	0.0207762  	-0.14843   	0.383866   	0.0172626  	0.155926   	0.0131831  	-0.17525   	0.0217584  	-0.166927  	0.154103   	-0.149313  	0.0179989  	0.0140539  	-0.0760374 	-0.03395   	0.0194127  	0.0284485  	0.107927   	-0.233957  	0.0157531  	-0.103446  	0.0664222  	0.145149   	0.020659   	4.05876    	3.1089     	31.8375    	8.2107     	3.63476    	4.18329    	36.0437    	5.69093    	5.53907    	3.14644    	7.00079    	3.30112    	4.57371    	4.96988    	8.99029    	4.71288    	5.28053    	3.62295    	11.2929    	5.21371    	4.88741    	4.56185    	24.7836    	5.63575    	4.90503    	4.48764    	20.58      	4.67329    	4.36278    	4.20331    	10.555     	3.95323    	4.15696    	3.77593    	12.573     	5.08933    	4.53048    	4.22242    	9.89008    	3.4308     	4.49323    	6.67442    	23.3351    	4.7342     	5.69709    	5.61341    	11.8998    	4.05821    	5.12964    	5.41402    	20.246     	5.95307    	4.95826    	4.60525    	8.47468    	2.70427    	5.08878    	4.2441     	23.7736    	6.40427    	3.36029	3.44778	4.11541	3.71712	3.21813	3.39128	3.60754	3.56705	3.62165	3.19579	3.62182	3.28022	3.27661	3.61568	3.72641	-0.0245965 	0.00208239 	0.00696571 	0.000607945	0.197357   	0.140786   	0.148259   	0.114244   	2.16991	
