#----------------------------------------------------------------------------------------------------------------------------------------------------------
# Output file for vampire simulation
#   time       : 2025-05-27 20:59:48     process id : 380680
#   hostname   : thor7.psi.ch
#   path       : /scratch/dossan_f/Na2BaMn(PO4)2/vampire_tripleUC_15mat_J2Ja_small_k0.035_Jnn0.11_Ba
#   version    : 6.0.0
#   githash    : 4c9651daecc86c3e6b6df0c8055fcd9e89fd900c
#----------------------------------------------------------------------------------------------------------------------------------------------------------
1e-11      	8          	0.999512   	0.00077962 	-0.000686954	0.940326   	0.99985    	0.00013917 	-0.000623012	0.940798   	0.999892   	-0.000428959	0.000937382	0.941097   	0.999423   	0.000756286	-0.00120265	0.940536   	0.999968   	-0.000435041	0.000390538	0.941065   	0.999839   	-0.000105206	0.000696347	0.940739   	0.999946   	6.87884e-05	-0.000584764	0.940869   	0.999841   	-0.000274899	0.000917526	0.941015   	0.999418   	0.000710547	-0.000815398	0.940331   	0.999918   	-0.000371402	0.000728836	0.941111   	0.999739   	0.000129744	0.0005306  	0.940498   	0.999627   	0.000568642	-0.00122163	0.940712   	0.999819   	-0.000295572	0.000980292	0.940878   	0.999324   	0.000735417	-0.00139542	0.940399   	0.999994   	-4.32408e-05	7.46212e-05	0.94104    	150.969    	1.53719    	0.711197   	138.376    	93.4603    	0.826915   	4.08137    	86.6399    	58.1445    	2.02515    	6.18031    	52.0087    	139.348    	3.42971    	8.40343    	109.53     	57.7699    	1.01189    	1.92694    	56.1965    	100.063    	0.956456   	3.546      	93.5885    	77.5442    	0.544569   	2.39104    	75.0587    	67.4334    	2.22981    	8.53792    	58.3211    	152.917    	2.73643    	3.11595    	130.429    	58.0993    	1.19212    	5.38623    	53.6249    	126.467    	0.450481   	1.46416    	121.557    	111.871    	1.7376     	9.39173    	92.4111    	85.0704    	1.28917    	7.06206    	75.5171    	155.78     	3.2102     	7.34212    	122.013    	62.3555    	0.47979    	0.502928   	62.2438    	28962.7	12457.2	4790.59	25249.4	4969.77	14290.4	8901.9	6585.17	29981.3	4932.48	21686.8	17267.1	10441.6	30511.4	5724.91	0.999999   	6.2996e-05 	-8.86061e-06	0.940697   	1447.4     	0.454742   	0.121201   	1447.07    	202935	
1.5e-11    	7.8        	0.999996   	5.9563e-06 	-8.89952e-05	0.937698   	0.999996   	4.8485e-05 	-0.000117227	0.93771    	0.999996   	-4.21955e-06	0.000148651	0.937707   	0.999996   	0.000134287	0.000254413	0.937707   	0.999996   	7.9467e-05 	-0.000128408	0.937709   	0.999996   	-0.0002258 	-0.000172232	0.937694   	0.999996   	4.49478e-05	-8.16787e-05	0.937686   	0.999995   	-6.0901e-05	-0.000293122	0.937701   	0.999995   	2.62139e-05	0.000321251	0.93769    	0.999996   	-8.01739e-05	0.000146487	0.937723   	0.999996   	-6.41365e-05	-6.77666e-05	0.937692   	0.999996   	8.16699e-05	-8.03755e-05	0.937725   	0.999996   	-2.87704e-05	8.64892e-05	0.937728   	0.999996   	-9.01459e-05	-2.32059e-05	0.937674   	0.999996   	0.000148577	1.00659e-05	0.937702   	0.0220582  	0.485552   	0.535565   	0.0220459  	0.0248829  	0.536299   	0.570393   	0.0248805  	0.0266509  	0.409829   	0.594848   	0.0266292  	0.0244127  	0.462037   	0.52803    	0.0243947  	0.0238453  	0.488162   	0.516863   	0.0238326  	0.025824   	0.48473    	0.582539   	0.0258169  	0.0244648  	0.463014   	0.581786   	0.0244789  	0.0247478  	0.548934   	0.637088   	0.0247561  	0.0234964  	0.545263   	0.601814   	0.0234599  	0.0241549  	0.527306   	0.553653   	0.0241851  	0.0249453  	0.578106   	0.520397   	0.02491    	0.0236971  	0.56859    	0.553687   	0.0237094  	0.0227025  	0.486786   	0.594825   	0.0227093  	0.0230237  	0.521504   	0.583193   	0.0230301  	0.0232128  	0.502349   	0.591359   	0.0231921  	5.4072	5.68686	6.19775	5.79817	5.76867	6.09952	5.59634	5.81166	5.49143	5.78104	5.96337	5.52594	5.34933	5.54698	5.52468	1          	1.0289e-06 	-5.71518e-06	0.937699   	0.0401978  	0.121332   	0.122624   	0.0401981  	2.00005	
2e-11      	7.6        	0.999995   	-3.87124e-05	0.000122417	0.932537   	0.999995   	-2.0275e-05	-2.34054e-06	0.932516   	0.999995   	-3.63764e-05	-0.000124547	0.932548   	0.999995   	3.75574e-05	-0.000250056	0.932568   	0.999995   	9.90534e-05	-0.000227355	0.932539   	0.999995   	-6.09343e-05	0.000464512	0.932537   	0.999995   	1.95156e-05	-9.81612e-05	0.93256    	0.999995   	3.33503e-05	7.22769e-05	0.932531   	0.999996   	-9.05273e-05	1.20943e-06	0.932545   	0.999995   	9.43686e-05	-4.19643e-05	0.932504   	0.999995   	1.28297e-05	0.000242498	0.93257    	0.999995   	-3.54829e-06	-0.000271151	0.932591   	0.999995   	0.000207727	1.71927e-05	0.932566   	0.999995   	-0.000204988	0.000124957	0.932559   	0.999995   	-7.9057e-05	-0.000173651	0.932521   	0.0284672  	0.552733   	0.607085   	0.0284698  	0.0278203  	0.517593   	0.669199   	0.0278498  	0.0290468  	0.555757   	0.62861    	0.0290639  	0.0284268  	0.496089   	0.672516   	0.0284241  	0.0298182  	0.592414   	0.714216   	0.0297922  	0.0279647  	0.587522   	0.678685   	0.0279658  	0.0291077  	0.546394   	0.697803   	0.0291171  	0.026571   	0.530057   	0.696201   	0.0265765  	0.02765    	0.468438   	0.565038   	0.0276593  	0.028542   	0.545319   	0.709355   	0.0285804  	0.030742   	0.653116   	0.690497   	0.0307763  	0.0324425  	0.580152   	0.681529   	0.0324646  	0.0313447  	0.529145   	0.692823   	0.0313262  	0.0288498  	0.57379    	0.620359   	0.0288391  	0.0277266  	0.502718   	0.750885   	0.0277386  	6.02231	6.07566	6.1617	6.25326	6.24868	6.08086	6.13164	5.75006	5.89455	6.10812	6.40337	6.63303	6.71378	6.33674	5.76141	1          	-1.99136e-06	-9.60742e-06	0.932542   	0.0520653  	0.123009   	0.127216   	0.052064   	2.10306	
2.5e-11    	7.4        	0.999994   	3.02136e-05	-0.000158528	0.926551   	0.999995   	-8.91133e-05	-5.50308e-05	0.926543   	0.999994   	3.23023e-05	0.000204607	0.926538   	0.999994   	0.000232458	0.00011278 	0.926535   	0.999995   	-0.000162787	-0.000440463	0.92653    	0.999994   	-8.37067e-06	0.000346204	0.926546   	0.999994   	-4.3437e-05	0.000219077	0.926546   	0.999995   	-0.000127209	0.000179944	0.926546   	0.999994   	0.000126796	-0.000360303	0.926531   	0.999994   	0.000155903	6.24897e-05	0.926533   	0.999994   	0.000187993	-0.000130061	0.926552   	0.999994   	-0.000266486	-1.4896e-06	0.926509   	0.999994   	2.9459e-05 	-0.000284649	0.926531   	0.999994   	6.08482e-05	0.000170748	0.926547   	0.999994   	-5.8938e-05	0.000195026	0.92659    	0.0360266  	0.711596   	0.801075   	0.0360363  	0.0335116  	0.657092   	0.707852   	0.0335037  	0.0364434  	0.631842   	0.85851    	0.0364519  	0.0335619  	0.609489   	0.78296    	0.0335895  	0.0347428  	0.621132   	0.733047   	0.0347484  	0.0330883  	0.670336   	0.710156   	0.0331125  	0.0337556  	0.606921   	0.789601   	0.0337304  	0.0331343  	0.608528   	0.727267   	0.0331272  	0.0334209  	0.650501   	0.778372   	0.0334062  	0.0313231  	0.660989   	0.776698   	0.0313301  	0.0368372  	0.671751   	0.742752   	0.0368577  	0.0326693  	0.660977   	0.812238   	0.0325916  	0.0355579  	0.628878   	0.798881   	0.0355437  	0.0313768  	0.695805   	0.762104   	0.0313592  	0.0353965  	0.625257   	0.765128   	0.0354109  	7.05894	6.7223	7.03394	6.4929	6.56881	6.62816	6.16386	6.25868	6.57689	6.25112	6.99482	6.43189	6.92655	6.48664	6.67586	1          	6.63464e-06	4.00729e-06	0.926537   	0.0634978  	0.126184   	0.131363   	0.063498   	2.05135	
3e-11      	7.2        	0.999994   	0.000136041	0.000170719	0.91956    	0.999994   	-8.76486e-05	-0.000280513	0.919573   	0.999994   	2.06432e-05	7.00631e-05	0.919586   	0.999993   	1.96131e-05	-0.000109543	0.919548   	0.999993   	9.429e-05  	-0.000270827	0.919542   	0.999992   	-0.000101259	0.000381987	0.919482   	0.999993   	0.00025623 	0.000469738	0.919585   	0.999993   	6.80036e-05	-0.000394364	0.919538   	0.999993   	-0.000265279	-2.9073e-05	0.919511   	0.999993   	0.000211318	-0.000174209	0.91956    	0.999993   	-0.000201698	-8.07356e-05	0.919519   	0.999993   	8.56121e-05	0.000288353	0.919568   	0.999993   	1.74818e-05	0.000747467	0.919577   	0.999993   	-3.69043e-05	-0.000748793	0.919494   	0.999994   	1.64752e-05	2.2341e-05 	0.919515   	0.0448254  	0.675469   	0.886812   	0.0448353  	0.0371787  	0.759949   	0.824182   	0.0372033  	0.0389317  	0.767404   	0.840527   	0.038938   	0.0411658  	0.693525   	0.974238   	0.0411346  	0.0398942  	0.744408   	1.10117    	0.0399011  	0.0420366  	0.774455   	1.16202    	0.0420438  	0.0373594  	0.709689   	0.906376   	0.0374247  	0.0382444  	0.788092   	0.864369   	0.0382585  	0.0390813  	0.725601   	0.907803   	0.0390737  	0.0411876  	0.795423   	0.984827   	0.0411617  	0.0387066  	0.754995   	0.899461   	0.038746   	0.0387775  	0.776314   	0.918384   	0.0387498  	0.043101   	0.762603   	0.811425   	0.0431207  	0.0401054  	0.77786    	0.94089    	0.0400119  	0.0414617  	0.695312   	0.83328    	0.0414792  	7.42788	6.7857	6.83172	7.07689	6.7961	7.48724	6.87471	6.97457	6.89238	7.09574	6.81461	6.97867	7.53028	7.40792	7.45934	1          	1.55399e-05	4.16639e-06	0.919538   	0.0845066  	0.12637    	0.130531   	0.0845068  	2.19986	
3.5e-11    	7          	0.999992   	0.000291577	0.000121602	0.91132    	0.999992   	-0.000122824	-0.000170458	0.911317   	0.999991   	-0.000121405	-1.31277e-05	0.911278   	0.999993   	9.46299e-05	7.64578e-05	0.911317   	0.999991   	-0.000320371	0.000137121	0.911278   	0.999992   	0.000225216	-0.000265034	0.911299   	0.999992   	-0.00024281	4.16663e-05	0.911237   	0.999992   	-0.000167567	0.000110633	0.91127    	0.999992   	0.000302626	-0.000137935	0.911276   	0.999992   	-0.000218877	-5.04516e-05	0.911292   	0.999992   	0.000146513	0.000228533	0.911292   	0.999991   	8.65754e-05	-0.000129484	0.911334   	0.999992   	0.000618505	-0.000196759	0.911284   	0.999992   	-0.000101665	0.00052615 	0.911318   	0.999991   	-0.000591633	-0.000267125	0.911296   	0.0497785  	0.725481   	1.17412    	0.0498225  	0.0482079  	0.792184   	1.15081    	0.0482122  	0.053004   	0.810723   	1.37659    	0.0530128  	0.0489801  	0.726632   	1.01456    	0.0489259  	0.0472621  	0.828613   	1.26382    	0.0471495  	0.0522231  	0.824941   	1.06794    	0.0522088  	0.048836   	0.838075   	1.07173    	0.0488603  	0.0538014  	0.767341   	1.24754    	0.0537254  	0.0520643  	0.822158   	1.14121    	0.0520443  	0.0481931  	0.764102   	1.28524    	0.0482028  	0.0489551  	0.862928   	1.1097     	0.0489277  	0.0497334  	0.845244   	1.28701    	0.0497385  	0.048007   	0.844936   	1.07954    	0.0480111  	0.0502678  	0.908931   	1.09927    	0.0502989  	0.0490234  	0.969141   	1.19092    	0.0490444  	8.12054	8.0854	8.18505	7.84451	7.5077	8.48589	8.00524	8.56892	8.18325	8.012	8.48018	7.84104	7.72423	8.06159	8.10484	1          	-8.09478e-06	7.88222e-07	0.911287   	0.105158   	0.13079    	0.132501   	0.105159   	2.17123	
4e-11      	6.8        	0.99999    	6.61947e-05	0.000495831	0.90151    	0.99999    	0.000249537	-0.000180667	0.901561   	0.99999    	-0.000257182	-0.000271214	0.901581   	0.999989   	-4.30512e-05	0.000183318	0.901553   	0.999991   	0.000252233	1.05423e-06	0.901517   	0.999989   	-0.000198243	-0.000161628	0.901525   	0.999989   	0.000121069	-0.000209997	0.901561   	0.99999    	6.19123e-05	0.000216539	0.901516   	0.999988   	-0.000124192	1.34038e-05	0.901513   	0.99999    	-0.000104369	-0.000758446	0.901583   	0.99999    	0.000247103	0.000556639	0.901524   	0.999989   	-0.00016775	0.000209929	0.901519   	0.999989   	0.00018786 	-4.49249e-05	0.901566   	0.99999    	0.000135233	0.000953456	0.901534   	0.999988   	-0.000280981	-0.00101679	0.901596   	0.0650262  	0.971926   	1.36838    	0.0650334  	0.062027   	0.953119   	1.47301    	0.0619231  	0.0619172  	1.0355     	1.3513     	0.0618513  	0.0610067  	1.15704    	1.445      	0.0609409  	0.0663647  	0.966785   	1.1218     	0.0663959  	0.0645705  	1.11263    	1.5021     	0.0645491  	0.0605352  	1.02837    	1.55455    	0.0604661  	0.0655494  	0.963191   	1.42975    	0.0656351  	0.0586342  	1.04197    	1.74079    	0.0585736  	0.0594472  	0.892846   	1.53674    	0.0595118  	0.0606086  	0.92941    	1.42159    	0.0606213  	0.0609079  	0.971514   	1.54359    	0.0609957  	0.0609687  	0.92846    	1.61172    	0.0610429  	0.061283   	0.980754   	1.37676    	0.0613209  	0.0625993  	1.05254    	1.73805    	0.0625968  	9.66687	8.95404	9.3511	9.13515	9.76928	9.69827	8.66733	9.39027	8.56863	8.75877	9.07631	8.79909	9.14455	9.30784	9.22452	1          	9.66281e-06	-9.37802e-07	0.901534   	0.140089   	0.125888   	0.132037   	0.140091   	2.0365	
4.5e-11    	6.6        	0.999989   	0.000526325	-0.000136005	0.889943   	0.999986   	-0.000148986	3.00634e-05	0.889983   	0.999986   	-0.000349502	0.000158916	0.890011   	0.999989   	-1.75653e-05	-8.99521e-05	0.8899     	0.999988   	-0.000103217	0.000362213	0.889954   	0.999987   	9.26549e-05	-0.000286998	0.890008   	0.999985   	0.000595962	-0.00137111	0.890012   	0.999987   	0.000466683	0.000652827	0.889936   	0.999987   	-0.00108072	0.000700637	0.889977   	0.999986   	0.000297006	-0.00109686	0.889985   	0.999987   	-4.72765e-05	0.00036299 	0.889977   	0.999987   	-0.000233272	0.000791146	0.889882   	0.999988   	0.000379055	-0.000328548	0.889986   	0.999986   	-0.000277821	0.000607976	0.889952   	0.999987   	-8.03153e-05	-0.000194192	0.889989   	0.0816086  	1.03201    	1.56491    	0.0816472  	0.0820346  	1.24345    	1.97688    	0.0817677  	0.0749442  	1.18011    	1.95819    	0.074864   	0.0768047  	1.03301    	1.62993    	0.0767217  	0.0770327  	1.02094    	1.85015    	0.0768777  	0.076266   	1.07185    	1.85938    	0.0761845  	0.0744919  	1.28525    	1.9669     	0.0744864  	0.0851948  	1.22433    	1.80337    	0.0852757  	0.0799787  	1.15835    	1.65216    	0.0798883  	0.0809306  	1.59528    	1.57029    	0.0810642  	0.0805374  	1.33118    	1.56035    	0.0804914  	0.0833692  	1.37874    	1.60649    	0.0832752  	0.0858907  	1.12043    	1.65231    	0.0859829  	0.073885   	1.42605    	1.88693    	0.073719   	0.0804602  	1.07139    	1.92081    	0.0805781  	10.8022	10.923	10.5296	10.4893	10.1862	10.2212	9.87607	10.7779	10.8124	10.4216	10.3416	10.9699	10.7282	10.0074	10.6233	1          	1.31208e-06	1.0854e-05 	0.889955   	0.182209   	0.136165   	0.133659   	0.182208   	1.90485	
5e-11      	6.4        	0.999982   	0.000265651	0.000718591	0.876315   	0.999981   	0.000370763	-0.000102408	0.876297   	0.999984   	-0.00073583	-0.000640599	0.876186   	0.999982   	-2.3557e-05	0.000344655	0.876299   	0.999983   	-0.000572056	-0.000511054	0.876203   	0.999983   	0.000703704	0.000197889	0.876266   	0.999984   	0.000214386	0.000427259	0.876227   	0.999983   	2.20449e-05	4.70097e-05	0.876248   	0.999983   	-0.000160191	-0.000542104	0.87627    	0.99998    	0.000588237	5.14407e-05	0.87626    	0.999983   	-0.000140638	0.00015704 	0.876245   	0.999979   	-0.000449763	-0.000154837	0.876298   	0.999981   	-0.000165368	-0.00134778	0.876284   	0.999981   	-0.000258088	0.000733399	0.876327   	0.999985   	0.000361716	0.000627876	0.876183   	0.105567   	1.29982    	2.77729    	0.105343   	0.098939   	1.35355    	2.79661    	0.0987322  	0.101877   	1.25226    	2.34556    	0.101667   	0.100044   	1.57027    	2.51987    	0.0999626  	0.0937218  	1.43949    	2.31341    	0.0938255  	0.10455    	1.53187    	2.31305    	0.104731   	0.0959572  	1.36619    	2.12522    	0.0959551  	0.10115    	1.38655    	2.43449    	0.101202   	0.102467   	1.34672    	2.51225    	0.102749   	0.0975712  	1.3079     	3.19167    	0.0977046  	0.0964441  	1.4061     	2.39512    	0.0964228  	0.101048   	1.42104    	3.29351    	0.100855   	0.100308   	1.71068    	2.26607    	0.100261   	0.105847   	1.49396    	2.7186     	0.10592    	0.0941229  	1.38669    	1.95237    	0.0942598  	11.9887	11.946	11.7349	11.5924	11.6739	12.436	11.7106	12.3731	12.4936	11.9402	11.5441	11.0015	12.4387	12.7394	11.0704	1          	1.39192e-06	5.36454e-07	0.876245   	0.236085   	0.132001   	0.136439   	0.236085   	1.65346	
5.5e-11    	6.2        	0.99997    	-0.000203044	-5.19009e-05	0.860068   	0.999972   	-0.000815655	0.00020199 	0.860055   	0.999967   	0.00096126 	-0.000223033	0.859992   	0.99997    	-0.000572991	-1.77731e-05	0.860001   	0.999973   	0.000143984	-0.00030569	0.860132   	0.999975   	0.000363927	0.000316767	0.860042   	0.999976   	-0.000633259	-0.000795926	0.860079   	0.99997    	-0.000116218	-0.00130434	0.859929   	0.999973   	0.000769636	0.00202683 	0.85998    	0.999978   	-0.000253751	-0.00178357	0.860021   	0.999975   	0.000246901	0.00100561 	0.860079   	0.999976   	-1.82644e-05	0.000776252	0.859998   	0.999971   	-0.000609941	0.000557083	0.859995   	0.999973   	0.00025152 	-0.00107689	0.860021   	0.999973   	0.00039903 	0.000484307	0.860065   	0.127578   	1.93391    	4.59243    	0.127749   	0.127326   	1.95267    	3.937      	0.127253   	0.13625    	2.01613    	5.04013    	0.134999   	0.121484   	1.66673    	4.80272    	0.120655   	0.128384   	1.84746    	4.02249    	0.128568   	0.128508   	1.87392    	3.62643    	0.128298   	0.119957   	1.79004    	3.39447    	0.11942    	0.133026   	1.86268    	4.34561    	0.133099   	0.135158   	1.74784    	3.68202    	0.135321   	0.141932   	1.574      	2.93628    	0.141678   	0.123108   	1.69369    	3.67562    	0.123143   	0.140388   	1.80704    	3.42112    	0.140379   	0.13078    	1.9891     	4.14802    	0.130477   	0.135418   	2.29087    	3.45193    	0.13555    	0.134433   	1.98731    	3.75289    	0.133597   	13.7624	13.7395	14.991	13.1794	12.9377	13.4082	12.3859	14.1797	14.461	14.4846	13.0578	14.8161	14.3637	15.3109	14.9722	1          	-5.77219e-06	-1.25768e-05	0.860007   	0.335899   	0.138365   	0.134882   	0.335895   	1.50842	
6e-11      	6          	0.999963   	-0.000160371	-0.000726563	0.840979   	0.999962   	-0.000198453	0.00155594 	0.840789   	0.999963   	0.000285865	-0.000758167	0.840945   	0.999961   	-0.00153627	-0.000342743	0.840794   	0.999965   	0.00110873 	0.00115565 	0.840968   	0.999963   	0.000344065	-0.000812829	0.840961   	0.999965   	-0.000393243	-0.00164288	0.840932   	0.999955   	-5.16028e-08	0.00216334 	0.840849   	0.999969   	0.000407148	-0.000587081	0.8408     	0.999953   	-0.000755542	-0.000705277	0.840941   	0.999965   	9.12595e-05	0.000625011	0.840946   	0.999966   	0.000690704	5.97861e-05	0.840878   	0.999947   	0.000818718	-0.00373827	0.840826   	0.999954   	-0.000277832	0.00332884 	0.840877   	0.999941   	-0.000484855	0.000408779	0.840944   	0.170784   	2.73943    	4.96461    	0.171439   	0.191897   	2.72668    	4.86742    	0.19256    	0.181798   	2.23945    	5.41933    	0.181845   	0.169791   	2.45805    	5.33067    	0.168969   	0.172047   	2.41476    	4.61305    	0.171415   	0.177863   	2.59457    	5.05302    	0.176851   	0.183168   	2.41777    	4.47425    	0.183276   	0.162446   	2.49134    	6.31372    	0.163214   	0.172033   	2.08724    	4.36132    	0.171418   	0.181418   	2.34677    	7.2158     	0.181472   	0.185022   	2.05354    	5.19789    	0.184726   	0.184801   	2.59177    	4.3732     	0.18483    	0.183557   	2.40085    	7.07561    	0.182798   	0.182041   	2.8096     	5.47795    	0.182135   	0.17104    	2.50763    	9.58414    	0.170635   	17.0125	17.3664	18.9556	16.8323	16.1143	16.2287	17.5431	16.2041	16.5462	17.1932	17.2168	19.7863	17.0104	17.1991	17.0378	1          	-3.94032e-06	-1.11991e-06	0.840861   	0.453257   	0.140421   	0.149449   	0.453256   	1.49775	
6.5e-11    	5.8        	0.99988    	-0.000890573	0.00233008 	0.818003   	0.999783   	0.000970534	-0.0154269 	0.817328   	0.999843   	-0.000117577	0.0129765  	0.817986   	0.999892   	-0.000333613	-0.0107934 	0.817699   	0.999933   	-0.000588018	0.00308414 	0.81827    	0.999878   	0.000951957	0.00766533 	0.817406   	0.999908   	0.00167437 	-0.00518779	0.817355   	0.99989    	-0.00175402	0.00980522 	0.817869   	0.999946   	0.000144726	-0.00453452	0.818008   	0.999867   	-0.00064341	0.0105863  	0.818109   	0.999912   	-0.000197685	0.00251507 	0.817534   	0.999842   	0.000837997	-0.0131258 	0.817765   	0.999767   	0.00143964 	0.0160992  	0.817409   	0.9998     	-0.000926333	-0.0131167 	0.818276   	0.99992    	-0.000434027	-0.00296823	0.817785   	0.311425   	3.16002    	19.7382    	0.303492   	0.373219   	3.41061    	15.6865    	0.361101   	0.286648   	3.7048     	10.6321    	0.284165   	0.368374   	2.56002    	7.12843    	0.35831    	0.309854   	2.91276    	9.26499    	0.310249   	0.307566   	2.77171    	15.3525    	0.317534   	0.314255   	3.03258    	12.1461    	0.309273   	0.311938   	3.344      	8.44652    	0.31009    	0.268412   	3.15424    	5.35641    	0.268918   	0.263154   	2.64034    	12.3676    	0.257576   	0.289986   	3.24353    	13.3503    	0.29226    	0.277003   	2.78027    	11.2159    	0.269073   	0.301958   	3.3512     	16.7077    	0.293581   	0.272724   	4.0133     	18.2568    	0.277539   	0.287476   	3.42728    	11.4539    	0.283176   	26.1291	25.6161	23.4416	26.0596	26.2889	25.0899	23.9947	25.3464	23.6061	22.3812	22.3706	20.3873	23.5972	22.4864	22.8787	1          	8.30291e-06	-4.85735e-06	0.817681   	0.843298   	0.141224   	0.14173    	0.843304   	6.02031	
7e-11      	5.6        	0.997552   	0.000472125	-0.064967  	0.782331   	0.999767   	0.00039664 	-0.00471683	0.78242    	0.99682    	-0.00095867	0.067798   	0.798986   	0.997389   	0.000678489	-0.0597067 	0.798227   	0.996798   	-0.000422685	0.0697304  	0.787366   	0.999906   	-0.000283364	-0.00901706	0.778422   	0.9996     	-0.000197783	0.0242461  	0.775682   	0.998404   	2.96333e-06	0.0434725  	0.795326   	0.996994   	0.000252586	-0.0674065 	0.792423   	0.996618   	-0.000268646	0.0736965  	0.796728   	0.998851   	-0.000510409	-0.0451678 	0.7758     	0.999023   	0.000758945	-0.030038  	0.791418   	0.999375   	-0.000728458	0.0151395  	0.787018   	0.996689   	-0.000607855	-0.0716091 	0.798487   	0.998166   	0.00134339 	0.0583487  	0.778288   	2.36103    	2.682      	56.6773    	1.5461     	2.74646    	2.19492    	37.6548    	2.69542    	0.986676   	2.98194    	161.973    	2.28008    	0.76036    	2.90363    	151.806    	1.64772    	1.40083    	2.50546    	136.366    	0.967817   	4.28174    	3.36222    	6.01971    	4.28461    	3.88604    	2.71906    	15.8456    	3.77018    	0.789536   	3.1388     	117.359    	0.909907   	0.812882   	3.21317    	131.386    	0.938042   	0.706171   	2.45008    	121.186    	1.44713    	5.06947    	2.41578    	20.0235    	4.72378    	0.702865   	2.86966    	93.2154    	0.49636    	1.35541    	2.53024    	89.7504    	1.10073    	0.816872   	2.49698    	137.12     	2.05402    	3.95263    	2.8468     	19.6699    	3.30479    	43.7711	44.9367	233.037	203.507	73.9206	67.0952	53.7962	157.86	78.3145	164.99	91.9834	92.6714	48.6691	209.557	61.9153	1          	-6.01896e-06	-7.06182e-06	0.786446   	8.66052    	0.139859   	0.140714   	8.66049    	220.112	
7.5e-11    	5.4        	0.995919   	0.00177493 	-0.0874965 	0.757245   	0.997196   	-0.00214246	-0.0720499 	0.739097   	0.988241   	0.000391778	0.152388   	0.783866   	0.988371   	-0.00130238	-0.151589  	0.776983   	0.992876   	0.00109684 	0.117301   	0.76856    	0.999033   	0.000221721	0.0380325  	0.735514   	0.999838   	-0.000837619	-0.00249885	0.735673   	0.98994    	0.000924455	0.140999   	0.768132   	0.990397   	-0.000214172	-0.137413  	0.777222   	0.989325   	-0.000752977	0.145294   	0.782917   	0.999456   	0.000664781	-0.0274508 	0.739106   	0.992332   	0.000176676	-0.122935  	0.758342   	0.994752   	0.000283594	0.100745   	0.748365   	0.98911    	-0.000449929	-0.14657   	0.78507    	0.998401   	0.000153586	0.0531914  	0.745896   	1.51447    	2.49355    	37.7846    	0.884434   	1.2788     	1.94282    	30.4143    	1.21642    	1.10172    	2.37297    	11.9038    	1.11966    	0.950531   	3.00362    	9.59376    	0.976634   	1.06623    	2.40409    	35.1601    	0.738193   	1.17372    	2.78511    	35.7673    	1.1196     	1.10995    	3.30567    	21.7894    	1.09382    	1.3214     	2.85254    	8.7255     	0.967105   	0.760058   	3.26801    	17.1754    	0.630167   	0.570364   	2.34057    	8.86884    	0.562615   	0.929382   	2.40865    	24.2365    	0.796426   	1.60884    	2.46765    	11.0078    	1.21089    	2.12186    	2.78913    	22.693     	1.46251    	0.685457   	2.64144    	13.4335    	0.72426    	2.22715    	2.33878    	27.0645    	1.79058    	96.72	66.2947	69.5448	57.0883	73.639	59.4613	64.887	68.4311	59.6831	51.9505	56.2885	80.9274	106.341	58.5637	135.746	1          	2.34473e-07	1.50127e-05	0.755255   	1.33367    	0.138194   	0.153944   	1.33367    	18.2853	
8e-11      	5.2        	0.99819    	0.000192471	-0.0564333 	0.738901   	0.991509   	0.00105657 	-0.129403  	0.699419   	0.984663   	-0.00122497	0.173853   	0.759615   	0.983177   	0.000612189	-0.182341  	0.748129   	0.995565   	-0.000524098	0.0924238  	0.753446   	0.995233   	-8.52806e-05	0.096487   	0.696952   	0.998441   	-0.000837005	-0.0533367 	0.700556   	0.983089   	0.00151088 	0.182705   	0.733981   	0.991693   	-0.000563404	-0.127425  	0.764418   	0.988121   	0.000916529	0.152732   	0.768131   	0.999739   	-0.000224155	0.0152237  	0.709605   	0.984235   	-0.000745291	-0.176396  	0.722186   	0.987252   	0.000196423	0.158585   	0.709597   	0.985908   	-0.000694205	-0.166363  	0.766452   	0.999592   	0.000612088	0.0201037  	0.723314   	3.16704    	3.58525    	30.1522    	2.37562    	1.97404    	2.76965    	8.42465    	1.40627    	1.00399    	2.92332    	15.7616    	1.74631    	2.39009    	2.96921    	7.03336    	2.9501     	3.21002    	2.28952    	22.3312    	2.15857    	1.206      	2.76837    	11.4876    	1.07603    	1.28021    	2.81991    	16.8518    	1.49951    	4.72795    	3.15711    	8.75893    	4.50724    	2.31191    	3.62346    	21.9825    	1.52503    	1.96814    	3.23665    	21.1671    	1.32277    	2.70817    	2.54285    	19.0811    	2.85578    	6.33143    	3.59147    	8.31397    	5.58403    	3.00946    	2.78572    	10.0657    	2.20663    	0.560713   	2.85005    	24.1295    	0.97987    	2.59405    	2.50684    	28.8507    	2.38719    	178.285	97.2378	57.9514	124.483	178.491	67.6974	72.4049	224.155	141.222	123.109	143.683	317.706	142.907	44.4997	144.194	1          	9.31172e-06	-5.31586e-06	0.726389   	0.873021   	0.133178   	0.145458   	0.873018   	9.58897	
8.5e-11    	5          	0.999545   	-0.000931724	-0.025125  	0.728869   	0.984667   	-8.30209e-05	-0.174008  	0.659928   	0.982872   	0.000939551	0.182874   	0.728721   	0.9807     	-1.20126e-06	-0.194911  	0.709729   	0.998261   	-9.3396e-05	0.0564106  	0.743853   	0.989066   	0.000185294	0.146707   	0.663318   	0.993678   	0.000745822	-0.111307  	0.676208   	0.978545   	-0.000258943	0.205295   	0.689511   	0.995673   	-0.00057843	-0.0904021 	0.751121   	0.99194    	0.00183317 	0.124523   	0.749868   	0.997933   	-0.000639505	0.0627438  	0.69337    	0.979409   	-0.00137001	-0.201073  	0.672595   	0.981468   	-0.000618616	0.190868   	0.664333   	0.98736    	-0.000299591	-0.155977  	0.742064   	0.999679   	0.000839426	-0.0169981 	0.710024   	2.27385    	3.0714     	18.7696    	2.39958    	2.09858    	2.37759    	7.94521    	2.64868    	3.63024    	2.98146    	35.1968    	1.47521    	1.88664    	3.64245    	13.2552    	1.2656     	2.31263    	3.29034    	20.1561    	1.92903    	2.37033    	3.41903    	10.8114    	2.10619    	2.30178    	2.94759    	11.2792    	2.25902    	2.26979    	2.65109    	19.0129    	2.72093    	2.42092    	2.51629    	34.528     	1.32799    	1.23437    	2.67752    	41.9935    	1.02216    	2.99704    	2.82641    	10.8557    	3.1129     	2.61228    	2.50158    	19.6867    	3.10853    	1.52602    	3.31339    	16.2813    	2.30787    	3.34853    	3.09389    	58.7625    	1.32582    	3.62853    	3.10709    	23.0484    	3.6393     	120.62	103.817	177.218	91.3901	127.681	111.427	112.902	111.189	129.971	69.2914	152.119	121.608	72.0793	156.191	191.685	1          	-1.1466e-05	1.05916e-05	0.698184   	0.692616   	0.143742   	0.146011   	0.692616   	5.55093	
9e-11      	4.8        	0.999623   	2.62462e-05	-0.0234335 	0.71531    	0.97634    	-0.000169474	-0.21583   	0.631669   	0.97517    	1.92378e-05	0.221092   	0.69657    	0.969274   	0.00142974 	-0.245693  	0.673355   	0.997403   	-0.000951069	0.0708046  	0.728861   	0.983996   	-0.000387955	0.177867   	0.641624   	0.991483   	-0.000583329	-0.129685  	0.659006   	0.964132   	0.00018766 	0.265097   	0.653872   	0.992441   	0.000363333	-0.121992  	0.732723   	0.987627   	-0.000851308	0.156109   	0.727197   	0.996605   	0.00114853 	0.0808304  	0.677239   	0.965583   	-0.000228015	-0.259812  	0.639894   	0.969715   	0.00118912 	0.243812   	0.63395    	0.981654   	-0.000885204	-0.190346  	0.713606   	0.999468   	-0.000117133	-0.0291483 	0.696157   	2.25677    	3.74274    	11.4982    	2.20108    	1.34301    	3.57887    	6.86402    	1.36357    	1.96331    	3.54028    	8.06266    	2.0223     	3.05453    	3.46283    	5.67953    	2.82895    	1.81704    	3.29849    	9.89868    	1.6059     	2.6709     	2.81805    	4.51595    	3.08353    	3.93147    	2.49218    	6.55635    	3.81986    	3.10421    	2.50426    	7.98056    	2.74525    	1.7563     	3.09568    	10.7755    	1.61978    	2.4242     	3.27863    	13.2982    	1.84761    	6.85006    	3.57247    	12.6817    	6.68304    	3.0981     	3.32516    	4.75376    	2.33601    	1.60559    	2.90423    	8.42819    	0.775848   	1.60404    	2.90738    	6.5045     	1.78559    	3.42657    	2.60911    	12.8903    	3.65858    	106.519	67.7125	92.7702	136.195	96.5075	125.227	182.607	136.028	88.5939	114.25	316.961	136.378	73.7854	73.9961	158.999	1          	5.806e-07  	1.02436e-05	0.670339   	0.586594   	0.139527   	0.142376   	0.586587   	3.54671	
9.5e-11    	4.6        	0.999696   	-0.001126  	0.0187132  	0.698313   	0.963794   	0.000642967	-0.266136  	0.596832   	0.975279   	0.000702896	0.220425   	0.67183    	0.964246   	-0.00171642	-0.264573  	0.645402   	0.999011   	-3.93617e-05	0.042295   	0.715803   	0.97283    	0.00173321 	0.230946   	0.607444   	0.984075   	-0.000339856	-0.177391  	0.630121   	0.956147   	0.00213793 	0.292579   	0.619546   	0.994954   	-0.00162635	-0.0995209 	0.719548   	0.989121   	0.00139377 	0.146705   	0.711384   	0.992917   	0.000588599	0.118285   	0.652755   	0.955473   	-0.00213694	-0.294816  	0.60347    	0.958695   	0.000270063	0.284252   	0.594585   	0.982526   	-0.000210853	-0.185833  	0.694825   	0.997873   	-8.28721e-05	-0.0642617 	0.677115   	2.03138    	3.77422    	14.5397    	2.04488    	2.47426    	3.13364    	10.0247    	1.43809    	2.69892    	2.54577    	13.6498    	2.86882    	4.71358    	2.82902    	10.1335    	3.83607    	2.24038    	3.03821    	10.9815    	2.19852    	4.19542    	2.34526    	11.1764    	3.54884    	4.38808    	2.24939    	4.64166    	3.75506    	3.06335    	2.78731    	7.26454    	3.28654    	2.18644    	3.90791    	8.00055    	1.94457    	1.69008    	2.94698    	5.72724    	1.83268    	2.24993    	3.1578     	4.29997    	1.95084    	2.25346    	3.01876    	5.31352    	2.60807    	2.85789    	2.31874    	3.24009    	3.01047    	3.2462     	2.57865    	5.10034    	3.1754     	2.58551    	2.5532     	5.19721    	2.33093    	94.2379	101.58	113.928	192.538	106.97	167.424	175.103	125.829	105.302	84.451	96.8238	94.0408	117.746	142.307	110.867	1          	-4.10305e-06	1.16408e-05	0.642803   	0.53741    	0.143636   	0.141484   	0.537422   	3.9293	
1e-10      	4.4        	0.999937   	-0.000583634	-0.00479055	0.689721   	0.955157   	-0.000665707	-0.295823  	0.556826   	0.964656   	0.00114082 	0.263159   	0.647762   	0.952376   	-0.00143078	-0.30463   	0.614892   	0.997626   	0.00214868 	0.0677372  	0.707245   	0.969493   	-0.00109218	0.244816   	0.572549   	0.98209    	0.000683027	-0.187734  	0.596963   	0.942867   	0.00190003 	0.332929   	0.587515   	0.992368   	-0.00224747	-0.12265   	0.711479   	0.985625   	0.00146611 	0.168507   	0.704093   	0.992378   	-0.00084485	0.122565   	0.627113   	0.94119    	-0.000807583	-0.33761   	0.563219   	0.945896   	0.000817036	0.324201   	0.552366   	0.975941   	-0.00145911	-0.217754  	0.681643   	0.998489   	0.000655382	-0.0539567 	0.659868   	2.31091    	2.94315    	4.14902    	2.30581    	1.91366    	2.38483    	5.12704    	2.01633    	3.47418    	3.29615    	7.34693    	2.7761     	2.97845    	4.07924    	4.73264    	1.87343    	1.86484    	3.31301    	7.6992     	1.87111    	3.00722    	3.3486     	3.87298    	3.13805    	2.9592     	3.02418    	9.71933    	2.37327    	3.19055    	3.00546    	4.95492    	3.24606    	1.35944    	2.71764    	9.21333    	1.55139    	2.90785    	2.52241    	8.31069    	3.04083    	2.53693    	3.03531    	6.29731    	2.47266    	2.84372    	2.64677    	6.6355     	3.71876    	2.67359    	2.88569    	4.75657    	2.48966    	2.67553    	2.85308    	5.37141    	2.77099    	3.68054    	2.88666    	4.11384    	3.73072    	100.026	71.4369	140.889	117.974	84.2752	113.367	112.139	124.813	58.7833	120.606	102.57	106.907	102.96	105.364	147.344	1          	-1.33919e-05	-1.63975e-05	0.615461   	0.479219   	0.134556   	0.146032   	0.479226   	2.61487	
1.05e-10   	4.2        	0.999476   	-6.65047e-05	-0.0288617 	0.671163   	0.956452   	-0.000578113	-0.291569  	0.524122   	0.958749   	0.000606169	0.283951   	0.618271   	0.943769   	-0.000403949	-0.330099  	0.584249   	0.99621    	0.000492815	0.0856221  	0.689837   	0.969053   	-0.000327131	0.246462   	0.542942   	0.983042   	-2.08544e-05	-0.182758  	0.569285   	0.937927   	-0.0013021 	0.346501   	0.554346   	0.99114    	0.000983979	-0.131824  	0.691216   	0.984628   	-0.000924713	0.173617   	0.675792   	0.993688   	0.00086707 	0.110483   	0.602043   	0.941363   	0.000341078	-0.337145  	0.532303   	0.948307   	0.000625766	0.316975   	0.521252   	0.975088   	0.000748628	-0.221018  	0.648979   	0.998892   	-0.00132671	-0.0419707 	0.638574   	2.70554    	3.65298    	10.6476    	2.82597    	2.28338    	3.27861    	4.25987    	2.31013    	4.6154     	2.87405    	5.69928    	3.56302    	7.18245    	2.3922     	11.3294    	4.06289    	2.82342    	3.38447    	12.6827    	2.60625    	4.85894    	2.70013    	5.30763    	4.51122    	4.11076    	2.65198    	7.15746    	3.131      	4.12893    	3.52159    	5.47476    	2.83644    	1.40035    	2.72962    	16.0238    	1.70386    	3.23315    	3.44208    	19.8854    	2.17084    	4.53898    	2.65829    	16.0512    	3.25917    	3.07181    	2.983      	3.95987    	3.02997    	3.56111    	2.74993    	5.87687    	2.60484    	6.65528    	3.57354    	15.5824    	4.04568    	3.0499     	3.09576    	23.7658    	2.89159    	101.867	81.5052	151.923	231.061	111.499	166.554	142.057	130.074	59.8867	120.338	156.661	110.458	129.86	233.826	113.931	1          	-9.10433e-06	-4.14259e-05	0.588271   	0.428086   	0.139522   	0.148726   	0.42809    	2.68899	
1.1e-10    	4          	0.998759   	-0.00174799	-0.0472715 	0.660669   	0.952859   	0.00170464 	-0.30311   	0.500582   	0.945874   	0.000532554	0.324131   	0.578154   	0.929997   	0.000384118	-0.367189  	0.539844   	0.995226   	0.00052403 	0.0966968  	0.67306    	0.967592   	-0.00090268	0.252227   	0.528709   	0.981896   	0.00271034 	-0.188999  	0.554211   	0.93184    	-0.00255913	0.362637   	0.512892   	0.991781   	-0.00024008	-0.127282  	0.66703    	0.984371   	-0.000802461	0.175022   	0.645502   	0.993775   	-0.000576011	0.110527   	0.588134   	0.93762    	0.00158924 	-0.347306  	0.494827   	0.942734   	-0.000523415	0.333302   	0.489496   	0.969105   	0.00101661 	-0.245937  	0.616395   	0.999461   	-0.000553152	-0.0297166 	0.625319   	7.32936    	5.07054    	10.3059    	7.28735    	6.87741    	2.6404     	3.22007    	6.06082    	6.11605    	4.47629    	6.8062     	4.62606    	5.44898    	3.76676    	8.67619    	6.0504     	8.13299    	3.78272    	6.91202    	7.21329    	6.93947    	3.28392    	2.50188    	6.71334    	3.19101    	2.8816     	3.4982     	2.73189    	4.54398    	3.05392    	3.26373    	4.62116    	4.34416    	4.63096    	6.01043    	3.86237    	3.05272    	4.05662    	18.0286    	1.87382    	2.56724    	3.2372     	6.355      	2.30446    	4.77179    	3.09213    	8.4868     	7.60038    	5.86163    	2.44488    	4.20399    	6.83806    	2.99551    	4.58794    	14.6267    	2.72064    	8.10834    	4.14986    	7.0408     	8.08813    	224.787	205.128	180.787	155.98	240.952	201.4	107.589	136.615	135.482	101.695	84.4702	143.121	179.955	96.2407	242.506	1          	5.39229e-06	-2.92837e-06	0.561232   	0.411575   	0.142086   	0.149334   	0.411577   	2.62131	
1.15e-10   	3.8        	0.997163   	0.0012154  	-0.0741857 	0.660537   	0.948004   	-0.00102831	-0.317905  	0.463722   	0.929318   	-0.000585289	0.369074   	0.54264    	0.914091   	0.000565993	-0.405276  	0.50819    	0.994609   	-0.000932106	0.103004   	0.67008    	0.959288   	0.000480284	0.282131   	0.491392   	0.977198   	0.000999252	-0.211715  	0.520725   	0.915891   	0.000103255	0.401057   	0.476055   	0.99152    	-0.000705377	-0.129218  	0.663375   	0.985342   	-7.10886e-05	0.169931   	0.63478    	0.993151   	-0.000303592	0.115688   	0.564743   	0.928042   	0.000155684	-0.372164  	0.448626   	0.938954   	0.00150939 	0.343717   	0.440189   	0.961916   	-0.00173793	-0.272655  	0.589887   	0.999866   	0.000595263	0.00320954 	0.622313   	2.26026    	3.95164    	6.22991    	2.19646    	3.44096    	3.14496    	3.51071    	3.02301    	4.09112    	3.25958    	2.98007    	3.78349    	3.64203    	3.21534    	4.31449    	4.02877    	2.40043    	2.99171    	5.98682    	2.02588    	3.09291    	3.00222    	2.57423    	2.74002    	2.82008    	2.57575    	7.28498    	2.39119    	2.27097    	3.0739     	6.9017     	2.368      	2.60093    	2.86098    	9.00153    	2.17154    	3.78339    	3.09891    	9.04752    	2.64112    	7.41156    	3.50008    	7.97729    	6.35786    	4.37308    	2.85447    	3.67376    	4.04709    	2.3596     	2.78403    	4.31036    	3.15702    	2.96409    	3.01716    	15.619     	2.53127    	3.27237    	3.66855    	10.9809    	3.29501    	70.3414	99.9759	118.978	103.819	77.2545	88.4481	80.5395	62.9089	79.7522	113.008	204.067	122.483	73.093	88.2929	102.273	1          	-1.684e-05 	-0.000101686	0.534216   	0.400855   	0.145787   	0.150217   	0.40086    	2.57558	
1.2e-10    	3.6        	0.996438   	0.00143302 	-0.0823129 	0.646398   	0.94137    	-0.0012635 	-0.337038  	0.437173   	0.91574    	-0.00093085	0.401349   	0.508982   	0.896506   	-0.00029969	-0.442822  	0.471702   	0.994288   	-0.00116968	0.105664   	0.659497   	0.952362   	0.00177413 	0.304472   	0.464878   	0.976834   	-0.00325992	-0.213387  	0.497526   	0.900941   	0.000999397	0.433717   	0.439604   	0.990318   	0.0016513  	-0.138183  	0.64603    	0.982176   	-0.00118553	0.1873     	0.610086   	0.99532    	0.00156845 	0.0952982  	0.540657   	0.923638   	-0.000519779	-0.38293   	0.416543   	0.934551   	0.00273585 	0.355434   	0.408351   	0.954746   	0.00108781 	-0.296806  	0.561596   	0.999586   	-0.00280656	0.0236888  	0.604566   	2.58673    	4.1549     	16.7321    	3.10851    	3.39509    	3.5108     	3.03531    	3.60237    	3.47466    	4.8637     	9.4825     	5.01536    	4.04117    	2.75067    	3.55883    	4.29964    	2.13696    	4.4819     	9.92778    	2.15732    	3.75144    	3.84815    	4.52256    	2.6188     	5.01222    	4.29453    	4.39865    	4.6045     	2.0777     	2.88788    	2.48456    	1.92541    	5.21708    	3.64727    	6.83127    	5.05065    	3.11678    	4.82407    	8.65947    	3.10603    	3.36602    	4.50574    	6.29487    	3.25985    	4.52753    	2.5086     	4.89728    	5.39306    	2.92328    	2.7365     	3.62719    	2.59291    	4.67076    	5.23272    	12.607     	5.60399    	5.98828    	5.03737    	8.96141    	6.06577    	79.1294	93.9209	86.6481	97.9397	67.7682	94.6177	132.843	56.7377	130.002	89.8544	93.0982	115.84	78.9006	112.04	155.071	1          	-3.66296e-05	4.2361e-05 	0.507272   	0.411236   	0.140851   	0.165238   	0.411226   	2.51816	
1.25e-10   	3.4        	0.998241   	-0.00159492	-0.0575554 	0.624607   	0.927107   	0.000890632	-0.374487  	0.409404   	0.913704   	0.00137513 	0.405971   	0.479254   	0.886226   	-0.000141556	-0.463056  	0.43878    	0.996636   	0.00177332 	0.081041   	0.646127   	0.937083   	-0.00233116	0.348733   	0.435143   	0.971346   	0.00285098 	-0.236762  	0.469704   	0.885613   	-0.000139853	0.464041   	0.41438    	0.990547   	-0.00210124	-0.135958  	0.623634   	0.982537   	-0.00102212	0.185511   	0.587059   	0.996106   	0.00177989 	0.0865991  	0.508136   	0.923571   	-0.000984847	-0.382929  	0.387664   	0.932175   	-5.66722e-06	0.361666   	0.377113   	0.960965   	-0.0027072 	-0.276142  	0.52887    	0.999873   	0.00219623 	0.00525444 	0.581412   	3.61454    	4.27232    	7.40486    	3.89633    	3.02991    	3.03581    	2.46225    	2.85884    	5.5987     	3.51786    	5.76423    	3.74611    	3.92482    	3.11522    	1.44461    	3.34797    	2.59759    	2.97722    	5.76239    	2.43702    	2.57656    	3.07229    	4.61986    	3.18965    	3.59726    	4.28145    	9.62765    	3.87907    	3.53499    	3.01068    	5.09713    	2.689      	3.10015    	4.52525    	14.155     	3.06348    	2.51563    	4.63016    	5.6015     	2.4172     	8.55825    	4.39073    	6.03529    	8.78327    	7.31993    	3.39471    	2.76891    	5.07611    	4.34337    	3.06891    	1.93352    	4.197      	6.41826    	4.49554    	6.46276    	5.71393    	7.16021    	4.49121    	6.51497    	7.16748    	83.813	70.5151	124.264	87.0345	66.7782	58.7229	81.1865	79.1214	75.0005	67.5727	177.001	152.122	98.9499	146.858	149.251	1          	-1.87418e-05	5.75843e-05	0.48031    	0.379559   	0.14459    	0.166596   	0.379562   	2.28549	
1.3e-10    	3.2        	0.998293   	-0.00107851	-0.0561733 	0.60387    	0.921513   	-0.00284274	-0.387867  	0.374526   	0.912976   	0.00380187 	0.407141   	0.451565   	0.868107   	0.00167256 	-0.496064  	0.408375   	0.996931   	-0.000308582	0.0772279  	0.630712   	0.925571   	-0.00111366	0.378135   	0.406495   	0.976573   	-0.000555662	-0.213944  	0.425631   	0.885321   	-0.00351013	0.464091   	0.389314   	0.988339   	0.00246451 	-0.151671  	0.607136   	0.983444   	-0.000424429	0.180454   	0.564932   	0.996424   	-0.000760624	0.0831271  	0.475624   	0.923307   	0.00172726 	-0.383666  	0.357728   	0.926562   	0.00354281 	0.375809   	0.348674   	0.957017   	-0.0016333 	-0.289749  	0.499648   	0.999803   	-0.000873222	0.015987   	0.558902   	10.3262    	3.66615    	10.5573    	11.0807    	3.88486    	5.09911    	2.20786    	3.67612    	6.2838     	3.56214    	13.4481    	2.44866    	5.26756    	3.50381    	2.59592    	3.82009    	2.38417    	4.3994     	5.00755    	2.20275    	4.54191    	3.55883    	3.57898    	3.68341    	8.69623    	4.5159     	12.7269    	11.7931    	6.72295    	3.63718    	10.2876    	2.56923    	2.20557    	4.39032    	4.68334    	1.81311    	3.45956    	4.32073    	8.00087    	2.96648    	4.54074    	3.61172    	3.83555    	4.43262    	6.6911     	3.29327    	3.07966    	7.39172    	4.00757    	2.76322    	1.49008    	4.03544    	9.52796    	3.10565    	2.72434    	9.43409    	4.1546     	3.1811     	3.03872    	4.13097    	200.27	79.7548	147.1	96.3141	55.6631	89.9382	160.062	138.447	53.9238	74.1576	91.8425	129.476	76.5053	185.545	98.5216	1          	-1.95854e-05	0.000178595	0.453335   	0.381144   	0.138032   	0.185526   	0.38114    	2.66004	
1.35e-10   	3          	0.999727   	0.00241283 	-0.0178188 	0.549679   	0.899879   	0.00122873 	-0.435695  	0.367625   	0.9168     	-0.00418705	0.398969   	0.434702   	0.849219   	0.00532254 	-0.527664  	0.383218   	0.997226   	-0.00568926	0.0730385  	0.615704   	0.90766    	0.0035881  	0.419228   	0.373676   	0.975865   	-0.00191875	-0.217137  	0.379304   	0.882418   	-0.00513325	0.4699     	0.368035   	0.987272   	0.00457349 	-0.158195  	0.591633   	0.983376   	-0.00334547	0.180894   	0.545184   	0.996206   	3.8408e-05 	0.0855379  	0.446836   	0.913281   	0.00530774 	-0.406654  	0.325309   	0.914703   	-0.00457236	0.403597   	0.326514   	0.94415    	0.000890469	-0.329068  	0.455922   	0.999627   	0.00231977 	0.0235525  	0.550023   	4.619      	4.7506     	5.22665    	4.73392    	3.95207    	5.19406    	3.09275    	4.58514    	2.58184    	5.39839    	1.69329    	1.80414    	6.59642    	4.49072    	1.66505    	4.81745    	1.63954    	6.42805    	3.24863    	1.69585    	4.36104    	4.67813    	1.89033    	2.98563    	5.27259    	4.9771     	6.09507    	5.03656    	3.4277     	6.65232    	2.74867    	2.83524    	2.18661    	7.14191    	5.27831    	1.90745    	2.87172    	7.02032    	3.41214    	2.9537     	4.0836     	5.32026    	2.10009    	3.98776    	5.56854    	5.26652    	2.0085     	4.75998    	4.72264    	4.47212    	1.15718    	3.99513    	5.98883    	4.84546    	2.46993    	4.34138    	1.97067    	4.10052    	4.14326    	1.99699    	78.562	69.682	53.2451	106.142	38.9907	76.2562	97.4665	62.393	48.4032	54.9751	71.8105	95.6413	75.1028	99.1329	44.6742	1          	2.07369e-06	-0.000135058	0.426259   	0.367321   	0.144594   	0.183599   	0.367328   	2.48962	
1.4e-10    	2.8        	0.999889   	0.00116719 	-0.00736184	0.51819    	0.880149   	-0.00129781	-0.474378  	0.346234   	0.909424   	-0.00034503	0.415584   	0.411718   	0.809329   	0.00363609 	-0.587048  	0.353731   	0.997438   	-0.0056345 	0.0703618  	0.604402   	0.882948   	0.00571254 	0.469051   	0.348845   	0.964843   	0.00282089 	-0.26219   	0.334536   	0.870072   	0.00554196 	0.492617   	0.347157   	0.988882   	-0.0049085 	-0.148077  	0.578611   	0.983998   	0.00359459 	0.177623   	0.523529   	0.994547   	0.000728668	0.103031   	0.417873   	0.896315   	-0.00732964	-0.442924  	0.296685   	0.900934   	0.0071528  	0.433466   	0.301323   	0.926559   	-0.00233211	-0.375655  	0.420721   	0.998961   	-0.00208218	0.0429123  	0.536575   	2.2571     	4.82586    	1.75379    	2.27155    	3.18672    	3.57087    	1.15722    	2.59386    	3.15154    	4.05506    	1.23818    	2.57085    	5.34542    	3.1612     	1.30039    	3.46452    	1.44056    	5.02214    	2.24217    	1.45177    	3.44937    	4.37935    	1.29025    	2.68743    	4.05948    	4.0442     	1.10115    	3.87928    	2.62269    	3.32235    	1.04411    	2.19014    	1.66727    	5.21703    	2.6765     	1.62919    	1.83695    	5.07468    	2.45102    	1.92078    	2.60365    	5.17327    	1.48544    	2.58792    	2.98428    	3.17788    	0.948581   	2.15615    	2.41451    	4.05166    	0.731978   	2.2283     	4.31616    	4.08333    	3.91526    	2.82439    	3.24217    	5.25476    	4.6575     	3.38522    	40.2915	48.2654	48.6463	80.396	31.4629	53.9486	62.5954	45.4816	31.6584	39.1634	41.8807	50.2175	40.6445	64.0911	60.496	1          	-1.4379e-05	-8.82985e-05	0.399035   	0.378739   	0.140121   	0.181452   	0.378735   	2.74506	
1.45e-10   	2.6        	0.99986    	0.0037344  	-0.00434079	0.48985    	0.855451   	0.0020766  	-0.517509  	0.323021   	0.897566   	-0.00626703	0.440485   	0.38938    	0.765877   	0.00711014 	-0.642506  	0.326824   	0.997299   	-0.0034228 	0.0720757  	0.590842   	0.856392   	-0.00136766	0.515894   	0.322158   	0.956486   	0.000436947	-0.291015  	0.295821   	0.849104   	-0.006011  	0.527782   	0.323924   	0.987914   	0.00358776 	-0.154402  	0.564113   	0.982737   	-0.000703719	0.184096   	0.499732   	0.99361    	-0.00298782	0.110815   	0.389004   	0.876057   	0.00473612 	-0.48164   	0.270978   	0.880936   	-0.0038279 	0.472607   	0.274814   	0.903554   	0.00157473 	-0.428051  	0.389406   	0.997872   	0.00100357 	0.0635943  	0.522701   	1.60386    	7.01829    	1.64419    	1.60621    	1.50529    	4.71648    	0.916564   	1.28017    	2.04866    	5.88656    	0.887257   	1.95815    	2.41256    	7.07415    	0.84451    	1.42743    	1.54168    	7.48311    	2.13564    	1.52967    	3.49127    	4.76691    	1.11045    	2.59826    	2.93585    	4.31045    	1.00665    	2.54947    	2.59005    	5.00144    	0.90784    	1.84928    	1.62203    	6.01521    	1.94688    	1.5091     	2.35096    	9.8684     	2.14153    	2.05113    	3.75723    	8.59123    	1.17895    	3.54923    	2.7943     	4.30938    	0.938249   	2.38999    	3.02799    	4.73056    	0.701795   	2.05584    	1.99215    	6.94424    	1.02108    	1.9471     	2.01844    	6.63266    	1.57761    	1.99555    	27.0577	26.128	31.2936	33.0288	27.9048	49.0667	44.2768	38.3275	26.5833	39.1303	52.3037	42.4242	47.1728	32.8377	39.5326	0.999999   	9.63602e-06	-3.89532e-05	0.371798   	0.375823   	0.145473   	0.169236   	0.375823   	2.46338	
1.5e-10    	2.4        	0.999731   	0.00648465 	-0.00341803	0.464671   	0.827527   	-0.0043705 	-0.560621  	0.301122   	0.880086   	-0.00525175	0.474446   	0.363812   	0.70813    	-5.94793e-05	-0.70573   	0.301906   	0.99696    	-0.00834016	0.075633   	0.576583   	0.823814   	0.0161026  	0.565936   	0.29739    	0.94349    	-0.0199139 	-0.329304  	0.263206   	0.820708   	0.00108307 	0.570813   	0.301082   	0.986991   	0.00899269 	-0.159799  	0.54519    	0.980985   	-0.00666342	0.193342   	0.477168   	0.992383   	0.0135861  	0.119615   	0.360739   	0.844374   	-0.00677056	-0.535086  	0.245007   	0.847626   	0.00073062 	0.529462   	0.246454   	0.883679   	0.00917051 	-0.467639  	0.361668   	0.997316   	-0.00629227	0.0697078  	0.506553   	1.95704    	14.2877    	0.984072   	1.94077    	1.82918    	10.672     	0.650068   	1.40622    	1.732      	5.15125    	0.767565   	1.39835    	3.63203    	4.5075     	0.585034   	2.06799    	1.4401     	12.5648    	1.16905    	1.44921    	2.6873     	8.7225     	0.590429   	1.7745     	2.65015    	8.95326    	0.722107   	2.29516    	2.68735    	6.56184    	0.720011   	1.87502    	1.29772    	8.7785     	1.3535     	1.318      	1.21678    	7.00122    	1.00558    	1.14924    	1.66365    	12.2078    	0.796257   	1.62527    	1.79986    	5.07127    	0.439562   	1.40469    	2.45838    	9.56586    	0.516991   	1.82402    	2.34036    	5.23006    	0.713127   	1.7496     	1.41982    	16.3604    	0.956084   	1.40449    	28.3022	25.5944	24.9387	43.4664	26.9825	36.7181	32.3783	35.8383	24.7149	20.9079	25.191	29.409	35.0437	30.1329	24.7701	0.999999   	8.74196e-06	1.90044e-05	0.344521   	0.37242    	0.146698   	0.181078   	0.37242    	2.22938	
1.55e-10   	2.2        	0.998108   	-0.0534241 	-0.000214172	0.437979   	0.786528   	0.0204562  	-0.616629  	0.274725   	0.864421   	0.0547467  	0.497899   	0.344826   	0.638065   	-0.0587034 	-0.766448  	0.277147   	0.995666   	0.0434284  	0.0782655  	0.56018    	0.789299   	-0.0284492 	0.612712   	0.274073   	0.923697   	0.0531238  	-0.377428  	0.230212   	0.788477   	0.0526803  	0.611802   	0.281339   	0.984121   	-0.0540615 	-0.166456  	0.524683   	0.976556   	0.0661553  	0.201579   	0.453687   	0.989158   	-0.0545613 	0.132432   	0.333156   	0.802394   	-0.0428628 	-0.594061  	0.22122    	0.805566   	0.0126883  	0.591068   	0.219774   	0.858923   	-0.0760686 	-0.504213  	0.33588    	0.996068   	0.0421515  	0.0744182  	0.487353   	1.58113    	25.315     	0.814873   	1.65495    	2.35743    	6.79501    	0.6201     	1.78163    	2.36092    	31.3613    	0.667648   	1.81781    	2.51952    	20.6684    	0.675923   	1.45837    	1.95115    	28.0257    	1.03115    	1.7365     	2.52631    	7.07849    	0.625909   	1.61179    	2.72685    	11.1228    	0.601371   	2.70005    	2.45632    	12.8114    	0.594143   	1.6231     	2.10922    	34.3083    	1.04207    	2.07545    	1.79857    	38.6856    	0.934774   	1.37106    	2.76581    	16.2049    	0.823766   	2.70792    	2.65649    	8.64517    	0.601081   	1.72248    	2.82348    	9.52225    	0.614027   	2.04197    	2.91603    	35.4408    	0.70581    	2.02329    	1.81621    	17.6994    	1.02959    	1.91092    	23.8277	29.0657	27.0139	31.1143	26.2249	31.2759	30.4346	30.6286	31.3774	24.1929	32.8383	34.9396	32.2624	32.7568	26.4672	0.999999   	3.8457e-05 	8.59722e-05	0.31695    	0.424627   	0.142389   	0.174809   	0.424626   	2.30529	
1.6e-10    	2          	0.978179   	-0.200332  	-0.00328756	0.408737   	0.754291   	-0.0511524 	-0.653651  	0.253053   	0.812518   	0.286032   	0.501766   	0.337209   	0.556539   	-0.323444  	-0.760328  	0.276444   	0.979984   	0.173086   	0.085652   	0.531242   	0.7578     	-0.00233664	0.651927   	0.250473   	0.903199   	0.0863861  	-0.417998  	0.20394    	0.731311   	0.273484   	0.621552   	0.277428   	0.962145   	-0.19775   	-0.180006  	0.495935   	0.944832   	0.238999   	0.215723   	0.428082   	0.980183   	-0.123917  	0.150003   	0.304903   	0.73791    	-0.264962  	-0.617047  	0.217366   	0.738816   	0.202765   	0.640226   	0.207608   	0.781743   	-0.318208  	-0.528451  	0.321475   	0.989446   	0.118138   	0.0722812  	0.464847   	3.88685    	71.3736    	1.34921    	2.49163    	2.60578    	8.96603    	1.10351    	1.7138     	2.15485    	107.043    	1.1196     	8.11031    	6.35499    	89.1381    	1.02847    	13.8682    	9.44805    	90.7837    	1.88758    	4.73371    	3.87498    	4.28732    	1.28221    	2.78342    	2.84544    	11.3508    	0.858726   	2.58721    	5.52673    	48.4242    	0.940932   	10.0718    	9.24926    	92.0968    	1.6819     	2.88177    	9.39087    	89.7181    	1.02949    	2.26998    	3.16326    	18.6505    	1.01957    	3.94832    	5.90187    	34.0885    	0.724174   	10.3251    	6.53292    	19.731     	1.06488    	8.0745     	5.5191     	125.958    	1.15221    	7.39945    	3.78324    	55.0684    	1.69275    	2.88974    	35.3529	34.9141	23.7269	58.8305	72.0456	39.4391	28.6631	61.7901	71.763	70.0606	35.8357	59.9188	69.3835	48.8907	36.5939	0.999999   	2.06657e-05	-7.03177e-05	0.288094   	0.843204   	0.143326   	0.16878    	0.843196   	2.75036	
1.65e-10   	1.8        	0.929325   	-0.367043  	-0.000345771	0.372195   	0.734729   	-0.113969  	-0.666776  	0.244467   	0.726661   	0.489648   	0.481069   	0.343851   	0.490396   	-0.531208  	-0.690051  	0.293596   	0.945304   	0.309804   	0.0992702  	0.483863   	0.74715    	0.0312703  	0.661549   	0.232848   	0.889345   	0.169371   	-0.421767  	0.191751   	0.662808   	0.468971   	0.583177   	0.294947   	0.89766    	-0.388579  	-0.205742  	0.45649    	0.872928   	0.429231   	0.230387   	0.406863   	0.956125   	-0.23379   	0.173774   	0.286869   	0.652882   	-0.434345  	-0.61984   	0.224751   	0.691386   	0.317164   	0.647871   	0.209568   	0.650063   	-0.551765  	-0.521513  	0.324106   	0.967961   	0.239737   	0.0680384  	0.434247   	10.1047    	34.1563    	2.74943    	14.1412    	6.4702     	18.47      	1.83731    	4.03707    	3.72175    	12.9551    	2.66349    	5.9803     	11.5633    	7.608      	1.45534    	6.28021    	22.3186    	17.3567    	2.81151    	23.0478    	5.13126    	18.5659    	3.85459    	2.46431    	9.74422    	8.43028    	1.7723     	6.59134    	7.97652    	7.77258    	1.64912    	9.16816    	29.1284    	16.2127    	4.13653    	22.1385    	5.93029    	13.2792    	2.21243    	4.92999    	2.54828    	11.0468    	1.37545    	3.29275    	5.07001    	7.12125    	1.13089    	6.77756    	5.70517    	11.0554    	1.45205    	7.71071    	4.25708    	15.0792    	1.98032    	6.06843    	7.54384    	26.8043    	2.05052    	10.3402    	71.047	54.021	32.1035	78.5101	131.522	40.6395	78.0131	60.0785	177.592	38.3521	24.3	40.8833	49.194	36.5561	52.3232	0.999999   	2.79381e-05	-8.00806e-05	0.258587   	0.682267   	0.14547    	0.171946   	0.682269   	2.27614	
1.7e-10    	1.6        	0.934341   	-0.353609  	-0.0316714 	0.312462   	0.714362   	-0.261617  	-0.647693  	0.232387   	0.686949   	0.532552   	0.493402   	0.332651   	0.479688   	-0.578084  	-0.659241  	0.289706   	0.945641   	0.303159   	0.116087   	0.406065   	0.738057   	0.197559   	0.643538   	0.221811   	0.891202   	0.0152343  	-0.450019  	0.176774   	0.625858   	0.54028    	0.56162    	0.296501   	0.872714   	-0.431433  	-0.227482  	0.394977   	0.863317   	0.447454   	0.232317   	0.379869   	0.952845   	-0.146168  	0.262372   	0.242308   	0.563709   	-0.528426  	-0.63427   	0.230513   	0.629046   	0.423111   	0.651339   	0.215181   	0.579809   	-0.60099   	-0.549553  	0.307347   	0.974052   	0.216904   	0.0614806  	0.383872   	15.8371    	5.38635    	9.87562    	17.0447    	7.38065    	6.96675    	3.65359    	4.38799    	9.31767    	7.11084    	4.73625    	4.25388    	9.59757    	3.90138    	2.61854    	2.37735    	20.4258    	6.21062    	2.80199    	20.2729    	6.57937    	8.45334    	4.38       	4.45193    	11.1457    	9.32353    	2.31329    	9.09685    	5.50296    	8.4059     	4.13547    	5.49643    	20.1967    	4.62216    	2.88507    	16.3932    	4.58596    	5.39846    	3.10619    	2.55332    	11.2198    	9.90458    	5.75574    	10.5184    	3.83923    	5.41789    	2.20124    	6.01929    	8.53217    	4.85152    	1.70244    	8.16494    	5.9597     	3.54397    	4.02725    	4.89622    	12.7091    	5.33594    	4.03247    	13.5447    	79.0186	53.9965	48.621	66.8406	108.971	40.3532	69.6	40.0397	124.924	31.5097	63.9361	36.7927	70.3396	42.8403	69.4821	0.999999   	-2.20591e-05	4.82472e-06	0.229175   	0.584895   	0.143767   	0.174488   	0.584921   	2.24936	
1.75e-10   	1.4        	0.904486   	-0.418237  	0.0404194  	0.249056   	0.632561   	-0.393219  	-0.664757  	0.227093   	0.675833   	0.593245   	0.432769   	0.340012   	0.402334   	-0.657016  	-0.636151  	0.294028   	0.926853   	0.35226    	0.126874   	0.366954   	0.679276   	0.29655    	0.668894   	0.208735   	0.878362   	-0.0685585 	-0.469102  	0.177541   	0.595765   	0.572402   	0.562255   	0.306344   	0.80392    	-0.523236  	-0.280639  	0.324939   	0.840938   	0.492284   	0.22348    	0.361211   	0.887948   	-0.152241  	0.428082   	0.218261   	0.435127   	-0.557067  	-0.706567  	0.238564   	0.565518   	0.472483   	0.674977   	0.230645   	0.507126   	-0.663775  	-0.54876   	0.309971   	0.963462   	0.264059   	0.0259256  	0.324224   	45.7079    	19.223     	36.9883    	53.0046    	7.43045    	21.6392    	4.34293    	7.96768    	57.1581    	4.157      	21.0773    	15.0249    	11.8158    	14.4423    	2.44698    	6.25379    	8.36995    	6.48734    	5.41858    	5.32199    	11.0031    	21.712     	6.02976    	18.0723    	10.1109    	13.9549    	8.64859    	15.4696    	26.045     	12.956     	2.79501    	23.871     	49.4699    	4.51532    	10.0559    	45.9264    	4.17327    	5.40177    	5.01631    	4.35085    	4.3254     	11.0245    	24.5359    	3.96689    	5.174      	6.65907    	12.9523    	15.5869    	13.0396    	13.9397    	7.11147    	23.497     	6.0351     	9.85028    	5.87519    	6.45212    	17.544     	16.7818    	6.24211    	19.9662    	145.645	41.151	168.471	67.476	46.0775	56.3665	45.4391	99.7611	193.494	25.1828	24.7299	26.1847	70.3078	35.9483	55.6857	0.999998   	4.54398e-05	0.000182582	0.20002    	0.436347   	0.138199   	0.1566     	0.436342   	1.90937	
1.8e-10    	1.2        	0.925496   	-0.355118  	0.116899   	0.189487   	0.441244   	-0.538282  	-0.713917  	0.205227   	0.736796   	0.553562   	0.383797   	0.335662   	0.176696   	-0.680605  	-0.702456  	0.297429   	0.918407   	0.375743   	0.119762   	0.31882    	0.66139    	0.324079   	0.671885   	0.25323    	0.792858   	-0.267994  	-0.540485  	0.170692   	0.661049   	0.576201   	0.476481   	0.317263   	0.732282   	-0.616562  	-0.277225  	0.22907    	0.845143   	0.481638   	0.22639    	0.337222   	0.851781   	-0.0166524 	0.517549   	0.203686   	0.235136   	-0.629566  	-0.736923  	0.237033   	0.567231   	0.530818   	0.625662   	0.274381   	0.39049    	-0.650787  	-0.644895  	0.30459    	0.979403   	0.169579   	0.077819   	0.241907   	9.12421    	14.1785    	3.87437    	7.95598    	35.5231    	15.3171    	2.80708    	17.4914    	28.5709    	27.5737    	3.48438    	3.71971    	57.6313    	27.7259    	80.4169    	8.39061    	16.1692    	3.83554    	9.86145    	14.9416    	97.6548    	23.1277    	45.3068    	107.205    	8.10333    	16.603     	12.4417    	5.52393    	46.3526    	18.7241    	5.62158    	12.1937    	80.1667    	16.5015    	19.196     	65.7661    	36.4627    	15.3458    	6.95975    	17.2156    	7.17567    	33.0526    	3.52493    	5.31953    	29.6724    	8.46633    	10.3433    	4.63814    	97.0441    	18.3304    	4.93548    	64.9837    	55.1196    	18.2931    	40.1407    	3.80708    	29.368     	42.9935    	20.7267    	40.3257    	50.7569	193.281	111.654	157.44	36.7538	175.378	20.3079	122.938	129.261	161.087	36.2569	154.149	217.669	141.859	45.85	0.999998   	0.000125483	-8.10289e-05	0.171181   	0.37234    	0.135311   	0.152967   	0.372349   	2.53166	
1.85e-10   	1          	0.826049   	-0.489113  	0.27004    	0.14992    	0.188377   	-0.43164   	-0.878385  	0.179595   	0.806962   	0.46382    	0.363618   	0.334417   	-0.0776304 	-0.598801  	-0.795924  	0.29019    	0.900239   	0.405313   	0.156157   	0.290754   	0.693637   	0.206304   	0.688813   	0.272195   	0.772624   	-0.197376  	-0.600512  	0.133861   	0.746278   	0.461949   	0.477943   	0.319949   	0.498243   	-0.734109  	-0.459207  	0.170384   	0.872157   	0.438803   	0.213932   	0.341261   	0.732842   	-0.0749043 	0.674008   	0.207388   	-0.0846652 	-0.527246  	-0.843616  	0.242564   	0.67208    	0.388215   	0.629034   	0.297075   	0.0701619  	-0.589822  	-0.803465  	0.277077   	0.971609   	0.196001   	0.124598   	0.214422   	11.8424    	4.2755     	14.6286    	12.5479    	25.0956    	5.54496    	3.23049    	2.64059    	15.265     	7.91132    	7.10973    	6.40423    	19.8619    	5.42499    	4.94041    	6.48856    	3.19557    	5.57422    	5.77546    	3.27939    	19.7178    	4.58378    	3.7218     	8.09331    	8.53865    	4.90387    	2.43565    	6.62569    	15.8163    	6.47895    	2.34664    	6.0259     	6.86908    	4.96778    	2.88027    	6.39282    	7.10963    	6.05792    	8.30893    	4.02993    	10.9799    	7.68035    	29.3693    	29.6586    	18.3978    	7.3758     	10.6282    	9.51165    	25.1517    	10.0629    	5.36429    	16.0453    	13.5218    	9.83397    	4.9621     	9.60638    	10.0949    	2.98428    	10.5698    	9.95463    	28.5816	65.2877	46.4922	50.0913	14.8231	50.322	29.8576	38.5097	18.865	28.0121	22.3918	45.1852	51.6832	25.3174	29.9816	0.999997   	0.000161668	2.25315e-05	0.142651   	0.372824   	0.143442   	0.157479   	0.372804   	1.98844	
1.9e-10    	0.8        	0.713201   	-0.592467  	0.358585   	0.122763   	-0.107032  	-0.432664  	-0.894158  	0.193833   	0.797148   	0.465868   	0.382876   	0.343178   	-0.243471  	-0.576675  	-0.779244  	0.293222   	0.874367   	0.446024   	0.187205   	0.262886   	0.69502    	0.1957     	0.691121   	0.267531   	0.59312    	-0.217042  	-0.77088   	0.117404   	0.730772   	0.45648    	0.507205   	0.343109   	0.122785   	-0.816381  	-0.560391  	0.165439   	0.845105   	0.477145   	0.238094   	0.329083   	0.69884    	-0.0870401 	0.708817   	0.202508   	-0.291933  	-0.511586  	-0.806881  	0.261833   	0.673223   	0.345535   	0.652923   	0.318621   	-0.127317  	-0.59852   	-0.790093  	0.279794   	0.948998   	0.303595   	0.0244758  	0.173203   	12.2564    	3.35021    	19.2511    	8.4148     	4.70023    	6.99871    	8.34981    	10.0112    	13.7453    	6.89621    	5.09533    	9.79534    	8.29309    	3.80214    	3.71661    	3.82492    	8.04791    	5.46757    	9.19415    	7.48638    	3.9344     	5.13265    	5.91074    	4.44138    	6.66407    	2.45335    	9.24011    	4.64652    	10.2009    	4.49798    	4.23984    	13.0634    	12.196     	5.14921    	3.62902    	3.29406    	10.3293    	7.38188    	10.8591    	5.66919    	6.15212    	6.40104    	7.12987    	9.86843    	13.0787    	8.11681    	3.20324    	4.45205    	4.00688    	9.11165    	8.1506     	5.33949    	8.27774    	5.19367    	5.40466    	3.76554    	5.65102    	9.566      	20.8615    	6.71427    	29.958	13.5176	28.251	21.1072	20.3155	12.6894	19.1974	21.6325	22.0266	20.444	17.5057	22.113	16.4325	19.1722	13.3923	0.999995   	0.000242382	-6.87293e-05	0.114139   	0.375554   	0.14426    	0.165659   	0.375548   	1.71455	
1.95e-10   	0.6        	0.496625   	-0.761451  	0.402696   	0.112307   	-0.34401   	-0.358621  	-0.865072  	0.213294   	0.781627   	0.472759   	0.405846   	0.346747   	-0.391704  	-0.548692  	-0.737718  	0.305672   	0.809935   	0.560392   	0.166478   	0.242195   	0.683091   	0.125392   	0.71702    	0.268137   	0.218559   	-0.061686  	-0.958032  	0.114408   	0.721697   	0.426993   	0.543493   	0.361846   	-0.1759    	-0.824939  	-0.534145  	0.183617   	0.809296   	0.525915   	0.259693   	0.311341   	0.666161   	-0.156181  	0.724404   	0.193778   	-0.449071  	-0.464662  	-0.761407  	0.275666   	0.688231   	0.296782   	0.660193   	0.329164   	-0.300753  	-0.614675  	-0.728141  	0.283462   	0.836144   	0.517992   	-0.137016  	0.140189   	9.25747    	21.6516    	5.01791    	15.0534    	8.81492    	27.4505    	4.18619    	9.58994    	6.24163    	9.3435     	1.91129    	2.56941    	6.52749    	12.9597    	3.06431    	5.12726    	11.3679    	12.4663    	3.85487    	8.54335    	9.19982    	30.8269    	1.99771    	5.10221    	22.974     	33.0497    	4.82605    	2.60403    	9.13703    	20.8967    	5.13319    	7.46845    	12.2523    	5.41088    	6.53846    	8.30005    	9.35642    	4.36573    	5.96967    	5.35043    	21.4579    	26.9795    	2.98445    	12.4412    	7.28005    	29.0225    	3.467      	10.2774    	6.77437    	36.036     	1.43907    	6.45628    	12.9971    	5.18206    	2.255      	2.38421    	14.1543    	37.9095    	2.42214    	14.3251    	22.2386	16.0852	20.0315	11.0244	11.8357	14.1944	32.359	28.0172	20.8523	13.6338	22.5586	13.719	13.5205	17.4934	20.6632	0.999991   	-0.000172071	-0.000207634	0.0855368  	0.382229   	0.137553   	0.165271   	0.382225   	1.81943	
2e-10      	0.4        	0.00682326 	-0.928028  	0.352864   	0.129875   	-0.471445  	-0.17808   	-0.862712  	0.230379   	0.775417   	0.455637   	0.436024   	0.353956   	-0.538709  	-0.476663  	-0.694022  	0.319438   	0.748272   	0.650493   	0.110664   	0.240399   	0.639294   	-0.00999502	0.767821   	0.26177    	-0.0459906 	0.250376   	-0.963928  	0.130719   	0.726632   	0.350229   	0.590562   	0.360078   	-0.423458  	-0.772297  	-0.469071  	0.208905   	0.79761    	0.543086   	0.259953   	0.312292   	0.473484   	-0.366485  	0.799656   	0.186301   	-0.564782  	-0.34098   	-0.750981  	0.291677   	0.686723   	0.202133   	0.697719   	0.32421    	-0.482277  	-0.586652  	-0.649621  	0.294859   	0.624404   	0.720978   	-0.286285  	0.147533   	12.9162    	8.50558    	30.4687    	17.6498    	17.1873    	5.07448    	10.3555    	19.0287    	11.4692    	5.68263    	5.99396    	4.80579    	9.06885    	6.03667    	3.04846    	4.47649    	8.57916    	12.8631    	24.8662    	6.55856    	11.4002    	12.1023    	14.8927    	21.6129    	9.21536    	10.1881    	10.4409    	14.6748    	8.76711    	5.17736    	2.19474    	5.16155    	12.3137    	9.37849    	10.1456    	4.70944    	11.0006    	10.1407    	5.01355    	7.62722    	9.11667    	9.22384    	16.838     	24.922     	9.20078    	3.93808    	6.84627    	10.3395    	9.35311    	6.39291    	4.33525    	8.65707    	6.92769    	6.34135    	5.43326    	2.8517     	9.34361    	10.6033    	15.5253    	8.65473    	8.93602	10.3642	9.50707	13.5063	15.5477	14.9866	10.209	16.2894	13.7367	11.2539	11.2497	11.501	16.9616	15.1049	10.9908	0.99998    	-0.000118781	-0.00013183	0.0569145  	0.391232   	0.140594   	0.149498   	0.391231   	1.87788	
2.05e-10   	0.2        	-0.205552  	-0.928939  	0.298457   	0.16601    	-0.607071  	-0.0565832 	-0.790657  	0.267141   	0.759852   	0.462982   	0.455574   	0.364283   	-0.655235  	-0.43534   	-0.61675   	0.348876   	0.63849    	0.765232   	0.0637461  	0.233393   	0.637874   	-0.0954074 	0.762217   	0.26643    	-0.369093  	0.354365   	-0.855008  	0.177762   	0.742632   	0.325308   	0.584605   	0.369452   	-0.54236   	-0.780896  	-0.306875  	0.236425   	0.737158   	0.605575   	0.29783    	0.312252   	0.398496   	-0.514804  	0.755438   	0.192575   	-0.66732   	-0.270764  	-0.693102  	0.329143   	0.708541   	0.150576   	0.688148   	0.332156   	-0.612388  	-0.57828   	-0.537934  	0.316842   	0.293178   	0.849458   	-0.428599  	0.1567     	12.3407    	20.973     	4.92583    	14.9965    	12.4886    	20.9726    	3.88899    	4.60147    	8.75079    	5.26132    	6.25374    	6.24546    	7.80223    	4.97769    	7.01968    	6.24031    	7.6458     	16.872     	6.27713    	9.12188    	16.0119    	20.0696    	4.52231    	8.79287    	16.4435    	20.9195    	3.87059    	7.54687    	17.6094    	7.15726    	2.86842    	9.59845    	6.71858    	11.5377    	4.79206    	7.61002    	6.76151    	9.93873    	6.41567    	6.3006     	12.9312    	21.8751    	4.03969    	8.45774    	11.4019    	7.57696    	2.38343    	5.82345    	16.4645    	14.4059    	2.96813    	5.76844    	8.14863    	10.8488    	4.61625    	6.09428    	12.697     	20.6453    	6.54583    	7.88182    	17.7461	10.2433	11.4638	25.4902	13.8567	14.638	9.48422	15.2041	8.53265	7.04109	19.9682	24.9499	8.20113	10.5821	14.2417	0.999916   	-0.00011395	-0.000702375	0.0284089  	0.404679   	0.142446   	0.154401   	0.40465    	1.78363	
2.1e-10    	-0         	-0.308875  	-0.93216   	0.183628   	0.199167   	-0.723398  	0.0885291  	-0.68344   	0.296476   	0.759575   	0.440744   	0.477001   	0.359079   	-0.773517  	-0.349893  	-0.52697   	0.369392   	0.521443   	0.851395   	0.04314    	0.230774   	0.655267   	-0.252616  	0.709858   	0.260421   	-0.526289  	0.469114   	-0.706468  	0.22273    	0.776955   	0.259635   	0.572067   	0.366726   	-0.635747  	-0.739804  	-0.21552   	0.271745   	0.702992   	0.62691    	0.33382    	0.310005   	0.300279   	-0.715567  	0.628248   	0.19106    	-0.774835  	-0.162581  	-0.609461  	0.351398   	0.759999   	0.0493503  	0.646739   	0.327905   	-0.738312  	-0.531286  	-0.413649  	0.341019   	0.016008   	0.900007   	-0.433757  	0.183833   	4.93178    	17.8635    	8.44637    	19.9242    	9.2247     	13.3371    	4.088      	4.02494    	10.7868    	6.09062    	10.8058    	3.93058    	16.0078    	9.27356    	8.78674    	3.12509    	4.48848    	16.8998    	6.89931    	17.625     	7.37835    	22.9346    	5.07157    	6.72758    	6.11568    	34.9834    	3.08324    	16.0381    	11.358     	15.6239    	8.66237    	2.783      	6.69564    	18.8752    	9.00557    	12.0396    	5.61043    	8.78875    	10.5684    	5.9243     	5.03072    	31.1598    	5.08257    	24.5248    	8.2412     	18.9195    	7.2144     	2.76905    	12.1606    	15.3263    	3.50295    	4.57798    	11.1316    	6.84802    	14.1911    	6.33561    	3.25873    	22.6818    	7.46728    	25.6421    	7.95818	7.8783	7.07879	7.13431	7.32502	7.41132	7.49628	8.51708	7.66299	8.41069	9.69799	7.92222	7.49227	10.5409	9.67783	0.0198275  	-0.0262139 	-0.016264  	0.000426257	0.419397   	0.147791   	0.148643   	0.31789    	1.66729	
