#----------------------------------------------------------------------------------------------------------------------------------------------------------
# Output file for vampire simulation
#   time       : 2025-05-27 20:45:03     process id : 379163
#   hostname   : thor7.psi.ch
#   path       : /scratch/dossan_f/Na2BaMn(PO4)2/vampire_tripleUC_15mat_J2Ja_small_k0.035_Jnn0.11_Ba
#   version    : 6.0.0
#   githash    : 4c9651daecc86c3e6b6df0c8055fcd9e89fd900c
#----------------------------------------------------------------------------------------------------------------------------------------------------------
1e-11      	8          	0.999951   	0.000342558	9.8863e-05 	0.945523   	0.999489   	-0.000273216	0.00146901 	0.945012   	0.999652   	-0.000159644	-0.0012669 	0.94529    	0.999613   	0.000102102	0.00176411 	0.945318   	0.999541   	-0.0006361 	-0.00122464	0.944939   	0.999883   	0.000309666	-0.000838528	0.945562   	0.999557   	-0.000589235	0.000553681	0.944906   	0.999739   	0.000424525	-0.00110827	0.945403   	0.999887   	0.000107987	0.000854099	0.945446   	0.999589   	-0.000550125	-0.00147995	0.945178   	0.99993    	0.000681778	-0.000365444	0.945501   	0.99946    	-0.000119914	0.00188506 	0.945189   	0.99978    	0.000236062	-0.00129664	0.945439   	0.999722   	0.000162786	0.00132956 	0.945362   	0.999603   	-0.00068347	-3.28135e-05	0.944941   	77.272     	2.33477    	1.09525    	74.4667    	154.901    	1.23523    	10.6143    	127.294    	115.226    	0.571385   	15.3272    	92.9764    	113.298    	0.463068   	20.3033    	87.9435    	156.549    	2.04537    	4.44802    	137.878    	75.1921    	2.07871    	7.29853    	67.9389    	160.8      	1.99865    	2.65609    	143.337    	98.06      	0.779454   	13.5917    	80.873     	87.5802    	1.26649    	4.77206    	80.9094    	129.77     	1.91442    	12.9946    	105.192    	76.7983    	3.92873    	1.39273    	72.709     	139.887    	0.66824    	21.4283    	104.265    	88.9961    	1.79096    	12.4899    	74.5024    	101.407    	1.18512    	14.1958    	83.5443    	154.315    	3.62851    	0.576516   	139.859    	8049.67	29707.3	17509	17104.4	30069.6	7666	31781.9	13092.6	10454.3	21645.7	7991	24822.5	10832.5	13768.1	29526.8	1          	2.72893e-05	-2.80494e-06	0.945174   	1698.23    	0.176389   	0.124772   	1698.17    	257403	
1.5e-11    	7.8        	0.999996   	-9.88445e-05	-4.65966e-05	0.942512   	0.999996   	-6.11932e-05	4.85041e-05	0.942445   	0.999996   	0.000162946	2.21976e-05	0.942495   	0.999996   	0.00024638 	8.25636e-05	0.942485   	0.999996   	-0.000114161	3.10333e-05	0.942477   	0.999996   	-0.000142621	-0.000179993	0.942471   	0.999996   	-6.15765e-05	0.000117575	0.942478   	0.999996   	5.16313e-05	-0.000119513	0.942506   	0.999996   	-8.28403e-05	2.11251e-05	0.942494   	0.999996   	-1.38523e-05	1.3017e-05 	0.942463   	0.999996   	4.36515e-05	1.64658e-05	0.942509   	0.999996   	-1.51793e-05	-9.63595e-05	0.942464   	0.999996   	0.000102103	-0.000290648	0.942492   	0.999996   	-5.44047e-05	0.000137632	0.942473   	0.999996   	2.34226e-05	9.45614e-05	0.94248    	0.0238113  	0.527966   	0.578832   	0.0238165  	0.021377   	0.45944    	0.611962   	0.0214012  	0.0215308  	0.487242   	0.643011   	0.021535   	0.0230171  	0.508203   	0.567057   	0.0230246  	0.0224467  	0.589866   	0.53401    	0.0224302  	0.0232081  	0.519555   	0.557733   	0.023194   	0.0218754  	0.570261   	0.638325   	0.0218643  	0.0238136  	0.560744   	0.66403    	0.0238087  	0.022418   	0.539659   	0.588683   	0.0224145  	0.0231326  	0.549696   	0.63675    	0.0231436  	0.0221683  	0.57279    	0.646213   	0.0221803  	0.0230106  	0.569917   	0.600879   	0.0230244  	0.0231787  	0.491439   	0.689959   	0.0231619  	0.0238486  	0.515113   	0.677079   	0.0238489  	0.023636   	0.525013   	0.68656    	0.023631   	5.7376	5.57806	5.35006	5.75809	5.87777	5.84242	5.36032	5.77009	5.76962	5.86092	5.50933	5.7686	5.74051	5.79945	5.89601	1          	-9.73865e-07	-9.90324e-06	0.942479   	0.0409177  	0.117582   	0.128413   	0.0409174  	2.06547	
2e-11      	7.6        	0.999996   	0.000118115	0.000114492	0.937587   	0.999996   	-0.000235078	-1.87287e-05	0.937563   	0.999996   	0.000172661	-9.5517e-06	0.937539   	0.999995   	8.82125e-06	-0.000181403	0.937562   	0.999996   	0.000230433	0.000468397	0.937554   	0.999996   	-0.000250193	-0.000336214	0.937549   	0.999996   	-5.51761e-05	-3.20353e-05	0.937565   	0.999995   	1.28147e-05	0.000110976	0.937593   	0.999996   	-2.55876e-05	-0.000106921	0.937559   	0.999995   	-1.99035e-05	4.98381e-05	0.937545   	0.999995   	0.000215048	-0.000207652	0.937573   	0.999995   	-0.000209723	0.000195509	0.937571   	0.999996   	7.62598e-05	-5.77732e-05	0.937542   	0.999995   	-3.75733e-05	-0.000122739	0.937576   	0.999996   	-4.70478e-05	0.000155399	0.937568   	0.0268628  	0.611802   	0.644187   	0.0268349  	0.0275423  	0.556462   	0.673402   	0.0275297  	0.0270511  	0.578031   	0.666517   	0.027057   	0.0291199  	0.522844   	0.765613   	0.0291342  	0.0262865  	0.581506   	0.652694   	0.0262844  	0.0285757  	0.516812   	0.629507   	0.028569   	0.0269724  	0.516321   	0.70317    	0.0269508  	0.0273075  	0.595844   	0.732891   	0.0272888  	0.0260171  	0.542184   	0.626389   	0.0260326  	0.0243347  	0.615062   	0.704873   	0.0243422  	0.0270054  	0.61717    	0.7851     	0.0270136  	0.0277891  	0.599058   	0.754715   	0.0278169  	0.0266666  	0.610556   	0.639425   	0.0266904  	0.0262649  	0.606153   	0.669236   	0.0262604  	0.0274846  	0.589897   	0.643749   	0.027443   	6.18766	6.36801	6.22474	6.80084	6.24907	6.55737	6.22622	6.195	5.95595	5.51059	6.06995	6.08223	6.29069	6.15699	6.22873	1          	-3.08304e-06	1.43057e-06	0.937559   	0.0502564  	0.122545   	0.131543   	0.0502554  	2.08048	
2.5e-11    	7.4        	0.999994   	-2.22023e-05	-7.33324e-05	0.931809   	0.999994   	0.000107925	5.33942e-05	0.931815   	0.999995   	-0.000106275	4.66574e-05	0.931825   	0.999995   	0.000248371	-6.02981e-05	0.931838   	0.999995   	-0.000129122	0.000119806	0.931837   	0.999995   	-0.000172638	-6.68309e-05	0.931755   	0.999994   	0.000121659	0.000263182	0.931813   	0.999995   	9.52459e-05	6.79121e-05	0.931804   	0.999995   	-0.000166533	-0.000301044	0.931801   	0.999995   	-5.85005e-05	0.000188299	0.931784   	0.999995   	0.000165455	0.000233752	0.931758   	0.999995   	-0.000131975	-0.000314555	0.931821   	0.999994   	0.000367867	-8.76259e-05	0.931786   	0.999995   	-0.000218417	0.000162703	0.93184    	0.999995   	-0.000208102	-0.000129444	0.931783   	0.0350888  	0.633379   	0.94667    	0.0350954  	0.0311059  	0.63534    	0.907828   	0.0310862  	0.0322708  	0.543554   	0.816967   	0.0322706  	0.0330485  	0.635091   	0.874759   	0.0330429  	0.0338285  	0.617471   	0.834594   	0.0338407  	0.0322282  	0.620301   	0.847566   	0.0322139  	0.0348785  	0.637884   	0.919721   	0.0349056  	0.034011   	0.622174   	0.703703   	0.0340307  	0.0286056  	0.630125   	0.872801   	0.0285977  	0.0320911  	0.667185   	0.8546     	0.0320977  	0.0320941  	0.682557   	0.748112   	0.0320982  	0.0338345  	0.588853   	0.85387    	0.0338342  	0.0331924  	0.723876   	0.825773   	0.0331656  	0.0318679  	0.633192   	0.777479   	0.0318675  	0.0307326  	0.658009   	0.825282   	0.0306964  	7.039	6.75366	6.7628	6.75053	6.95962	7.04895	6.94311	6.99041	6.21266	6.59764	6.47471	6.83426	6.74768	6.81923	6.55094	1          	-7.14079e-06	6.83187e-06	0.9318     	0.064644   	0.128177   	0.128408   	0.064643   	2.23871	
3e-11      	7.2        	0.999994   	-0.000232466	0.00035897 	0.925022   	0.999994   	-0.00015353	-0.000202712	0.925032   	0.999993   	0.000432833	-0.000104843	0.924994   	0.999993   	-0.000136851	-0.000257334	0.925028   	0.999994   	0.000111295	0.000211631	0.925001   	0.999993   	-4.94383e-05	9.08802e-05	0.925018   	0.999993   	-0.0001961 	0.000559967	0.92503    	0.999993   	4.35328e-05	-0.00052404	0.925043   	0.999994   	0.000148667	-9.16164e-05	0.92498    	0.999994   	0.000199895	4.75512e-05	0.92503    	0.999994   	-0.000460414	0.000308038	0.924992   	0.999994   	0.000268158	-0.000370645	0.925058   	0.999994   	0.00044706 	0.000365403	0.925015   	0.999994   	-0.000272127	-0.000352255	0.925015   	0.999993   	-0.000101138	-3.99335e-05	0.924996   	0.0362276  	0.701442   	0.984429   	0.0362778  	0.0405615  	0.717972   	0.972506   	0.040595   	0.0401108  	0.725474   	1.06045    	0.0401502  	0.0416689  	0.840508   	1.05513    	0.0417183  	0.0394261  	0.747095   	0.882253   	0.0394122  	0.0412783  	0.805774   	0.996797   	0.0412315  	0.0370134  	0.791809   	1.12254    	0.0369989  	0.0409107  	0.82883    	1.02341    	0.0409396  	0.0386578  	0.779388   	0.94126    	0.0386693  	0.0400708  	0.768761   	0.913051   	0.0400451  	0.0409     	0.746982   	0.924663   	0.0409311  	0.0378904  	0.707564   	0.977705   	0.0379064  	0.0374955  	0.774148   	0.934054   	0.037525   	0.0370652  	0.78098    	0.94713    	0.0370771  	0.0415899  	0.764754   	1.05228    	0.041591   	7.11079	7.33789	7.36339	8.02416	7.52987	7.89949	7.21022	7.91521	7.30698	7.72432	7.82967	7.77049	7.38613	7.07964	7.85528	1          	3.28814e-06	-6.28671e-08	0.925011   	0.0814853  	0.12852    	0.138874   	0.0814849  	2.19263	
3.5e-11    	7          	0.999993   	-0.000110346	0.000235521	0.916913   	0.999992   	0.000229589	4.5155e-05 	0.916914   	0.999993   	-0.00011666	-0.000348511	0.916931   	0.999992   	-6.60268e-05	-0.000256887	0.916907   	0.999992   	0.000189624	4.08268e-05	0.916883   	0.999992   	-0.000194876	0.000219132	0.916892   	0.999992   	0.000160812	-0.000480061	0.916902   	0.999992   	-6.95602e-05	0.000405042	0.916917   	0.999992   	-8.9989e-05	2.62852e-05	0.916898   	0.999992   	-0.000177945	0.000607034	0.916908   	0.999992   	5.10419e-05	-0.000259402	0.916899   	0.999991   	0.000137596	-0.000431268	0.91698    	0.999992   	-0.000219695	-9.28004e-05	0.916935   	0.999993   	0.000186186	0.000107409	0.916941   	0.999992   	7.65782e-05	1.21209e-05	0.916894   	0.0504173  	0.855667   	1.16199    	0.0503903  	0.0508149  	0.888256   	1.19893    	0.0507842  	0.0509679  	0.941363   	0.96426    	0.050969   	0.0518087  	1.01656    	1.27518    	0.0517448  	0.0466074  	1.0424     	1.17184    	0.0465956  	0.0551576  	0.927109   	1.20609    	0.0551056  	0.0463546  	0.83773    	1.16771    	0.0462346  	0.0493131  	0.855416   	1.23718    	0.0493571  	0.0495847  	0.957746   	1.29567    	0.0495677  	0.0523317  	0.883757   	1.32766    	0.0522558  	0.04882    	0.938879   	1.22856    	0.0488731  	0.0509607  	0.909603   	1.409      	0.0509754  	0.0460967  	0.945776   	1.20013    	0.046153   	0.0469694  	0.835408   	1.12463    	0.0469985  	0.0497203  	0.911525   	1.12513    	0.0497023  	8.82505	8.85938	9.09855	8.16049	8.06239	8.64159	8.36687	8.70629	8.6915	9.29749	8.51746	8.53714	8.52386	8.65437	8.61212	1          	-9.09154e-07	-1.13335e-05	0.916907   	0.11216    	0.126606   	0.133439   	0.112159   	2.13205	
4e-11      	6.8        	0.999989   	0.000271767	-0.000637798	0.907204   	0.999991   	-8.32471e-05	0.000156845	0.907181   	0.99999    	-0.000136754	0.000388093	0.907286   	0.99999    	8.33774e-05	-0.000729175	0.907206   	0.999989   	-9.95553e-05	0.000115245	0.907225   	0.99999    	-3.40253e-05	0.000613722	0.907204   	0.999992   	7.34275e-05	-0.000121925	0.907253   	0.99999    	-0.000152317	-4.37582e-05	0.907205   	0.99999    	3.06966e-05	0.000200209	0.907246   	0.999989   	-4.47966e-06	-0.000507653	0.907215   	0.999988   	0.000269385	0.000764977	0.90725    	0.99999    	-0.00027521	-0.000303693	0.907252   	0.99999    	-4.19324e-05	0.000713442	0.907251   	0.999989   	-0.000262627	0.000372957	0.907228   	0.999989   	0.000245318	-0.00106884	0.907296   	0.0657133  	1.17626    	1.57744    	0.0658049  	0.060618   	1.17092    	1.31327    	0.0605619  	0.0672847  	1.29537    	1.40024    	0.0673747  	0.0666138  	0.964048   	1.68126    	0.066674   	0.056871   	0.83565    	1.95218    	0.0567969  	0.0618008  	1.06027    	1.52857    	0.0616986  	0.0670729  	0.982432   	1.26229    	0.0669916  	0.0645827  	1.11262    	1.54738    	0.0646185  	0.0625851  	1.15715    	1.54932    	0.0626493  	0.0643163  	1.17725    	1.65976    	0.0644526  	0.0605273  	1.09665    	1.89311    	0.0604751  	0.060561   	1.05794    	1.64827    	0.0604533  	0.0597127  	1.08965    	1.62696    	0.0596684  	0.0612023  	1.03777    	1.81416    	0.0611176  	0.0650753  	1.09273    	1.56073    	0.065207   	9.90994	8.9779	10.5743	9.75491	8.7626	9.57122	10.096	9.87836	9.86157	10.1131	9.59374	9.69143	9.43173	9.3371	10.2285	1          	-7.69676e-06	-5.82177e-06	0.907224   	0.155337   	0.134628   	0.134645   	0.155338   	2.21764	
4.5e-11    	6.6        	0.999987   	-0.000343653	0.000327785	0.895629   	0.999986   	4.27614e-05	1.73709e-05	0.895554   	0.999989   	0.000316431	-0.000340191	0.895575   	0.999985   	-7.33041e-05	0.000384862	0.895571   	0.999987   	0.000164831	-0.000403826	0.895647   	0.999987   	-5.58818e-05	4.48179e-05	0.895568   	0.999987   	-0.000180921	-6.61333e-05	0.895582   	0.999986   	0.000227606	0.00022476 	0.895602   	0.999987   	-8.68302e-05	-0.00024221	0.895639   	0.999987   	-0.000250019	0.000564784	0.895581   	0.999987   	-5.85341e-05	-0.000130232	0.895601   	0.999987   	0.000318368	-0.000440485	0.895606   	0.999987   	0.000153504	-9.50669e-05	0.895665   	0.999986   	0.000268638	-0.000533469	0.895604   	0.999988   	-0.000409012	0.00061171 	0.895625   	0.0806683  	1.30673    	1.96361    	0.0807053  	0.0814352  	1.35421    	2.14543    	0.0814554  	0.0790064  	1.23447    	1.65429    	0.0790379  	0.0803715  	1.59412    	2.28532    	0.0804908  	0.0865387  	1.35847    	2.05756    	0.0864986  	0.0769997  	1.37414    	1.90037    	0.0770503  	0.0765702  	1.31941    	2.00049    	0.07639    	0.0797312  	1.37871    	2.32573    	0.0796045  	0.0798288  	1.38971    	1.91011    	0.0799439  	0.0851641  	1.42863    	1.76485    	0.0851779  	0.0792899  	1.23324    	2.00076    	0.0790557  	0.0797853  	1.40591    	1.82356    	0.0798091  	0.0748429  	1.43373    	2.03924    	0.0748753  	0.0844174  	1.42993    	2.09695    	0.0843118  	0.0819181  	1.1558     	1.93304    	0.0820278  	10.882	10.9572	11.4593	10.9878	11.9046	10.6042	11.2168	11.0317	11.0037	11.4682	11.2878	11.0521	10.7	11.2581	11.2875	1          	2.26663e-06	-5.12055e-06	0.895592   	0.206952   	0.131721   	0.140804   	0.206951   	1.9751	
5e-11      	6.4        	0.99998    	-8.11672e-05	-0.00104865	0.881664   	0.999979   	0.000387873	0.000373753	0.881573   	0.99998    	-0.000257512	0.000670424	0.881582   	0.999979   	-0.000518598	6.86929e-05	0.88159    	0.999982   	5.09879e-05	-0.000296745	0.881527   	0.999981   	0.000532196	0.000186365	0.881657   	0.999981   	0.000671784	7.89609e-05	0.881595   	0.999981   	-8.38895e-05	-0.000176449	0.881646   	0.99998    	-0.000677703	6.16117e-05	0.881593   	0.99998    	-0.00020489	0.00112625 	0.881549   	0.999979   	-0.00045119	-0.000894107	0.88159    	0.99998    	0.000642588	-0.00026079	0.881654   	0.999976   	-0.000442224	-0.000329006	0.881558   	0.99998    	0.000362291	0.000392774	0.881562   	0.999979   	8.09268e-05	-9.64861e-05	0.88157    	0.0997214  	1.45162    	3.54294    	0.0998714  	0.115114   	1.62478    	3.48604    	0.114912   	0.109302   	1.79982    	3.16117    	0.109156   	0.110957   	1.95159    	3.34661    	0.111276   	0.105025   	1.77093    	2.62889    	0.104978   	0.104086   	1.74313    	3.10179    	0.104388   	0.10231    	1.62747    	3.03091    	0.102085   	0.102328   	1.68478    	3.05377    	0.10219    	0.109266   	1.59029    	3.24548    	0.109037   	0.101625   	1.88924    	2.99499    	0.101715   	0.114966   	1.88526    	3.30323    	0.115078   	0.106155   	1.57798    	3.27166    	0.10618    	0.0977754  	1.63147    	4.23888    	0.0973545  	0.101312   	1.69352    	3.35677    	0.10114    	0.122376   	1.84803    	3.34194    	0.122553   	12.61	12.9007	13.6666	13.5921	12.9332	13.0706	13.5757	13.216	13.0098	12.7278	13.9099	12.6526	13.2622	12.5597	14.3087	1          	8.26282e-07	-9.73401e-06	0.881576   	0.288476   	0.144334   	0.138384   	0.288478   	1.76223	
5.5e-11    	6.2        	0.999962   	-0.000327495	0.000933425	0.864806   	0.999966   	0.000464114	-0.000621448	0.864714   	0.999968   	-0.000192982	-0.000286857	0.864697   	0.999965   	0.000777728	0.000340993	0.864671   	0.99996    	2.51038e-05	-0.000448883	0.864686   	0.999968   	-0.000773379	3.78388e-05	0.864826   	0.99997    	-0.000562874	-0.00149858	0.864714   	0.999975   	0.000389222	0.000101126	0.864775   	0.999967   	0.000151266	0.00143157 	0.864576   	0.999971   	-0.000778253	-0.000148489	0.864648   	0.999966   	0.00103327 	0.00104418 	0.864744   	0.999971   	-0.000239945	-0.00093911	0.864656   	0.999965   	-9.72034e-05	0.000808914	0.864704   	0.999961   	-1.46441e-05	-0.000587337	0.864821   	0.999958   	7.03935e-05	-0.000190323	0.864715   	0.157925   	1.93403    	7.21589    	0.156568   	0.137679   	2.01131    	6.07542    	0.13741    	0.159      	1.94449    	5.84084    	0.159767   	0.154242   	2.75109    	5.57459    	0.154343   	0.149167   	2.30033    	7.20682    	0.148405   	0.138847   	2.05583    	5.47939    	0.138241   	0.149433   	2.08007    	4.89203    	0.149244   	0.141084   	2.07335    	3.99616    	0.141121   	0.142876   	2.40696    	5.20832    	0.143391   	0.154101   	1.93117    	5.06678    	0.154233   	0.150631   	2.01296    	5.85294    	0.14999    	0.151734   	1.73254    	5.14377    	0.151081   	0.150805   	2.22418    	6.17681    	0.150962   	0.141447   	2.68663    	6.79145    	0.142554   	0.144055   	2.45643    	7.5416     	0.14297    	16.1435	14.7456	16.2867	16.8111	16.4503	16.0481	15.9894	16.2116	14.8351	16.1407	15.869	16.0667	16.9386	15.052	15.2873	1          	-5.13637e-06	-1.49087e-06	0.864688   	0.439697   	0.143352   	0.146928   	0.439699   	1.57466	
6e-11      	6          	0.999906   	-0.00176752	0.00503517 	0.844149   	0.999921   	0.00188707 	-0.0038994 	0.844256   	0.999908   	-0.000159246	-0.00104096	0.844166   	0.999905   	-0.000780988	-0.00184402	0.844077   	0.999933   	0.00119532 	-0.00199032	0.844126   	0.99994    	-0.0003963 	0.00380851 	0.844157   	0.999905   	-0.000173849	-0.00866624	0.844329   	0.999854   	0.00135792 	0.00318826 	0.843955   	0.999888   	-0.00114593	0.00555354 	0.844184   	0.999865   	0.00105189 	-0.00515363	0.844093   	0.999914   	5.93538e-05	0.0077899  	0.844256   	0.999852   	-0.00119548	-0.00266077	0.844186   	0.999859   	-0.000510291	0.00368417 	0.844264   	0.999814   	-0.000661197	0.00255529 	0.844413   	0.999917   	0.00110955 	-0.00627964	0.844099   	0.25418    	2.50786    	15.8847    	0.248315   	0.211976   	2.31286    	13.7424    	0.214866   	0.261235   	2.40798    	18.6456    	0.258521   	0.234073   	3.10646    	18.3627    	0.229548   	0.231024   	2.63321    	12.0356    	0.233398   	0.228947   	2.78844    	9.31442    	0.231756   	0.241775   	2.35108    	10.8649    	0.244298   	0.214312   	2.37857    	29.8295    	0.214367   	0.228276   	2.7729     	19.2558    	0.22624    	0.230352   	2.82587    	24.909     	0.235752   	0.211486   	3.00266    	9.74223    	0.207366   	0.228118   	2.71287    	30.3282    	0.224088   	0.23069    	3.24154    	27.6217    	0.225044   	0.238663   	3.11804    	38.8155    	0.245207   	0.233059   	2.44767    	11.8571    	0.232813   	23.3598	20.8578	24.1443	20.8374	22.127	18.675	21.0715	20.2705	21.543	21.0443	20.1294	20.0872	21.4464	21.5732	22.6487	1          	-8.46574e-06	5.0854e-06 	0.84409    	0.728699   	0.137226   	0.152263   	0.728699   	2.82305	
6.5e-11    	5.8        	0.99826    	-0.000396989	-0.0558381 	0.812266   	0.999759   	5.30242e-08	-0.00460956	0.816967   	0.997714   	0.000348892	0.0599452  	0.820141   	0.99764    	0.000346383	-0.0614736 	0.821278   	0.997479   	-0.000345883	0.0660244  	0.813762   	0.999883   	8.65719e-05	-0.0039603 	0.815003   	0.999779   	0.000531776	0.0169323  	0.813115   	0.998168   	-0.000673818	0.0538961  	0.821157   	0.997103   	0.000147584	-0.071173  	0.815908   	0.996989   	0.000446923	0.0736685  	0.816572   	0.999308   	-0.000386543	-0.0358942 	0.812308   	0.998981   	-5.03846e-05	-0.0377681 	0.820925   	0.999482   	-0.00042048	0.0203593  	0.819798   	0.997443   	0.000309057	-0.0673525 	0.81815    	0.998817   	9.11685e-05	0.0473336  	0.811384   	3.56968    	2.87778    	35.0893    	3.08124    	0.619854   	3.36523    	46.1543    	0.643896   	0.627735   	3.0594     	102.395    	0.586895   	0.46396    	2.46886    	99.4914    	0.771022   	2.7472     	3.35333    	67.961     	1.70364    	1.33716    	3.97775    	19.4737    	1.34189    	1.97887    	3.41871    	13.2244    	1.99028    	0.680144   	3.27855    	79.5569    	1.31718    	2.50814    	3.2784     	72.7992    	1.27328    	1.74496    	2.64715    	59.4234    	0.756706   	3.22439    	2.25645    	7.9959     	3.30872    	0.896102   	2.70393    	64.1086    	1.40167    	0.631207   	2.91081    	64.5454    	0.821243   	0.976565   	3.25578    	57.9971    	0.642247   	3.76727    	2.77755    	10.3483    	3.76169    	69.9669	113.553	97.6811	123.159	57.9964	79.6579	52.6305	183.246	67.1037	52.486	58.1967	229.679	168.649	67.1189	77.2588	1          	2.63976e-06	-9.62012e-08	0.815319   	8.45964    	0.14154    	0.1506     	8.45962    	170.659	
7e-11      	5.6        	0.994029   	-0.00133344	-0.108282  	0.774779   	0.999024   	0.000920517	-0.0401879 	0.800744   	0.989036   	0.000314083	0.147115   	0.787936   	0.989964   	-0.000977581	-0.140467  	0.793605   	0.99155    	0.00113859 	0.129224   	0.773614   	0.999684   	-0.000163449	0.0145084  	0.796627   	0.99965    	-0.000424777	0.0208644  	0.789866   	0.992445   	5.68797e-05	0.121318   	0.799328   	0.989215   	0.00033246 	-0.146204  	0.774662   	0.988242   	0.000389398	0.152572   	0.777755   	0.99851    	0.000569398	-0.0523953 	0.783424   	0.995128   	-0.000988873	-0.0971232 	0.802306   	0.997647   	0.000264202	0.0662507  	0.803243   	0.988462   	-0.000280164	-0.151048  	0.781938   	0.996338   	3.61608e-06	0.0837429  	0.777889   	1.09452    	3.37359    	14.0127    	1.09343    	1.46738    	2.59004    	31.7123    	1.16396    	2.23455    	2.45255    	14.552     	2.68869    	1.11682    	2.90101    	22.3125    	2.05863    	1.50303    	2.86038    	9.19711    	1.09424    	2.26405    	3.26286    	39.7167    	2.04199    	1.92945    	2.86356    	23.8199    	2.12799    	0.586854   	3.05109    	31.9759    	1.18741    	2.41212    	2.48566    	5.16156    	2.61234    	1.64681    	3.17181    	6.66304    	1.79842    	1.31381    	2.85361    	20.5012    	1.63005    	0.884616   	2.95989    	26.8588    	1.069      	0.754272   	2.36995    	30.0846    	0.726953   	1.89586    	3.00839    	9.41572    	1.83113    	1.08025    	2.78543    	26.4958    	1.40615    	71.3371	127.945	123.289	55.9278	72.0813	194.601	161.982	44.7359	119.674	84.16	109.649	63.0055	68.8512	88.9733	88.5001	1          	-1.41036e-05	2.12554e-06	0.783083   	2.24809    	0.141927   	0.14444    	2.24809    	32.4624	
7.5e-11    	5.4        	0.985888   	0.000788447	-0.166437  	0.753719   	0.999003   	0.000707031	0.0303868  	0.785001   	0.990472   	-0.00145569	0.136354   	0.741655   	0.993878   	0.000137233	-0.107347  	0.75021    	0.984421   	-5.22881e-05	0.175533   	0.745004   	0.9975     	-7.82719e-05	-0.0632628 	0.784772   	0.994752   	0.000714708	0.097955   	0.781055   	0.996799   	0.000604254	0.0741175  	0.761408   	0.983461   	-0.00138926	-0.180872  	0.738073   	0.984771   	0.000396573	0.173511   	0.734947   	0.9922     	1.83675e-06	-0.1215    	0.77341    	0.998465   	-0.000368591	-0.0431041 	0.771852   	0.99935    	-0.000833523	0.00750054 	0.780076   	0.986849   	-8.69227e-05	-0.161024  	0.736143   	0.988752   	0.000900853	0.147563   	0.764514   	1.8647     	2.62012    	29.1174    	4.02439    	0.948507   	2.38607    	104.096    	1.29079    	3.71031    	2.51204    	33.1455    	6.50175    	2.83098    	2.48874    	62.5598    	5.82242    	0.980461   	2.48908    	7.15759    	1.42508    	1.29154    	3.21718    	96.6202    	2.64261    	2.75158    	4.14922    	84.8213    	5.81209    	3.55046    	2.73875    	83.6272    	5.97976    	0.865084   	3.08286    	4.48349    	0.703077   	1.17676    	2.39893    	8.50028    	1.55908    	4.39399    	2.76613    	76.8138    	8.92759    	3.13246    	3.03225    	114.622    	4.67327    	1.22326    	2.95332    	119.216    	1.43475    	2.37265    	2.68371    	16.4439    	3.96966    	3.63912    	2.81325    	57.6323    	8.2155     	123.11	84.2946	212.336	165.558	61.9071	98.3759	186.531	209.518	57.6075	64.7856	290.559	190.465	89.3165	130.733	235.511	1          	5.3121e-06 	-1.01199e-06	0.753941   	1.14769    	0.139479   	0.148561   	1.14771    	11.7917	
8e-11      	5.2        	0.969527   	0.000447289	-0.244347  	0.738857   	0.993906   	-0.000283019	0.108731   	0.767764   	0.99043    	-9.51115e-05	0.137681   	0.704207   	0.996087   	-1.14731e-05	-0.0879365 	0.713055   	0.96855    	0.000197082	0.248229   	0.724432   	0.988371   	-0.000221395	-0.15088   	0.773877   	0.983335   	0.000677063	0.180917   	0.772558   	0.999167   	0.000308539	0.0385899  	0.726303   	0.971537   	-0.00101522	-0.236602  	0.711748   	0.977339   	0.00103891 	0.211263   	0.703756   	0.9778     	-0.000481446	-0.208657  	0.765932   	0.999799   	-0.000504256	0.0156627  	0.740268   	0.997687   	0.000997536	-0.0656536 	0.756064   	0.983992   	0.000177644	-0.177955  	0.700915   	0.972696   	-0.00117682	0.231164   	0.753332   	2.75647    	2.41956    	27.9664    	5.67474    	3.04385    	2.41564    	27.4004    	1.69838    	2.07797    	2.59951    	4.95031    	2.31688    	1.13886    	2.30753    	4.11035    	1.18463    	3.11239    	2.33572    	25.0797    	5.82086    	2.15112    	2.79467    	30.8923    	1.231      	0.949805   	2.89615    	28.1921    	1.16586    	3.39835    	3.55972    	11.6135    	3.677      	3.76168    	2.49141    	9.45078    	4.74642    	1.86203    	2.61252    	12.2497    	2.77836    	1.76477    	3.79615    	31.5799    	2.35454    	2.72077    	2.90182    	10.7723    	2.606      	1.77686    	3.74348    	24.3292    	1.31977    	2.15252    	2.97664    	4.53106    	2.40674    	1.55168    	2.64414    	37.6814    	2.9652     	161.926	180.704	123.29	73.4623	179.076	127.904	62.7403	199.09	215.687	109.15	107.143	160.861	113.562	122.053	89.7292	1          	1.16456e-06	-6.85237e-06	0.725608   	0.839914   	0.146495   	0.143226   	0.839918   	6.0494	
8.5e-11    	5          	0.952189   	-0.00164645	-0.305183  	0.737487   	0.987346   	0.000400246	0.158098   	0.752035   	0.987127   	0.00151856 	0.159679   	0.656826   	0.995572   	-0.000775291	-0.0935051 	0.665354   	0.951197   	-0.000143627	0.308148   	0.714663   	0.97877    	0.000891012	-0.204641  	0.767254   	0.969902   	-0.000852905	0.242922   	0.774693   	0.999738   	-0.000466932	0.0202149  	0.683737   	0.955806   	0.00144166 	-0.293614  	0.688671   	0.965499   	-8.25398e-05	0.260172   	0.669161   	0.962051   	-0.000557687	-0.272477  	0.770573   	0.998652   	0.000895728	0.0500568  	0.706609   	0.994241   	0.00011964 	-0.106596  	0.731393   	0.975848   	-0.00132272	-0.218251  	0.65765    	0.955819   	0.00113369 	0.293772   	0.757677   	2.9881     	2.50933    	14.3079    	2.57766    	2.07092    	2.51118    	11.4545    	2.0425     	5.43828    	2.81355    	2.65642    	5.31685    	5.63907    	2.50822    	3.96609    	5.45235    	3.61927    	3.17054    	16.8382    	1.45891    	4.69508    	3.20579    	10.3893    	5.79631    	3.43849    	2.10559    	27.8673    	6.61342    	2.59404    	2.2836     	6.31882    	2.55836    	5.2771     	2.19407    	12.0354    	2.38675    	3.03005    	2.53661    	5.09996    	1.88085    	1.46495    	2.98904    	19.4655    	3.53753    	1.84923    	2.6434     	12.3869    	1.82273    	1.95897    	3.2059     	7.59804    	2.18163    	2.70433    	2.8837     	2.73625    	2.35809    	2.09752    	2.68633    	8.08262    	2.96534    	168.938	125.177	278.649	295.043	193.531	269.256	202.017	142.698	280.083	153.078	89.7609	109.698	118.647	137.053	124.982	1          	3.67358e-05	1.14584e-05	0.697709   	0.713659   	0.14394    	0.153193   	0.71366    	4.7229	
9e-11      	4.8        	0.935895   	0.00184212 	-0.351699  	0.718466   	0.982984   	-0.00277022	0.183209   	0.738789   	0.98271    	0.00119004 	0.184814   	0.622546   	0.994369   	-0.000277178	-0.1053    	0.633512   	0.931525   	0.000476793	0.362924   	0.690526   	0.970592   	-0.000222253	-0.24018   	0.759682   	0.959129   	0.00026285 	0.28239    	0.767685   	0.999703   	0.000562427	0.0216625  	0.656622   	0.936318   	-0.00078186	-0.350601  	0.659633   	0.948897   	0.0012499  	0.315373   	0.637473   	0.947878   	-0.0020676 	-0.318061  	0.760991   	0.998204   	0.00110564 	0.0582727  	0.685508   	0.991909   	-0.000662943	-0.126151  	0.713825   	0.965847   	0.0020797  	-0.258901  	0.625451   	0.939641   	-0.0011324 	0.341767   	0.743143   	3.65424    	2.80248    	29.4872    	2.34725    	1.66998    	2.59909    	12.8488    	2.14521    	2.56236    	2.66957    	5.92442    	3.46998    	5.18919    	3.22836    	6.544      	5.81249    	4.62753    	3.09797    	36.9608    	2.73871    	3.05246    	3.50114    	21.053     	2.97566    	5.36312    	3.57138    	25.4635    	3.23936    	6.47997    	3.76213    	4.93368    	6.49459    	4.28475    	3.52416    	23.2054    	3.92124    	2.24883    	2.55432    	6.63102    	2.71381    	3.68975    	2.67018    	28.5362    	1.21891    	4.45678    	2.38014    	12.6536    	4.93424    	3.20304    	2.92341    	14.2275    	3.73144    	1.73753    	2.69168    	3.86779    	1.63705    	2.94578    	2.5518     	20.2965    	1.92791    	179.29	92.6065	124.995	254.738	229.778	160.46	264.079	317.068	214.093	115.248	182.328	210.615	163.12	90.4391	154.132	1          	4.18573e-06	-1.27731e-05	0.670144   	0.577657   	0.135244   	0.138709   	0.577654   	3.62161	
9.5e-11    	4.6        	0.905476   	0.000318422	-0.424052  	0.706654   	0.969084   	-0.00130946	0.245839   	0.734621   	0.979843   	0.00129362 	0.199211   	0.588482   	0.995127   	-0.000283927	-0.0973085 	0.603858   	0.903437   	-0.000102377	0.428472   	0.669345   	0.953965   	0.000252142	-0.299364  	0.757564   	0.937985   	-0.00123542	0.346092   	0.762768   	0.999719   	9.09785e-05	-0.00868313	0.630888   	0.91375    	0.0013666  	-0.406126  	0.637033   	0.931986   	0.000442059	0.362313   	0.610964   	0.92354    	-0.000188143	-0.382836  	0.754778   	0.994666   	-0.000204627	0.0999529  	0.665347   	0.983181   	5.44491e-05	-0.181299  	0.699535   	0.958096   	-0.000636573	-0.286162  	0.592951   	0.913938   	0.000387024	0.405513   	0.735733   	3.6088     	2.91453    	18.0712    	1.01213    	1.31099    	3.45925    	37.7048    	4.51797    	2.2847     	2.53641    	9.35549    	1.88957    	3.45464    	1.71328    	12.7822    	3.13604    	3.86851    	2.67371    	10.3892    	1.53649    	1.31501    	3.04027    	29.1147    	2.96703    	3.53074    	2.75931    	34.2852    	2.8482     	3.27795    	2.46456    	28.5872    	3.1988     	2.76715    	3.15053    	3.66355    	1.70226    	2.75708    	2.3114     	5.18267    	2.36392    	4.86395    	3.70917    	41.6986    	3.50486    	3.55487    	2.44297    	44.256     	4.03092    	1.98837    	2.68374    	37.1958    	3.68744    	1.98735    	2.74794    	5.66105    	1.16843    	3.19389    	2.51074    	19.3452    	1.01905    	160.31	75.9899	108.842	162.091	179.245	78.6151	171.833	156.762	128.04	124.867	219.016	168.249	103.329	90.9017	137.245	1          	-1.23885e-05	-3.97129e-06	0.642763   	0.57609    	0.137727   	0.141371   	0.57609    	2.85072	
1e-10      	4.4        	0.881204   	-0.000352331	-0.472562  	0.686598   	0.958418   	0.000227043	0.284969   	0.7317     	0.978025   	0.000157173	0.208067   	0.552566   	0.997046   	0.000468282	-0.0750956 	0.565693   	0.882669   	0.00053267 	0.469853   	0.64561    	0.938813   	-0.000772928	-0.344177  	0.759363   	0.920323   	-0.000208641	0.390886   	0.763505   	0.998636   	-0.00161504	-0.0496402 	0.600992   	0.897525   	0.00168229 	-0.440766  	0.605931   	0.924758   	0.000290441	0.380408   	0.574567   	0.906498   	-0.0007789 	-0.422061  	0.746736   	0.988976   	0.000691737	0.147358   	0.645563   	0.975592   	4.77765e-05	-0.218952  	0.689313   	0.952388   	-0.000566193	-0.304578  	0.556122   	0.894652   	0.000385984	0.446629   	0.720608   	2.62331    	3.44682    	8.57956    	2.12276    	1.64286    	3.38156    	17.7086    	3.07344    	1.62953    	3.97124    	4.68622    	1.64134    	2.49381    	3.34664    	10.0173    	2.44268    	2.84029    	3.07814    	6.20734    	3.20798    	2.56688    	3.54043    	12.8875    	2.96006    	2.23612    	3.64874    	20.5277    	6.29529    	3.31361    	2.55742    	12.4732    	3.24744    	2.00221    	3.62665    	6.8045     	2.32657    	3.4128     	2.92374    	3.31362    	3.73058    	4.90219    	3.51653    	9.53068    	6.74496    	2.9373     	2.69327    	11.9327    	3.44244    	3.23658    	2.70914    	19.1845    	3.68152    	1.71901    	2.75432    	6.87675    	1.88161    	3.49757    	2.76625    	7.16931    	3.37103    	110.957	77.8322	72.3301	107.047	124.098	119.763	103.998	147.42	83.2836	137.288	217.938	122.899	141.096	77.3245	153.293	1          	-4.18364e-06	1.99458e-05	0.615575   	0.50386    	0.132393   	0.139762   	0.50386    	2.80181	
1.05e-10   	4.2        	0.856266   	0.000711551	-0.516396  	0.673531   	0.947909   	-0.000822498	0.318345   	0.726881   	0.974469   	0.000214914	0.224167   	0.512949   	0.997172   	0.00126212 	-0.0740355 	0.534708   	0.853051   	-0.0020027 	0.521677   	0.625634   	0.924476   	0.000794242	-0.381082  	0.755565   	0.904831   	-0.00166697	0.425672   	0.762047   	0.997084   	0.00322187 	-0.0753311 	0.563384   	0.879012   	-0.000951404	-0.476645  	0.58493    	0.911831   	-2.46497e-07	0.410431   	0.545708   	0.891774   	0.000673168	-0.452342  	0.750447   	0.982875   	-0.00085315	0.183873   	0.609073   	0.967781   	0.000819466	-0.25143   	0.669644   	0.942207   	-0.00122361	-0.334809  	0.518182   	0.876962   	0.000178434	0.480424   	0.71773    	3.42873    	3.1686     	5.48292    	1.62764    	2.031      	3.57389    	7.51699    	2.54682    	3.03776    	3.42487    	3.42721    	3.15523    	2.95284    	3.26091    	4.53674    	3.10444    	5.39023    	2.9262     	4.75261    	3.43152    	4.45614    	3.73259    	6.03097    	3.15368    	1.85796    	3.46089    	3.97056    	1.60507    	5.84456    	2.6077     	4.19791    	5.56471    	2.80963    	2.77615    	4.1076     	1.59305    	3.09327    	3.26421    	2.83121    	3.83709    	5.00284    	2.99994    	6.6973     	3.43936    	3.22565    	3.89573    	4.45178    	2.8107     	3.42042    	2.65745    	9.97995    	2.91144    	2.64022    	3.19862    	4.01468    	3.45577    	4.4372     	2.8439     	7.71829    	4.26057    	138.83	87.8367	124.801	117.851	202.911	178.292	78.5637	216.523	107.304	120.313	192.25	122.186	134.251	100.07	171.99	1          	1.67947e-06	7.0975e-06 	0.588507   	0.483238   	0.138581   	0.151677   	0.48324    	2.35719	
1.1e-10    	4          	0.840976   	-0.000476569	-0.540907  	0.662646   	0.942892   	-0.000724796	0.332936   	0.698861   	0.966704   	0.0015938  	0.255549   	0.484644   	0.994848   	-0.00184147	-0.100514  	0.498107   	0.834101   	0.000483997	0.551436   	0.609897   	0.921588   	0.000851713	-0.388056  	0.738066   	0.89912    	0.00113943 	0.437502   	0.749466   	0.997078   	0.000168415	-0.0746271 	0.526344   	0.861354   	-0.00173267	-0.507907  	0.563844   	0.898407   	0.000340438	0.439002   	0.527114   	0.880218   	-0.000510524	-0.474357  	0.737887   	0.979172   	0.000225078	0.20245    	0.5733     	0.960186   	0.00190983 	-0.279037  	0.633319   	0.934861   	-0.00197733	-0.354666  	0.498353   	0.863994   	-0.000280404	0.5033     	0.70669    	3.37101    	3.35737    	8.30586    	2.4794     	1.94439    	3.55615    	5.31014    	2.31619    	1.80979    	1.93788    	4.86348    	1.98105    	4.69088    	2.24638    	4.47664    	4.58394    	6.61572    	2.9583     	4.73356    	2.70223    	1.50248    	3.20259    	4.85383    	1.89443    	2.4056     	3.37264    	11.2956    	1.31742    	4.80303    	2.97942    	9.62962    	5.4649     	1.68779    	2.34747    	2.33477    	1.408      	2.7529     	3.34038    	2.82393    	2.50928    	4.17076    	4.35829    	12.5163    	3.37071    	6.476      	2.84772    	10.59      	7.4628     	9.24221    	3.56307    	8.34596    	9.6993     	5.02745    	2.79347    	5.16624    	3.2604     	4.71781    	2.68971    	12.3578    	3.40955    	116.807	73.9036	67.6965	153.996	230.803	67.7819	97.2567	152.931	57.5461	97.6559	148.152	206.416	295.912	174.065	161.544	1          	-1.0626e-05	-2.21741e-05	0.561499   	0.445704   	0.147087   	0.155484   	0.445695   	2.02507	
1.15e-10   	3.8        	0.818839   	-0.00141919	-0.573749  	0.633073   	0.9424     	0.00219028 	0.334068   	0.692789   	0.957762   	-0.00143814	0.287195   	0.451929   	0.992313   	0.00189992 	-0.122439  	0.469454   	0.80074    	0.00129872 	0.598775   	0.579882   	0.918257   	-0.00222066	-0.395725  	0.733126   	0.893573   	0.00159163 	0.448679   	0.741095   	0.996437   	-0.00183338	-0.0813035 	0.49484    	0.840316   	-0.00051821	-0.541954  	0.533507   	0.884375   	0.000308104	0.466552   	0.497441   	0.86805    	-0.00166874	-0.496335  	0.729103   	0.972432   	0.00198622 	0.232672   	0.545862   	0.956159   	-0.000665695	-0.29231   	0.612106   	0.922745   	0.00097266 	-0.385201  	0.465748   	0.853009   	-0.000113147	0.52168    	0.690245   	6.13439    	3.9175     	17.9996    	7.86164    	8.67804    	3.43474    	18.7814    	9.51908    	2.50671    	3.44433    	2.76216    	1.83846    	4.24772    	3.92221    	7.11011    	3.92897    	10.5227    	3.5844     	5.4263     	4.19939    	5.55263    	3.93146    	12.7062    	4.82379    	3.85746    	3.80603    	12.4167    	1.25909    	2.23589    	3.77458    	16.1414    	2.48649    	4.07673    	2.94237    	2.6459     	2.52971    	3.86949    	2.3823     	4.09415    	1.99436    	3.28996    	3.28559    	7.51008    	2.18944    	3.7604     	3.1944     	8.12773    	3.80794    	5.04851    	3.04965    	14.1451    	3.15634    	3.71719    	3.13935    	1.96546    	3.16323    	2.59794    	3.64806    	16.3113    	5.30655    	183.337	272.466	86.1872	137.155	293.891	176.438	129.532	74.1638	129.505	119.548	108.728	111.061	148.124	108.986	90.9909	1          	1.97937e-06	-3.3904e-05	0.53457    	0.430148   	0.13988    	0.15394    	0.430156   	2.34697	
1.2e-10    	3.6        	0.81412    	0.00132338 	-0.580517  	0.597989   	0.94785    	-0.00272663	0.31853    	0.668839   	0.949896   	0.00244255 	0.312046   	0.42367    	0.985919   	-0.0037715 	-0.16659   	0.436746   	0.770287   	0.000150964	0.637462   	0.547125   	0.924437   	0.00218681 	-0.381063  	0.72532    	0.895754   	0.00120301 	0.444439   	0.726344   	0.998624   	0.000683454	-0.0498236 	0.463327   	0.808638   	-0.00243825	-0.588093  	0.506507   	0.868233   	0.00130929 	0.495914   	0.471232   	0.876407   	-0.000354641	-0.481436  	0.716762   	0.975696   	-0.000631387	0.218814   	0.497517   	0.957683   	-0.00010153	-0.287486  	0.584236   	0.909477   	-0.00228682	-0.415453  	0.431772   	0.85378    	0.00153726 	0.520481   	0.668575   	3.9498     	3.84       	9.61239    	5.47369    	6.48893    	3.89904    	5.33127    	7.72438    	4.30517    	3.00179    	8.77524    	6.83506    	5.0711     	4.00409    	1.80451    	4.8156     	4.8825     	4.88782    	11.624     	6.96565    	2.47231    	3.65809    	13.1264    	2.11412    	2.26656    	3.99975    	3.93929    	1.87839    	4.98559    	4.38424    	4.70137    	4.80314    	6.66672    	2.41175    	3.57296    	2.53698    	5.2018     	3.52682    	3.03368    	3.21412    	8.68385    	3.02534    	4.24793    	5.1194     	14.8192    	2.59319    	3.34504    	15.2916    	8.99836    	3.45416    	6.73858    	8.50564    	2.13567    	3.81014    	3.37999    	1.95359    	8.43177    	4.77641    	4.61244    	6.50355    	110.892	181.032	127.137	143.592	136.267	73.4132	70.2246	132.908	167.378	135.79	254.531	371.764	227.912	66.404	234.397	1          	7.42387e-06	-0.000285305	0.507629   	0.426565   	0.138459   	0.155925   	0.426559   	2.42325	
1.25e-10   	3.4        	0.782777   	0.00124182 	-0.622134  	0.589093   	0.943177   	0.000136008	0.332075   	0.645978   	0.926957   	-0.00199351	0.374846   	0.401199   	0.981169   	0.000248619	-0.192439  	0.412043   	0.723742   	-0.00180548	0.689906   	0.53117    	0.91543    	0.00125196 	-0.402356  	0.7133     	0.885603   	0.000542377	0.464324   	0.714247   	0.997088   	0.000481756	-0.0743923 	0.432072   	0.785697   	-0.00106404	-0.618467  	0.481795   	0.84955    	0.00211577 	0.527312   	0.456581   	0.864644   	-5.27134e-05	-0.502205  	0.710711   	0.967887   	-0.00213155	0.250663   	0.453761   	0.944648   	-0.00093077	-0.327156  	0.539095   	0.894531   	0.000953284	-0.446611  	0.410468   	0.842988   	9.72514e-05	0.537744   	0.67085    	6.58904    	3.24836    	4.9304     	3.07891    	4.02214    	4.70572    	5.50353    	4.5779     	3.51345    	3.93765    	2.21346    	3.49229    	4.34359    	3.92802    	4.07335    	4.81706    	5.91495    	2.68628    	3.58903    	2.03421    	2.08661    	3.12249    	4.97729    	2.22018    	1.52219    	3.40801    	5.90379    	1.73813    	4.78604    	3.55908    	4.91107    	4.78203    	5.74137    	3.33552    	1.2528     	3.69403    	6.07473    	4.08401    	1.87059    	5.25827    	3.45534    	6.11225    	6.81285    	1.70768    	4.03811    	4.94041    	6.10707    	3.16566    	10.7856    	6.70421    	16.6927    	5.61317    	8.31485    	2.61119    	3.02946    	4.37759    	3.87931    	6.92451    	8.91993    	5.03472    	165.51	95.2348	89.5592	106.925	138.966	61.4473	47.3391	115.816	128.491	144.054	88.1693	103.957	233.217	193.137	107.966	1          	1.11021e-05	-0.000159791	0.480634   	0.402982   	0.136205   	0.173712   	0.402985   	2.29704	
1.3e-10    	3.2        	0.785285   	-0.00297195	-0.618988  	0.566225   	0.948306   	0.000597399	0.317047   	0.600049   	0.909718   	0.00338935 	0.414955   	0.381204   	0.975677   	-0.00508701	-0.218434  	0.380086   	0.680478   	0.00214586 	0.732598   	0.513083   	0.909258   	0.0010972  	-0.416099  	0.704264   	0.875019   	0.000357831	0.48398    	0.702975   	0.99628    	0.00246508 	-0.0848432 	0.403544   	0.74838    	-0.0025901 	-0.663066  	0.45845    	0.822256   	-2.19391e-05	0.568763   	0.439636   	0.85021    	0.00133524 	-0.526337  	0.697684   	0.961683   	-0.00189079	0.273467   	0.422314   	0.92283    	0.00133923 	-0.384806  	0.512661   	0.892406   	-0.00290188	-0.450923  	0.394618   	0.817947   	0.00063759 	0.575147   	0.654194   	4.71173    	5.17033    	3.0931     	4.02481    	3.64568    	5.76104    	7.59813    	5.53105    	4.03136    	3.55008    	2.54866    	5.1086     	4.58896    	4.39221    	2.82293    	4.43813    	7.73799    	3.23746    	2.11286    	2.64913    	1.67275    	6.13973    	3.30763    	2.2615     	2.64001    	4.3206     	3.18624    	1.71598    	4.42227    	3.07518    	2.76939    	4.44143    	5.29608    	4.3876     	2.28099    	3.00657    	7.82767    	3.79799    	4.83396    	3.89249    	2.93921    	3.81068    	3.33715    	1.45821    	6.25852    	3.53877    	5.57089    	4.5112     	5.54914    	5.65613    	5.78762    	4.01792    	5.97884    	2.95703    	2.07893    	4.18342    	3.93459    	6.1187     	5.20168    	3.69519    	93.2029	77.4466	95.7587	99.9894	155.839	45.8381	63.7338	102.653	112.701	165.451	67.812	137.97	117.822	130.113	85.5415	1          	5.80071e-06	-0.000125407	0.453487   	0.422689   	0.139283   	0.179238   	0.422695   	2.76668	
1.35e-10   	3          	0.763584   	0.00297551 	-0.645585  	0.541113   	0.947205   	-0.00203945	0.320401   	0.572898   	0.890823   	-0.0013866 	0.454107   	0.362481   	0.96958    	0.00127417 	-0.244287  	0.345379   	0.638958   	-0.00137436	0.769131   	0.492887   	0.905583   	0.000200995	-0.424081  	0.69432    	0.866388   	-0.000303615	0.499267   	0.690232   	0.994765   	-0.00266163	-0.10106   	0.376394   	0.709444   	0.00304442 	-0.70463   	0.432042   	0.78988    	-0.00402363	0.61303    	0.417829   	0.833329   	0.000217845	-0.552609  	0.685274   	0.952482   	0.00365139 	0.304037   	0.396967   	0.90626    	0.00365251 	-0.422503  	0.489128   	0.881996   	0.00331527 	-0.47096   	0.372447   	0.798127   	-0.00445933	0.60239    	0.635122   	3.64031    	3.90945    	1.50955    	1.95119    	2.11061    	5.12758    	2.47338    	2.21066    	2.61436    	3.22355    	0.909717   	2.11282    	2.94172    	3.07666    	1.31293    	2.7986     	3.87913    	2.87999    	0.951257   	1.13353    	1.54851    	4.0564     	1.63818    	1.46789    	1.28262    	4.74073    	3.46215    	1.5131     	2.0148     	3.90034    	1.26892    	2.07961    	2.2002     	2.87382    	1.49049    	1.23815    	2.42153    	5.02827    	1.39428    	1.31171    	5.03132    	4.73271    	5.91203    	1.56015    	6.90112    	4.68542    	4.8278     	8.10656    	2.47158    	3.5975     	2.20632    	1.73126    	2.82829    	4.14101    	1.186      	2.1443     	2.63211    	4.13724    	1.95748    	2.23693    	68.4137	48.5623	52.506	54.9193	68.7941	42.1719	35.6335	45.8478	47.8293	48.384	90.5226	136.042	51.0876	55.8315	54.706	1          	8.29079e-06	-6.49555e-06	0.426279   	0.422942   	0.139566   	0.183563   	0.422942   	2.38401	
1.4e-10    	2.8        	0.73466    	-0.00486449	-0.678267  	0.517245   	0.943931   	0.0040015  	0.329834   	0.549445   	0.870141   	0.000941289	0.492435   	0.342805   	0.96258    	0.00433285 	-0.270264  	0.317249   	0.581058   	0.00101486 	0.813742   	0.474765   	0.89837    	-0.0028087 	-0.439109  	0.684993   	0.856386   	0.00476307 	0.516205   	0.677902   	0.992993   	-0.00739151	-0.11672   	0.347585   	0.662978   	-0.00141746	-0.748485  	0.409921   	0.759662   	-0.00470698	0.650143   	0.398442   	0.814305   	-0.00207319	-0.580328  	0.671238   	0.937331   	0.00888679 	0.347916   	0.371258   	0.891745   	-0.00771822	-0.452219  	0.464632   	0.862079   	0.00242867 	-0.506504  	0.347571   	0.780883   	0.00438017 	0.624569   	0.618713   	2.62579    	6.4403     	1.24806    	1.50738    	2.42184    	7.15309    	1.70898    	2.10965    	3.70239    	4.89802    	0.897004   	2.67696    	2.31085    	5.17389    	0.761523   	2.09726    	2.77821    	4.71904    	0.777117   	1.18853    	1.16821    	6.56266    	1.36367    	1.02391    	1.70997    	6.00262    	1.69546    	1.05027    	2.69505    	4.75138    	0.757463   	2.62565    	2.56349    	4.12216    	0.900621   	1.3836     	1.65229    	4.06391    	0.949361   	1.39257    	1.82092    	6.98401    	1.35222    	1.28829    	2.77959    	5.40123    	0.811849   	2.65145    	1.85719    	6.6802     	1.12181    	1.67038    	2.25711    	4.02939    	0.743272   	1.82956    	1.43408    	5.3155     	1.30746    	0.880251   	48.3733	44.1024	65.8867	46.3095	50.4121	29.6791	38.7173	50.194	48.1484	37.2515	37.7581	51.5049	36.5198	43.7055	30.7179	1          	5.17122e-07	8.35009e-05	0.39903    	0.390894   	0.145189   	0.143449   	0.390895   	2.28258	
1.45e-10   	2.6        	0.704519   	-0.00221788	-0.709518  	0.495243   	0.939865   	0.00604138 	0.340976   	0.525846   	0.846103   	-0.00635629	0.532638   	0.321414   	0.952651   	0.00576156 	-0.302855  	0.286475   	0.525125   	0.004283   	0.85089    	0.457857   	0.892829   	-0.00521815	-0.450157  	0.673687   	0.84905    	0.00228892 	0.528182   	0.663752   	0.991027   	-0.00909094	-0.13162   	0.31631    	0.614192   	0.00327137 	-0.788975  	0.388799   	0.725021   	-0.0033338 	0.688514   	0.378702   	0.802463   	-0.000825213	-0.596611  	0.657255   	0.923401   	0.00524635 	0.383405   	0.339432   	0.874657   	-0.0024623 	-0.484443  	0.441381   	0.838938   	0.00418181 	-0.543968  	0.323036   	0.761664   	-0.000519912	0.647819   	0.601399   	1.42519    	7.93353    	0.682938   	0.881735   	1.60697    	14.5517    	1.12206    	1.56296    	1.62059    	5.18698    	0.459111   	1.15484    	2.07262    	8.62563    	0.506529   	1.93951    	3.45965    	4.19343    	0.593832   	1.07048    	1.36347    	12.4054    	1.19304    	1.23064    	1.34403    	8.09996    	0.913433   	0.933312   	2.16284    	6.7318     	0.61168    	2.10804    	2.75107    	4.59052    	0.498364   	1.11305    	1.96777    	4.94033    	0.583476   	0.960417   	1.26605    	6.0849     	1.15783    	1.0031     	2.26607    	4.60452    	0.68169    	1.91104    	2.68787    	7.56416    	0.873802   	2.16856    	1.74704    	3.36186    	0.660527   	1.31592    	2.08689    	9.96374    	0.880686   	1.39608    	26.3778	31.7752	30.2243	35.8125	51.3286	31.6328	27.7562	35.7	41.3411	33.5444	26.5609	40.0503	43.891	31.4863	35.6955	1          	-2.99781e-06	-5.73827e-05	0.371758   	0.392385   	0.13895    	0.180158   	0.392378   	2.43501	
1.5e-10    	2.4        	0.671507   	0.00846594 	-0.740828  	0.47546    	0.934743   	-0.00402632	0.354816   	0.503784   	0.814878   	-0.00772093	0.578983   	0.298094   	0.941262   	0.0150711  	-0.3365    	0.258505   	0.464445   	-0.0132354 	0.88537    	0.442898   	0.886186   	0.00337604 	-0.46309   	0.658798   	0.83919    	-0.00369391	0.543556   	0.648745   	0.988622   	-0.0113352 	-0.147886  	0.285539   	0.557471   	0.014975   	-0.829806  	0.371766   	0.679189   	-0.0136279 	0.733553   	0.357604   	0.789822   	0.0069035  	-0.613127  	0.643155   	0.907553   	0.00138351 	0.419452   	0.311699   	0.85574    	0.000590624	-0.517097  	0.41703    	0.80989    	0.0168769  	-0.585956  	0.301241   	0.740725   	-0.00883688	0.671663   	0.584053   	2.13502    	5.12006    	0.57614    	1.26445    	1.15249    	13.2322    	0.789202   	1.04702    	2.04661    	8.89568    	0.448125   	1.46353    	2.50893    	5.31956    	0.552371   	2.28227    	2.26444    	5.46142    	0.505581   	0.740302   	1.09347    	13.4473    	0.960036   	0.804911   	1.16179    	18.8041    	0.906486   	0.956196   	2.51105    	7.65969    	0.506615   	2.44757    	2.22982    	7.66097    	0.441486   	0.902644   	2.18175    	7.03808    	0.420876   	1.07292    	1.34822    	12.7577    	0.780357   	0.924197   	2.50223    	5.38183    	0.647517   	2.15621    	1.66964    	7.98706    	0.740612   	1.42928    	1.96353    	5.48614    	0.572426   	1.44853    	1.62023    	5.10779    	0.774656   	1.00929    	32.5414	22.9791	34.5432	37.8976	34.9819	22.3853	27.2144	38.0102	35.7929	33.4698	24.3785	38.5664	28.7474	33.6256	27.3251	0.999999   	1.30355e-05	-1.14471e-05	0.344479   	0.397529   	0.151576   	0.168483   	0.39752    	2.15751	
1.55e-10   	2.2        	0.634824   	0.010065   	-0.772448  	0.456536   	0.927622   	-0.00105827	0.373222   	0.479504   	0.780453   	-0.0163153 	0.624153   	0.276696   	0.925126   	0.0189308  	-0.376422  	0.231634   	0.399755   	-0.0105044 	0.916407   	0.428503   	0.879453   	-0.000600383	-0.475771  	0.642061   	0.827827   	0.00976702 	0.560567   	0.6291     	0.985607   	-0.0191195 	-0.162278  	0.259489   	0.493482   	0.00156178 	-0.869554  	0.354991   	0.636511   	-0.00841733	0.771012   	0.340276   	0.775946   	-0.00390394	-0.630625  	0.624529   	0.885845   	0.0130963  	0.462648   	0.28221    	0.836306   	-0.00928855	-0.547816  	0.394075   	0.77192    	0.0188117  	-0.634883  	0.278481   	0.719196   	-0.000758942	0.69472    	0.565169   	2.7336     	5.32991    	0.598974   	1.20974    	1.81819    	7.18999    	0.770506   	1.60773    	2.65522    	11.9406    	0.42493    	1.90913    	2.18274    	17.5436    	0.452254   	2.02621    	2.23804    	6.24756    	0.453246   	0.568107   	1.40996    	12.422     	0.981551   	1.27557    	3.10835    	22.1289    	0.940286   	2.48969    	2.26031    	20.211     	0.438115   	2.41099    	2.25729    	5.26764    	0.442103   	0.859934   	2.62408    	4.2857     	0.443286   	1.31452    	3.23255    	10.8636    	0.806618   	2.09632    	3.32006    	12.6615    	0.517844   	2.73188    	1.94674    	9.22077    	0.527085   	1.56861    	1.95008    	7.6093     	0.463616   	1.14173    	1.86684    	4.948      	0.58038    	1.146      	35.3529	29.7356	35.3267	28.7412	29.7567	25.2589	41.4128	36.4411	31.6484	35.6028	41.0028	44.7499	29.5024	28.4051	27.6841	0.999999   	5.24376e-05	-1.83259e-05	0.316989   	0.424584   	0.145896   	0.171901   	0.424572   	2.06795	
1.6e-10    	2          	0.596281   	-0.0352998 	-0.800618  	0.438735   	0.910469   	0.114405   	0.393677   	0.453034   	0.7339     	-0.153805  	0.660752   	0.260054   	0.881479   	0.256678   	-0.390711  	0.218853   	0.366971   	0.0156708  	0.929217   	0.4161     	0.858711   	-0.106181  	-0.499229  	0.603963   	0.788442   	0.142035   	0.59638    	0.588984   	0.948765   	-0.2679    	-0.157592  	0.257274   	0.45153    	-0.0252547 	-0.890725  	0.346332   	0.597838   	-0.00536257	0.800602   	0.327604   	0.733573   	-0.114672  	-0.668256  	0.585635   	0.858324   	0.223126   	0.458835   	0.278457   	0.813711   	-0.153392  	-0.558412  	0.380919   	0.734053   	0.0734433  	-0.673842  	0.261114   	0.679102   	0.083843   	0.727539   	0.534577   	2.52722    	66.721     	1.1001     	1.6102     	3.6953     	95.6492    	1.52247    	2.18341    	3.26993    	9.82463    	0.94454    	1.64824    	3.54279    	35.0027    	1.03839    	6.06688    	10.8925    	33.0793    	2.69618    	0.828475   	22.0087    	114.601    	1.88692    	12.9961    	31.0601    	121.174    	1.15998    	11.1895    	6.16724    	39.5594    	0.653116   	13.1871    	10.6081    	31.3837    	0.79986    	2.35226    	6.75855    	22.2756    	0.559369   	2.01783    	24.4753    	104.336    	1.02058    	9.34106    	8.32388    	38.0398    	0.640501   	11.2445    	5.14052    	55.9625    	1.16825    	3.50958    	7.47444    	13.3755    	0.915035   	2.95507    	7.52449    	108.487    	1.81713    	3.16369    	31.8046	36.7407	42.3976	44.0452	103.237	173.996	245.098	80.5549	105.649	83.3507	189.383	88.236	51.6028	92.841	63.2417	0.999999   	-5.5503e-06	-4.75696e-05	0.288231   	0.999755   	0.150514   	0.156315   	0.999758   	3.4615	
1.65e-10   	1.8        	0.553927   	-0.167292  	-0.814986  	0.427225   	0.858243   	0.276699   	0.43127    	0.421793   	0.717078   	-0.203986  	0.665435   	0.247471   	0.825189   	0.397485   	-0.398915  	0.207859   	0.360147   	0.105468   	0.926207   	0.404902   	0.821677   	-0.226153  	-0.522697  	0.558604   	0.727642   	0.27531    	0.627831   	0.551884   	0.916136   	-0.367376  	-0.156138  	0.252898   	0.420651   	-0.151111  	-0.893219  	0.341111   	0.579067   	0.0885458  	0.809661   	0.317816   	0.675431   	-0.234208  	-0.698896  	0.550339   	0.815847   	0.340581   	0.466666   	0.269865   	0.758367   	-0.296683  	-0.580081  	0.363671   	0.737377   	0.0199149  	-0.673825  	0.25338    	0.618204   	0.217432   	0.754861   	0.506585   	7.54337    	20.5149    	3.19752    	2.61022    	13.3654    	18.2143    	3.80305    	10.2465    	5.15904    	9.60567    	1.25535    	2.35591    	3.82153    	11.468     	1.81899    	3.65361    	5.13735    	28.0872    	3.02857    	1.56995    	7.63424    	18.1668    	5.52756    	6.47228    	9.1847     	19.4226    	4.45306    	4.94327    	3.33918    	11.8153    	2.23646    	3.54745    	4.14128    	40.1346    	1.61026    	1.34753    	3.79102    	17.5565    	1.14392    	1.48363    	5.77389    	17.1683    	4.67219    	3.86477    	3.41954    	4.6733     	3.04183    	3.85471    	4.00739    	6.41051    	1.37919    	4.04169    	6.16476    	14.5983    	0.969717   	2.80718    	7.96887    	22.7908    	1.39418    	1.77851    	62.6748	93.4648	49.3132	38.3474	44.4385	59.0925	69.8701	33.8513	40.623	36.9595	47.7877	33.4186	35.2599	62.116	57.8757	0.999999   	-0.000101377	4.94451e-05	0.25874    	0.712744   	0.145805   	0.161492   	0.712729   	2.41241	
1.7e-10    	1.6        	0.520735   	-0.250376  	-0.815825  	0.422145   	0.800187   	0.341306   	0.492472   	0.388373   	0.710398   	-0.15015   	0.686367   	0.220507   	0.806574   	0.412389   	-0.422399  	0.189118   	0.355416   	0.183169   	0.916222   	0.401381   	0.768867   	-0.298842  	-0.565016  	0.510404   	0.66442    	0.368832   	0.649725   	0.517466   	0.914381   	-0.385123  	-0.120854  	0.232712   	0.380723   	-0.263236  	-0.88611   	0.345513   	0.517004   	0.187095   	0.834879   	0.308405   	0.632967   	-0.303277  	-0.712087  	0.531468   	0.785615   	0.381321   	0.486105   	0.245855   	0.725931   	-0.346184  	-0.593432  	0.344069   	0.714156   	-0.111493  	-0.690163  	0.239141   	0.554616   	0.317413   	0.768732   	0.482459   	5.40527    	11.4173    	3.16859    	3.48297    	16.4815    	4.88699    	3.91754    	8.54623    	8.43169    	4.10066    	3.48693    	2.76942    	4.8313     	3.04564    	2.03445    	4.39468    	11.105     	5.70442    	2.55968    	2.08526    	12.6695    	4.29066    	3.30754    	7.8028     	11.8704    	6.42311    	2.99922    	5.32919    	3.78762    	4.43181    	3.4271     	3.09523    	6.58588    	6.14348    	1.57381    	3.49354    	5.1073     	2.30035    	6.32518    	3.28824    	4.8751     	6.27801    	5.89659    	3.00989    	5.67828    	4.63662    	4.95555    	4.56554    	6.06261    	7.37067    	9.39491    	3.41271    	4.6104     	8.38133    	2.8671     	4.53947    	5.61934    	17.5944    	7.95559    	4.74399    	30.9954	100.361	71.1538	32.7663	54.5536	67.8317	71.4365	30.5823	51.1016	30.8044	36.2558	31.9595	49.915	28.0515	43.3769	0.999999   	0.000152346	-6.11653e-05	0.229361   	0.597025   	0.136526   	0.153202   	0.597017   	2.15523	
1.75e-10   	1.4        	0.480811   	-0.290796  	-0.826858  	0.42205    	0.633243   	0.424502   	0.640057   	0.350483   	0.797264   	-0.15158   	0.568032   	0.218181   	0.732751   	0.510832   	-0.444925  	0.160734   	0.368161   	0.223449   	0.901945   	0.392144   	0.715153   	-0.359744  	-0.598743  	0.472692   	0.611263   	0.425389   	0.666614   	0.482703   	0.88717    	-0.453601  	-0.000719228	0.215992   	0.323628   	-0.278449  	-0.903903  	0.35246    	0.492474   	0.194888   	0.847467   	0.306377   	0.570423   	-0.330205  	-0.751925  	0.504592   	0.733448   	0.433911   	0.522023   	0.222788   	0.705794   	-0.396949  	-0.586123  	0.314863   	0.616477   	-0.124711  	-0.775871  	0.21165    	0.538554   	0.348353   	0.764794   	0.460877   	6.64538    	6.37767    	7.50841    	4.30809    	103.895    	10.6859    	77.7803    	10.3354    	95.6031    	9.45611    	57.2659    	18.3123    	9.75895    	9.82731    	4.30461    	6.34834    	14.6079    	6.17179    	6.37504    	1.85183    	6.88935    	16.5037    	4.46826    	4.42216    	5.78187    	14.8191    	27.7157    	9.52697    	11.4997    	30.1048    	22.476     	9.3055     	7.69562    	5.76711    	1.99601    	1.66894    	10.4056    	9.22355    	1.37858    	1.5405     	5.65133    	4.44519    	3.32378    	5.55616    	6.01387    	7.02985    	2.46106    	5.37753    	7.13383    	6.35681    	17.5129    	19.0914    	48.3279    	11.0314    	19.7344    	61.8711    	69.5043    	6.14242    	57.0473    	5.79154    	35.3429	296.835	377.173	51.1272	56.9957	36.0015	29.1584	29.1621	36.781	64.4677	42.0113	27.5758	27.9234	241.71	251.105	0.999998   	0.000109261	0.000372781	0.200241   	0.477988   	0.141782   	0.153031   	0.477976   	2.38861	
1.8e-10    	1.2        	0.397117   	-0.302499  	-0.866077  	0.4214     	0.38661    	0.497157   	0.775812   	0.350993   	0.888535   	-0.231671  	0.393505   	0.237275   	0.592404   	0.734251   	-0.313879  	0.139037   	0.476209   	0.229337   	0.845844   	0.374694   	0.605022   	-0.448715  	-0.65702   	0.41924    	0.580182   	0.459248   	0.671359   	0.451214   	0.828386   	-0.558611  	0.00346367 	0.228247   	0.196901   	-0.227199  	-0.949834  	0.316138   	0.571571   	0.130502   	0.806151   	0.295858   	0.498444   	-0.356102  	-0.789722  	0.469622   	0.537087   	0.562058   	0.622703   	0.20813    	0.682934   	-0.459761  	-0.566656  	0.296837   	0.411276   	0.0463372  	-0.908163  	0.153849   	0.591526   	0.334496   	0.733057   	0.421495   	17.0337    	4.23781    	11.4104    	12.446     	16.492     	15.7695    	17.9562    	20.8262    	5.52476    	15.5202    	2.78817    	5.73725    	5.19034    	17.2061    	19.3148    	6.33577    	53.3651    	43.4164    	32.1283    	11.8231    	47.5581    	12.6948    	4.83554    	38.5872    	6.89502    	65.0629    	4.86452    	19.978     	47.4475    	7.52122    	5.16409    	45.6595    	58.4788    	90.2347    	10.3147    	40.479     	75.1323    	14.3071    	10.0689    	8.27184    	19.5619    	22.6593    	3.80582    	7.75596    	30.3535    	8.20865    	21.0387    	5.58853    	4.8818     	7.49467    	8.37122    	4.82971    	10.1419    	6.83158    	1.55299    	3.55221    	7.34523    	14.3749    	13.4175    	11.3709    	49.1196	33.1425	30.1183	23.6836	112.915	78.4096	40.8357	147.124	225.059	171.002	55.9816	73.5815	36.7909	55.6954	34.4145	0.999998   	-3.65643e-05	0.000248467	0.171515   	0.404018   	0.141569   	0.161809   	0.404004   	2.24888	
1.85e-10   	1          	0.354718   	-0.228999  	-0.905502  	0.403033   	0.279613   	0.472021   	0.834151   	0.332322   	0.861693   	-0.314173  	0.395944   	0.223052   	0.352566   	0.918599   	-0.130393  	0.114532   	0.542081   	0.108955   	0.83194    	0.344642   	0.547415   	-0.3915    	-0.738125  	0.36855    	0.478351   	0.382452   	0.789113   	0.388503   	0.863714   	-0.498729  	-0.0241381 	0.242822   	0.107974   	-0.0621749 	-0.991419  	0.30024    	0.664547   	0.0521704  	0.744449   	0.290253   	0.434568   	-0.300024  	-0.848145  	0.429175   	0.271474   	0.543844   	0.789432   	0.184668   	0.707749   	-0.408461  	-0.572826  	0.286683   	0.174758   	0.256762   	-0.94805   	0.148566   	0.530868   	0.236094   	0.811923   	0.376959   	9.69766    	40.2521    	3.91417    	6.77868    	14.9512    	54.9122    	4.12975    	16.9615    	6.69804    	7.25394    	4.75307    	2.62964    	22.7897    	18.6765    	23.1689    	34.7214    	19.4548    	12.1395    	17.5219    	8.31774    	9.1275     	41.8608    	5.69565    	8.2822     	57.7796    	40.2058    	11.3638    	55.3633    	18.916     	25.7583    	5.40629    	5.44358    	17.2424    	5.95681    	4.37839    	4.98398    	10.8757    	4.61116    	7.08341    	2.76793    	7.05169    	51.518     	7.98532    	13.8991    	21.2107    	35.8789    	1.96674    	19.7443    	21.484     	35.7956    	3.01992    	6.40547    	6.52742    	10.6925    	1.93979    	2.31248    	12.4416    	72.0049    	4.64111    	15.4047    	23.9847	37.2211	28.9315	43.1976	45.9269	38.192	94.2037	65.6254	36.2268	21.6466	26.0615	35.6136	76.4156	36.7287	39.4096	0.999997   	-0.000113271	-5.20801e-05	0.143012   	0.401242   	0.146541   	0.160838   	0.401243   	2.0925	
1.9e-10    	0.8        	0.272976   	-0.129985  	-0.952369  	0.374324   	0.180131   	0.318423   	0.928817   	0.299254   	0.894848   	-0.247114  	0.36927    	0.208852   	-0.224278  	0.938243   	0.18008    	0.063468   	0.59883    	0.0572557  	0.797923   	0.322598   	0.507442   	-0.249538  	-0.822817  	0.324554   	0.383581   	0.271989   	0.880919   	0.323594   	0.94301    	-0.326418  	-0.0322722 	0.216668   	0.0489164  	-0.0281014 	-0.997904  	0.277836   	0.709923   	0.0406889  	0.702335   	0.273869   	0.382362   	-0.205438  	-0.900225  	0.375729   	0.0471672  	0.349001   	0.93189    	0.153953   	0.729871   	-0.263812  	-0.628631  	0.26466    	-0.0849437 	0.298243   	-0.948766  	0.135244   	0.472186   	0.117387   	0.87262    	0.340777   	4.48975    	32.2275    	4.76498    	5.64897    	7.34859    	43.2663    	5.74722    	6.11674    	6.90314    	5.74729    	5.12892    	4.96741    	5.35834    	25.7043    	11.6842    	18.5781    	6.10394    	12.1889    	10.9558    	4.98713    	4.81514    	54.4517    	3.98237    	8.40991    	11.3627    	44.9946    	5.31218    	13.0375    	6.46539    	24.7191    	2.47395    	9.81321    	5.15383    	7.67464    	9.87739    	10.1586    	5.3386     	4.48466    	6.90556    	3.58365    	7.52016    	24.464     	5.55743    	10.4619    	3.22434    	25.9607    	2.5832     	2.8779     	6.89989    	21.9384    	4.8588     	5.33894    	6.10912    	4.45324    	8.28516    	8.01657    	8.852      	24.4999    	5.72758    	5.54898    	15.4227	18.3593	17.6121	17.1387	12.9812	15.3178	29.896	16.3421	28.9037	14.0688	18.0761	17.0889	31.8021	19.4644	22.7064	0.999995   	0.000104894	8.69174e-05	0.114478   	0.418712   	0.136862   	0.160294   	0.418714   	1.91565	
1.95e-10   	0.6        	0.152955   	-0.0977622 	-0.982976  	0.379398   	0.108707   	0.2814     	0.952883   	0.306263   	0.86841    	-0.276652  	0.409489   	0.190121   	-0.486113  	0.840029   	0.194353   	0.0655062  	0.509161   	0.0270802  	0.859859   	0.324147   	0.388363   	-0.212045  	-0.895826  	0.323981   	0.279734   	0.242364   	0.928273   	0.344046   	0.911648   	-0.378567  	-0.148826  	0.187871   	-0.0441016 	-0.00309635	-0.998494  	0.289935   	0.651182   	0.00724253 	0.758441   	0.26739    	0.239748   	-0.196275  	-0.950138  	0.381564   	-0.0377754 	0.356718   	0.930415   	0.166735   	0.614103   	-0.261225  	-0.743273  	0.261312   	-0.250664  	0.318163   	-0.912545  	0.141823   	0.370172   	0.092613   	0.923928   	0.356094   	9.66704    	8.12942    	6.62701    	5.83442    	12.5941    	4.69323    	11.3575    	13.4736    	4.28959    	7.25337    	4.46119    	6.3491     	7.13217    	6.85795    	5.84181    	6.21175    	8.07009    	4.56375    	6.43764    	7.81056    	17.0197    	6.24702    	8.91127    	3.43421    	30.2381    	4.10912    	13.6897    	23.1518    	12.7835    	8.31665    	6.46907    	7.73186    	8.02927    	6.15029    	5.01729    	4.98567    	4.77833    	2.62238    	2.57427    	2.1699     	18.334     	6.42122    	14.9547    	10.9726    	19.1961    	7.10604    	7.25753    	8.74422    	7.45427    	6.84454    	14.3671    	4.77516    	6.92082    	4.29375    	3.72901    	4.6165     	11.6175    	4.52701    	12.4952    	13.2637    	15.5739	16.2145	10.9998	14.4113	22.492	32.6479	24.88	26.5713	10.5165	17.0231	31.0213	19.2342	17.428	14.5449	17.6406	0.999992   	-0.000328323	0.00016557 	0.0857811  	0.432464   	0.144898   	0.14837    	0.432479   	1.67913	
2e-10      	0.4        	0.0658516  	-0.080524  	-0.994353  	0.38001    	0.0714287  	0.220653   	0.971313   	0.306293   	0.817084   	-0.255828  	0.510155   	0.150198   	-0.643819  	0.629165   	0.381343   	0.0552153  	0.385795   	0.0413918  	0.921021   	0.328581   	0.248285   	-0.16555   	-0.953456  	0.337593   	0.172988   	0.170299   	0.969198   	0.374678   	0.798969   	-0.322296  	-0.490152  	0.151204   	-0.0648989 	-0.00239129	-0.996445  	0.285047   	0.529578   	-0.00643399	0.847088   	0.247967   	0.132808   	-0.145132  	-0.979904  	0.394376   	-0.0580015 	0.256243   	0.96012    	0.175396   	0.459088   	-0.204932  	-0.861285  	0.253867   	-0.269456  	0.22864    	-0.930474  	0.143971   	0.248463   	0.0752728  	0.965272   	0.372661   	7.97965    	2.23373    	12.3971    	12.3205    	14.5505    	24.2431    	14.0219    	10.9707    	17.4545    	20.0589    	4.31938    	18.1509    	21.9344    	22.5829    	4.3468     	29.9822    	11.299     	3.67542    	12.1413    	6.84635    	8.64723    	15.2148    	26.2014    	15.6406    	8.73716    	19.8724    	42.9903    	32.6067    	26.4281    	31.092     	20.6563    	15.0562    	32.2291    	5.07622    	5.28114    	4.8004     	13.0677    	7.07166    	3.3525     	4.25395    	5.54138    	17.9032    	16.7124    	12.9583    	9.76954    	31.5705    	7.23954    	3.46641    	12.6976    	36.4839    	10.9084    	4.06569    	8.95383    	24.9877    	2.87763    	6.64964    	8.62077    	7.48631    	13.9492    	11.0442    	11.4702	14.2248	12.4624	22.2286	16.3856	10.1751	10.1409	14.1746	15.7613	11.7385	10.4409	16.2535	11.2032	12.7119	10.7565	0.999982   	0.000125638	0.000864958	0.0570083  	0.445051   	0.141865   	0.14286    	0.445072   	1.76708	
2.05e-10   	0.2        	-0.0153383 	-0.0540853 	-0.998161  	0.417801   	0.0326431  	0.119618   	0.991878   	0.333152   	0.688894   	-0.167193  	0.701107   	0.117006   	-0.717276  	0.449669   	0.473523   	0.0405235  	0.221389   	0.0313331  	0.974051   	0.362081   	0.101059   	-0.0947805 	-0.990073  	0.376964   	0.0853326  	0.0927251  	0.991762   	0.42176    	0.570604   	-0.222842  	-0.784249  	0.123711   	-0.080687  	0.00378582 	-0.996158  	0.314383   	0.333108   	-0.0185859 	0.941178   	0.25263    	0.040191   	-0.0870715 	-0.99522   	0.437463   	-0.0635894 	0.153297   	0.9848     	0.189917   	0.231946   	-0.117362  	-0.964452  	0.265815   	-0.246881  	0.0921947  	-0.96104   	0.15918    	0.143937   	0.0615523  	0.987252   	0.424011   	5.58794    	8.08825    	102.807    	102.266    	6.1673     	6.58242    	68.3736    	67.1032    	11.1391    	2.83396    	5.90975    	6.96639    	13.5908    	3.7158     	3.04826    	5.22287    	10.3538    	5.55443    	65.1155    	54.8915    	5.17996    	5.80714    	83.9486    	82.2591    	7.13898    	5.84654    	120.003    	118.066    	8.91336    	7.76607    	12.543     	5.18223    	9.85587    	4.17305    	59.1499    	55.3905    	11.6862    	5.56127    	34.6565    	22.6533    	6.70284    	3.7466     	131.049    	131.171    	8.5575     	5.34656    	28.4651    	27.1451    	12.3942    	3.93827    	51.7958    	42.011     	16.0272    	5.68967    	22.6792    	15.9517    	8.41601    	8.23719    	144.161    	137.372    	20.7239	13.5149	37.2645	22.7714	9.21736	17.4596	30.406	35.5332	11.8531	16.2259	32.113	16.0398	8.8223	18.7434	24.374	0.999924   	-0.000253811	0.000448728	0.0284677  	0.414534   	0.139236   	0.158487   	0.414686   	1.72922	
2.1e-10    	-0         	-0.0611581 	-0.0333361 	-0.997326  	0.453016   	-0.0117173 	0.0733423  	0.996853   	0.385566   	0.445374   	-0.189997  	0.863179   	0.0737612  	-0.568636  	0.300617   	0.719177   	0.0516478  	0.0803893  	0.0172428  	0.996281   	0.403557   	-0.00553211	-0.0676086 	-0.997374  	0.44288    	0.0175371  	0.0666709  	0.997409   	0.48012    	0.155379   	-0.131805  	-0.975513  	0.140881   	-0.0981096 	-0.000212482	-0.994633  	0.334858   	0.124247   	-0.0275139 	0.991072   	0.255092   	-0.0222355 	-0.0593183 	-0.997861  	0.495279   	-0.0733933 	0.0965567  	0.991419   	0.232586   	0.0368198  	-0.0836682 	-0.995134  	0.315004   	-0.197533  	0.074313   	-0.974269  	0.165796   	0.0383274  	0.0478171  	0.99794    	0.485025   	10.6872    	5.30784    	14.8544    	14.629     	9.63823    	7.57845    	30.1869    	28.8181    	19.6663    	6.42375    	5.9159     	15.7817    	18.0318    	4.72566    	11.2621    	2.9485     	10.0061    	6.41601    	10.9785    	10.0094    	13.2794    	6.43982    	37.097     	36.4051    	7.21062    	7.44548    	35.4315    	34.5085    	12.2657    	6.30112    	13.602     	10.0148    	12.5672    	5.91981    	8.6365     	7.59674    	10.1704    	6.49086    	6.75289    	6.66254    	4.94448    	4.92004    	25.4432    	25.0402    	10.3901    	7.89531    	15.5493    	13.0118    	14.1936    	5.29734    	29.3586    	27.0459    	22.7745    	7.32643    	3.94005    	6.39469    	8.82518    	4.16695    	22.9611    	22.3666    	12.9136	7.9148	15.5964	18.6321	8.46055	12.9953	15.7117	19.7513	9.08078	8.32469	14.6268	11.6247	8.08309	13.1048	17.7282	-0.00680014	0.0113323  	-0.00264587	0.000405361	0.41083    	0.14016    	0.149506   	0.303698   	1.7339	
