#----------------------------------------------------------------------------------------------------------------------------------------------------------
# Output file for vampire simulation
#   time       : 2025-05-27 18:31:32     process id : 365281
#   hostname   : thor7.psi.ch
#   path       : /scratch/dossan_f/Na2BaMn(PO4)2/vampire_tripleUC_15mat_J2Ja_small_k0.035_Jnn0.11_Ba
#   version    : 6.0.0
#   githash    : 4c9651daecc86c3e6b6df0c8055fcd9e89fd900c
#----------------------------------------------------------------------------------------------------------------------------------------------------------
1e-11      	8          	0.998275   	0.000118904	-0.00346382	0.988663   	0.998651   	0.00209201 	0.00421348 	0.990912   	0.998092   	-0.00364246	-0.00320148	0.989019   	0.998684   	0.00355603 	0.0029865  	0.990208   	0.999298   	-0.00133989	0.00305277 	0.98983    	0.996781   	-0.00273286	-0.00593311	0.989301   	0.998699   	0.00126411 	0.00446647 	0.990821   	0.997151   	-0.00365129	-0.00534287	0.989259   	0.999119   	0.00254725 	-0.000791335	0.988924   	0.99914    	-0.0029084 	8.76808e-06	0.989109   	0.997369   	-0.00135535	-0.00545999	0.989081   	0.998585   	0.00265327 	0.00413353 	0.990666   	0.996638   	-0.00313169	-0.00651318	0.989555   	0.998956   	0.00328302 	0.00220264 	0.989441   	0.998921   	0.000233724	0.00431978 	0.990515   	5250.79    	2.10962    	301.996    	4109.13    	2511.95    	288.593    	1133.09    	1363.6     	4909.17    	436.992    	297.627    	3435.99    	3201       	562.925    	437.005    	2126.8     	3257.86    	61.4409    	324.261    	2793.43    	6005.75    	285.266    	1427.09    	2857.98    	2611.28    	96.81      	1170.91    	1524       	5576.09    	496.763    	1006.19    	2974.88    	4374.77    	130.475    	30.2282    	3918.8     	4136.96    	211.884    	2.30238    	3647.97    	5622.16    	67.6327    	996.013    	3278.38    	2762.56    	429.89     	956.705    	1548.7     	5892.34    	406.827    	1712.14    	2544.63    	3838.96    	329.243    	128.597    	3119.54    	2778.04    	2.49475    	907.041    	1944.01    	8.13717e+06	1.79606e+06	7.2888e+06	3.17171e+06	3.29686e+06	1.02168e+07	2.00955e+06	9.09002e+06	5.90786e+06	5.33772e+06	9.1556e+06	2.23176e+06	9.89885e+06	4.60106e+06	2.33761e+06	0.999999   	-0.000109315	-1.82256e-05	0.988927   	61235      	5.01307    	0.219919   	61229      	7.70771e+07	
1.5e-11    	7.8        	0.999999   	2.12805e-05	2.33031e-05	0.992993   	0.999999   	-3.17719e-05	6.31776e-05	0.992993   	0.999999   	2.37184e-05	-9.44935e-05	0.992994   	0.999999   	2.28802e-05	8.23449e-05	0.992991   	0.999999   	9.85959e-07	-0.000143191	0.99299    	0.999999   	-1.59302e-05	6.12513e-05	0.992995   	0.999999   	-4.73607e-05	-5.29075e-05	0.992993   	0.999999   	8.47567e-05	0.000120882	0.992991   	0.999999   	-3.44196e-05	-8.08216e-05	0.992995   	0.999999   	0.000102177	8.04747e-05	0.992993   	0.999999   	-2.50597e-05	5.48939e-05	0.992996   	0.999999   	-7.05661e-05	-0.000144062	0.992991   	0.999999   	0.000148824	6.7045e-05 	0.992995   	0.999999   	-3.41808e-05	-5.45684e-05	0.992994   	0.999999   	-0.000119395	-6.48217e-06	0.992994   	0.00440944 	0.846565   	0.878914   	0.00441029 	0.00383473 	0.852347   	1.02936    	0.00383806 	0.00436977 	0.733555   	0.962701   	0.00437055 	0.00375298 	0.732394   	1.0206     	0.00374908 	0.00402077 	0.748022   	1.11849    	0.00401888 	0.00392865 	0.774708   	1.06099    	0.00392188 	0.00396948 	0.820158   	1.12524    	0.00396845 	0.00377481 	0.853831   	1.04907    	0.0037749  	0.00404248 	0.784539   	1.15698    	0.00404808 	0.00450632 	0.695454   	0.936744   	0.00449675 	0.0038465  	0.760941   	1.04588    	0.00384657 	0.00406011 	0.838341   	1.111      	0.00406081 	0.00368837 	0.757889   	1.16759    	0.00369189 	0.00412263 	0.861275   	1.09501    	0.00412005 	0.00393723 	0.783259   	1.05218    	0.00394117 	8.07675	7.38621	8.13166	7.34949	7.7687	7.29322	7.70749	7.4574	7.78576	8.11728	7.76588	7.39683	7.04988	8.06674	7.82318	1          	1.72936e-06	-1.5436e-06	0.992993   	0.0122495  	0.123556   	0.129513   	0.0122493  	3.32352	
2e-11      	7.6        	0.999999   	-2.52343e-05	9.06562e-05	0.991981   	0.999999   	6.84981e-05	3.3343e-05 	0.991976   	0.999999   	-6.30506e-05	-0.000131791	0.991978   	0.999999   	-0.000121137	7.84166e-05	0.991976   	0.999999   	2.77902e-05	-0.00018167	0.991977   	0.999999   	8.4883e-05 	8.91242e-05	0.991976   	0.999999   	-1.31754e-06	2.71043e-06	0.991982   	0.999999   	2.83299e-05	2.90846e-06	0.991976   	0.999999   	-7.20907e-07	7.15446e-07	0.991978   	0.999999   	0.000103009	5.32586e-05	0.99198    	0.999999   	-0.000104466	4.88044e-05	0.991981   	0.999999   	-8.44017e-06	-0.00011472	0.99198    	0.999999   	1.83028e-05	-7.26117e-05	0.991984   	0.999999   	-0.000168718	6.14968e-05	0.991981   	0.999999   	0.000144433	2.87055e-05	0.991979   	0.00579213 	1.16435    	1.47807    	0.00579687 	0.00554264 	0.996334   	1.35439    	0.00553973 	0.00583818 	1.01799    	1.42633    	0.00584566 	0.00548757 	0.932478   	1.34413    	0.00547953 	0.00561584 	0.820992   	1.27679    	0.00561686 	0.00602516 	1.02554    	1.26306    	0.00602802 	0.00595482 	0.900245   	1.31781    	0.00595998 	0.00605471 	0.925227   	1.41847    	0.00605639 	0.00542655 	0.870967   	1.45694    	0.00542985 	0.00593379 	0.927406   	1.63037    	0.00591961 	0.0055877  	0.854917   	1.47581    	0.00559315 	0.00547879 	1.08724    	1.44313    	0.00547633 	0.00612234 	0.832377   	1.21176    	0.00611789 	0.00578775 	0.817141   	1.48778    	0.00578652 	0.00595853 	0.924972   	1.65626    	0.00596362 	8.90225	8.32212	8.58769	8.81465	9.0811	8.94697	8.38058	9.10696	8.38017	9.21597	8.66669	8.3715	9.37219	9.10486	9.15086	1          	-1.18934e-06	-7.1037e-07	0.991978   	0.0219202  	0.127991   	0.132879   	0.0219204  	3.87756	
2.5e-11    	7.4        	0.999999   	4.896e-05  	0.00011849 	0.9905     	0.999999   	0.000221492	-7.81876e-06	0.990505   	0.999999   	-0.000251331	-0.000131512	0.9905     	0.999999   	9.21178e-05	-0.000284762	0.990503   	0.999999   	8.57642e-05	9.39792e-05	0.990502   	0.999999   	-0.000184424	0.000205808	0.990505   	0.999999   	7.45301e-05	-0.000173004	0.990497   	0.999999   	-6.29681e-06	0.00015049 	0.990498   	0.999999   	-7.73768e-05	1.89322e-06	0.990495   	0.999999   	9.60533e-05	2.19767e-05	0.990505   	0.999999   	-6.26629e-05	0.00023562 	0.990508   	0.999999   	-5.02929e-05	-0.00023432	0.990496   	0.999999   	-0.000196825	0.000135465	0.990504   	0.999999   	0.000133726	0.000161727	0.9905     	0.999999   	5.45767e-05	-0.000298477	0.990504   	0.00890372 	1.39798    	2.72778    	0.00890565 	0.0094825  	1.37224    	2.6594     	0.00949074 	0.0100995  	1.29516    	2.66399    	0.0100858  	0.00957505 	1.20616    	2.47745    	0.00955607 	0.0107943  	1.22201    	2.69296    	0.0107934  	0.00903944 	1.03934    	1.85687    	0.00904413 	0.0105049  	1.15451    	1.84969    	0.0105102  	0.0103689  	1.13501    	2.22361    	0.0103696  	0.00981639 	1.19517    	2.19958    	0.00981798 	0.0100612  	1.18914    	2.33862    	0.0100449  	0.0102957  	1.21399    	2.18125    	0.0102581  	0.0104193  	1.30334    	2.64958    	0.0104184  	0.0101649  	1.21256    	1.89831    	0.0101618  	0.00989022 	1.12966    	2.35582    	0.00989004 	0.00981167 	1.43068    	2.14612    	0.00980683 	10.4912	11.1968	11.8495	11.0822	11.306	11.025	11.5449	11.1109	10.6309	10.335	11.2369	11.5488	11.0902	11.3178	10.8243	1          	-1.46652e-06	-2.96281e-07	0.9905     	0.0516184  	0.138976   	0.132837   	0.0516179  	4.67676	
3e-11      	7.2        	0.999998   	3.98137e-05	0.000238845	0.987911   	0.999998   	-0.000104944	0.000155357	0.987909   	0.999997   	7.31511e-05	-0.000398192	0.987898   	0.999997   	-3.57987e-05	0.000477408	0.987914   	0.999998   	0.000194028	-0.000694621	0.987915   	0.999997   	-0.00016438	0.000239874	0.987925   	0.999997   	-6.0231e-05	-0.000458694	0.987915   	0.999998   	0.000118812	-3.71363e-05	0.987931   	0.999997   	-6.47942e-05	0.000487254	0.987923   	0.999998   	-3.33229e-05	-0.000782344	0.987913   	0.999997   	7.34174e-05	0.000829642	0.987915   	0.999996   	-4.10261e-05	-6.22015e-05	0.987912   	0.999998   	0.000114587	0.000297455	0.987912   	0.999998   	-6.4364e-05	0.000232542	0.987916   	0.999998   	-3.98974e-05	-0.000512406	0.987905   	0.0279997  	2.30432    	4.96503    	0.0279699  	0.0288083  	1.78104    	4.99252    	0.0288356  	0.0275403  	2.04561    	6.2631     	0.0274572  	0.0272764  	2.26705    	6.14564    	0.0272688  	0.028894   	1.85018    	4.21521    	0.0289178  	0.0277154  	1.82694    	6.28142    	0.0276594  	0.0279702  	1.61913    	6.6283     	0.0279565  	0.0285035  	1.99854    	5.70756    	0.0285687  	0.0283123  	1.97816    	6.43939    	0.0282348  	0.03038    	1.777      	4.65029    	0.0304597  	0.0272108  	1.63666    	6.68634    	0.0270905  	0.0291159  	2.16954    	9.24098    	0.0289614  	0.0284437  	1.75591    	5.71337    	0.0283933  	0.0277602  	2.11467    	4.19384    	0.0278201  	0.0262409  	1.85387    	4.88947    	0.0261247  	17.3837	17.6672	17.6898	18.0082	17.6123	17.8961	18.6381	17.3882	16.7628	18.5053	15.8108	19.2266	16.3187	15.0979	15.8997	1          	3.37024e-07	8.49072e-07	0.987912   	0.227114   	0.143517   	0.140099   	0.227113   	6.00972	
3.5e-11    	7          	0.999969   	-6.26549e-05	-0.00517397	0.971231   	0.996852   	-2.22257e-05	0.0709044  	0.974285   	0.997271   	5.68528e-05	-0.0660693 	0.970273   	0.996517   	8.44468e-06	0.076011   	0.970969   	0.999908   	2.82439e-05	-0.0126352 	0.970316   	0.997497   	-1.55448e-05	-0.0631318 	0.974431   	0.998387   	0.000129164	0.0507331  	0.973805   	0.996244   	-0.000114596	-0.0794058 	0.971724   	0.99954    	-4.39523e-05	0.0286114  	0.969356   	0.998944   	0.000212814	-0.0413706 	0.968951   	0.999192   	3.02664e-05	-0.0361838 	0.972899   	0.996343   	-0.000221941	0.0773856  	0.972476   	0.996548   	0.000267312	-0.0747762 	0.973478   	0.998133   	-0.000212795	0.053592   	0.969408   	0.99973    	-6.74248e-05	0.0215193  	0.972067   	10.5965    	2.32621    	50.7476    	10.5721    	11.2777    	2.18405    	1923.33    	8.17854    	29.5063    	2.85786    	1634.9     	14.1235    	30.8259    	2.62978    	1771.19    	11.4883    	12.8944    	2.81527    	32.528     	12.6231    	9.39673    	2.10213    	1552.21    	8.33341    	8.53442    	2.18218    	992.853    	8.67545    	28.3155    	2.09534    	1798.51    	9.89141    	17.4306    	2.53757    	150.451    	15.7366    	23.7065    	2.92027    	598.825    	17.987     	8.13855    	3.19109    	462.64     	7.80162    	21.1592    	2.65232    	1990.37    	8.9441     	14.1321    	2.50398    	1981.38    	9.23026    	29.0728    	2.29731    	1290       	17.4126    	9.10758    	2.46215    	115.324    	8.65242    	1949.28	1122.91	3233.74	4658.35	1370.7	3031.08	5202.37	3558.87	400.439	1005.88	5494.82	931.422	350.766	2865.18	3368.75	1          	-1.8306e-06	-5.26052e-07	0.969837   	229.157    	0.13382    	0.14871    	229.157    	800.724	
4e-11      	6.8        	0.999765   	-4.46585e-05	-0.0212932 	0.947541   	0.981347   	2.49419e-05	0.191953   	0.955895   	0.98507    	2.80589e-05	-0.171968  	0.949017   	0.981297   	-0.000210275	0.192263   	0.950511   	0.99983    	0.000179529	-0.0180562 	0.947753   	0.984765   	3.15686e-05	-0.173574  	0.95489    	0.988634   	1.42161e-05	0.150091   	0.954108   	0.978717   	0.000242039	-0.204953  	0.952863   	0.998473   	-0.000263359	0.0551498  	0.94601    	0.99527    	0.000125178	-0.0969938 	0.944849   	0.993331   	-7.38993e-05	-0.115116  	0.9518     	0.977545   	-4.77338e-05	0.21044    	0.955718   	0.978423   	-7.81154e-05	-0.206304  	0.956929   	0.990329   	0.000112945	0.13855    	0.946341   	0.997543   	-2.14194e-05	0.0698733  	0.948829   	6.84281    	1.92046    	21.2545    	6.95518    	25.5284    	2.40788    	145.504    	8.80578    	8.15391    	2.4666     	97.0091    	13.5791    	4.73303    	2.00054    	131.661    	6.8739     	10.9367    	2.41284    	18.347     	10.9545    	20.3935    	2.15219    	146.093    	6.993      	11.6604    	2.33199    	101.174    	4.86333    	6.76033    	2.41925    	150.596    	2.18539    	15.8209    	2.03235    	13.9755    	16.642     	17.1968    	1.98078    	45.1843    	20.9634    	4.40629    	2.23565    	57.9734    	2.46617    	15.388     	2.10437    	162.332    	2.37432    	24.9568    	1.80138    	167.939    	6.48558    	14.4233    	2.28231    	78.9321    	21.0939    	3.14555    	2.35239    	36.0148    	3.32936    	6044.59	20439.6	5059.3	798.944	11252.5	15107	7547.07	1968.95	15975.1	16632.4	1212.65	9969	19655.5	12692.8	1327.18	1          	1.15239e-06	-5.1335e-07	0.940092   	47.9817    	0.138662   	0.138138   	47.9817    	139.906	
4.5e-11    	6.6        	0.99994    	-0.000189244	-0.00872563	0.93287    	0.968756   	1.45974e-05	0.247992   	0.927258   	0.971207   	0.000170214	-0.23818   	0.934055   	0.965738   	0.000297808	0.259487   	0.930913   	0.999147   	-0.000241346	-0.0406385 	0.935676   	0.975705   	-7.41259e-05	-0.219019  	0.927156   	0.983278   	-7.62696e-05	0.181989   	0.929922   	0.962337   	3.09669e-05	-0.271834  	0.928625   	0.996009   	5.1533e-05 	0.0889279  	0.93395    	0.989184   	0.000133843	-0.146511  	0.932489   	0.991352   	-0.000132194	-0.131055  	0.930481   	0.960656   	-8.13354e-06	0.277722   	0.929702   	0.962889   	0.000176688	-0.269877  	0.929487   	0.980053   	-0.000177999	0.198649   	0.933645   	0.997452   	5.81781e-06	0.0710305  	0.930289   	10.9593    	2.53022    	58.1405    	10.6572    	14.5152    	2.29189    	17.3371    	17.1272    	2.85104    	1.99275    	35.6737    	3.03389    	5.60081    	2.09296    	17.3127    	1.89789    	13.2409    	2.33171    	75.7927    	15.7769    	7.93212    	2.76054    	44.7193    	14.0598    	2.29123    	2.30824    	60.7172    	4.48884    	12.5659    	2.17242    	11.3557    	7.61599    	10.9405    	2.31058    	83.2213    	16.1941    	6.07968    	2.32154    	71.289     	11.5092    	3.54246    	2.63554    	59.4009    	1.83657    	16.8078    	1.75488    	9.6273     	12.7641    	16.6252    	2.05585    	13.0432    	15.9933    	2.85838    	2.0253     	49.5323    	6.47966    	6.70199    	2.13107    	57.6625    	4.7696     	10842.6	11227.7	922.657	2930.45	13397.2	5143.3	932.836	9015.64	10585.8	5193.64	2889.82	13014.5	12835.2	1864	6259.72	1          	-1.30472e-06	-1.61086e-07	0.912728   	22.3179    	0.139968   	0.14676    	22.3179    	53.6686	
5e-11      	6.4        	0.999358   	-4.21274e-05	0.0323465  	0.924095   	0.965173   	-5.7345e-05	0.261098   	0.884191   	0.958266   	0.00011622 	-0.285832  	0.918303   	0.952212   	-1.11775e-05	0.305387   	0.907166   	0.996195   	-3.47671e-05	-0.085938  	0.931781   	0.97514    	2.54021e-05	-0.220781  	0.887254   	0.985074   	0.000176718	0.170988   	0.896306   	0.950201   	-0.000183906	-0.311546  	0.895628   	0.990807   	-1.3078e-05	0.134801   	0.931472   	0.981316   	8.46642e-05	-0.192311  	0.928288   	0.993754   	-0.000189717	-0.110213  	0.905573   	0.950209   	0.000116018	0.311446   	0.89011    	0.955571   	0.000191969	-0.294486  	0.886465   	0.969305   	-5.89853e-05	0.245824   	0.92466    	0.999108   	-0.00015299	0.0390098  	0.914152   	10.8338    	1.92227    	329.419    	14.5475    	29.4927    	1.97671    	412.868    	106.763    	5.40327    	2.28934    	30.676     	1.57423    	3.18246    	2.2037     	44.4848    	7.71304    	15.5536    	2.50403    	304.192    	28.8338    	13.527     	2.43038    	504.173    	66.9404    	8.47018    	2.41691    	537.234    	42.2259    	12.5813    	2.58822    	93.4489    	34.8718    	28.4977    	3.1624     	202.139    	51.2805    	30.5915    	3.26511    	60.6463    	45.5111    	2.66473    	2.29525    	408.696    	10.5035    	28.6622    	1.90639    	181.158    	79.6017    	36.6741    	2.15305    	275.223    	108.659    	17.6948    	2.07512    	26.3979    	19.5853    	5.11038    	1.8148     	347.759    	3.07995    	10963.7	23642.5	4021.48	1375.02	15192.6	9748.59	5989.84	9030.82	27080.8	28226.9	1891.68	22915.5	30252.3	15949.4	4800.96	1          	-3.14881e-06	-2.17436e-06	0.885611   	14.875     	0.132794   	0.141093   	14.875     	34.823	
5.5e-11    	6.2        	0.996577   	-5.46796e-05	0.0816113  	0.918037   	0.967712   	0.000312303	0.251921   	0.829844   	0.94884    	-0.000228144	-0.315722  	0.903969   	0.942366   	-8.14879e-06	0.334572   	0.882283   	0.989693   	-2.91605e-05	-0.142704  	0.933233   	0.98115    	4.69271e-05	-0.192922  	0.836404   	0.991169   	-0.00010379	0.131945   	0.852287   	0.94106    	-0.000181359	-0.338228  	0.861415   	0.981511   	0.000254225	0.19109    	0.937391   	0.971586   	-0.000174993	-0.23647   	0.933528   	0.997771   	-0.000102491	-0.0648128 	0.872902   	0.945022   	0.000279548	0.326973   	0.844059   	0.954506   	-9.51008e-05	-0.298131  	0.832272   	0.96028    	5.95757e-05	0.278917   	0.921622   	0.999848   	5.63839e-05	-0.00795177	0.896392   	1.63949    	2.22271    	235.129    	3.60134    	8.72116    	2.50757    	90.449     	24.6206    	7.05843    	2.77695    	34.2794    	15.4558    	5.57686    	2.12495    	7.57445    	5.88165    	2.03496    	2.49789    	208.016    	10.719     	12.6455    	1.76937    	160.808    	33.3654    	9.7179     	2.5942     	216.545    	23.9979    	2.21913    	2.50178    	6.32294    	1.5278     	5.76967    	2.59894    	187.089    	23.3537    	10.2387    	2.45556    	165.128    	34.1537    	4.4728     	2.92938    	312.844    	9.56049    	5.07584    	2.04493    	30.5329    	11.8047    	10.0025    	2.61619    	51.7072    	23.0495    	7.14562    	2.84145    	109.932    	26.9392    	2.15724    	2.26773    	308.352    	1.97269    	1741.35	5654.99	5397.41	4070.64	2341.24	8999.33	7059.57	824.514	5472.12	9350.61	3139.91	2711.55	6602.75	5968.85	1935.47	1          	1.02477e-06	-7.96694e-06	0.858536   	11.0276    	0.135971   	0.151085   	11.0276    	22.7031	
6e-11      	6          	0.990992   	0.000346728	0.133658   	0.911069   	0.964109   	-0.000204059	0.265482   	0.788072   	0.928709   	-0.000187736	-0.370769  	0.896414   	0.922366   	0.000102905	0.386292   	0.865897   	0.980295   	-0.000176849	-0.197326  	0.932909   	0.981887   	0.000106176	-0.189368  	0.796015   	0.993896   	0.000147829	0.110082   	0.813567   	0.925206   	3.81514e-05	-0.379459  	0.837659   	0.969596   	-0.000169499	0.244617   	0.93955    	0.957892   	0.000105884	-0.287075  	0.937434   	0.999534   	-0.000200403	-0.0296747 	0.839757   	0.933239   	9.76956e-05	0.359242   	0.811744   	0.946165   	-6.2506e-05	-0.32367   	0.792542   	0.943418   	1.52243e-05	0.331565   	0.922206   	0.998539   	4.76482e-05	-0.0534439 	0.876613   	3.47457    	2.90394    	92.9032    	4.43078    	3.95425    	2.10388    	13.3222    	6.21901    	6.42413    	2.45444    	44.9512    	14.1759    	5.05785    	2.38487    	24.3397    	8.75352    	1.46009    	2.66428    	119.041    	4.25192    	2.86543    	2.84581    	37.7155    	5.5091     	6.56897    	2.43519    	58.7601    	10.6902    	6.68126    	2.18218    	2.40847    	5.71971    	0.982462   	2.43848    	67.2626    	4.03907    	3.2623     	2.63627    	47.2167    	10.453     	11.3751    	2.82864    	55.5299    	12.5824    	4.7846     	2.28796    	5.59359    	2.53172    	3.60099    	2.4233     	7.43338    	2.84255    	7.63946    	3.40699    	47.8501    	20.6286    	9.1727     	2.92038    	72.8411    	7.11086    	3297.47	2147.17	4387.6	3111.6	1587.97	1442.27	4211.01	4607.12	1129.8	3105.1	8209.08	2885.94	1644.99	6220.97	7220.1	1          	7.11368e-07	-1.51378e-05	0.831642   	9.05199    	0.138711   	0.137038   	9.05199    	19.0321	
6.5e-11    	5.8        	0.98469    	0.000118421	0.174216   	0.900598   	0.958962   	-0.000118318	0.283467   	0.752732   	0.908159   	-1.51973e-05	-0.418607  	0.887693   	0.902263   	-0.000358964	0.431175   	0.849646   	0.971395   	0.000241321	-0.237416  	0.925691   	0.981094   	8.79663e-05	-0.193449  	0.762725   	0.994415   	0.000188834	0.10538    	0.77827    	0.909956   	-0.000137442	-0.414698  	0.817489   	0.960538   	-1.55297e-05	0.278097   	0.932931   	0.947498   	-2.35819e-05	-0.3197    	0.934429   	0.999852   	-0.000166049	-0.0153575 	0.804987   	0.920378   	0.000188754	0.391022   	0.786618   	0.936097   	-0.00019485	-0.351709  	0.760701   	0.927581   	0.00026949 	0.37359    	0.920032   	0.996288   	-0.000121868	-0.0856661 	0.852437   	5.03802    	2.60196    	40.9656    	3.90546    	4.01743    	2.25721    	30.8827    	2.10395    	5.17863    	2.04607    	12.4965    	1.48051    	5.21433    	2.94737    	5.32231    	2.14121    	3.51489    	3.8981     	30.1586    	1.44642    	3.17577    	2.41477    	27.6718    	2.3515     	1.76094    	2.43365    	30.3318    	1.4268     	2.66809    	2.40512    	3.72253    	2.06505    	2.68662    	2.97886    	35.1806    	0.418283   	2.87005    	2.65632    	51.1835    	1.24205    	1.63214    	2.99166    	60.4285    	1.53283    	3.00711    	2.37264    	2.07626    	1.68719    	5.85716    	2.1288     	16.2373    	2.05934    	2.35344    	2.34934    	29.9714    	2.97081    	4.22067    	2.43313    	80.3021    	2.98411    	3855.78	2351.86	3487.18	3208	2605.87	1993.45	855.172	1314.83	2142.51	2308.28	803.013	1527.64	3696.73	1596.58	2804.71	1          	-5.2052e-08	-1.76599e-05	0.80479    	7.64838    	0.132583   	0.14507    	7.64838    	15.8731	
7e-11      	5.6        	0.978219   	0.000223414	0.207466   	0.891091   	0.953888   	-0.000147202	0.300143   	0.720485   	0.887578   	-9.93788e-05	-0.460617  	0.873809   	0.881552   	0.000169944	0.472072   	0.830711   	0.963065   	-7.59418e-05	-0.269215  	0.916234   	0.97981    	-9.68799e-05	-0.199898  	0.73352    	0.994238   	3.6265e-05 	0.107145   	0.745548   	0.894186   	-0.000122242	-0.44769   	0.796945   	0.952953   	7.47206e-05	0.303091   	0.922769   	0.93842    	-0.000473709	-0.345485  	0.926986   	0.999936   	0.000353833	-0.0108332 	0.77218    	0.90556    	0.000220389	0.42421    	0.763928   	0.925178   	-0.000162337	-0.379525  	0.730815   	0.911134   	6.80144e-05	0.412091   	0.915447   	0.993309   	4.30176e-05	-0.115421  	0.829624   	1.79135    	2.09271    	59.0758    	3.96833    	4.8964     	2.53747    	5.47434    	3.09523    	6.66599    	2.40749    	39.5371    	3.45906    	3.4436     	2.67674    	14.452     	4.11238    	2.68109    	3.00449    	35.7419    	1.39602    	4.70306    	2.30064    	7.72121    	3.35206    	2.38503    	2.76217    	6.84015    	2.16626    	4.92399    	2.23979    	4.65694    	5.86113    	2.90981    	2.34814    	19.688     	1.58364    	1.27164    	2.65713    	7.64207    	0.772883   	4.63304    	2.51124    	7.28843    	4.58836    	3.23669    	2.94683    	2.06597    	2.42285    	2.23643    	2.84685    	2.26018    	1.69813    	1.97674    	2.91338    	19.678     	2.41422    	2.10827    	3.44382    	14.6965    	2.71764    	1618.84	2954.31	3990.17	1746.98	1902.45	2950.04	1211.41	3125.48	2049.08	1155.39	2582.28	1890.27	1089.14	1300.66	1332.63	1          	-1.18433e-06	-1.31976e-05	0.777951   	6.65282    	0.140751   	0.14915    	6.65281    	13.1253	
7.5e-11    	5.4        	0.97404    	-2.48235e-05	0.226355   	0.880813   	0.94539    	-0.000211142	0.325921   	0.6889     	0.868328   	0.000187494	-0.495973  	0.857742   	0.85894    	0.000191636	0.512068   	0.810137   	0.957052   	-0.000201932	-0.289904  	0.907553   	0.976127   	5.00295e-05	-0.217181  	0.705285   	0.992938   	0.000315974	0.118606   	0.712949   	0.877925   	-0.000351027	-0.478793  	0.775311   	0.948219   	5.85606e-05	0.317608   	0.91125    	0.934143   	0.000120908	-0.356864  	0.916729   	0.999568   	-2.76805e-05	-0.0286709 	0.737703   	0.886975   	-0.0001133 	0.461806   	0.743512   	0.910455   	0.000363247	-0.413594  	0.703568   	0.899789   	-0.00046028	0.436302   	0.906923   	0.992256   	0.000211662	-0.124157  	0.803534   	2.66313    	2.63194    	11.0512    	3.60704    	4.86988    	2.69381    	8.09903    	5.63777    	10.0496    	2.38351    	10.8066    	2.21527    	3.50377    	3.13307    	3.20101    	1.52374    	1.08948    	2.95011    	5.85841    	1.18385    	2.44219    	2.71885    	3.38909    	2.00892    	3.35153    	2.16417    	3.58773    	3.00615    	2.81988    	2.4355     	2.08582    	1.95102    	0.920753   	3.25235    	5.42478    	0.784452   	4.06109    	3.50385    	26.3353    	0.985139   	14.0126    	2.67533    	32.3622    	13.1574    	4.4812     	2.62753    	6.25507    	4.37064    	3.55865    	2.02886    	6.20231    	2.12842    	7.58503    	2.5688     	18.0216    	1.75266    	13.919     	2.45747    	12.5938    	15.7973    	1823.2	2763.44	6062.07	1774.43	724.505	1436.41	1679.46	1454.48	717.831	3028.84	7898.46	2652.17	2023.72	5038.63	8324.99	1          	1.97481e-06	-1.5068e-05	0.751113   	5.91397    	0.139824   	0.140902   	5.91396    	11.8058	
8e-11      	5.2        	0.967852   	7.15786e-05	0.251485   	0.865404   	0.941735   	8.80429e-05	0.336316   	0.656235   	0.852415   	-0.000161773	-0.522851  	0.841702   	0.83974    	7.70998e-05	0.542974   	0.789631   	0.951468   	3.64969e-05	-0.307738  	0.897239   	0.973438   	-0.000132992	-0.228929  	0.673393   	0.991517   	0.00037831 	0.12995    	0.677663   	0.864554   	-0.00038344	-0.50253   	0.751511   	0.945827   	3.09857e-05	0.324659   	0.89895    	0.93491    	-0.000503582	-0.354856  	0.905286   	0.998456   	0.000431107	-0.0553367 	0.696635   	0.871331   	0.000225482	0.490685   	0.723516   	0.897751   	6.45323e-05	-0.440493  	0.676212   	0.8936     	0.000347741	0.448855   	0.898853   	0.991527   	-0.000444657	-0.129862  	0.769676   	10.2566    	3.14891    	15.374     	8.32026    	5.5906     	2.29866    	13.2215    	2.21081    	5.60327    	2.77716    	10.6948    	2.37563    	6.11735    	2.468      	9.03467    	2.10143    	1.2082     	3.23358    	6.28744    	1.42338    	4.03369    	2.83271    	4.92748    	4.6755     	3.51682    	2.3351     	2.27905    	3.554      	3.30908    	2.298      	5.67629    	1.81567    	0.808825   	3.11349    	6.61277    	1.22267    	1.55462    	3.19286    	24.8669    	1.83806    	13.7155    	2.18176    	15.0461    	12.4643    	7.19187    	2.28834    	3.43132    	3.86325    	4.96787    	2.68183    	2.25537    	3.49576    	2.99238    	4.21356    	3.59048    	1.72446    	10.1741    	3.34562    	5.43831    	10.1542    	5689.75	3323.91	3020.09	3144.16	797.697	2156.32	1701.35	1674.98	542.051	1257.42	7134.28	4121.18	2640.16	1962.83	5391.36	1          	3.69851e-07	-1.39373e-05	0.724201   	5.44239    	0.140922   	0.150211   	5.44239    	11.3285	
8.5e-11    	5          	0.961855   	-5.87189e-06	0.273541   	0.852467   	0.935457   	-0.000227158	0.353427   	0.626841   	0.832527   	0.000177059	-0.553977  	0.823745   	0.815545   	-8.61901e-05	0.578688   	0.769022   	0.946152   	-7.13558e-05	-0.323714  	0.88739    	0.968959   	0.000207788	-0.247205  	0.644824   	0.990106   	9.7922e-05 	0.140294   	0.645691   	0.846643   	0.000150752	-0.532155  	0.727519   	0.941715   	-0.00018284	0.336404   	0.88774    	0.932002   	-0.000135442	-0.362447  	0.893612   	0.997153   	9.61661e-05	-0.0753418 	0.661276   	0.851538   	9.11026e-05	0.524286   	0.703789   	0.883216   	-0.000360002	-0.468958  	0.652438   	0.88115    	0.000290222	0.472826   	0.888821   	0.989263   	-1.17387e-05	-0.146102  	0.741071   	1.11395    	4.77125    	7.73598    	0.941099   	3.26137    	3.61335    	2.02512    	2.1394     	4.27889    	4.16548    	4.38703    	3.5554     	3.49017    	2.38244    	1.81157    	1.72517    	0.875006   	2.87377    	3.6971     	1.00405    	2.40385    	2.66789    	1.87374    	2.07187    	1.86509    	2.87164    	2.37584    	1.91368    	2.21871    	2.59304    	2.46742    	1.7053     	0.852431   	2.41348    	4.68321    	0.823903   	0.620051   	3.25199    	3.29704    	0.694139   	3.1028     	2.52338    	4.07501    	2.90746    	3.08271    	2.59801    	2.43535    	2.22816    	5.55018    	2.75567    	1.4836     	4.30215    	3.32483    	3.42184    	6.80444    	1.49581    	2.54381    	3.77128    	6.85091    	2.32301    	745.687	1666.63	1791.17	1601.36	588.94	1188.71	789.264	1009.35	570.708	466.427	1325.35	1507.11	2921.15	1539.67	1135.35	1          	3.44902e-06	1.17583e-05	0.69727    	5.02488    	0.136898   	0.147723   	5.02488    	10.3807	
9e-11      	4.8        	0.956944   	-0.000150943	0.290262   	0.840939   	0.926519   	-0.000161745	0.376237   	0.598415   	0.810776   	0.000281195	-0.585351  	0.804165   	0.788482   	-0.000164932	0.615052   	0.74884    	0.94036    	0.00011448 	-0.340175  	0.877358   	0.964131   	4.08353e-05	-0.265412  	0.61747    	0.988695   	0.000492174	0.149916   	0.613723   	0.82744    	9.93326e-05	-0.561548  	0.7039     	0.937422   	-0.000402677	0.348189   	0.876138   	0.928974   	0.000213364	-0.370136  	0.881936   	0.99556    	-0.000557745	-0.0940812 	0.626732   	0.83039    	0.000247091	0.557175   	0.68344    	0.868373   	-7.71661e-05	-0.495902  	0.628579   	0.869731   	-0.000334603	0.493518   	0.876559   	0.986951   	0.000471615	-0.160997  	0.712599   	1.49626    	3.70323    	3.12135    	1.2514     	2.69088    	2.60601    	1.52752    	2.26876    	3.02536    	2.80181    	2.81338    	2.84506    	2.70776    	2.61421    	1.57996    	1.10649    	0.703513   	2.9376     	2.85954    	0.764383   	1.73128    	2.62216    	1.68842    	1.59881    	2.86713    	2.34758    	1.98171    	2.83133    	3.2277     	2.72261    	1.47773    	2.15856    	1.02819    	2.72626    	2.68302    	0.67377    	0.981226   	3.4491     	3.83885    	0.823852   	3.41952    	3.01257    	2.03866    	3.29338    	2.17587    	2.88927    	1.89273    	1.07633    	2.34191    	2.86636    	2.43636    	1.56219    	2.4555     	3.91449    	5.6997     	1.28762    	3.08087    	3.79265    	2.79306    	3.23881    	867.99	1178.59	1270.25	1045.56	473.08	778.22	1269.22	1406.18	602.952	652.703	1387.07	969.557	1128.83	1197.85	1252.8	1          	2.55124e-06	1.02953e-05	0.670319   	4.69256    	0.135709   	0.148735   	4.69256    	10.5112	
9.5e-11    	4.6        	0.951808   	-0.00020818	0.306686   	0.828006   	0.916895   	3.67432e-05	0.399116   	0.570861   	0.788118   	0.000172923	-0.615519  	0.784959   	0.75968    	3.28688e-06	0.650292   	0.729544   	0.93523    	0.000199881	-0.354034  	0.866852   	0.957902   	-0.000273168	-0.28708   	0.589927   	0.98696    	-0.000485271	0.160934   	0.581964   	0.805889   	0.000228712	-0.59206   	0.680569   	0.933174   	0.000177207	0.359415   	0.864799   	0.926013   	0.000425153	-0.377485  	0.870271   	0.993522   	-0.000151428	-0.113608  	0.59275    	0.807205   	-0.000369846	0.590265   	0.662988   	0.851701   	0.000199565	-0.524021  	0.604846   	0.858239   	-0.000624043	0.513244   	0.863752   	0.98448    	0.000627582	-0.175477  	0.684506   	1.28915    	2.53639    	3.08413    	0.944191   	3.17628    	2.30935    	1.39061    	2.10673    	2.98264    	2.37007    	1.46779    	1.1349     	2.94227    	3.14265    	1.105      	1.20767    	1.0191     	4.31206    	2.01492    	0.910367   	2.16646    	3.29733    	1.0232     	1.96524    	2.07223    	3.25132    	1.60912    	2.07305    	2.08544    	4.25269    	0.918077   	1.46256    	0.65201    	4.90527    	2.64609    	0.65255    	1.13272    	3.2242     	3.04194    	0.696795   	2.06392    	2.61605    	1.81439    	1.8918     	2.18269    	3.21612    	1.19099    	1.52882    	2.81282    	2.11696    	1.00073    	1.72904    	1.59013    	3.17254    	2.478      	0.987441   	2.73576    	3.07246    	2.0835     	2.63844    	591.895	1431.98	1066.38	1104.04	555.359	922.122	796.17	825.23	379.014	660.374	821.96	858.537	1260.94	661.355	1113.27	1          	7.40496e-06	6.31063e-06	0.643355   	4.36021    	0.133714   	0.157234   	4.36023    	9.45657	
1e-10      	4.4        	0.947079   	0.00048756 	0.320993   	0.814565   	0.905084   	-0.000242458	0.425222   	0.543605   	0.764396   	-0.000301542	-0.644743  	0.766166   	0.728908   	-1.84708e-05	0.684607   	0.710735   	0.930223   	-0.000453633	-0.366988  	0.856116   	0.950757   	0.000710403	-0.309924  	0.562445   	0.985127   	-0.000255495	0.171804   	0.550085   	0.782059   	0.00055665 	-0.623198  	0.657719   	0.928578   	-0.000247474	0.371131   	0.85384    	0.922624   	0.000169113	-0.385694  	0.85867    	0.991282   	-4.15254e-06	-0.131727  	0.558569   	0.78256    	-0.000224801	0.622569   	0.643054   	0.833279   	8.87497e-05	-0.552846  	0.58162    	0.846603   	2.95696e-05	0.532222   	0.850396   	0.981746   	-0.00015266	-0.190183  	0.65654    	1.1863     	3.59991    	1.90491    	1.17373    	2.88269    	3.33604    	0.687957   	2.22609    	2.83117    	2.91055    	1.22159    	1.0138     	3.47103    	2.43737    	1.06488    	1.12627    	0.90021    	3.225      	2.03517    	0.65713    	2.53947    	3.03635    	1.21695    	2.44949    	2.20537    	2.85039    	1.05802    	2.18085    	1.89121    	2.636      	1.44385    	1.26132    	0.803947   	3.47343    	2.27334    	0.692429   	0.894147   	3.4254     	2.04308    	0.803756   	2.31436    	2.23873    	1.41798    	2.24827    	2.38491    	2.81095    	0.921232   	1.29101    	2.44348    	2.41765    	0.724593   	1.49203    	1.3666     	2.78037    	1.59226    	0.948179   	2.50399    	2.66578    	1.32277    	2.34132    	563.467	1147.15	1024.95	1218.49	477.834	1001.75	764.632	724.938	428.626	487.433	806.829	914.445	993.975	552.758	829.439	1          	2.29079e-06	-5.94224e-07	0.616384   	4.07769    	0.139027   	0.152902   	4.07769    	8.41652	
1.05e-10   	4.2        	0.942168   	-0.000225436	0.335131   	0.800947   	0.891726   	0.000125654	0.452565   	0.516761   	0.739124   	0.000163188	-0.673565  	0.747692   	0.696609   	-0.000458549	0.717447   	0.692989   	0.925375   	0.000818168	-0.379044  	0.844988   	0.942356   	-0.000742691	-0.334599  	0.534427   	0.982953   	1.16282e-05	0.18383    	0.518594   	0.755661   	0.000283463	-0.654957  	0.63527    	0.924077   	-0.000241698	0.382198   	0.842674   	0.91927    	-0.000239937	-0.393623  	0.847013   	0.988443   	0.000144508	-0.151562  	0.525247   	0.754998   	0.000153988	0.655721   	0.623168   	0.812149   	0.000595117	-0.583441  	0.558878   	0.83475    	0.000220765	0.550625   	0.836952   	0.978885   	-0.000839837	-0.204394  	0.628736   	1.22682    	4.84542    	1.51391    	1.15872    	2.13788    	3.16556    	0.657723   	1.59248    	2.12478    	3.69965    	0.910317   	1.08537    	1.68252    	3.31829    	0.672074   	0.70764    	0.629509   	4.63974    	1.834      	0.654929   	1.71408    	3.01078    	0.724505   	1.54942    	1.99254    	3.06767    	0.779448   	1.93431    	2.1386     	3.02553    	0.693541   	1.21329    	0.928084   	4.163      	1.50157    	0.608087   	0.944045   	3.4729     	1.57575    	0.622035   	2.43904    	2.947      	1.0029     	2.28148    	2.20072    	3.49558    	0.812451   	1.0905     	2.51921    	3.13932    	0.767988   	1.29619    	1.44372    	3.05453    	1.34278    	0.893514   	1.8934     	2.45963    	1.39829    	1.72991    	516.208	816.155	682.741	560.864	325.392	587.711	715.494	761.378	471.557	476.982	802.948	783.711	957.803	486.897	620.979	1          	-8.65934e-06	-5.31724e-06	0.589411   	3.86274    	0.144805   	0.148782   	3.86274    	8.52136	
1.1e-10    	4          	0.937247   	-0.000643491	0.348659   	0.787037   	0.876109   	0.000850776	0.482102   	0.490482   	0.712255   	0.000133401	-0.701916  	0.729555   	0.661795   	-4.99017e-05	0.74968    	0.676287   	0.920184   	0.000387933	-0.391481  	0.833593   	0.932811   	-0.00056391	-0.360355  	0.506943   	0.980223   	0.000253493	0.197868   	0.48679    	0.726423   	-0.000326279	-0.687244  	0.613888   	0.919534   	0.000106049	0.393006   	0.831616   	0.915279   	8.84432e-05	-0.402817  	0.835032   	0.98532    	0.000192036	-0.170686  	0.492246   	0.725104   	-0.000244768	0.688635   	0.604278   	0.789469   	0.000331953	-0.613784  	0.537536   	0.822097   	-2.07071e-05	0.569344   	0.823076   	0.975358   	-0.000306318	-0.22061   	0.600529   	0.954887   	3.93052    	1.13069    	0.84874    	2.16096    	2.75519    	0.580653   	1.71995    	2.02502    	3.72326    	0.8144     	0.852377   	2.33364    	3.46512    	0.591208   	0.734494   	0.85505    	3.5516     	1.27216    	0.721152   	1.86633    	2.42383    	0.589468   	1.54641    	2.31398    	3.40035    	0.584702   	2.17929    	2.00663    	2.23246    	0.531228   	0.954247   	0.756834   	3.66322    	1.26981    	0.628088   	0.780082   	3.04536    	1.07822    	0.584845   	2.24406    	3.2352     	0.693126   	2.1494     	1.72189    	2.47992    	0.532922   	0.676135   	2.16384    	2.53215    	0.542357   	1.24367    	1.1371     	3.38644    	0.885267   	0.673789   	2.30097    	3.34572    	0.682063   	2.10374    	379.915	759.586	598.274	738.011	369.295	635.547	750.326	666.122	397.637	367.981	705.425	574.001	760.861	401.206	697.557	1          	2.53113e-06	-3.6895e-06	0.562435   	3.65929    	0.143949   	0.146578   	3.65929    	7.76008	
1.15e-10   	3.8        	0.932368   	-8.38265e-05	0.361504   	0.772733   	0.857697   	0.000169747	0.514147   	0.464606   	0.683974   	-2.67617e-05	-0.729502  	0.712026   	0.625166   	0.000381805	0.780487   	0.660141   	0.915487   	-0.000123072	-0.40234   	0.822111   	0.921217   	-0.000338197	-0.389037  	0.479107   	0.977171   	0.000445118	0.212426   	0.455482   	0.694256   	0.000200859	-0.719722  	0.593134   	0.914789   	-0.000348786	0.403925   	0.820127   	0.911426   	0.000452109	-0.411457  	0.823379   	0.981477   	-0.001137  	-0.191546  	0.458886   	0.69276    	0.000245761	0.721163   	0.585806   	0.763466   	-3.69603e-05	-0.645841  	0.515979   	0.809533   	3.02093e-05	0.58707    	0.80885    	0.971642   	4.11956e-05	-0.236442  	0.573101   	1.23587    	3.15664    	1.12908    	0.98501    	1.99977    	2.13978    	0.449363   	1.28639    	1.70457    	2.93474    	0.616739   	0.686417   	1.94211    	3.35759    	0.416443   	0.664357   	0.911347   	4.28923    	1.09241    	0.698555   	1.68421    	2.97994    	0.533801   	1.50491    	1.61       	3.13045    	0.567555   	1.49947    	2.02258    	3.69456    	0.422136   	1.05515    	0.734483   	4.72157    	1.20846    	0.599415   	0.646859   	5.01509    	1.23689    	0.57323    	2.01954    	2.99016    	0.520414   	1.87544    	1.70154    	3.05967    	0.404344   	0.663864   	2.16618    	2.13023    	0.405944   	1.08908    	1.14076    	3.86805    	0.64125    	0.635828   	1.86813    	2.75717    	0.618064   	1.68586    	403.332	665.367	445.959	575.74	392.028	467.628	487.795	608.906	328.011	289.751	540.646	515.824	675.055	423.271	501.952	1          	5.35037e-06	-1.36546e-05	0.535467   	3.55733    	0.145128   	0.163993   	3.55733    	7.39088	
1.2e-10    	3.6        	0.927421   	0.000910322	0.374008   	0.758475   	0.836036   	0.000315048	0.548664   	0.439166   	0.653855   	-0.0012376 	-0.756614  	0.69484    	0.586364   	0.000440078	0.810043   	0.644744   	0.910579   	0.000123088	-0.413328  	0.810256   	0.907861   	-0.000900444	-0.419254  	0.451583   	0.973272   	0.000723861	0.229615   	0.424082   	0.658303   	-0.000948797	-0.752745  	0.573169   	0.91012    	0.000340709	0.414339   	0.809069   	0.907437   	-0.000772169	-0.42018   	0.811503   	0.976937   	0.00106913 	-0.213497  	0.426653   	0.6567     	0.000275727	0.754145   	0.567444   	0.734377   	-0.000465038	-0.678734  	0.495227   	0.796462   	0.00108559 	0.604682   	0.794759   	0.967288   	-0.00117633	-0.253655  	0.545513   	0.814105   	4.93979    	0.818387   	0.790933   	1.98542    	2.84659    	0.311546   	1.31197    	1.90881    	3.76584    	0.503604   	0.650892   	2.01334    	3.80562    	0.354973   	0.621916   	0.762367   	4.69622    	0.925037   	0.602682   	1.67947    	3.59644    	0.350503   	1.34864    	1.83507    	4.92205    	0.338575   	1.73863    	1.7168     	4.71444    	0.334674   	0.637167   	0.689298   	4.72248    	0.854722   	0.599396   	0.628368   	5.94216    	0.806635   	0.512249   	2.12072    	3.10546    	0.442934   	1.96688    	1.9739     	3.65858    	0.325648   	0.732483   	2.16359    	2.71765    	0.28809    	0.99991    	1.26928    	4.71318    	0.759851   	0.681052   	2.244      	4.29837    	0.694023   	2.05302    	331.941	546.972	494.75	534.472	312.01	494.737	485.457	458.962	291.517	295.895	576.693	530.801	618.115	399.078	564.369	1          	-5.04665e-06	6.21061e-06	0.50849    	3.44445    	0.14572    	0.166914   	3.44445    	7.17643	
1.25e-10   	3.4        	0.922353   	-0.000133612	0.38634    	0.743898   	0.810391   	0.000897632	0.585873   	0.414412   	0.621908   	-0.000413681	-0.783085  	0.678403   	0.544386   	-0.000125299	0.83883    	0.629939   	0.905802   	4.36934e-05	-0.423695  	0.798468   	0.891895   	0.00013839 	-0.452227  	0.424762   	0.968431   	0.00035677 	0.249238   	0.392751   	0.618912   	-0.00142966	-0.785454  	0.554143   	0.90552    	0.000880409	0.424296   	0.797747   	0.903205   	-0.000625622	-0.4292    	0.799616   	0.971424   	-0.000371741	-0.237295  	0.394369   	0.617518   	0.0011233  	0.786548   	0.550123   	0.701602   	-0.000820248	-0.712559  	0.475352   	0.783027   	0.00110622 	0.621982   	0.780294   	0.962463   	-0.000931592	-0.271398  	0.518118   	1.20744    	4.88694    	0.712842   	1.00719    	1.83096    	4.38535    	0.263685   	1.14182    	1.64751    	4.843      	0.349434   	0.583389   	1.93006    	3.66589    	0.292879   	0.434075   	0.761436   	5.29578    	0.750352   	0.558075   	1.92998    	3.30403    	0.306683   	1.53672    	1.50198    	4.75477    	0.362799   	1.42833    	1.68961    	2.30563    	0.234873   	0.549962   	0.645467   	4.65243    	0.713994   	0.521714   	0.711778   	6.53825    	0.641579   	0.558021   	1.82372    	5.99351    	0.366038   	1.68169    	1.89411    	4.21465    	0.252572   	0.666826   	1.65715    	3.63513    	0.264874   	0.699211   	1.07066    	4.27799    	0.570969   	0.56229    	1.50145    	2.73005    	0.564045   	1.35815    	357.412	489.47	389.767	429.802	314.923	483.288	388.922	398.262	263.392	298.058	447.52	503.955	424.958	295.228	357.331	1          	2.65236e-06	-1.04837e-06	0.48152    	3.26058    	0.145951   	0.159118   	3.26058    	6.7455	
1.3e-10    	3.2        	0.91735    	-0.00101621	0.398071   	0.729146   	0.780039   	0.00183121 	0.625715   	0.390693   	0.587663   	-7.17911e-05	-0.809101  	0.662211   	0.500696   	-0.000718249	0.865616   	0.616184   	0.900931   	0.00141027 	-0.433949  	0.786281   	0.87291    	-0.00163239	-0.487854  	0.397846   	0.962399   	-0.000248026	0.2716     	0.362088   	0.575311   	0.000738449	-0.817926  	0.536228   	0.900762   	-0.000414255	0.434304   	0.786102   	0.898906   	0.000280358	-0.438128  	0.787711   	0.964677   	-0.000567842	-0.263381  	0.362176   	0.575012   	3.41591e-05	0.818136   	0.533459   	0.664452   	-0.000506684	-0.747321  	0.456205   	0.76929    	2.78274e-05	0.638895   	0.765681   	0.957025   	0.000485554	-0.289976  	0.490879   	0.806699   	6.10044    	0.576899   	0.688031   	1.72306    	3.07571    	0.205739   	1.03512    	1.73098    	4.06331    	0.307666   	0.590744   	1.61307    	6.21104    	0.218315   	0.38555    	0.710086   	9.11013    	0.558692   	0.508381   	1.68166    	5.29168    	0.216918   	1.22518    	1.71451    	3.89715    	0.304588   	1.56022    	1.74731    	5.14702    	0.187129   	0.521382   	0.74682    	7.12421    	0.53657    	0.606969   	0.632591   	10.7158    	0.570001   	0.630164   	2.15641    	5.48577    	0.232301   	1.9517     	2.36956    	4.59417    	0.208883   	0.683302   	1.99101    	3.98906    	0.181414   	0.846368   	1.1494     	5.28592    	0.443966   	0.625926   	1.62268    	6.19508    	0.392781   	1.44624    	256.132	403.428	381.406	364.451	252.705	383.692	386.991	393.32	270.064	259.608	458.738	524.457	475.536	278.851	372.999	1          	-1.89558e-06	1.09536e-06	0.454547   	3.20584    	0.142326   	0.15462    	3.20584    	6.90113	
1.35e-10   	3          	0.912278   	-0.000599189	0.409563   	0.714284   	0.743339   	0.000502264	0.668901   	0.367322   	0.55211    	0.00029061 	-0.833765  	0.646823   	0.453961   	-0.00170714	0.891014   	0.602977   	0.896117   	0.00127689 	-0.443809  	0.774081   	0.850198   	0.000350061	-0.526447  	0.371675   	0.954507   	-0.000765857	0.298144   	0.331521   	0.527489   	4.47492e-05	-0.849556  	0.519534   	0.896143   	0.000260169	0.443758   	0.774257   	0.894547   	-0.000196126	-0.446965  	0.7758     	0.956098   	7.01071e-05	-0.292991  	0.330325   	0.528419   	0.000230163	0.848976   	0.517689   	0.622797   	-0.000658264	-0.782372  	0.438075   	0.754981   	2.97716e-05	0.655741   	0.75108    	0.950639   	0.000618096	-0.310269  	0.46382    	0.888613   	5.2685     	0.423258   	0.736665   	1.95878    	3.01099    	0.141723   	1.08097    	1.83317    	5.95196    	0.198008   	0.519181   	2.1297     	3.89739    	0.154044   	0.407552   	0.897093   	5.73633    	0.388793   	0.707633   	1.92091    	3.3032     	0.16637    	1.40761    	1.90765    	4.23991    	0.173551   	1.72329    	1.8341     	3.26824    	0.149868   	0.509334   	0.697885   	5.92686    	0.478884   	0.597235   	0.871985   	6.56261    	0.502781   	0.63215    	1.94551    	5.25858    	0.217437   	1.72255    	1.96352    	4.60144    	0.153149   	0.538083   	2.00927    	3.74401    	0.165926   	0.693748   	1.21655    	6.82325    	0.410351   	0.681251   	1.70569    	5.76997    	0.322649   	1.51051    	257.797	415.509	373.097	437.078	293.644	404.36	397.941	381.344	253.303	295.948	378.099	413.251	434.585	291.253	355.502	1          	2.22086e-06	-1.79642e-05	0.42758    	3.17884    	0.146125   	0.160703   	3.17883    	6.19071	
1.4e-10    	2.8        	0.907306   	-0.0011226 	0.42046    	0.699245   	0.69876    	-2.99602e-05	0.71534    	0.345141   	0.514497   	0.00120352 	-0.857486  	0.632012   	0.405076   	-0.00129455	0.914277   	0.590792   	0.891357   	0.0014542  	-0.45329   	0.761681   	0.822159   	-0.00091174	-0.569231  	0.345804   	0.944089   	0.00171053 	0.329601   	0.301016   	0.475724   	0.00160441 	-0.879586  	0.504238   	0.891446   	-0.00183303	0.453108   	0.762348   	0.88998    	0.00126614 	-0.455983  	0.76353    	0.94505    	-0.00205709	-0.326837  	0.298584   	0.478722   	-0.000720945	0.877957   	0.503171   	0.575688   	0.000922992	-0.817658  	0.420971   	0.740505   	-0.00126024	0.672043   	0.736369   	0.943468   	0.00120752 	-0.331426  	0.436691   	0.859039   	6.24861    	0.404146   	0.757336   	1.67131    	3.63317    	0.125582   	0.822296   	1.91276    	4.56127    	0.194613   	0.491074   	2.00493    	3.97074    	0.113096   	0.355839   	0.692031   	7.24748    	0.378291   	0.588125   	1.42489    	5.09715    	0.138248   	0.981121   	1.52253    	7.97861    	0.155715   	1.36642    	1.84654    	3.81811    	0.134648   	0.431664   	0.680274   	11.7577    	0.434112   	0.560777   	0.70577    	12.4013    	0.431438   	0.564891   	1.96089    	7.39102    	0.166994   	1.73715    	1.80794    	4.77638    	0.120806   	0.420651   	1.83295    	3.92894    	0.118317   	0.629652   	1.12626    	6.92369    	0.327087   	0.632999   	1.94749    	6.55608    	0.229639   	1.75161    	235.482	329.507	366.643	357.178	220.116	283.945	293.373	340.282	241.107	227.121	359.623	377.154	366.492	275.248	331.809	1          	-1.69926e-05	1.14012e-05	0.400613   	3.14921    	0.146197   	0.165518   	3.1492     	6.37829	
1.45e-10   	2.6        	0.902173   	0.00249588 	0.43135    	0.684041   	0.64565    	-0.00446994	0.763585   	0.32436    	0.474497   	-0.000376319	-0.880251  	0.617788   	0.353306   	-0.00053628	0.9355     	0.579372   	0.886564   	-0.00149211	-0.462596  	0.748822   	0.788267   	0.0046524  	-0.615288  	0.321095   	0.929931   	-0.00781256	0.367606   	0.270877   	0.419533   	0.00125319 	-0.907727  	0.490247   	0.886904   	0.00183701 	0.461938   	0.750185   	0.885385   	-0.00154941	-0.464845  	0.751395   	0.930426   	0.00973369 	-0.36628   	0.267472   	0.424157   	-0.00264618	0.90557    	0.489447   	0.522606   	0.00399874 	-0.852549  	0.40504    	0.725445   	0.000303199	0.688272   	0.721377   	0.935109   	-0.00472818	-0.354282  	0.41001    	0.775722   	10.5068    	0.297582   	0.659457   	1.7901     	8.0553     	0.0983141  	0.777749   	1.70303    	5.23068    	0.154617   	0.461174   	1.74619    	6.12635    	0.0978556  	0.265274   	0.721961   	6.1826     	0.357588   	0.597681   	1.37234    	5.03296    	0.137482   	0.89366    	1.79811    	3.46459    	0.119918   	1.55536    	2.01012    	7.06298    	0.0933623  	0.375102   	0.602608   	8.79263    	0.352089   	0.509593   	0.764552   	7.9242     	0.389705   	0.593765   	1.4876     	5.69778    	0.128257   	1.29701    	1.78628    	9.01335    	0.100272   	0.370678   	1.50902    	6.20352    	0.105619   	0.434621   	1.05955    	7.80542    	0.317099   	0.640199   	1.53546    	8.38879    	0.218891   	1.39094    	206.949	312.374	287.612	308.012	207.131	238.853	296.616	321.764	208.457	244.495	260.666	309.897	278.547	217.536	285.41	1          	1.80196e-06	-4.71671e-06	0.373629   	3.07925    	0.140922   	0.15912    	3.07926    	6.0329	
1.5e-10    	2.4        	0.897353   	-0.0192586 	0.440776   	0.667615   	0.581696   	-0.0628245 	0.810386   	0.306304   	0.431652   	0.052271   	-0.90016   	0.603874   	0.299936   	-0.0645879 	0.95116    	0.56966    	0.881322   	0.0365134  	-0.470636  	0.734426   	0.745106   	0.0392382  	-0.665505  	0.297834   	0.908737   	-0.0415211 	0.414674   	0.242184   	0.359509   	0.0837145  	-0.928258  	0.479553   	0.881293   	-0.0440142 	0.469838   	0.736222   	0.879864   	0.043871   	-0.4726    	0.738248   	0.90812    	0.0385388  	-0.416334  	0.237342   	0.365342   	-0.0821432 	0.926242   	0.478977   	0.461402   	0.0799834  	-0.882644  	0.392062   	0.709809   	-0.0414887 	0.702883   	0.705742   	0.926486   	-0.00814137	-0.376145  	0.382871   	7.72188    	72.6185    	1.30884    	6.81904    	2.61526    	142.744    	0.349411   	1.13367    	3.42136    	380.845    	1.83009    	0.447686   	5.65506    	602.221    	1.3116     	1.10242    	12.0705    	377.189    	1.81321    	8.30971    	2.01816    	53.7621    	0.258511   	1.60824    	1.84608    	48.2759    	0.419988   	1.47176    	8.29049    	767.638    	1.00916    	4.98993    	9.28806    	550.085    	2.00928    	4.95754    	2.47349    	492.379    	1.93981    	1.18681    	2.95146    	43.865     	0.717079   	2.26586    	3.92754    	685.959    	0.45852    	4.53351    	2.65506    	408.631    	0.247421   	2.69024    	1.3995     	323.069    	2.19975    	0.825502   	4.60668    	15.5352    	1.52802    	4.6441     	999.512	431.455	534.561	907.652	1439.41	394.379	267.434	1345.74	1069	330.212	393.126	685.091	402.132	259.397	565.842	1          	8.91178e-06	8.97655e-07	0.346397   	4.28506    	0.147703   	0.164539   	4.28505    	8.40103	
1.55e-10   	2.2        	0.874304   	-0.152027  	0.457518   	0.635073   	0.542113   	-0.012986  	0.837242   	0.292385   	0.401701   	0.162707   	-0.900821  	0.595522   	0.278173   	-0.189003  	0.941449   	0.567284   	0.844504   	0.207077   	-0.490581  	0.696589   	0.722573   	-0.0986495 	-0.677472  	0.287203   	0.883732   	0.150103   	0.423258   	0.23052    	0.341053   	0.236099   	-0.909479  	0.482337   	0.838575   	-0.22924   	0.490474   	0.698937   	0.843597   	0.213403   	-0.489769  	0.710142   	0.87353    	-0.160859  	-0.439543  	0.220202   	0.338269   	-0.218201  	0.915076   	0.480757   	0.419016   	0.160089   	-0.893382  	0.385157   	0.681639   	-0.158127  	0.713584   	0.686961   	0.907759   	0.119241   	-0.394462  	0.354811   	92.6056    	1983.64    	5.35501    	18.2779    	20.936     	665.431    	1.17016    	2.09925    	17.1451    	368.347    	8.50947    	4.32801    	77.6451    	211.649    	12.1772    	6.39882    	326.817    	2307.26    	2.99952    	60.7385    	54.9882    	1199.22    	4.15126    	44.4949    	74.8559    	1527.83    	4.86732    	140.071    	121.581    	180.548    	7.76199    	17.5427    	477.612    	2523.54    	1.40754    	78.665     	367.967    	2088.84    	1.02108    	57.535     	63.7943    	1452.02    	3.85209    	136.527    	91.2229    	142.651    	2.66803    	15.4055    	28.9032    	132.368    	0.696757   	3.16899    	66.2193    	823.702    	2.7434     	6.9598     	6.6987     	1274.66    	1.0695     	32.9275    	9016.94	2952.3	2349.59	9587.72	32351	7485.86	9551.77	15411.6	46904.6	36373.3	7776.33	11824.6	4028.85	6451.16	807.871	1          	-8.70136e-06	-2.04629e-06	0.317796   	8.65426    	0.144268   	0.153931   	8.65426    	16.3943	
1.6e-10    	2          	0.822698   	-0.338771  	0.45597    	0.613762   	0.484287   	0.18857    	0.854116   	0.285037   	0.378548   	0.25363    	-0.890046  	0.589442   	0.264688   	-0.243922  	0.932911   	0.559306   	0.779537   	0.374761   	-0.501473  	0.669014   	0.673115   	-0.35382   	-0.648983  	0.290546   	0.77453    	0.505956   	0.378341   	0.248349   	0.336994   	0.26582    	-0.903145  	0.476526   	0.76441    	-0.399882  	0.505304   	0.67005    	0.777842   	0.371582   	-0.506444  	0.686304   	0.734358   	-0.562162  	-0.378107  	0.237984   	0.33276    	-0.225074  	0.915712   	0.47216    	0.382931   	0.107137   	-0.917492  	0.371434   	0.641017   	-0.268148  	0.719019   	0.671628   	0.837633   	0.383462   	-0.387683  	0.349603   	35.3817    	263.927    	4.82812    	3.7603     	5.41812    	49.2892    	0.549638   	4.37035    	10.8578    	94.8872    	4.70366    	3.06759    	14.8182    	40.9354    	5.28105    	0.942965   	61.3352    	233.4      	2.78906    	5.98808    	10.2757    	78.6165    	1.63453    	18.1276    	13.9334    	143.193    	1.17627    	68.4022    	26.3621    	10.6435    	2.69742    	1.81134    	98.5526    	227.82     	2.53484    	8.16942    	83.7565    	229.046    	1.31067    	6.03374    	11.9496    	223.064    	2.3857     	92.4037    	22.2348    	6.28485    	2.75232    	1.07587    	4.79722    	16.168     	0.854788   	0.802092   	9.85949    	138.067    	2.89386    	1.15266    	2.98005    	221.653    	1.49973    	28.4669    	2816.29	754.097	1173.73	1538.75	4617.95	1340.19	1645.44	2924.95	7833.18	6522.57	1274.51	2632.23	684.306	781.715	333.17	1          	-1.68987e-05	2.15051e-05	0.288503   	5.67034    	0.15084    	0.174236   	5.67033    	8.92545	
1.65e-10   	1.8        	0.773359   	-0.43988   	0.456294   	0.593599   	0.432284   	0.239382   	0.869305   	0.279927   	0.341342   	0.323688   	-0.882383  	0.584416   	0.235281   	-0.291705  	0.92709    	0.553898   	0.725591   	0.459458   	-0.512133  	0.645169   	0.628857   	-0.426939  	-0.649711  	0.285789   	0.699114   	0.613327   	0.367373   	0.251475   	0.315582   	0.295943   	-0.90154   	0.473701   	0.701485   	-0.483993  	0.523021   	0.645017   	0.717597   	0.458474   	-0.52409   	0.666618   	0.627321   	-0.701404  	-0.337933  	0.24689    	0.312215   	-0.247618  	0.917135   	0.465679   	0.34058    	0.110714   	-0.933646  	0.362102   	0.598915   	-0.340625  	0.724669   	0.657835   	0.76587    	0.51545    	-0.383974  	0.342804   	28.4131    	96.7854    	3.7799     	5.24236    	10.1918    	10.261     	0.736072   	4.33067    	5.7927     	55.0729    	3.42764    	2.77151    	10.003     	15.5639    	2.43399    	0.837091   	38.0707    	57.3142    	2.04076    	5.7589     	7.32029    	17.0717    	1.066      	7.53028    	10.0671    	20.4884    	0.959293   	20.9816    	14.7144    	4.87076    	0.919157   	1.87261    	50.173     	35.3503    	1.41636    	7.16954    	56.1134    	79.5421    	1.63178    	3.83343    	9.31574    	54.4213    	2.57883    	38.1896    	17.667     	6.49735    	1.72735    	1.37238    	7.53389    	3.67103    	0.910486   	0.903183   	13.7742    	75.7983    	2.20602    	1.29896    	3.28558    	74.6639    	1.43112    	20.7506    	1983.09	1122.3	505.973	899.631	2435.27	788.967	861.271	1404.08	3153.31	3601.41	763.382	1719.81	848.412	894.736	287.569	1          	6.57768e-06	-4.32924e-06	0.2596     	4.48785    	0.138549   	0.15677    	4.48784    	7.35295	
1.7e-10    	1.6        	0.71552    	-0.529208  	0.455861   	0.57313    	0.385405   	0.276304   	0.880342   	0.276541   	0.303419   	0.381858   	-0.872959  	0.580055   	0.209244   	-0.32861   	0.920975   	0.550114   	0.667192   	0.528598   	-0.524758  	0.621545   	0.579861   	-0.480665  	-0.657774  	0.278613   	0.629704   	0.688433   	0.359798   	0.2523     	0.289472   	0.315783   	-0.903578  	0.470606   	0.635435   	-0.548763  	0.543151   	0.622478   	0.649303   	0.529275   	-0.546051  	0.648921   	0.531044   	-0.795202  	-0.29239   	0.256408   	0.291944   	-0.262806  	0.919596   	0.459557   	0.300066   	0.108904   	-0.947653  	0.353535   	0.550807   	-0.403542  	0.730538   	0.644474   	0.682668   	0.626544   	-0.375749  	0.340961   	26.8928    	55.6911    	5.04762    	2.50073    	9.91283    	7.43161    	0.949436   	4.0781     	3.93862    	29.8609    	3.28234    	2.18116    	11.7062    	6.89318    	1.40284    	1.70417    	30.9701    	16.6946    	1.99904    	6.39091    	5.3635     	5.78321    	0.79218    	5.09383    	6.98697    	12.0299    	1.43536    	12.5125    	8.46339    	4.6835     	1.05621    	2.26573    	31.2317    	13.5732    	2.33523    	3.60144    	38.0865    	29.6382    	4.2055     	2.11386    	8.34329    	31.1357    	3.79082    	27.4065    	11.3087    	4.23848    	1.0869     	1.70122    	8.08833    	3.14366    	0.808777   	0.935687   	10.931     	42.6456    	1.49216    	2.32129    	4.00121    	51.72      	1.03736    	16.7317    	1425.07	854.485	287.114	802.996	1595.48	447.259	503.415	708.102	1552.26	1892.41	497.253	918.294	684.173	625.319	303.612	1          	1.00086e-05	6.39075e-05	0.230679   	3.8091     	0.136011   	0.153006   	3.80912    	6.95059	
1.75e-10   	1.4        	0.646713   	-0.612251  	0.454674   	0.552008   	0.342974   	0.302997   	0.889062   	0.273616   	0.268205   	0.432533   	-0.860752  	0.576405   	0.184562   	-0.361471  	0.91391    	0.548386   	0.60237    	0.589416   	-0.538217  	0.598762   	0.527728   	-0.518663  	-0.67262   	0.270422   	0.566455   	0.745772   	0.350537   	0.25287    	0.257543   	0.329842   	-0.90821   	0.468053   	0.563262   	-0.602373  	0.565527   	0.603176   	0.574071   	0.588171   	-0.569585  	0.634263   	0.441899   	-0.863724  	-0.242052  	0.26722    	0.270649   	-0.270333  	0.923922   	0.452653   	0.261431   	0.106787   	-0.959267  	0.345525   	0.49399    	-0.461438  	0.736866   	0.631812   	0.595451   	0.715273   	-0.365646  	0.344368   	41.201     	45.8507    	6.32299    	3.13195    	14.8078    	3.2385     	1.05761    	3.60252    	5.83046    	40.1693    	4.78762    	4.19437    	8.5821     	14.514     	1.4952     	3.69193    	24.0427    	12.6839    	2.82731    	3.19306    	5.93515    	4.56666    	1.32385    	3.09513    	8.30413    	7.94479    	1.21031    	9.55731    	7.78344    	3.68694    	1.53328    	2.0993     	29.5038    	6.9541     	4.47683    	4.1872     	31.1698    	12.6907    	5.06736    	2.96441    	8.13732    	22.5084    	4.14011    	21.692     	7.8135     	4.53463    	1.26762    	1.38423    	6.42788    	4.95829    	1.14858    	1.35423    	16.2714    	32.3608    	2.14823    	1.65493    	5.68478    	46.3123    	1.47181    	30.1097    	1838.47	1080.33	300.388	425.73	978.377	433.411	492.698	494.102	1231.59	1199.56	380.135	629.039	498.497	759.642	293.452	1          	-3.0605e-05	9.70103e-05	0.201719   	3.58597    	0.155702   	0.155767   	3.58597    	6.12648	
1.8e-10    	1.2        	0.587956   	-0.687588  	0.424036   	0.530408   	0.304182   	0.336873   	0.890455   	0.273173   	0.221529   	0.479991   	-0.848636  	0.553578   	0.173425   	-0.383412  	0.90696    	0.545638   	0.527882   	0.643557   	-0.55412   	0.571599   	0.464439   	-0.549501  	-0.694448  	0.261661   	0.506978   	0.790822   	0.342721   	0.251227   	0.217958   	0.334239   	-0.916894  	0.464097   	0.491725   	-0.639688  	0.590672   	0.58573    	0.488957   	0.632803   	-0.600302  	0.620989   	0.366454   	-0.912459  	-0.181278  	0.281681   	0.249112   	-0.260036  	0.932832   	0.444163   	0.228829   	0.0872032  	-0.969358  	0.338702   	0.431121   	-0.508859  	0.745034   	0.617642   	0.504655   	0.788775   	-0.350737  	0.350714   	302.116    	140.826    	365.59     	29.8175    	26.1706    	103.792    	4.84298    	4.8593     	206.911    	423.523    	467.79     	927.485    	77.5918    	93.1583    	4.00392    	10.4593    	98.259     	54.0369    	7.68514    	93.8101    	5.61813    	9.70589    	2.1706     	7.9289     	10.2382    	7.46248    	1.88917    	7.80495    	13.2049    	25.9348    	3.64915    	13.3886    	30.9709    	29.298     	9.10697    	7.85243    	48.4577    	17.2211    	16.0048    	7.69917    	23.359     	30.2337    	14.6148    	34.78      	15.2617    	36.9265    	1.47003    	6.17508    	12.8126    	56.8356    	2.06983    	1.94465    	16.5499    	83.0762    	7.82357    	33.0082    	13.713     	40.561     	3.74871    	30.1103    	5767.43	1511.42	3995.34	2734.92	4215.53	356.518	461.691	355.98	934.121	1311.22	575.667	664.696	1056.33	510.806	1042.11	1          	-0.00020832	0.000377678	0.172701   	3.30248    	0.15714    	0.180807   	3.30243    	10.8178	
1.85e-10   	1          	0.517194   	-0.764208  	0.383539   	0.475317   	0.296868   	0.314666   	0.900142   	0.270694   	0.199417   	0.523635   	-0.827498  	0.51804    	0.218377   	-0.412508  	0.883451   	0.541048   	0.418833   	0.722401   	-0.548879  	0.544166   	0.339769   	-0.602337  	-0.721088  	0.253623   	0.491943   	0.834208   	0.241226   	0.261418   	0.140785   	0.34778    	-0.926641  	0.459501   	0.398198   	-0.671693  	0.624398   	0.596663   	0.386633   	0.648129   	-0.65536   	0.618679   	0.318617   	-0.943419  	-0.0744054 	0.293297   	0.2234     	-0.237884  	0.945181   	0.438294   	0.194589   	0.0813723  	-0.977325  	0.333987   	0.326374   	-0.534255  	0.779024   	0.616501   	0.4559     	0.800023   	-0.38788   	0.367881   	662.74     	29.1269    	222.798    	396.248    	136.405    	168.772    	6.41387    	5.52313    	184.552    	200.953    	183.694    	13.3524    	362.383    	308.61     	118.23     	5.4873     	56.8888    	554.921    	152.71     	74.5077    	154.063    	27.8372    	6.01321    	3.03793    	210.342    	174.534    	224.854    	191.927    	149.043    	42.8775    	8.25058    	8.40321    	57.4356    	390.076    	326.963    	554.172    	76.052     	57.4501    	569.304    	120.205    	54.7876    	47.7478    	339.251    	42.8889    	15.3748    	19.505     	16.0529    	8.63954    	9.91372    	54.3508    	2.25316    	3.66626    	405.357    	151.545    	399.87     	240.545    	406.842    	28.6856    	319.383    	392.153    	11228.1	4051.36	2225.96	4230.98	479.595	3526.67	2416.07	3919.06	1559.02	978.93	706.515	1110.51	556.991	4754.27	4704.38	0.999999   	-0.000207056	0.000524361	0.143816   	3.14496    	0.161117   	0.199545   	3.14487    	39.9233	
1.9e-10    	0.8        	0.344806   	-0.835812  	0.425825   	0.447432   	0.413931   	0.266697   	0.866189   	0.2707     	0.143741   	0.562785   	-0.813807  	0.524826   	0.25939    	-0.431192  	0.863455   	0.539315   	0.333445   	0.759657   	-0.558156  	0.520763   	0.140103   	-0.626483  	-0.763854  	0.233767   	0.542233   	0.825307   	0.134049   	0.270905   	0.0467804  	0.31761    	-0.946703  	0.453694   	0.301246   	-0.660458  	0.687056   	0.587523   	0.302705   	0.62939    	-0.715586  	0.607466   	0.226529   	-0.973108  	0.0351621  	0.282625   	0.222184   	-0.209325  	0.951983   	0.431488   	0.0889331  	0.0655695  	-0.993392  	0.32549    	0.231818   	-0.545384  	0.805352   	0.622257   	0.44392    	0.788501   	-0.424545  	0.394732   	336.838    	21.1209    	66.0793    	36.5581    	845.322    	14.5119    	37.7663    	40.1421    	134.74     	15.4651    	7.81182    	12.0274    	492.638    	48.6631    	48.9957    	12.559     	22.5701    	397.76     	56.3964    	390.384    	363.189    	136.369    	3.93225    	113.931    	554.102    	136.899    	130.131    	11.7812    	172.489    	72.6346    	2.80981    	18.7519    	124.279    	453.665    	105.533    	124.508    	32.2853    	173.417    	30.2405    	131.461    	77.67      	115.84     	23.8101    	151.31     	136.762    	19.4613    	13.8595    	6.27424    	152.57     	16.6705    	3.42686    	8.19695    	7.22736    	102.68     	36.6802    	6.54123    	175.047    	36.8468    	70.207     	40.3507    	2247	7477.65	1824.69	4425.01	651.707	6782	6780.77	4451.55	508.07	241.765	2862.25	2362.92	4908.37	498.213	2900.39	0.999999   	-0.000105419	0.000498488	0.115112   	2.94279    	0.144854   	0.186906   	2.94272    	11.3927	
1.95e-10   	0.6        	0.174273   	-0.83605   	0.518701   	0.390066   	0.520592   	0.179348   	0.832948   	0.271413   	0.0920348  	0.530222   	-0.842598  	0.513543   	0.270943   	-0.399639  	0.875644   	0.536266   	0.295808   	0.693164   	-0.65491   	0.476428   	-0.13685   	-0.53603   	-0.82873   	0.194372   	0.65652    	0.745724   	0.0923994  	0.244695   	-0.0360292 	0.320063   	-0.946537  	0.434376   	0.216125   	-0.627746  	0.747524   	0.53264    	0.211712   	0.593026   	-0.776354  	0.557305   	0.0917668  	-0.985424  	0.133066   	0.2351     	0.280891   	-0.212806  	0.935177   	0.417279   	-0.0768296 	0.0565872  	-0.994784  	0.317223   	0.191535   	-0.494917  	0.847101   	0.597835   	0.46317    	0.739596   	-0.485206  	0.371848   	223.442    	957.758    	6.7159     	796.477    	136.664    	214.053    	13.0912    	5.15928    	27.3804    	236.371    	9.16837    	93.5293    	28.3101    	16.6805    	53.5739    	39.5212    	28.1792    	976.016    	242.775    	105.608    	103.983    	603.331    	66.3747    	344.458    	53.0836    	546.536    	43.8698    	224.442    	16.1474    	24.0129    	215.11     	155.514    	38.4026    	541.997    	84.1425    	465.022    	112.31     	421.705    	16.7028    	162.318    	36.8224    	531.027    	144.465    	467.707    	246.419    	36.1814    	80.9006    	10.4761    	180.251    	19.4013    	23.7303    	12.9955    	8.85436    	471.4      	24.4169    	48.8385    	106.928    	594.111    	68.4433    	91.8286    	306.191	863.699	236.102	271.081	785.874	600.424	1183.93	782.706	334.26	373.982	111.215	573.69	2825.63	93.2356	2356.51	0.999999   	0.000310457	0.000464256	0.0863974  	3.09278    	0.158542   	0.163269   	3.09278    	11.5156	
2e-10      	0.4        	0.00193895 	-0.744599  	0.665743   	0.355711   	0.633103   	0.0896999  	0.766572   	0.279654   	-0.0149341 	0.458233   	-0.888085  	0.515386   	0.298335   	-0.358088  	0.884081   	0.542003   	0.245766   	0.590107   	-0.768016  	0.457914   	-0.558031  	-0.391426  	-0.724449  	0.180416   	0.779648   	0.62067    	0.039103   	0.233599   	-0.163219  	0.305164   	-0.937458  	0.4414     	0.124354   	-0.559539  	0.818537   	0.508624   	0.0951489  	0.524722   	-0.84527   	0.541724   	-0.233877  	-0.905169  	0.343874   	0.205671   	0.394853   	-0.224319  	0.889689   	0.419552   	-0.316237  	0.0977031  	-0.941966  	0.320473   	0.191514   	-0.432266  	0.880652   	0.577622   	0.495911   	0.649154   	-0.574716  	0.336633   	51.1474    	240.211    	199.555    	12.013     	469.892    	18.1748    	32.6255    	84.2565    	269.098    	132.474    	85.5688    	15.0779    	478.238    	102.725    	23.1381    	50.8784    	6.09781    	330.323    	182.897    	4.8319     	433.739    	46.775     	81.8223    	8.86223    	471.351    	57.3211    	86.5772    	148.549    	353.153    	86.9619    	33.1887    	32.1136    	31.329     	338.881    	239.538    	5.973      	142.988    	261.906    	134.999    	3.54424    	246.123    	150.462    	146.729    	16.0018    	683.407    	10.122     	4.64793    	69.4596    	513.163    	6.85293    	17.6052    	16.6436    	214.053    	246.358    	38.933     	4.24566    	81.0039    	274.615    	86.0135    	7.75005    	201.687	1324.31	1712.64	758.137	629.214	2278.47	1908.12	2890.54	363.606	478.432	230.295	941.458	4517.43	991.986	1745.88	0.999998   	0.00072822 	0.000796809	0.057538   	3.61771    	0.141819   	0.148067   	3.61777    	6.28689	
2.05e-10   	0.2        	-0.142667  	-0.59411   	0.790395   	0.375406   	0.751308   	0.0362865  	0.656647   	0.30739    	-0.175611  	0.376281   	-0.909212  	0.556083   	0.351357   	-0.312316  	0.882166   	0.558269   	0.16618    	0.504819   	-0.846549  	0.459457   	-0.832851  	-0.252189  	-0.487895  	0.220291   	0.882605   	0.46425    	-0.0342123 	0.243301   	-0.336704  	0.266714   	-0.902323  	0.484329   	0.0679717  	-0.466188  	0.881592   	0.521384   	-0.0290465 	0.438433   	-0.897899  	0.561126   	-0.567753  	-0.669493  	0.471279   	0.226338   	0.500457   	-0.20899   	0.839205   	0.450498   	-0.540919  	0.116684   	-0.83155   	0.354615   	0.213339   	-0.380456  	0.899584   	0.585945   	0.491494   	0.561882   	-0.663758  	0.325964   	116.318    	98.7849    	330.164    	104.734    	826.585    	16.1737    	8.28667    	397.471    	408.442    	38.4193    	249.149    	246.54     	508.398    	22.6336    	95.3767    	230.272    	13.0935    	129.097    	214        	51.7335    	572.007    	38.8432    	25.3477    	269.895    	545.153    	78.5647    	69.7649    	285.681    	663.656    	11.3377    	77.9709    	259.498    	9.633      	149.182    	325.2      	114.472    	81.2898    	92.7079    	381.429    	196.306    	506.663    	96.9036    	142.846    	143.682    	863.787    	8.86665    	34.5066    	389.079    	699.385    	17.2231    	5.41037    	254.428    	176.04     	66.7804    	175.711    	148.123    	215.95     	110.089    	121.086    	78.8613    	133.322	180.563	351.257	432.095	703.001	1687.95	531.874	1990.56	705.658	225.393	284.415	110.159	2876.43	737.605	1142.77	0.999992   	0.00111076 	-4.13087e-06	0.0286352  	3.6697     	0.141677   	0.155681   	3.66969    	6.58575	
2.1e-10    	-0         	-0.270412  	-0.433405  	0.858355   	0.408381   	0.815523   	0.00189149 	0.577549   	0.347904   	-0.296777  	0.286254   	-0.910516  	0.614743   	0.379587   	-0.255     	0.888827   	0.590536   	0.10535    	0.401311   	-0.908995  	0.482515   	-0.935655  	-0.152618  	-0.315624  	0.288668   	0.939854   	0.324655   	-0.0949321 	0.261351   	-0.467776  	0.217551   	-0.85616   	0.547604   	0.0215616  	-0.367618  	0.929112   	0.548915   	-0.122223  	0.339058   	-0.932271  	0.596135   	-0.749867  	-0.430029  	0.499998   	0.280336   	0.565758   	-0.171579  	0.805951   	0.488558   	-0.683321  	0.103223   	-0.722099  	0.418941   	0.213309   	-0.312633  	0.925114   	0.617803   	0.489543   	0.450258   	-0.745017  	0.33617    	95.3479    	311.154    	299.399    	97.6663    	703.907    	6.88171    	3.31068    	451.549    	318.85     	232.532    	291.34     	271.107    	449.619    	148.594    	198.421    	305.294    	15.4812    	321.104    	365.862    	110.848    	573.55     	24.8071    	28.4787    	407.797    	425.168    	67.564     	67.9135    	314.554    	545.046    	79.5026    	115.181    	330.231    	8.40245    	309.25     	369.639    	133.413    	71.5736    	290.733    	368.661    	174.784    	306.466    	122.601    	118.073    	197.3      	636.226    	37.1703    	60.7759    	380.479    	657.346    	7.44931    	16.0149    	400.882    	169.116    	273.874    	335.591    	211.37     	171.555    	212.902    	191.511    	108.321    	630.627	1432.43	271.532	88.9187	1094.71	1081.19	417.289	434.305	1263.98	1153.96	160.816	748.965	1398.39	726.431	230.842	0.0637658  	0.0104113  	-0.00499222	0.000146447	3.47539    	0.139282   	0.158208   	3.27662    	6.17124	
