#----------------------------------------------------------------------------------------------------------------------------------------------------------
# Output file for vampire simulation
#   time       : 2025-05-28 00:56:18     process id : 405372
#   hostname   : thor7.psi.ch
#   path       : /scratch/dossan_f/Na2BaMn(PO4)2/vampire_tripleUC_15mat_J2Ja_small_k0.035_Jnn0.11_Ba
#   version    : 6.0.0
#   githash    : 4c9651daecc86c3e6b6df0c8055fcd9e89fd900c
#----------------------------------------------------------------------------------------------------------------------------------------------------------
1e-11      	8          	0.999993   	0.000127761	-8.59845e-05	0.877792   	0.999992   	-7.64404e-05	-1.80986e-05	0.877822   	0.999992   	-3.86052e-05	0.000194351	0.877869   	0.99999    	1.60167e-05	-0.000148866	0.877859   	0.999991   	-2.40578e-06	0.00022781 	0.877851   	0.999992   	-5.79032e-05	-7.09653e-05	0.877845   	0.999992   	-0.000206556	7.677e-05  	0.877836   	0.999992   	-6.70905e-06	1.10206e-06	0.877887   	0.999992   	0.000349634	-6.98888e-05	0.877837   	0.999992   	7.74516e-05	-3.69125e-05	0.877817   	0.999991   	1.24157e-05	-0.000100215	0.877875   	0.999992   	-0.000122341	0.00010825 	0.877872   	0.999992   	-4.35491e-05	-0.000524172	0.877848   	0.999991   	0.000338265	0.000314606	0.877835   	0.999993   	-0.000173961	0.000216484	0.877827   	17.124     	0.322489   	0.33398    	17.1198    	16.7635    	0.346098   	0.361443   	16.7629    	16.0611    	0.34608    	0.385269   	16.0519    	16.7003    	0.33911    	0.412611   	16.6753    	16.3191    	0.3104     	0.391772   	16.299     	16.8721    	0.36316    	0.375326   	16.8711    	16.8063    	0.353509   	0.341769   	16.8055    	16.0599    	0.322267   	0.380778   	16.0511    	17.1703    	0.385367   	0.356568   	17.1648    	17.1896    	0.340866   	0.363146   	17.1855    	16.6944    	0.355544   	0.371392   	16.6796    	16.4039    	0.342326   	0.34045    	16.3956    	16.6815    	0.307956   	0.34147    	16.6736    	16.2937    	0.353957   	0.355853   	16.2723    	16.6799    	0.310402   	0.344232   	16.6737    	1338.86	1295.16	1205.66	1290.65	1242.05	1305.51	1298.24	1208.56	1342.79	1336.58	1276.71	1243.51	1281.43	1235.01	1285.57	1          	1.29049e-05	5.81903e-06	0.877838   	249.289    	0.107473   	0.112243   	249.287    	19116.7	
1.5e-11    	7.8        	0.999992   	6.11469e-05	5.78639e-05	0.871756   	0.999992   	-6.27043e-05	3.7624e-05 	0.87171    	0.999992   	-6.94532e-05	-7.01788e-05	0.871765   	0.999992   	0.000135403	9.63941e-05	0.871781   	0.999992   	-0.000149088	-0.000163995	0.871747   	0.999991   	2.52506e-05	7.92678e-05	0.871725   	0.999992   	-0.000155168	-7.11603e-05	0.871735   	0.999991   	-0.000121457	-0.000185337	0.871799   	0.999992   	0.000293875	0.000146304	0.871743   	0.999992   	-0.000431791	8.93975e-05	0.871756   	0.999992   	0.000224345	-0.000243977	0.871658   	0.999992   	0.000116784	0.000194753	0.871741   	0.999992   	0.000108649	2.65769e-05	0.871795   	0.999991   	-0.000164922	-6.88222e-05	0.871788   	0.999991   	7.14227e-05	8.29707e-05	0.871833   	0.0395822  	0.3212     	0.415839   	0.039549   	0.0390635  	0.3298     	0.395215   	0.039047   	0.0385432  	0.323106   	0.379718   	0.0385488  	0.0407034  	0.338215   	0.401487   	0.0406846  	0.0383342  	0.353753   	0.379261   	0.0383085  	0.0410987  	0.396655   	0.433101   	0.041103   	0.0386194  	0.352131   	0.394051   	0.0386183  	0.0383808  	0.363576   	0.40849    	0.0383776  	0.0399012  	0.354322   	0.364392   	0.0398885  	0.0412394  	0.376133   	0.377926   	0.041244   	0.0406755  	0.343204   	0.368199   	0.0406455  	0.0416113  	0.36822    	0.366661   	0.0416114  	0.0403524  	0.348121   	0.394888   	0.0403243  	0.0400148  	0.330251   	0.47396    	0.0400122  	0.0390069  	0.381033   	0.415614   	0.0390215  	4.49025	4.57684	4.42002	4.54831	4.30497	4.47636	4.40014	4.40267	4.4298	4.80755	4.55413	4.77832	4.59616	4.42776	4.41588	1          	-7.89236e-06	4.8599e-07 	0.871748   	0.0481678  	0.112586   	0.113713   	0.0481673  	1.58477	
2e-11      	7.6        	0.999992   	-0.000354897	-0.000184062	0.86436    	0.999992   	1.55229e-05	8.66363e-05	0.864295   	0.999991   	0.000251886	0.000166898	0.864282   	0.999991   	-0.000160012	5.82595e-05	0.864259   	0.999991   	-0.000123681	0.000105967	0.864263   	0.999991   	0.000172977	-0.000186668	0.864358   	0.999991   	-0.000364232	1.28288e-05	0.864291   	0.999991   	0.000167862	-8.004e-05 	0.864316   	0.999992   	0.000134093	0.000100983	0.864303   	0.999991   	3.44475e-05	-0.000160827	0.864221   	0.999991   	0.000302914	-0.000224107	0.864246   	0.999991   	-0.000341589	0.000295482	0.864305   	0.999992   	0.000149649	-0.000203723	0.86432    	0.999991   	-0.000171906	0.00013552 	0.864311   	0.999991   	6.90015e-06	5.55342e-05	0.86419    	0.0445826  	0.343248   	0.406193   	0.0445809  	0.0462006  	0.36017    	0.358705   	0.0461935  	0.0432829  	0.337349   	0.43607    	0.0432555  	0.0434197  	0.341311   	0.417702   	0.0434114  	0.0428472  	0.356466   	0.420776   	0.0428728  	0.0432278  	0.364189   	0.411158   	0.0432356  	0.0450929  	0.389475   	0.434227   	0.0450757  	0.0458986  	0.372714   	0.420322   	0.045927   	0.0443702  	0.336711   	0.393408   	0.0443698  	0.0469249  	0.366759   	0.410489   	0.0469037  	0.0483414  	0.391008   	0.420254   	0.0483373  	0.0446378  	0.37353    	0.394299   	0.0446553  	0.043837   	0.337416   	0.37304    	0.0438373  	0.0448428  	0.376184   	0.425091   	0.0448726  	0.0411258  	0.369859   	0.392405   	0.0411385  	4.8015	4.98218	4.64041	4.69618	4.76351	4.49575	4.77139	5.00469	4.71837	4.79529	4.98082	4.75498	4.66712	4.73226	4.32728	1          	-1.87139e-05	-1.34467e-06	0.864281   	0.0521211  	0.117021   	0.121055   	0.0521188  	1.57556	
2.5e-11    	7.4        	0.99999    	0.000178037	-0.000216511	0.856082   	0.99999    	4.05185e-05	3.75914e-05	0.856037   	0.99999    	-5.25511e-05	0.000112799	0.856064   	0.99999    	-3.92775e-05	0.00019208 	0.856001   	0.99999    	0.000131703	0.000178104	0.856045   	0.99999    	-0.000157995	-0.000339677	0.856038   	0.99999    	0.000318701	3.09124e-05	0.856048   	0.99999    	-0.00015281	-3.18184e-05	0.85603    	0.99999    	-9.8239e-05	3.15855e-05	0.856108   	0.99999    	-0.00020357	-0.000187415	0.856005   	0.999991   	0.000234124	-2.11818e-05	0.856066   	0.99999    	-0.000201877	0.000320066	0.856012   	0.99999    	0.00022392 	0.000137202	0.856072   	0.99999    	-0.000254484	-0.000366241	0.855989   	0.99999    	0.000107256	0.000143225	0.856017   	0.0457993  	0.420621   	0.441085   	0.0458139  	0.0478072  	0.428737   	0.464864   	0.047773   	0.0484238  	0.419218   	0.464116   	0.0484298  	0.0463437  	0.409848   	0.431567   	0.0463513  	0.0493932  	0.387901   	0.465628   	0.0494083  	0.0519014  	0.410845   	0.436066   	0.0518705  	0.0503692  	0.409281   	0.446274   	0.0503701  	0.0551399  	0.375436   	0.460064   	0.0551882  	0.0483391  	0.403511   	0.452893   	0.048341   	0.0504246  	0.450064   	0.448094   	0.0504855  	0.0499393  	0.398281   	0.422688   	0.0499292  	0.0497502  	0.464254   	0.440788   	0.0497032  	0.0501472  	0.415827   	0.493552   	0.0501433  	0.0495027  	0.421497   	0.461104   	0.0494988  	0.0502275  	0.430354   	0.484763   	0.0502537  	4.62745	4.90558	4.74163	4.57327	5.05175	4.98052	4.98653	5.48193	4.84548	5.10716	5.0053	4.96903	5.01226	5.02268	4.93976	1          	4.9204e-06 	1.3971e-06 	0.856033   	0.0579031  	0.114805   	0.122651   	0.0579025  	1.48922	
3e-11      	7.2        	0.999989   	0.000177852	0.000441626	0.846937   	0.99999    	-0.000117575	2.60967e-05	0.847021   	0.999989   	-3.56117e-06	-0.000398491	0.847057   	0.999989   	-6.98613e-05	0.000234535	0.847008   	0.999989   	0.000282522	-3.79431e-05	0.846994   	0.999989   	-0.000207938	-0.000324533	0.847034   	0.999988   	0.000529137	0.000900569	0.847027   	0.999989   	-0.000365746	-0.000585624	0.847018   	0.999989   	-5.94116e-05	-0.000246489	0.847032   	0.999989   	-5.65299e-05	-4.46075e-05	0.846969   	0.999988   	0.000427584	-0.000139223	0.847105   	0.999989   	-0.00025678	9.63585e-05	0.846983   	0.999989   	4.07228e-05	-0.000387907	0.847053   	0.999989   	-3.05465e-06	0.000469801	0.847009   	0.999988   	-3.33656e-05	-6.84189e-05	0.846971   	0.056906   	0.464378   	0.504081   	0.0569053  	0.0591812  	0.427772   	0.469618   	0.0591332  	0.0589715  	0.457976   	0.479764   	0.058952   	0.0567747  	0.427536   	0.482341   	0.0567643  	0.0643842  	0.43471    	0.475657   	0.0644489  	0.0562698  	0.459376   	0.465468   	0.0562405  	0.0584391  	0.438647   	0.555634   	0.058478   	0.0530495  	0.431497   	0.514334   	0.0530311  	0.0571359  	0.452204   	0.462612   	0.0571023  	0.0559804  	0.437149   	0.527404   	0.0559017  	0.0578639  	0.49255    	0.516586   	0.0578584  	0.0647505  	0.444212   	0.528019   	0.0647749  	0.0545542  	0.446117   	0.458854   	0.0545434  	0.0605129  	0.407054   	0.521822   	0.0604656  	0.0583529  	0.469892   	0.538162   	0.0583035  	5.33556	5.4901	5.30483	5.22533	5.89782	5.28327	5.35262	5.05213	5.13987	5.35582	5.41665	5.82489	5.23969	5.6139	5.36708	1          	1.88707e-05	-4.29925e-06	0.847005   	0.0752964  	0.114363   	0.123035   	0.0752988  	1.59926	
3.5e-11    	7          	0.999988   	0.000165662	-0.000191372	0.837102   	0.999987   	-0.000264689	0.000278816	0.837056   	0.999987   	-4.55488e-06	-8.80466e-05	0.837046   	0.999988   	0.000209452	-0.000137729	0.837062   	0.999988   	-0.000170482	0.000235786	0.837132   	0.999988   	1.09236e-06	1.38843e-05	0.837043   	0.999987   	0.000148061	0.000120039	0.837051   	0.999988   	-0.000213064	-0.000139239	0.837168   	0.999988   	4.97089e-05	1.25002e-05	0.837081   	0.999988   	0.000117136	5.30359e-05	0.837075   	0.999989   	0.000231663	-0.000239548	0.837058   	0.999988   	-0.000312411	-5.25677e-05	0.836996   	0.999988   	0.000451754	0.000111403	0.837122   	0.999988   	-0.000363338	0.00017052 	0.837133   	0.999988   	1.29991e-05	-0.000293315	0.837162   	0.0607752  	0.450247   	0.5401     	0.0607331  	0.0639097  	0.482465   	0.558892   	0.063926   	0.0643894  	0.520184   	0.542257   	0.0643459  	0.0618489  	0.451294   	0.530186   	0.0618456  	0.061848   	0.462637   	0.499625   	0.0618883  	0.0627566  	0.495791   	0.502083   	0.0627012  	0.0609482  	0.513377   	0.567392   	0.060921   	0.06445    	0.46197    	0.566129   	0.0644487  	0.0626876  	0.469636   	0.535587   	0.0626708  	0.0574195  	0.458814   	0.508177   	0.0573759  	0.0606476  	0.440866   	0.514256   	0.0606235  	0.057996   	0.464097   	0.550461   	0.0579692  	0.0611721  	0.505682   	0.505026   	0.0612114  	0.061534   	0.500485   	0.53778    	0.0615238  	0.062717   	0.456854   	0.518283   	0.0626937  	5.42119	5.38705	5.65987	5.62678	5.33146	5.46033	5.40371	5.65002	5.31374	4.82889	5.39742	4.98057	5.27898	5.3366	5.56936	1          	3.95523e-06	-9.72999e-06	0.837076   	0.080746   	0.117691   	0.125813   	0.0807469  	1.53578	
4e-11      	6.8        	0.999987   	-5.27684e-05	0.000306878	0.826267   	0.999986   	0.000200019	0.000256064	0.826276   	0.999985   	-0.000270951	-0.000662438	0.826244   	0.999987   	-8.95839e-05	-1.09491e-05	0.826163   	0.999987   	-0.000114736	-0.000472415	0.826178   	0.999986   	0.000109773	0.000387963	0.826097   	0.999985   	0.000336327	-0.000235838	0.826274   	0.999987   	0.000246889	0.000538611	0.826215   	0.999987   	-0.000602162	-0.000185214	0.826124   	0.999986   	-0.000278695	0.000514237	0.826173   	0.999986   	0.000172064	-0.000437469	0.826176   	0.999986   	0.000112365	-0.000133466	0.826196   	0.999987   	0.00031029 	-0.000122674	0.826292   	0.999986   	-0.000285842	0.000161885	0.826141   	0.999986   	-0.000117148	-8.96989e-05	0.826139   	0.0745529  	0.450843   	0.575694   	0.0745259  	0.0679752  	0.531455   	0.62554    	0.0679495  	0.0723875  	0.543187   	0.62556    	0.0724186  	0.067393   	0.507572   	0.554207   	0.0673005  	0.0702663  	0.48576    	0.567998   	0.0702943  	0.0702331  	0.451968   	0.665774   	0.070301   	0.0723025  	0.580674   	0.632999   	0.0722633  	0.0709905  	0.481339   	0.576785   	0.0709844  	0.0640881  	0.469745   	0.57226    	0.064071   	0.0736107  	0.50009    	0.65272    	0.0735444  	0.0708886  	0.496702   	0.643465   	0.0709115  	0.0692484  	0.535504   	0.614495   	0.0692099  	0.0683483  	0.517761   	0.525187   	0.0683357  	0.066424   	0.523072   	0.597691   	0.0663834  	0.0721181  	0.537175   	0.622137   	0.0720849  	5.93347	5.54268	5.7841	5.51735	5.64292	5.82149	5.66314	5.63777	5.41577	5.99134	5.76131	5.68857	5.55666	5.49495	6.0349	1          	-2.15317e-05	-1.2412e-05	0.826186   	0.0845432  	0.125004   	0.128488   	0.0845424  	1.46452	
4.5e-11    	6.6        	0.999984   	0.000318003	4.74915e-05	0.814252   	0.999985   	-0.000225627	-0.00014154	0.814167   	0.999985   	1.1529e-05 	-8.01742e-05	0.814248   	0.999984   	-0.00017943	0.000397053	0.814142   	0.999984   	0.000237556	-0.000115521	0.814297   	0.999985   	-7.12688e-05	-0.000294029	0.814308   	0.999985   	0.000277398	-0.000152575	0.814171   	0.999985   	0.000315716	7.00599e-05	0.81423    	0.999985   	-0.000499516	-2.92164e-05	0.81427    	0.999984   	4.76069e-05	-0.000283893	0.814323   	0.999985   	3.75528e-06	0.000107893	0.814235   	0.999986   	3.13193e-06	0.000191125	0.814151   	0.999985   	0.000388757	0.000143062	0.814286   	0.999985   	-0.000331331	0.000217998	0.814211   	0.999985   	-8.85535e-05	-0.000260932	0.814168   	0.084491   	0.540655   	0.703988   	0.0844817  	0.0831214  	0.511933   	0.689478   	0.0831716  	0.0821732  	0.527647   	0.683994   	0.0821841  	0.0887785  	0.600847   	0.642937   	0.0887058  	0.0830416  	0.562869   	0.672282   	0.0830003  	0.0819634  	0.556544   	0.62247    	0.0819957  	0.0762548  	0.536189   	0.666453   	0.0761502  	0.0773951  	0.536976   	0.666812   	0.0774909  	0.0839921  	0.532451   	0.663518   	0.0839939  	0.0856066  	0.588097   	0.6462     	0.0855612  	0.080093   	0.524292   	0.626839   	0.0800452  	0.0838601  	0.478843   	0.60709    	0.0838602  	0.078782   	0.555904   	0.610398   	0.0787592  	0.0752098  	0.564377   	0.637813   	0.0751558  	0.0830161  	0.569004   	0.585909   	0.0829675  	6.63981	6.13272	6.28621	6.57258	6.2041	6.4373	5.8133	5.91836	6.14205	6.24738	6.07774	6.30256	5.86043	5.7304	6.31744	1          	1.38594e-05	-1.22209e-05	0.814218   	0.105297   	0.124302   	0.135801   	0.105295   	1.5003	
5e-11      	6.4        	0.999982   	0.000496437	-0.000674229	0.801268   	0.999984   	-0.000345138	-0.00010168	0.801066   	0.999981   	-0.000125746	0.000735197	0.801097   	0.999982   	2.86215e-05	-0.000477487	0.80112    	0.999983   	0.00027726 	-0.000376966	0.801124   	0.999982   	-0.000415458	0.000851044	0.801121   	0.999981   	0.000265225	-0.000391414	0.801117   	0.999982   	-0.000441685	4.96949e-05	0.801197   	0.99998    	-1.38989e-05	0.000390349	0.801184   	0.999982   	0.000307596	-0.000597813	0.801087   	0.999982   	-0.0001276 	0.000746708	0.801214   	0.999982   	-0.000149087	-0.000147793	0.801169   	0.999983   	0.000227079	-9.30641e-05	0.801076   	0.999983   	-0.000101095	-2.01714e-05	0.801216   	0.999984   	-4.34878e-05	0.000113465	0.801071   	0.0887204  	0.622752   	0.759518   	0.088731   	0.0861191  	0.497217   	0.686422   	0.0861331  	0.094076   	0.620384   	0.851745   	0.0940733  	0.0996374  	0.648206   	0.70768    	0.0998645  	0.0964129  	0.637594   	0.644003   	0.096435   	0.0891799  	0.627506   	0.73927    	0.0891903  	0.0952134  	0.660567   	0.790858   	0.0952589  	0.0996644  	0.6237     	0.727361   	0.0996385  	0.0898322  	0.675376   	0.848246   	0.0898451  	0.0913799  	0.572866   	0.759919   	0.0913375  	0.0866367  	0.647614   	0.729282   	0.0865868  	0.0983759  	0.647882   	0.694144   	0.0983097  	0.0916246  	0.609478   	0.704502   	0.0916654  	0.0962167  	0.594146   	0.71218    	0.0961113  	0.0930071  	0.556532   	0.702626   	0.0930759  	6.18973	6.15781	6.74332	7.02957	6.61302	6.42822	6.6838	6.59847	6.31469	6.66268	6.17361	7.05177	6.37361	6.71807	6.3962	1          	-1.0839e-05	4.47014e-07	0.801128   	0.108683   	0.124526   	0.130603   	0.108681   	1.36847	
5.5e-11    	6.2        	0.999979   	8.19566e-05	0.000563001	0.786877   	0.99998    	-0.000410035	-0.00055776	0.786878   	0.99998    	0.000402266	4.44394e-05	0.786901   	0.99998    	-0.000108487	-7.24785e-05	0.786855   	0.99998    	8.89333e-05	0.000213396	0.78699    	0.999979   	2.69057e-05	-0.000202032	0.786908   	0.999979   	-0.000190992	-0.000230556	0.786864   	0.999981   	0.000287238	-0.000175894	0.78694    	0.999979   	-8.91234e-05	0.000383746	0.786844   	0.999981   	1.45376e-05	-0.00023245	0.786782   	0.99998    	0.000408251	0.000407919	0.786929   	0.999981   	-0.00023622	-0.000258478	0.786885   	0.99998    	0.000335904	-9.19934e-05	0.786752   	0.999981   	-0.000506355	0.00011808 	0.786876   	0.999981   	0.000175961	2.99122e-05	0.786856   	0.104329   	0.726738   	0.791474   	0.104388   	0.114694   	0.729954   	0.744658   	0.114597   	0.0989326  	0.671578   	0.785768   	0.0989408  	0.108324   	0.675939   	0.767364   	0.108246   	0.107495   	0.64655    	0.820327   	0.107561   	0.109224   	0.746247   	0.82329    	0.109367   	0.106956   	0.837364   	0.735053   	0.10707    	0.103239   	0.723665   	0.707838   	0.103215   	0.10393    	0.815073   	0.704021   	0.103915   	0.113451   	0.644363   	0.786714   	0.113386   	0.105845   	0.61904    	0.876964   	0.10578    	0.110831   	0.663564   	0.74254    	0.110819   	0.103441   	0.644541   	0.794983   	0.103384   	0.10701    	0.593561   	0.793469   	0.106893   	0.108583   	0.655651   	0.758695   	0.10864    	7.32658	7.29904	6.45724	6.98517	7.23801	7.18503	7.31031	6.99667	6.87715	7.07745	7.06629	7.16302	6.86403	6.93844	7.21547	1          	1.87284e-05	-3.95702e-06	0.78686    	0.122926   	0.118184   	0.132501   	0.122929   	1.35551	
6e-11      	6          	0.999977   	-0.000124429	0.00030461 	0.771333   	0.999974   	-0.000272724	-4.37828e-05	0.771383   	0.999976   	0.000387504	-0.000255371	0.77133    	0.999978   	0.000290424	-0.000414799	0.771302   	0.999977   	-0.000183083	0.000391204	0.771289   	0.999979   	-0.000158095	9.91166e-05	0.771491   	0.999977   	0.000715838	5.91992e-05	0.771401   	0.999977   	0.000122949	-0.00048323	0.771315   	0.999977   	-0.000790342	0.000242032	0.771356   	0.999976   	0.000185675	0.000585473	0.771278   	0.999976   	-0.000281393	-7.8537e-05	0.771396   	0.999976   	0.000125548	-0.000635986	0.771452   	0.999977   	-0.000463781	-0.000252854	0.771269   	0.999975   	0.000384567	0.000474886	0.771368   	0.999975   	4.03432e-05	-0.000214231	0.77132    	0.114926   	0.722103   	0.94049    	0.115023   	0.110958   	0.773289   	1.06749    	0.110788   	0.119081   	0.769998   	0.930551   	0.119061   	0.120747   	0.757937   	0.81736    	0.120537   	0.122881   	0.722229   	0.874419   	0.122794   	0.123706   	0.693458   	0.812386   	0.123639   	0.117257   	0.720115   	0.896051   	0.117377   	0.129031   	0.810684   	0.809818   	0.129024   	0.117961   	0.72166    	0.872681   	0.118046   	0.1163     	0.767002   	0.925548   	0.116179   	0.116731   	0.81079    	0.887703   	0.11683    	0.120429   	0.815189   	0.903096   	0.120491   	0.115021   	0.740043   	0.916738   	0.114933   	0.11609    	0.711752   	1.03035    	0.116073   	0.114962   	0.748444   	1.00219    	0.11496    	7.15029	7.11722	7.26453	7.33682	7.85358	7.5942	7.15999	7.84922	6.99424	7.0034	7.12566	7.30121	7.19825	7.01198	7.09293	1          	-1.32548e-06	-1.46774e-05	0.771334   	0.138789   	0.124744   	0.140019   	0.138789   	1.33945	
6.5e-11    	5.8        	0.999972   	-0.000277076	-0.000706335	0.754409   	0.999975   	-0.000205705	-0.000216875	0.75449    	0.999973   	0.000390676	0.000746524	0.754683   	0.999975   	0.000459032	0.000359151	0.754516   	0.999973   	-0.000416244	0.000489484	0.754545   	0.999975   	-0.000162917	-0.000660969	0.754429   	0.999975   	1.11736e-05	6.1172e-05 	0.75442    	0.999975   	0.000223163	0.00044231 	0.754544   	0.999974   	1.41593e-05	-0.000457747	0.75453    	0.999974   	-6.74768e-06	0.000283022	0.75456    	0.999974   	-0.000316606	8.96828e-05	0.754468   	0.999974   	0.000368215	-0.000442614	0.754502   	0.999972   	-1.63411e-05	-0.000570505	0.754437   	0.999973   	0.00025037 	-0.000422329	0.754606   	0.999971   	-0.000172881	0.00093064 	0.754518   	0.132584   	0.893841   	0.986759   	0.132483   	0.140721   	0.804878   	0.876278   	0.140762   	0.140091   	0.846147   	0.956132   	0.140337   	0.14552    	0.70283    	0.970214   	0.145441   	0.14086    	0.838486   	0.951903   	0.140767   	0.130497   	0.773968   	0.905369   	0.130541   	0.144293   	0.791456   	0.90242    	0.144168   	0.138031   	0.794002   	0.883297   	0.13812    	0.142811   	0.826461   	0.959953   	0.142597   	0.151159   	0.797835   	0.969628   	0.151368   	0.13043    	0.825507   	0.945832   	0.130368   	0.131419   	0.780388   	0.964716   	0.131328   	0.141774   	0.822284   	1.04047    	0.141618   	0.13673    	0.868473   	0.960332   	0.136683   	0.132197   	0.81096    	1.1311     	0.13211    	7.81422	8.14695	8.18002	8.41657	8.17831	7.29965	8.24503	7.50479	8.29217	8.27775	7.51277	7.74903	8.2218	7.73788	7.90994	1          	9.28273e-06	-5.11098e-06	0.754491   	0.151643   	0.130229   	0.13504    	0.151644   	1.26271	
7e-11      	5.6        	0.999965   	-9.00957e-05	-0.000986643	0.736438   	0.999969   	0.000238561	0.000417342	0.736377   	0.999967   	-8.72883e-05	0.000545158	0.736386   	0.999971   	-0.000230003	0.000742383	0.736397   	0.999972   	0.000537573	-0.000537502	0.736353   	0.999973   	-0.00031771	-0.000388506	0.736535   	0.99997    	-0.00018527	-0.000173703	0.736367   	0.999966   	-0.000223475	0.000631302	0.736441   	0.999968   	0.000458754	-0.000503657	0.736353   	0.999966   	-0.000128067	-0.000213116	0.736208   	0.999967   	0.000266314	0.000919142	0.736596   	0.999969   	-0.000109564	-0.000469256	0.736368   	0.999969   	-0.000173905	0.000309653	0.736302   	0.99997    	-7.8117e-05	-0.000149158	0.736391   	0.999972   	0.000208858	-0.000157297	0.736468   	0.155939   	0.900203   	1.34934    	0.155891   	0.162018   	0.809307   	1.16298    	0.161703   	0.163958   	0.919926   	1.18538    	0.164187   	0.162593   	0.821492   	1.02048    	0.162736   	0.152078   	0.811634   	0.97698    	0.152085   	0.1586     	0.778261   	0.980277   	0.158801   	0.161178   	0.834121   	1.10732    	0.161264   	0.1638     	1.00087    	1.17032    	0.163891   	0.155814   	0.806867   	1.22969    	0.155603   	0.145002   	0.982361   	1.21123    	0.145075   	0.156531   	0.794737   	1.2865     	0.156508   	0.173316   	0.838175   	1.13679    	0.17345    	0.166909   	0.910757   	1.12121    	0.166801   	0.17565    	0.910143   	1.0476     	0.175685   	0.15958    	0.953779   	0.85141    	0.159556   	8.20881	8.85183	8.55196	8.66492	8.04105	8.46933	8.7185	8.76569	8.56296	7.88945	8.29345	9.32753	8.78761	9.01099	8.80929	1          	5.86062e-06	-9.27237e-07	0.736376   	0.158513   	0.125328   	0.139661   	0.158518   	1.17226	
7.5e-11    	5.4        	0.999966   	0.000160956	0.000334504	0.716906   	0.999963   	-9.0342e-05	-0.00113368	0.717067   	0.999966   	-6.4079e-05	0.000842665	0.717081   	0.999964   	-0.000306873	-0.000210254	0.716969   	0.999964   	0.000413379	0.000259064	0.7171     	0.999965   	-0.000154771	7.46978e-05	0.716893   	0.999964   	-0.000472592	0.000321273	0.717007   	0.999967   	0.000264419	-0.000202454	0.717036   	0.999966   	0.000293094	-0.000183575	0.716897   	0.999957   	0.000270975	-0.00112645	0.716984   	0.999959   	-0.00123952	0.000105912	0.716892   	0.99996    	0.000923673	0.0011649  	0.717057   	0.999964   	-0.000231568	0.00147656 	0.716937   	0.999957   	0.000579931	-0.000163783	0.717077   	0.999961   	-0.000200307	-0.00132734	0.716996   	0.168475   	0.84013    	1.26745    	0.168325   	0.183319   	0.927458   	1.31079    	0.183171   	0.186875   	0.924641   	1.13502    	0.186703   	0.188751   	1.00828    	1.1805     	0.188481   	0.20044    	0.927459   	1.27193    	0.200265   	0.180752   	0.999329   	1.1541     	0.181059   	0.182098   	0.963606   	1.23859    	0.182116   	0.184592   	0.93135    	1.11671    	0.184701   	0.18106    	0.920399   	1.17837    	0.180882   	0.19087    	1.08086    	1.53092    	0.190916   	0.182264   	1.0417     	1.448      	0.182137   	0.183586   	1.18267    	1.23074    	0.183757   	0.183867   	0.991754   	1.17181    	0.183873   	0.193957   	1.00829    	1.61598    	0.193961   	0.180303   	1.00056    	1.34179    	0.180259   	8.37441	9.28168	9.18534	9.25231	9.63534	9.24839	8.85866	8.85726	9.03201	9.48106	9.33124	8.7738	9.57619	10.0123	8.88519	1          	9.63862e-06	1.5896e-05 	0.716967   	0.170813   	0.139144   	0.136493   	0.17081    	1.16496	
8e-11      	5.2        	0.999957   	0.000400583	-0.000285055	0.696329   	0.999956   	0.000149542	-0.00103287	0.696321   	0.999958   	-0.000621355	0.0014513  	0.696352   	0.999959   	-0.000745143	2.94049e-05	0.696273   	0.999957   	0.000630058	0.000132762	0.696316   	0.999962   	-2.64989e-05	-0.00025249	0.696292   	0.999951   	0.000291642	-0.000529241	0.696436   	0.999954   	-0.000683786	-0.000454541	0.696376   	0.999955   	0.000327639	0.00100605 	0.696134   	0.999954   	0.000181693	0.000234069	0.696492   	0.999954   	-0.000385837	0.000676643	0.696358   	0.999951   	0.000167222	-0.000875037	0.696174   	0.999958   	0.000275194	-0.000227183	0.696454   	0.99996    	0.000114759	-0.0002919 	0.696251   	0.99996    	-0.000583664	0.000420574	0.696301   	0.218614   	1.0943     	1.36099    	0.21849    	0.217608   	1.03338    	1.46234    	0.218305   	0.225312   	1.13286    	1.22926    	0.225018   	0.198522   	1.07439    	1.29161    	0.198482   	0.240607   	1.03147    	1.4193     	0.240793   	0.209939   	0.990563   	1.17962    	0.209832   	0.225582   	1.13624    	1.67039    	0.225705   	0.242969   	1.10804    	1.55107    	0.242581   	0.229314   	1.04499    	1.54125    	0.229717   	0.212171   	1.10406    	1.5759     	0.211945   	0.222947   	1.24389    	1.41572    	0.223047   	0.214087   	1.34699    	1.47476    	0.214315   	0.221676   	1.14112    	1.31078    	0.222275   	0.199533   	1.0311     	1.28239    	0.199082   	0.204295   	1.0519     	1.27132    	0.204488   	10.428	10.183	10.3687	9.38314	11.2081	9.88477	10.5946	11.3047	10.3922	9.94756	10.4077	9.88557	10.2228	9.43229	9.43266	1          	-3.41388e-05	2.40966e-08	0.696294   	0.177061   	0.120561   	0.135862   	0.17706    	1.04422	
8.5e-11    	5          	0.999945   	0.00085851 	0.00100593 	0.674564   	0.999946   	-0.000336061	-0.000163943	0.674335   	0.999947   	-0.000375274	-0.000715033	0.674424   	0.999939   	0.00017659 	-0.000509756	0.67445    	0.999943   	0.000335035	-0.000111274	0.674686   	0.999942   	-0.000475023	0.000712058	0.674287   	0.999945   	-0.000594505	-0.0021291 	0.674461   	0.999941   	0.000829681	0.000421173	0.674388   	0.999944   	-1.06929e-05	0.00159063 	0.674635   	0.999944   	-0.000862665	-0.00137602	0.674378   	0.999948   	0.000839874	-1.10481e-05	0.674571   	0.999948   	0.000100492	0.0013101  	0.674506   	0.999948   	-0.000307133	-0.000160248	0.674505   	0.999949   	-0.000140429	0.00109389 	0.674602   	0.99995    	0.000425103	-0.000877499	0.674326   	0.23651    	1.10559    	1.81237    	0.236651   	0.244528   	1.21151    	1.69998    	0.2443     	0.258836   	1.3384     	1.4974     	0.258892   	0.228334   	1.50764    	1.81514    	0.227924   	0.252759   	1.32374    	1.74329    	0.252075   	0.247541   	1.20658    	1.91381    	0.247168   	0.244711   	1.23385    	1.59807    	0.244313   	0.223047   	1.04308    	2.12049    	0.223365   	0.234353   	1.16792    	1.79567    	0.234496   	0.250215   	1.10592    	1.87619    	0.250034   	0.258236   	1.13665    	1.66448    	0.258379   	0.262681   	1.13285    	1.6581     	0.263476   	0.24311    	1.22083    	1.62231    	0.242901   	0.244763   	1.23213    	1.48014    	0.24464    	0.250933   	1.21574    	1.48833    	0.250385   	10.7192	10.4821	10.6609	9.82063	10.9638	10.7779	10.3915	9.59331	9.93084	11.3253	10.3193	11.7721	10.5335	10.9724	10.817	1          	3.0966e-05 	6.1528e-06 	0.674438   	0.182271   	0.138208   	0.142627   	0.182269   	1.0042	
9e-11      	4.8        	0.999937   	0.000735066	-0.000610671	0.651367   	0.999932   	0.000245643	-0.00117305	0.651826   	0.999925   	-0.000982787	0.0017747  	0.651436   	0.999936   	0.000303578	-0.00156632	0.651617   	0.999937   	-0.000498637	0.00167832 	0.65146    	0.999941   	0.000119357	-0.000132286	0.651487   	0.99994    	-8.47031e-05	-0.00106335	0.651463   	0.999923   	0.000472026	0.00238691 	0.651534   	0.999936   	-0.000217027	-0.0013745 	0.651602   	0.99994    	0.000162688	0.000149243	0.651692   	0.999924   	0.000227069	-0.0004709 	0.651445   	0.99993    	-0.000424812	0.000404264	0.651446   	0.999929   	0.000749054	-0.000433834	0.651578   	0.999929   	-0.000273709	-0.000757476	0.651577   	0.999933   	-0.000430308	0.00137688 	0.651457   	0.292272   	1.32639    	1.82151    	0.291844   	0.282115   	1.44118    	1.95578    	0.282045   	0.282946   	1.43978    	2.26833    	0.283714   	0.292121   	1.36614    	1.7952     	0.292057   	0.278695   	1.42298    	1.67933    	0.278503   	0.275358   	1.15133    	1.84478    	0.275561   	0.253667   	1.10905    	1.87899    	0.253644   	0.274151   	1.38386    	2.37815    	0.275359   	0.266356   	1.10369    	2.10017    	0.265916   	0.273434   	1.28954    	1.74852    	0.272993   	0.283404   	1.50621    	2.33099    	0.284399   	0.271295   	1.26846    	2.26904    	0.271294   	0.296745   	1.32919    	2.22701    	0.296871   	0.2634     	1.3524     	2.21637    	0.263369   	0.284807   	1.35393    	2.00222    	0.284673   	11.9922	11.3206	10.8284	11.7912	11.2794	10.9994	10.4168	11.187	10.5124	11.0297	11.2302	10.6919	11.5941	10.5303	11.1035	1          	7.27855e-06	1.27412e-05	0.651489   	0.182555   	0.134363   	0.14432    	0.182551   	1.02465	
9.5e-11    	4.6        	0.99993    	-0.00078408	0.000368171	0.627596   	0.999924   	5.27063e-05	-0.000329134	0.627559   	0.999923   	0.000763118	0.000133869	0.627612   	0.999926   	0.00112563 	-0.00208341	0.627426   	0.999915   	2.96333e-05	0.00185156 	0.627846   	0.999928   	-0.000999415	0.000196395	0.627639   	0.99992    	5.35504e-05	0.0013292  	0.627784   	0.999927   	0.000102943	-0.00125803	0.627427   	0.999933   	-0.000194641	-0.000138949	0.627556   	0.99992    	0.00160089 	0.00010789 	0.627592   	0.999933   	-0.000489214	-0.000959914	0.627606   	0.999926   	-0.000997163	0.000847787	0.627391   	0.999924   	-3.01912e-05	0.00045167 	0.627697   	0.999924   	-0.00035477	-3.70782e-05	0.627451   	0.999932   	0.000509224	-0.000431756	0.627633   	0.334026   	1.4787     	1.79063    	0.334325   	0.36581    	1.45031    	2.10169    	0.365825   	0.311433   	1.30478    	2.30247    	0.312254   	0.330253   	1.41792    	1.92678    	0.330118   	0.354099   	1.72503    	2.19895    	0.356016   	0.342503   	1.4898     	1.87415    	0.342003   	0.32926    	1.57911    	2.15186    	0.32919    	0.306226   	1.41235    	2.00023    	0.306462   	0.326124   	1.33938    	1.8273     	0.326313   	0.332898   	1.56271    	2.1257     	0.33265    	0.347984   	1.26321    	1.83785    	0.346881   	0.328141   	1.35574    	2.06506    	0.327783   	0.33829    	1.40999    	2.13936    	0.338312   	0.331025   	1.68944    	1.86789    	0.33058    	0.333636   	1.56137    	1.62965    	0.333242   	11.7131	13.6376	11.1922	11.7023	12.764	12.3678	12.0149	10.9917	11.8663	12.1187	12.9875	11.7315	12.256	12.057	12.14	1          	2.61884e-05	3.11715e-06	0.627541   	0.194767   	0.141056   	0.135583   	0.194768   	1.05452	
1e-10      	4.4        	0.99992    	-0.0004538 	0.00159335 	0.603219   	0.999909   	0.000463924	-0.000692969	0.60294    	0.99991    	-3.00969e-05	-0.000714241	0.602338   	0.999903   	-0.000888551	-0.00079751	0.602939   	0.999923   	0.00129332 	0.000205133	0.603013   	0.999917   	-0.000492448	0.000493062	0.602625   	0.999896   	0.000323919	-0.00133534	0.602947   	0.99991    	-0.000434522	0.000894639	0.603013   	0.99989    	0.000214263	0.000372047	0.602617   	0.999911   	0.00158182 	0.000822063	0.602502   	0.999898   	-0.00192145	0.00219817 	0.602938   	0.999913   	0.000602806	-0.00309015	0.602886   	0.999913   	0.000275803	0.000740697	0.602842   	0.999909   	-0.000607699	0.00154625 	0.602902   	0.999914   	0.00028337 	-0.0021851 	0.602752   	0.391247   	1.55585    	1.8574     	0.392071   	0.429921   	1.54349    	2.37062    	0.429806   	0.436916   	1.5472     	2.33713    	0.437522   	0.380268   	1.68917    	2.47926    	0.379836   	0.375515   	1.26038    	2.04597    	0.375345   	0.375564   	1.56763    	2.01588    	0.375838   	0.398386   	1.95302    	2.5057     	0.398938   	0.349697   	1.69963    	2.18471    	0.349908   	0.420263   	1.66589    	3.09369    	0.420366   	0.381553   	1.35757    	2.42202    	0.381429   	0.417753   	1.53847    	2.72051    	0.418043   	0.386273   	1.20067    	2.36627    	0.384899   	0.411879   	1.40083    	2.35637    	0.412482   	0.37518    	1.55474    	2.34521    	0.375344   	0.39729    	1.32973    	2.29337    	0.396846   	13.0685	14.2425	14.7261	13.1161	13.0193	12.7246	13.0639	11.8667	13.9312	12.7426	14.0195	13.1163	13.8544	12.6864	13.0736	1          	1.42945e-05	4.05056e-06	0.602777   	0.198546   	0.133602   	0.138028   	0.198542   	1.06442	
1.05e-10   	4.2        	0.999882   	0.000985206	0.00151302 	0.577219   	0.999891   	-2.86597e-05	-0.000636309	0.577424   	0.999872   	-0.00080682	-0.000947975	0.577175   	0.999887   	0.000872565	0.000532443	0.57741    	0.999883   	-0.00164747	0.00203974 	0.57707    	0.999881   	0.000901048	-0.00267585	0.577368   	0.999876   	0.00193981 	-0.00135433	0.577002   	0.999872   	-0.00118406	0.00341942 	0.577609   	0.999886   	-0.000656288	-0.00203296	0.577128   	0.999899   	0.000349755	0.000112224	0.577325   	0.999879   	-0.000510311	0.000571959	0.577073   	0.999906   	0.000246136	-0.000749325	0.577509   	0.999877   	-0.00150332	0.00290388 	0.577196   	0.999893   	0.00114573 	-0.00181862	0.577463   	0.999874   	0.000241239	-0.00120258	0.577215   	0.48369    	1.91267    	2.73209    	0.484246   	0.473035   	1.78847    	2.56133    	0.472156   	0.472437   	2.04049    	3.0067     	0.47089    	0.430444   	1.85508    	2.6133     	0.430628   	0.446753   	1.67965    	2.85006    	0.446772   	0.413869   	1.72234    	2.85846    	0.413116   	0.468142   	1.74002    	3.06184    	0.468201   	0.447629   	1.81186    	3.02723    	0.446697   	0.445849   	1.56038    	2.8938     	0.445429   	0.461144   	1.96119    	2.0623     	0.462207   	0.461769   	2.03393    	2.76937    	0.458571   	0.415173   	1.49213    	2.23774    	0.416482   	0.455391   	1.59779    	3.09631    	0.456181   	0.461523   	1.7593     	2.41754    	0.46333    	0.432975   	1.58518    	3.38958    	0.433238   	13.6028	14.6338	14.7354	12.9358	13.834	12.7703	13.6434	13.9182	13.5965	14.0868	14.0319	12.8884	14.4454	13.3252	13.3232	1          	2.24951e-05	-2.1177e-05	0.577212   	0.199274   	0.136574   	0.14695    	0.199277   	1.02794	
1.1e-10    	4          	0.99987    	0.000265615	0.000353031	0.551255   	0.999878   	-0.00109968	-0.00154161	0.550979   	0.999832   	0.000812831	0.00145006 	0.551089   	0.999872   	0.00144882 	-0.00104688	0.551521   	0.999865   	-0.00194898	-0.000548193	0.550641   	0.999863   	0.000372225	0.0015643  	0.551239   	0.999857   	-0.000236715	-0.000494862	0.55096    	0.999851   	0.000460916	0.00249645 	0.551316   	0.999851   	-0.000163929	-0.00227328	0.551182   	0.999866   	-0.00184197	0.00174914 	0.551182   	0.999869   	0.000169387	-0.00166035	0.551317   	0.999857   	0.00164612 	-0.000128749	0.550977   	0.999843   	-0.000373961	0.000976232	0.551292   	0.999881   	-0.00172723	-0.000810912	0.55117    	0.999867   	0.00208372 	-0.000152694	0.550939   	0.532075   	1.86946    	2.83838    	0.531836   	0.55536    	1.67889    	2.66925    	0.554309   	0.554836   	1.99307    	4.05859    	0.558342   	0.625249   	1.85378    	2.73716    	0.626057   	0.541865   	2.09449    	2.71874    	0.541252   	0.586534   	1.47675    	3.43169    	0.584893   	0.557971   	1.80685    	3.37714    	0.560089   	0.542949   	1.74881    	3.53591    	0.538819   	0.572254   	2.06816    	3.25483    	0.571773   	0.604987   	2.02599    	2.70679    	0.606124   	0.551639   	1.90069    	2.80845    	0.5525     	0.510129   	1.84796    	3.28507    	0.510589   	0.55599    	1.99038    	3.69581    	0.556192   	0.525488   	1.73278    	2.51835    	0.524925   	0.556729   	2.00357    	2.72502    	0.558245   	14.9645	14.5695	15.3907	16.8361	14.8902	16.1514	15.1417	14.6526	15.9605	16.1013	15.2588	14.3441	15.233	13.712	14.873	0.999999   	-9.1321e-06	-6.65833e-06	0.551061   	0.200144   	0.136518   	0.137344   	0.200139   	1.05183	
1.15e-10   	3.8        	0.999842   	0.00235276 	-0.0019358 	0.524733   	0.999843   	-0.00122176	0.00225942 	0.524736   	0.999845   	-0.00100061	-0.000505074	0.524012   	0.999797   	0.00109235 	0.00335406 	0.524864   	0.999827   	0.000919314	-0.000788111	0.524711   	0.999857   	-0.00180681	-0.00258739	0.523928   	0.999859   	-0.000339647	0.00255295 	0.524404   	0.999838   	-1.12115e-05	0.000667632	0.524727   	0.999853   	0.000472632	-0.00333542	0.524321   	0.999823   	-0.000873076	0.00135955 	0.524316   	0.99983    	0.000508024	-0.00284278	0.524693   	0.9998     	0.000409633	0.00154272 	0.524601   	0.999806   	-0.00126685	-0.00323746	0.524547   	0.999838   	0.00120085 	-0.00106714	0.524583   	0.999814   	0.000242026	0.0042792  	0.524401   	0.646183   	1.85432    	3.19883    	0.645836   	0.629808   	1.79203    	3.26487    	0.630348   	0.659226   	1.93427    	3.13088    	0.660785   	0.587422   	2.41496    	4.05889    	0.584196   	0.669893   	2.05871    	3.59571    	0.66883    	0.638437   	1.84971    	2.68463    	0.637242   	0.694744   	2.12932    	2.38035    	0.695113   	0.655219   	1.73706    	3.58525    	0.654509   	0.571682   	1.74647    	2.89197    	0.572611   	0.602295   	1.8034     	3.95364    	0.601193   	0.554528   	1.82819    	3.62944    	0.554997   	0.573418   	2.09228    	4.45223    	0.572774   	0.648623   	1.97411    	4.20394    	0.64924    	0.594346   	2.05258    	3.23007    	0.593223   	0.625502   	2.17188    	3.64972    	0.626725   	16.1862	15.1221	16.1306	14.577	16.1132	15.469	17.2406	15.7882	14.2231	15.1787	13.2826	14.0559	15.8706	15.1489	15.048	0.999999   	4.4548e-05 	-1.7408e-05	0.524417   	0.199513   	0.138805   	0.137571   	0.199514   	1.08162	
1.2e-10    	3.6        	0.999817   	0.000348277	-0.00310678	0.497333   	0.999793   	0.00126226 	0.0039347  	0.49772    	0.999787   	-0.00155623	-0.000894453	0.497393   	0.999775   	-7.32514e-05	0.00220769 	0.497358   	0.999811   	-0.000664025	0.00224115 	0.497495   	0.999751   	0.000840997	-0.0042995 	0.497649   	0.999804   	0.000894941	0.00193126 	0.497164   	0.999776   	-0.00029837	-0.00207951	0.497331   	0.999841   	-0.000618168	1.87933e-05	0.497954   	0.999793   	0.00174938 	0.00208151 	0.497417   	0.999781   	0.000342743	-0.0035965 	0.497709   	0.999801   	-0.00227575	0.00152327 	0.497344   	0.999785   	-0.0019639 	-0.00374025	0.497113   	0.99981    	0.00169837 	0.00407685 	0.498052   	0.999845   	0.000428178	-0.000101606	0.497331   	0.762574   	2.18956    	3.0755     	0.760273   	0.707214   	2.28496    	3.59704    	0.707999   	0.745652   	1.83714    	4.4247     	0.748942   	0.816725   	1.97105    	4.5999     	0.817994   	0.662987   	2.46346    	3.02632    	0.661935   	0.690815   	2.43677    	4.6415     	0.689572   	0.75791    	2.13226    	3.59363    	0.755942   	0.684701   	2.39833    	4.14876    	0.68754    	0.675933   	1.87124    	2.83573    	0.673245   	0.710232   	2.08207    	3.90892    	0.706393   	0.685311   	2.3285     	3.95485    	0.68732    	0.67968    	2.4966     	3.27474    	0.681846   	0.807874   	2.27228    	3.8209     	0.807195   	0.686571   	2.01556    	3.33621    	0.687788   	0.724501   	2.01828    	2.54694    	0.722489   	16.7355	15.8908	15.915	17.8499	14.9362	15.9803	16.2987	14.9701	14.1296	15.1928	15.1468	15.4231	16.5665	15.3208	15.8403	0.999999   	8.4207e-06 	1.53859e-05	0.497391   	0.206356   	0.1359     	0.141198   	0.206346   	1.11921	
1.25e-10   	3.4        	0.999746   	0.000876639	-0.00158428	0.470496   	0.999772   	-9.85726e-05	0.00223807 	0.46962    	0.999757   	-0.000874937	-0.000705076	0.470551   	0.9998     	-0.00114735	0.000132421	0.470659   	0.999753   	-0.00228741	0.000770789	0.469855   	0.999741   	0.00340069 	-0.000965007	0.470233   	0.99974    	-0.00167993	0.00406204 	0.470337   	0.99977    	0.00195594 	0.00132881 	0.470332   	0.999721   	-0.000542049	-0.00496538	0.470092   	0.99974    	-0.00152928	-0.00359079	0.470069   	0.999762   	0.00198347 	-0.00434849	0.470447   	0.99973    	-0.000432133	0.00812231 	0.47014    	0.999735   	-0.00136081	-0.00287307	0.47025    	0.999742   	0.00277969 	-0.00111462	0.470287   	0.999729   	-0.0015204 	0.00397007 	0.470117   	0.830902   	2.15625    	4.51479    	0.835387   	0.892121   	2.18387    	3.74502    	0.893027   	0.891327   	1.94371    	4.47505    	0.897668   	0.940997   	1.95102    	3.33287    	0.946296   	0.856131   	2.43694    	3.98083    	0.854202   	0.949424   	2.16819    	4.51365    	0.951059   	0.82156    	2.64053    	3.96679    	0.822004   	0.940519   	2.45213    	3.54258    	0.941306   	1.01       	2.13171    	4.89987    	1.00718    	0.85497    	2.34716    	4.29504    	0.849818   	0.810141   	2.08525    	3.90119    	0.806841   	0.99743    	2.39015    	3.86247    	0.994358   	0.841181   	2.47552    	4.39115    	0.844522   	0.8009     	2.46641    	4.2347     	0.805962   	0.769145   	2.25594    	4.6562     	0.764707   	15.9337	17.153	17.4338	18.6244	16.9703	18.3148	16.0258	18.5899	18.5282	16.8642	15.0738	19.119	16.072	15.7829	15.2675	0.999999   	-3.30515e-05	3.33859e-05	0.470115   	0.19575    	0.135879   	0.140379   	0.195748   	1.27344	
1.3e-10    	3.2        	0.999678   	-0.000530902	-0.00157967	0.443094   	0.999696   	0.00142833 	0.00182485 	0.443129   	0.999738   	-0.000904452	-0.000268313	0.442179   	0.999706   	-0.00203209	-0.00395153	0.442973   	0.999675   	0.00116168 	0.00364014 	0.442892   	0.999682   	0.000751358	0.000242676	0.442536   	0.999706   	0.000316406	-0.00334991	0.443484   	0.999735   	-0.000175358	0.00362979 	0.442904   	0.999673   	-0.000141081	-0.000212932	0.442153   	0.999593   	0.00357101 	0.00261235 	0.442648   	0.999653   	-0.000924061	-0.00689994	0.442936   	0.999677   	-0.00248043	0.00424206 	0.442984   	0.999723   	0.00145577 	-0.00550185	0.442578   	0.999644   	-0.00125647	0.00165102 	0.442718   	0.999649   	-0.000334591	0.00392255 	0.44316    	1.18429    	1.91091    	5.60079    	1.18187    	1.19513    	2.04155    	5.02172    	1.19255    	1.06163    	1.90977    	4.17793    	1.05349    	1.03985    	2.42802    	4.23207    	1.03724    	0.973712   	2.20558    	5.24184    	0.979998   	0.958918   	2.29771    	5.13262    	0.956541   	0.937777   	2.8136     	3.95207    	0.939691   	1.02187    	2.74913    	3.31097    	1.02425    	0.999466   	2.5765     	5.04859    	0.994438   	1.05738    	3.0201     	6.25153    	1.04564    	0.971815   	2.019      	5.54663    	0.978342   	0.989062   	2.48535    	4.81776    	0.990872   	1.14526    	2.13288    	3.96611    	1.14183    	0.977678   	2.2704     	6.05575    	0.994726   	0.977537   	2.45888    	5.60272    	0.982339   	19.3438	20.003	17.7003	17.2448	17.4477	16.2738	15.1718	18.0105	17.0949	17.4737	16.756	16.9732	19.7243	16.852	17.2563	0.999999   	-8.12726e-06	-3.87019e-06	0.442684   	0.18371    	0.140276   	0.13761    	0.183718   	1.32888	
1.35e-10   	3          	0.999552   	-0.000971981	-0.0153008 	0.415178   	0.999592   	0.00512162 	0.00810175 	0.415343   	0.999537   	-0.0042572 	0.00742878 	0.415486   	0.999556   	0.00221864 	-0.00915487	0.415303   	0.999615   	-0.000528762	0.00658025 	0.415938   	0.999618   	-0.00163079	0.00270022 	0.414736   	0.999622   	-0.00129025	-0.00542857	0.415684   	0.999631   	0.00117919 	0.00489026 	0.416063   	0.999558   	0.000269475	0.000599604	0.414241   	0.999652   	-0.000499626	0.00180499 	0.415181   	0.999664   	0.00305376 	-0.00343054	0.415786   	0.999582   	-0.00269921	0.00153255 	0.414917   	0.999696   	0.00276687 	-0.000348133	0.41498    	0.999502   	-0.00136608	-0.00711273	0.415193   	0.999525   	-0.00141963	0.00761664 	0.415818   	1.12346    	2.67059    	4.1241     	1.11327    	1.05109    	2.69382    	4.74299    	1.04111    	1.25381    	3.11607    	5.68011    	1.25847    	1.08894    	2.23559    	5.99046    	1.09202    	1.09007    	2.71847    	4.77875    	1.08486    	1.19746    	2.27347    	5.46902    	1.19745    	1.25807    	2.34247    	5.13208    	1.25141    	1.29903    	2.63786    	4.72151    	1.29556    	1.3688     	2.45102    	6.5795     	1.35852    	1.02683    	2.5602     	4.54867    	1.0214     	1.09679    	2.88137    	3.84596    	1.10144    	1.12352    	2.68552    	5.81053    	1.12718    	1.06155    	2.39754    	3.78424    	1.06272    	1.0801     	2.57495    	7.13983    	1.07655    	1.0739     	2.6547     	6.55114    	1.08107    	16.3672	16.0118	18.7092	15.979	16.5334	17.4055	17.79	19.22	20.6946	15.6776	16.2464	16.5936	16.6248	16.4859	15.5076	0.999999   	-2.5299e-06	3.35761e-05	0.415155   	0.190157   	0.136613   	0.143133   	0.190153   	1.15155	
1.4e-10    	2.8        	0.99956    	0.00126304 	0.00182423 	0.387331   	0.999583   	-0.00214324	-0.00125354	0.387564   	0.999536   	0.000881703	-0.000677717	0.388311   	0.999607   	0.0032945  	0.000655234	0.386679   	0.999575   	-0.00607611	-0.00698353	0.38847    	0.999525   	0.00253405 	0.00630677 	0.388206   	0.999426   	-0.000160682	-0.00716023	0.387171   	0.999533   	-0.000609645	-0.00239151	0.38784    	0.999495   	0.000737228	0.00933986 	0.388356   	0.999512   	0.00120769 	-0.00464823	0.388174   	0.999522   	0.000511935	0.00548397 	0.38754    	0.999579   	-0.00172424	-0.000784691	0.387675   	0.999423   	0.000917301	0.00873619 	0.387675   	0.999603   	-0.00111035	0.000110699	0.387844   	0.999541   	0.000106055	-0.00880058	0.387768   	1.44782    	2.85154    	4.95867    	1.43653    	1.35364    	2.30605    	5.12692    	1.35524    	1.28463    	2.2999     	6.07442    	1.29598    	1.30994    	2.79406    	4.11135    	1.30786    	1.33496    	2.62633    	4.25653    	1.33743    	1.27034    	3.07288    	5.05183    	1.2726     	1.51539    	2.70898    	7.11143    	1.51799    	1.22395    	2.40385    	5.95094    	1.23071    	1.28887    	2.26417    	6.02729    	1.29126    	1.43232    	2.31798    	6.2645     	1.43836    	1.35782    	2.74091    	5.54962    	1.35167    	1.32339    	2.30498    	5.2276     	1.33126    	1.65846    	3.16334    	6.47652    	1.64911    	1.30634    	2.80284    	4.32481    	1.30747    	1.39255    	3.1576     	4.38856    	1.39492    	18.1941	18.1083	16.9285	16.6096	17.2572	15.9008	18.8739	16.1782	17.5863	18.3166	16.9564	17.0454	19.8494	17.2251	18.3652	0.999999   	-2.4611e-05	-1.64932e-05	0.387594   	0.189817   	0.141886   	0.143344   	0.189817   	1.27186	
1.45e-10   	2.6        	0.999405   	0.0025973  	0.0074244  	0.360639   	0.999407   	-0.00139249	-0.0119001 	0.360634   	0.999446   	-0.000824057	0.00433045 	0.359438   	0.999577   	-0.00038683	0.00246772 	0.360361   	0.999432   	0.000245804	-0.00712877	0.360199   	0.99948    	0.000210419	0.00475609 	0.360001   	0.999493   	0.00342032 	-0.0060608 	0.360115   	0.999532   	-0.00332148	0.00306603 	0.361113   	0.999587   	4.90299e-05	0.00248304 	0.359411   	0.999588   	0.000357519	-0.00437336	0.359366   	0.999325   	0.00157407 	0.0105293  	0.360903   	0.999392   	-0.00196911	-0.00641433	0.360468   	0.999421   	0.00189953 	0.00708073 	0.359622   	0.999571   	0.00257898 	0.00623107 	0.36082    	0.999329   	-0.0042708 	-0.0135414 	0.360254   	1.34826    	2.97144    	5.79621    	1.35211    	1.66228    	2.79501    	5.32024    	1.67464    	1.21154    	2.49413    	5.89047    	1.20225    	1.85314    	2.21693    	4.30653    	1.8559     	1.66143    	2.43286    	5.97138    	1.66046    	1.60739    	2.98143    	4.90917    	1.61269    	1.43232    	2.3504     	5.09912    	1.42043    	1.40174    	2.51329    	4.60746    	1.39929    	1.40102    	2.08098    	4.25783    	1.40815    	1.55842    	2.67103    	3.53003    	1.55801    	1.5249     	3.03277    	6.63058    	1.55376    	1.54171    	2.71875    	6.32347    	1.51828    	1.70694    	2.57944    	5.95285    	1.71486    	1.4606     	2.56887    	3.73499    	1.45553    	1.5388     	2.53701    	6.2689     	1.52548    	15.4936	18.2741	13.38	19.4264	16.906	18.8114	15.1469	15.9033	15.609	16.8167	16.1193	16.5039	18.8327	16.1517	16.299	0.999999   	4.17898e-05	-6.89288e-05	0.360031   	0.191042   	0.139573   	0.146221   	0.191038   	1.34724	
1.5e-10    	2.4        	0.999298   	0.00747929 	0.00336392 	0.333254   	0.999055   	-0.00693171	-0.00087495	0.331836   	0.999308   	-0.000507864	-0.00249906	0.333466   	0.999423   	0.000329411	0.00997953 	0.332258   	0.999408   	-0.00245356	-0.00915813	0.333094   	0.999357   	0.00214301 	-0.000838709	0.332777   	0.999274   	0.000685716	-0.00109066	0.332432   	0.999331   	0.000750083	-0.00709035	0.333802   	0.999354   	-0.00144039	0.00842187 	0.332147   	0.999263   	2.35922e-05	-0.000914738	0.332125   	0.999444   	0.00173101 	0.00263544 	0.333206   	0.99931    	-0.00205269	-0.00209622	0.332902   	0.99924    	0.00628325 	0.00835139 	0.332465   	0.99941    	-0.000839392	-0.00649135	0.333806   	0.999164   	-0.00515792	-0.00225357	0.332008   	1.77886    	2.32693    	6.54734    	1.78478    	1.4859     	2.70472    	9.46742    	1.51826    	1.93053    	2.77226    	6.3561     	1.92289    	2.08883    	2.50203    	4.45602    	2.08988    	1.90002    	3.18542    	4.07182    	1.90763    	1.54532    	3.25465    	5.20999    	1.54715    	2.04025    	3.48586    	6.02504    	2.01082    	1.66833    	3.49308    	5.09532    	1.68127    	1.85584    	2.97218    	5.01928    	1.83585    	1.58829    	2.37312    	7.27891    	1.56486    	1.65469    	2.53452    	4.77735    	1.6572     	1.56986    	2.67793    	6.42752    	1.58548    	1.58066    	2.78804    	6.4938     	1.56703    	1.55656    	2.88005    	4.70057    	1.56765    	1.63929    	3.06723    	7.73674    	1.64206    	16.5121	13.8751	17.9799	18.977	17.6809	15.0424	18.3935	15.6985	17.3482	16.125	14.3017	15.2347	14.8881	14.789	15.4006	0.999999   	1.4079e-05 	-5.83537e-05	0.332543   	0.183364   	0.142201   	0.145343   	0.183353   	1.22063	
1.55e-10   	2.2        	0.99912    	-0.00099348	-0.00221569	0.305475   	0.999141   	0.00635006 	-0.0125918 	0.304283   	0.99918    	-0.00481066	0.0145473  	0.306361   	0.999133   	0.00794648 	-0.00407223	0.305542   	0.999266   	-0.00148811	-0.00341419	0.30507    	0.999092   	-0.00618844	0.00765458 	0.305401   	0.999118   	-0.00178979	-0.000304328	0.306468   	0.999017   	-0.000381072	-0.00290027	0.305383   	0.999207   	0.00228209 	0.00300529 	0.304169   	0.999073   	0.00303919 	0.00360921 	0.30495    	0.99898    	-0.00307614	0.00496714 	0.305496   	0.999067   	0.000349635	-0.0087842 	0.305676   	0.999112   	-0.00882814	0.0169071  	0.304942   	0.999323   	0.00536745 	-0.00495438	0.306102   	0.999136   	0.00378393 	-0.01195   	0.304971   	2.20024    	2.8171     	6.96268    	2.2028     	2.26164    	2.95347    	5.44372    	2.26476    	2.01508    	2.81647    	5.01386    	1.99935    	2.04515    	2.83558    	6.39902    	2.05403    	1.81394    	2.91835    	5.12338    	1.79634    	2.09477    	3.20733    	6.34358    	2.08239    	2.02724    	2.47079    	7.41896    	2.03498    	2.2186     	2.219      	8.63925    	2.19646    	2.16929    	2.45905    	6.20837    	2.16642    	1.70741    	4.02462    	6.08106    	1.67746    	1.91914    	3.18075    	8.01599    	1.93182    	1.96148    	3.15142    	6.85072    	1.97095    	2.19767    	3.17121    	4.63295    	2.18141    	1.99325    	2.83596    	4.42033    	1.981      	2.32838    	2.94957    	5.77421    	2.33089    	16.7185	17.1179	15.0651	15.4691	15.0258	16.1171	15.4636	16.4596	16.8497	13.2684	15.4504	14.2435	16.1277	15.277	16.6378	0.999998   	9.23197e-05	-1.04675e-05	0.305088   	0.190307   	0.138526   	0.134615   	0.190295   	1.35543	
1.6e-10    	2          	0.998984   	0.000197694	0.00925485 	0.277523   	0.999036   	0.00416839 	0.00247675 	0.277176   	0.998927   	-0.00419637	-0.0118177 	0.279183   	0.999195   	0.00403306 	0.00466048 	0.277405   	0.999104   	0.00054379 	-0.0048549 	0.277734   	0.998816   	-0.00482309	0.000453825	0.278602   	0.99893    	0.00192283 	-0.00583928	0.277741   	0.998978   	5.47539e-05	0.00498801 	0.278402   	0.998985   	-0.00203286	0.000718345	0.277699   	0.999037   	0.00425646 	-0.0106323 	0.278131   	0.998705   	0.000471023	0.0130689  	0.277752   	0.998925   	-0.00468086	-0.00274557	0.277985   	0.99891    	-0.00430472	-0.0046509 	0.277521   	0.998694   	0.0048736  	0.018135   	0.278726   	0.998843   	-0.00110019	-0.0137163 	0.277729   	2.70593    	2.58994    	6.32281    	2.68861    	2.56703    	3.48487    	5.27953    	2.58517    	2.09578    	2.78001    	6.48799    	2.10065    	3.12538    	2.71298    	4.5079     	3.12753    	2.6067     	3.04429    	5.05174    	2.5893     	2.62251    	3.31059    	7.5608     	2.6253     	2.15604    	2.84412    	6.87331    	2.17598    	2.41693    	2.94995    	6.44975    	2.45076    	2.70447    	2.91056    	6.35308    	2.67658    	2.55165    	3.03539    	5.18506    	2.51016    	2.2115     	3.92172    	7.19978    	2.20186    	2.7971     	2.75769    	6.96395    	2.767      	2.17537    	3.08863    	6.67471    	2.14239    	2.15732    	2.82063    	7.66914    	2.16091    	2.40057    	3.36542    	6.49687    	2.4475     	15.7987	15.84	13.4489	17.8401	16.6065	15.8563	13.4455	15.0696	16.5659	15.9224	14.2789	17.2083	13.6848	13.4792	15.6076	0.999998   	-3.59507e-05	-2.32081e-05	0.277659   	0.174872   	0.134811   	0.141599   	0.174861   	1.31757	
1.65e-10   	1.8        	0.998725   	0.000950975	-0.0095581 	0.252204   	0.998543   	-0.00730973	0.0184739  	0.251663   	0.99861    	0.00627819 	-0.00949191	0.247864   	0.998733   	0.00200125 	-0.00278441	0.251084   	0.998828   	-0.00232634	0.00772093 	0.249985   	0.998837   	9.12988e-05	-0.00503452	0.250508   	0.998777   	0.00332222 	0.0130477  	0.248469   	0.999031   	-0.00540558	-0.0072223 	0.251126   	0.998944   	0.00189376 	-0.00599159	0.251942   	0.998793   	0.0052255  	-0.00521987	0.249455   	0.998389   	-0.00541594	-0.0111542 	0.251647   	0.998776   	0.000110916	0.0162956  	0.250588   	0.998255   	0.000244326	-0.0149708 	0.248553   	0.998496   	0.000391565	-0.000987841	0.25209    	0.998601   	-0.000851601	0.0157637  	0.251283   	2.55882    	3.50244    	5.75541    	2.52056    	2.64585    	2.58966    	6.93813    	2.65954    	2.10988    	2.82336    	6.91892    	2.1272     	2.38547    	3.49527    	6.01031    	2.39698    	2.28947    	2.74029    	5.80856    	2.31891    	2.23205    	2.67326    	5.95957    	2.23999    	2.4364     	3.16703    	5.23812    	2.47618    	2.24348    	2.22156    	4.7776     	2.24847    	2.46475    	2.39945    	5.45072    	2.46036    	2.23404    	2.37351    	6.37039    	2.228      	2.48545    	3.3397     	8.19066    	2.45783    	1.77836    	2.65318    	5.47975    	1.76074    	2.73749    	3.73331    	8.24369    	2.70945    	2.26985    	2.75192    	8.6861     	2.28747    	2.39308    	3.72189    	5.8894     	2.40076    	13.18	13.6803	11.0203	11.9404	12.0993	11.3149	12.614	12.7784	13.5659	11.3332	12.518	10.4798	13.74	11.5107	11.9138	0.999997   	-6.28066e-05	-2.08634e-05	0.250236   	0.178605   	0.145931   	0.142924   	0.178596   	1.44785	
1.7e-10    	1.6        	0.998281   	-0.00186289	-0.0096227 	0.222391   	0.997727   	0.00687068 	-0.0265281 	0.224092   	0.997398   	-0.00499786	0.0367197  	0.223491   	0.998322   	-0.00190219	-0.0166995 	0.223119   	0.998684   	0.00240755 	0.00420525 	0.224605   	0.998176   	-0.00092849	0.0123525  	0.221759   	0.998586   	0.00515909 	-0.00550631	0.223684   	0.99839    	-0.00885952	0.00434434 	0.22291    	0.998608   	0.00329078 	0.000883123	0.222741   	0.998436   	-0.00570258	0.00424233 	0.223919   	0.998498   	0.00490804 	0.00222377 	0.223006   	0.998475   	0.00117084 	-0.00662092	0.222534   	0.998143   	-0.000663336	0.0311939  	0.222015   	0.998135   	0.00119241 	-0.021428  	0.224238   	0.997964   	-0.000963241	-0.00972967	0.223484   	2.63718    	3.10154    	6.85114    	2.68832    	2.80791    	2.80155    	8.5184     	2.78927    	2.7905     	3.0083     	8.34816    	2.73539    	2.7166     	3.20862    	5.88471    	2.68772    	2.61137    	3.23184    	4.57503    	2.59351    	2.78744    	3.48554    	6.86443    	2.84145    	3.0604     	2.57724    	5.64765    	3.03531    	3.29207    	2.63709    	6.58959    	3.2816     	2.47166    	2.87915    	5.28019    	2.45154    	2.94223    	2.98898    	6.13168    	2.90046    	3.02099    	3.44569    	5.39273    	3.02611    	3.5574     	2.52398    	6.40541    	3.58202    	2.66056    	2.55638    	5.54263    	2.70143    	2.82103    	3.20204    	6.60292    	2.81876    	2.8909     	2.73997    	9.14581    	2.90569    	10.6204	11.2509	11.0749	10.771	11.1606	10.8607	12.6694	12.8799	10.1598	11.9068	12.2993	13.6129	10.6238	11.8974	11.8661	0.999997   	-1.98996e-05	3.01793e-05	0.22281    	0.183988   	0.136819   	0.137612   	0.183983   	1.27215	
1.75e-10   	1.4        	0.997675   	-0.00376889	-0.0229578 	0.194947   	0.99759    	-0.00409133	0.00616738 	0.196151   	0.997811   	0.00788289 	0.0172893  	0.196235   	0.997836   	0.00163732 	-0.0168546 	0.196797   	0.997889   	-0.0031882 	0.0264863  	0.19487    	0.997566   	0.00150525 	-0.00884073	0.195602   	0.998081   	-0.00548662	0.00979876 	0.196172   	0.997481   	0.00645042 	-0.00965313	0.194019   	0.997361   	-0.00141467	-0.000214796	0.197084   	0.998119   	0.00546183 	0.00715151 	0.194783   	0.998327   	0.00180702 	-0.000606279	0.196094   	0.998365   	-0.0068698 	-0.00611226	0.195967   	0.997731   	0.00577114 	0.00938512 	0.196925   	0.998186   	-0.00190556	-0.00860311	0.195294   	0.99819    	-0.00402026	-0.00108444	0.194935   	2.9881     	2.67254    	6.61971    	2.98427    	3.08481    	2.66985    	8.08084    	2.9868     	3.19101    	2.44745    	6.83488    	3.22273    	2.91432    	3.14849    	6.09845    	2.86242    	3.03138    	2.56286    	5.39725    	3.02599    	3.5762     	3.59881    	7.25383    	3.5427     	3.28204    	3.0221     	5.48249    	3.2711     	2.66565    	3.69547    	7.26113    	2.63584    	2.59393    	3.89435    	8.24488    	2.55295    	2.82729    	3.28021    	5.07757    	2.84399    	3.03837    	2.3937     	5.26771    	3.03791    	3.3798     	2.9118     	4.31533    	3.3469     	2.63146    	2.92688    	7.20944    	2.58907    	2.60261    	3.45035    	4.636      	2.60549    	2.60752    	2.41335    	5.74167    	2.6011     	8.70385	10.6282	10.4836	8.80132	9.26333	10.7686	10.2346	8.19517	8.53189	8.93329	9.6118	11.1733	8.31603	9.11639	9.36732	0.999996   	7.43225e-06	2.71675e-05	0.195312   	0.173104   	0.140722   	0.142299   	0.1731     	1.42901	
1.8e-10    	1.2        	0.996955   	-0.00376409	-0.0201496 	0.168108   	0.997094   	-0.000698485	0.0257609  	0.169703   	0.997692   	0.00354086 	-0.00694328	0.166855   	0.997766   	0.00371688 	-0.0105744 	0.16888    	0.99717    	-0.0067109 	0.01216    	0.167583   	0.997696   	0.00232403 	-0.000401952	0.16801    	0.997362   	-0.000440435	0.0121504  	0.170167   	0.997465   	0.000296403	-0.00469054	0.16647    	0.997426   	0.000161523	-0.00624651	0.167814   	0.997106   	0.00765129 	-0.00261061	0.167346   	0.99613    	-0.00618386	-0.0180192 	0.166969   	0.996835   	-0.00252114	0.0195277  	0.170545   	0.996847   	-0.00772361	-0.0297198 	0.167622   	0.997499   	-0.00303291	0.00476128 	0.168663   	0.996609   	0.0111284  	0.0223219  	0.168525   	3.49683    	3.36642    	6.04971    	3.41444    	2.49268    	3.38408    	5.52367    	2.54157    	2.99654    	2.75531    	4.74754    	2.9653     	2.88955    	2.72597    	4.60067    	2.86243    	2.71996    	3.30712    	5.75466    	2.67373    	2.83404    	2.88453    	4.9071     	2.86162    	2.93423    	3.5534     	5.26028    	2.90906    	2.99492    	3.18453    	5.13276    	2.98728    	3.72522    	3.30322    	5.29328    	3.74531    	3.00468    	2.61659    	6.91128    	2.99325    	3.01631    	3.78426    	8.45778    	2.98916    	2.99948    	2.97677    	7.38128    	3.0283     	2.49623    	3.12981    	5.87498    	2.48367    	2.65948    	3.1913     	5.17428    	2.62975    	3.5798     	3.31602    	7.14208    	3.63785    	8.69364	6.75855	8.04892	7.4042	6.76948	7.64783	6.6081	7.53941	9.24788	7.54371	7.36079	7.07256	6.53535	7.03146	7.79678	0.999994   	-8.15105e-05	-7.0966e-06	0.167744   	0.179039   	0.141462   	0.144523   	0.179025   	1.35948	
1.85e-10   	1          	0.996024   	0.00160745 	0.0171027  	0.141682   	0.995053   	-0.00805419	-0.0221816 	0.139362   	0.995155   	0.0064835  	0.00493428 	0.141129   	0.996085   	0.00758508 	0.00582545 	0.139416   	0.995206   	-0.00467576	-0.00864887	0.141203   	0.996239   	-0.00227633	0.0035059  	0.141196   	0.99563    	0.00876089 	0.0216783  	0.14009    	0.996073   	-0.013567  	-0.00981823	0.141505   	0.995983   	0.00455859 	-0.0112629 	0.140211   	0.994841   	-0.00631839	0.0201668  	0.140025   	0.995021   	-0.009463  	-0.0196785 	0.141324   	0.995948   	0.0148501  	0.000934207	0.140819   	0.995355   	0.00177963 	-0.0204154 	0.14128    	0.996008   	0.00668595 	-0.00411974	0.141311   	0.99578    	-0.00850926	0.024774   	0.139338   	3.28187    	3.41982    	5.6709     	3.25272    	3.39685    	3.2139     	7.70961    	3.46017    	3.6278     	3.37723    	7.99392    	3.60973    	2.63377    	2.86611    	6.03853    	2.60366    	2.94733    	3.41188    	7.83037    	2.93414    	2.77008    	2.95487    	5.96433    	2.77391    	2.31817    	3.08118    	6.37437    	2.24708    	2.74783    	2.57558    	6.54805    	2.79542    	2.98132    	3.30562    	5.96118    	2.99464    	3.49327    	3.71697    	7.73165    	3.44199    	3.56913    	4.34614    	7.02766    	3.63983    	3.30419    	3.42331    	5.81899    	3.28553    	3.30849    	2.99219    	7.44083    	3.25493    	3.33861    	2.94136    	6.4692     	3.33397    	2.52435    	2.7699     	6.16591    	2.50634    	6.07927	5.82479	6.28126	5.40514	5.83758	5.54186	5.2036	5.20368	5.98143	6.91101	6.43527	6.72342	5.90323	6.15421	5.03359	0.999992   	-5.36879e-08	5.26651e-05	0.140046   	0.187564   	0.140923   	0.14452    	0.187547   	1.38488	
1.9e-10    	0.8        	0.993784   	-0.00948519	0.0388778  	0.114068   	0.993264   	0.0180587  	0.0121461  	0.112916   	0.993227   	-0.00804488	-0.0551221 	0.111906   	0.994002   	0.00607923 	0.0117269  	0.114872   	0.993358   	-0.00272647	-0.0392899 	0.112041   	0.994524   	-0.00334292	0.0246018  	0.111893   	0.993808   	-0.000738808	-0.0103927 	0.11263    	0.993172   	-0.0118313 	0.0277147  	0.114616   	0.994209   	0.0126381  	-0.0199685 	0.111673   	0.994254   	0.0115741  	-0.00763038	0.113616   	0.993033   	-0.0185284 	0.0196421  	0.113006   	0.994738   	0.00602384 	-0.0114892 	0.112043   	0.993834   	-0.00760954	0.0053189  	0.112564   	0.993021   	-0.00385038	0.0379525  	0.114312   	0.992799   	0.0114139  	-0.0451256 	0.112141   	3.40188    	3.60023    	4.69465    	3.39517    	4.39179    	3.7048     	6.10986    	4.39588    	4.5025     	2.74628    	4.86017    	4.38128    	3.97558    	3.35392    	5.95339    	3.99774    	3.57994    	3.25197    	5.31678    	3.4684     	3.64424    	3.29406    	4.32545    	3.61373    	3.5599     	2.85445    	6.49357    	3.60082    	3.26422    	2.78094    	7.09366    	3.229      	2.9684     	3.31162    	4.79386    	2.9362     	2.69598    	3.52704    	5.21627    	2.73012    	2.8278     	2.98278    	7.06646    	2.83803    	4.03979    	2.2283     	5.38141    	3.97943    	3.96041    	3.80295    	5.50233    	4.00305    	3.8433     	3.09368    	6.5607     	3.84247    	3.10689    	3.18283    	5.81467    	3.02008    	4.09519	5.2635	5.87265	5.16858	4.65013	5.23926	5.02185	4.91397	4.56195	4.53145	4.40007	5.68543	4.46926	4.95659	4.87983	0.999987   	3.36851e-06	-0.000113349	0.112242   	0.168834   	0.138538   	0.153995   	0.168809   	1.31909	
1.95e-10   	0.6        	0.990635   	-0.0179217 	0.00172988 	0.0854326  	0.9885     	-0.00244511	0.0230085  	0.0834662  	0.989789   	0.0212107  	-0.0213348 	0.0866279  	0.988504   	0.00835733 	0.0119492  	0.084891   	0.98989    	0.00250151 	0.0137025  	0.0850571  	0.988495   	-0.01113   	-0.0291422 	0.085796   	0.990146   	-0.000497774	0.0130622  	0.0845804  	0.987134   	-0.00360046	0.0104827  	0.0861054  	0.9884     	0.00216553 	-0.0247267 	0.0851335  	0.990199   	-0.00118065	0.0202917  	0.0852184  	0.989416   	0.00370409 	0.0106296  	0.0855723  	0.985613   	-0.00231742	-0.027043  	0.0850077  	0.988355   	0.00581141 	0.0299272  	0.0856622  	0.990396   	0.00627777 	-0.0318621 	0.0844223  	0.990954   	-0.0128726 	-0.000173069	0.0853791  	3.65087    	2.53767    	5.45584    	3.6713     	3.03947    	3.20548    	5.83829    	2.92428    	3.25854    	3.20362    	5.54106    	3.29209    	2.48147    	2.99109    	6.70691    	2.46664    	3.13342    	3.84552    	4.66587    	3.10891    	3.64742    	3.698      	5.96053    	3.67714    	3.14062    	2.55818    	5.84862    	3.21258    	2.60596    	3.14818    	8.28001    	2.68431    	2.60466    	3.07325    	6.37418    	2.46271    	3.86208    	3.25028    	4.99888    	3.8653     	3.57545    	3.04943    	5.6886     	3.37345    	3.00457    	3.64119    	8.24209    	2.94344    	3.08761    	2.75191    	7.32175    	3.30374    	3.38704    	3.64571    	4.06959    	3.41566    	3.62559    	2.6323     	5.06695    	3.60321    	4.279	3.44696	4.06867	3.58668	3.35538	3.3002	3.91395	3.21595	3.35552	4.18203	4.11037	3.55484	3.46143	3.76136	3.82815	0.999977   	-0.000127243	8.60119e-05	0.0842985  	0.179408   	0.137521   	0.15837    	0.179425   	1.31278	
2e-10      	0.4        	0.977884   	0.00515209 	-0.00669418	0.0578373  	0.978271   	-0.0348165 	0.00260878 	0.0591214  	0.978955   	0.0330769  	0.00475185 	0.0555071  	0.980072   	-0.00686494	0.00259244 	0.0584986  	0.981571   	0.017338   	0.0502756  	0.0573096  	0.975834   	-0.00478753	-0.0491867 	0.0564823  	0.975785   	-0.0256355 	0.0609555  	0.0568353  	0.969554   	-0.0122138 	0.00647269 	0.0591428  	0.972819   	0.0333109  	-0.0643964 	0.0575839  	0.965609   	-0.0147796 	0.0759955  	0.0565588  	0.979076   	-0.0137487 	-0.0491419 	0.0572575  	0.974736   	0.0237626  	-0.0258178 	0.0594479  	0.976798   	-0.00359932	0.0221285  	0.056903   	0.970544   	0.0188724  	-0.105206  	0.0587054  	0.969405   	-0.0159611 	0.0862624  	0.0579887  	3.38623    	2.97718    	5.25036    	3.16039    	3.24526    	3.22753    	5.27717    	3.18556    	2.9087     	2.87105    	4.54643    	2.90018    	3.25626    	2.75341    	5.0237     	3.14614    	2.96142    	2.80782    	3.75293    	2.96229    	3.48375    	3.18508    	5.62854    	3.65222    	3.93581    	3.6549     	4.78634    	3.9883     	2.87604    	2.96824    	10.348     	3.29295    	2.82068    	3.70478    	5.7568     	2.80431    	4.14516    	3.48402    	7.99064    	3.99479    	3.70672    	3.04221    	4.21187    	3.55849    	2.74333    	3.17175    	7.00254    	2.68004    	2.98922    	2.91645    	5.91259    	2.99199    	3.22038    	3.00197    	6.46184    	3.2723     	3.44658    	3.64494    	7.33031    	3.69922    	3.19462	2.74242	3.19746	2.8775	2.56047	2.96151	3.20397	2.77283	2.62997	3.09011	3.16022	2.68557	2.75407	2.54503	2.84899	0.999947   	7.72659e-05	0.000294381	0.0562491  	0.172013   	0.146258   	0.150979   	0.171945   	1.42206	
2.05e-10   	0.2        	0.89313    	0.00835227 	0.108038   	0.0320134  	0.889483   	-0.0076318 	0.0102921  	0.0313574  	0.8939     	-0.00519962	-0.0956316 	0.0309431  	0.920007   	-0.0174897 	0.0777797  	0.0317753  	0.901663   	0.00371804 	-0.0804575 	0.0295904  	0.91385    	0.0266703  	0.00857949 	0.0310255  	0.909511   	-0.0277195 	-0.0418451 	0.0307497  	0.899911   	0.077265   	-0.111133  	0.0292759  	0.913891   	-0.0482638 	0.152494   	0.0327369  	0.893684   	0.0464228  	-0.125786  	0.0300327  	0.910511   	-0.024524  	0.0622071  	0.0323716  	0.910588   	-0.0143607 	0.0450018  	0.0305647  	0.896224   	0.0193286  	0.0172571  	0.0326482  	0.906412   	-0.039187  	0.131891   	0.0295176  	0.899977   	0.0265391  	-0.113455  	0.0310477  	3.37522    	4.14222    	6.76709    	3.07324    	3.42867    	2.67018    	9.48549    	3.3834     	3.59859    	3.87695    	6.78366    	3.60554    	3.06554    	3.38631    	5.15756    	3.00302    	3.09003    	3.55414    	5.88304    	3.15672    	2.84645    	3.80799    	5.03178    	2.63701    	3.98607    	3.31915    	5.92725    	3.98879    	2.67726    	3.17793    	4.97075    	2.41725    	3.27543    	2.82342    	5.36941    	2.96914    	3.42382    	3.42331    	6.05195    	3.33293    	4.127      	3.23017    	6.44499    	3.84925    	3.25275    	3.87519    	4.93769    	3.0151     	4.38679    	3.17444    	8.16212    	3.93739    	3.09861    	3.4066     	4.04647    	2.66105    	3.54107    	3.04455    	6.68928    	3.48131    	2.63037	2.52575	2.47338	2.28688	2.86008	2.22667	2.60355	2.44201	2.39018	2.42103	2.69047	2.37823	2.38252	2.57544	2.75576	0.999802   	-0.000139507	-0.000424263	0.0281462  	0.183127   	0.138473   	0.14239    	0.183118   	1.3988	
2.1e-10    	-0         	0.0453781  	-0.158389  	-0.174964  	0.0131496  	-0.0684951 	0.036642   	0.376256   	0.0149682  	0.0181103  	0.106429   	-0.186417  	0.0143862  	-0.0540436 	-0.0667323 	0.0328618  	0.0152289  	0.00943336 	0.122105   	-0.0532592 	0.0141134  	0.0554066  	-0.0777547 	-0.0487396 	0.0149827  	0.0349358  	-0.0795062 	-0.0402134 	0.0130053  	0.0118031  	0.14876    	0.0977354  	0.0131651  	-0.0451688 	-0.0853284 	-0.0657959 	0.0125599  	-0.0729755 	0.0753721  	0.012167   	0.0122611  	0.0305789  	-0.027875  	-0.0244319 	0.013099   	0.0200201  	-0.0633219 	0.0457912  	0.0124809  	0.0383717  	0.0489511  	-0.299308  	0.0135836  	0.0349746  	-0.187482  	0.252266   	0.0136981  	-0.0637602 	0.122368   	0.0209455  	0.0132618  	3.33151    	2.58883    	5.4366     	1.8933     	2.67523    	3.10563    	7.37506    	2.31837    	3.77279    	2.9421     	7.20896    	2.53701    	3.16758    	3.87994    	9.04779    	2.45735    	2.75245    	3.67715    	7.2969     	2.10231    	3.47457    	4.34533    	7.65241    	2.26735    	3.80686    	3.16783    	5.0115     	1.99524    	3.85484    	3.00742    	5.25496    	2.09503    	2.67266    	3.14253    	5.2127     	1.69438    	3.38104    	2.58999    	4.55204    	1.67278    	2.50768    	4.101      	5.22018    	1.66159    	2.48659    	3.78298    	4.67709    	1.69348    	3.1996     	3.1815     	5.33341    	2.42047    	3.4041     	2.75801    	5.45203    	2.26058    	3.4954     	3.26783    	5.05375    	1.64421    	2.42287	2.40794	2.16574	2.32189	2.31264	2.27175	2.74283	2.20174	2.35162	2.4195	2.29715	2.1818	2.30526	2.42786	2.26533	0.0113383  	-0.000233044	0.00139734 	0.000643093	0.180939   	0.141835   	0.151011   	0.103604   	1.34788	
