#----------------------------------------------------------------------------------------------------------------------------------------------------------
# Output file for vampire simulation
#   time       : 2025-05-27 21:29:25     process id : 383848
#   hostname   : thor7.psi.ch
#   path       : /scratch/dossan_f/Na2BaMn(PO4)2/vampire_tripleUC_15mat_J2Ja_small_k0.035_Jnn0.11_Ba
#   version    : 6.0.0
#   githash    : 4c9651daecc86c3e6b6df0c8055fcd9e89fd900c
#----------------------------------------------------------------------------------------------------------------------------------------------------------
1e-11      	8          	0.999982   	6.46917e-05	0.000135943	0.93209    	0.99989    	-0.000302746	-0.000737873	0.93206    	0.999925   	0.000270678	0.000609744	0.931993   	0.999939   	1.96423e-05	-0.000409593	0.932002   	0.999978   	-0.000261934	5.21036e-05	0.931931   	0.99995    	9.45013e-05	0.000410577	0.932103   	0.999906   	-0.000369843	-0.000615447	0.931996   	0.999955   	3.62559e-05	0.000580072	0.932025   	0.999995   	0.000217959	-5.69529e-05	0.932059   	0.999984   	0.000277559	0.000251712	0.931975   	0.999968   	-6.2174e-05	0.000297363	0.932092   	0.999896   	-0.000203383	-0.000647301	0.932004   	0.999912   	0.000290027	0.000838008	0.932117   	0.999983   	6.2104e-06 	-0.000462684	0.932062   	0.999913   	-0.00036024	-0.000484558	0.931987   	62.7136    	0.602678   	0.68388    	62.217     	70.7416    	0.761071   	2.6231     	66.9347    	75.6392    	0.436229   	1.76595    	73.4547    	70.2236    	0.420136   	1.51068    	68.2459    	77.1693    	0.640202   	0.529329   	76.7437    	63.1919    	0.598904   	1.4837     	61.4708    	77.2838    	0.810413   	1.30469    	74.6965    	66.3616    	0.722166   	1.23692    	64.886     	67.1029    	0.481808   	0.472038   	67.0872    	74.2284    	0.484706   	0.704337   	73.8908    	63.257     	0.434308   	1.09288    	62.2106    	73.5796    	0.626143   	2.20495    	70.1251    	65.563     	0.615844   	2.5557     	62.2627    	67.4626    	0.440784   	0.636756   	67.0446    	76.2577    	0.676627   	1.71624    	73.7975    	7060.35	8715.68	9838.44	8583.1	10210.8	7095.34	10203	7718.87	7902.58	9500.49	7131.25	9316.12	7556.15	8022.92	10044	1          	-1.05317e-05	-5.3602e-06	0.932017   	1048.98    	0.141325   	0.12021    	1048.95    	128215	
1.5e-11    	7.8        	0.999995   	-0.000121358	-0.000110909	0.928457   	0.999995   	-8.31911e-05	-6.47972e-05	0.928439   	0.999995   	0.000149532	0.000215049	0.928427   	0.999995   	8.18512e-05	-0.000179577	0.928473   	0.999995   	-2.71824e-05	5.46257e-05	0.928418   	0.999995   	-0.000174175	0.000133347	0.928449   	0.999995   	0.000234049	0.000453111	0.928437   	0.999995   	-4.9491e-05	-0.000343854	0.928412   	0.999995   	-0.000245594	-0.000112765	0.928426   	0.999995   	-0.000174421	-6.67975e-05	0.928445   	0.999995   	7.88393e-05	0.000131179	0.928384   	0.999995   	6.52349e-05	-8.69422e-06	0.928431   	0.999995   	3.78279e-05	5.08893e-05	0.928409   	0.999995   	-8.01832e-05	0.000148807	0.928425   	0.999995   	-1.6192e-05	-0.000162565	0.928398   	0.0256262  	0.484982   	0.556495   	0.0256222  	0.0271131  	0.485454   	0.565665   	0.0270875  	0.0284651  	0.456051   	0.546519   	0.0284522  	0.0275636  	0.459691   	0.599519   	0.0275632  	0.0259998  	0.501019   	0.653492   	0.0260098  	0.0253653  	0.475687   	0.516639   	0.0253595  	0.0291557  	0.448164   	0.55152    	0.0291376  	0.0265309  	0.442476   	0.575335   	0.0265242  	0.0270894  	0.460376   	0.571076   	0.0270784  	0.0272195  	0.488832   	0.588983   	0.0271793  	0.029116   	0.473169   	0.618552   	0.0290948  	0.0281924  	0.471341   	0.54947    	0.0281615  	0.0269207  	0.492887   	0.56175    	0.0269457  	0.0261214  	0.462066   	0.524568   	0.0261349  	0.0276931  	0.424372   	0.565048   	0.0276933  	5.29707	5.58437	5.71789	5.56255	5.33724	5.33912	6.10925	5.4781	5.56622	5.61067	5.93205	5.58613	5.33163	5.06035	5.30118	1          	-2.16299e-05	9.12338e-06	0.928424   	0.045545   	0.122796   	0.122651   	0.0455442  	2.01457	
2e-11      	7.6        	0.999995   	0.000135094	6.43708e-05	0.922837   	0.999994   	-0.000232839	0.000105941	0.92285    	0.999995   	8.66334e-05	-0.000178502	0.922852   	0.999995   	2.74727e-06	-0.00018478	0.92288    	0.999994   	-1.6449e-05	0.000119926	0.922866   	0.999994   	4.46022e-05	7.09707e-05	0.922882   	0.999995   	0.000133401	7.87629e-05	0.922809   	0.999995   	-0.000246124	-0.000200286	0.922834   	0.999995   	8.6314e-05 	1.42316e-05	0.922865   	0.999994   	-2.82108e-05	0.000203584	0.922839   	0.999994   	-6.53854e-05	-7.41228e-05	0.922846   	0.999994   	4.83274e-05	-0.00025179	0.92289    	0.999994   	-2.67517e-05	-2.57104e-05	0.922863   	0.999995   	-0.000131889	0.000103427	0.922854   	0.999994   	2.33255e-06	-7.65816e-05	0.922892   	0.0304154  	0.558553   	0.595368   	0.0303809  	0.0311453  	0.545123   	0.678997   	0.031106   	0.0344755  	0.489862   	0.565752   	0.0344817  	0.0311131  	0.523556   	0.616373   	0.0311032  	0.0320222  	0.573448   	0.590034   	0.0320109  	0.0317886  	0.569599   	0.604718   	0.0318134  	0.0335851  	0.504218   	0.63143    	0.0335823  	0.0306591  	0.524822   	0.612531   	0.0306837  	0.0313865  	0.494719   	0.588643   	0.0313801  	0.0314255  	0.532853   	0.627386   	0.0313687  	0.0315682  	0.560498   	0.730852   	0.0315828  	0.0314143  	0.536463   	0.677522   	0.0314068  	0.0307323  	0.587813   	0.611593   	0.0307011  	0.0312768  	0.49651    	0.604995   	0.0312587  	0.0308536  	0.481514   	0.703624   	0.0308949  	5.65954	5.78499	6.20276	5.92318	5.93905	5.97852	6.02721	5.29307	5.87385	5.75064	5.97023	5.70966	5.57437	6.13983	5.73895	1          	-1.38553e-05	-1.53961e-05	0.922852   	0.0546745  	0.120135   	0.125643   	0.0546753  	2.0482	
2.5e-11    	7.4        	0.999993   	-6.48735e-05	1.79071e-05	0.916438   	0.999994   	0.000153842	1.25043e-05	0.916462   	0.999994   	-8.85905e-05	6.57281e-05	0.91646    	0.999994   	8.50462e-05	-0.000312951	0.91641    	0.999993   	0.000192539	-7.99328e-05	0.91646    	0.999994   	-0.000171204	0.000422256	0.916459   	0.999994   	-9.15494e-05	0.000107711	0.916461   	0.999994   	4.04714e-05	7.15151e-05	0.916447   	0.999993   	8.6812e-05 	-0.000140153	0.916521   	0.999993   	-5.88251e-05	1.93964e-05	0.916485   	0.999993   	9.75968e-05	-0.000161251	0.916429   	0.999994   	-2.98026e-05	9.16886e-05	0.916469   	0.999994   	1.70023e-05	-0.000189662	0.916455   	0.999994   	1.10611e-05	6.12338e-05	0.916428   	0.999993   	-1.37183e-05	0.000257861	0.916426   	0.0367281  	0.612648   	0.768836   	0.0367188  	0.0375991  	0.567885   	0.770372   	0.0375987  	0.0360618  	0.551576   	0.745776   	0.0360263  	0.0347081  	0.589334   	0.734401   	0.0347103  	0.0352234  	0.609717   	0.779991   	0.035243   	0.035639   	0.571359   	0.729983   	0.0356516  	0.0369947  	0.610595   	0.741245   	0.0370176  	0.0369427  	0.588747   	0.736623   	0.0369605  	0.0347983  	0.595719   	0.80757    	0.0347289  	0.0371928  	0.594927   	0.769104   	0.0372086  	0.0347637  	0.631085   	0.73149    	0.0347664  	0.0379418  	0.585504   	0.75561    	0.0379486  	0.0368236  	0.632767   	0.71458    	0.0367681  	0.0381527  	0.59172    	0.689663   	0.0381464  	0.0358258  	0.606433   	0.76672    	0.0358256  	6.3508	6.48305	6.65323	6.02419	6.17266	6.02772	6.15348	6.4039	5.90387	6.37263	6.3442	6.63808	6.31661	6.4472	6.02147	1          	1.10456e-05	1.62853e-05	0.916448   	0.0631464  	0.12591    	0.1219     	0.0631454  	1.94239	
3e-11      	7.2        	0.999993   	0.000142618	5.40376e-07	0.909064   	0.999993   	-0.000253236	-0.000462974	0.909065   	0.999992   	0.000200659	0.00032733 	0.909099   	0.999993   	9.07185e-05	-3.83193e-05	0.909092   	0.999993   	6.97653e-05	4.89319e-05	0.90907    	0.999992   	-0.000141844	0.000108859	0.909087   	0.999993   	-4.41714e-06	0.000488954	0.909074   	0.999992   	8.27326e-05	-0.000100351	0.909069   	0.999993   	-3.89097e-05	-0.000428716	0.909093   	0.999993   	7.58956e-05	0.000140686	0.909075   	0.999993   	0.000105443	-0.000224031	0.909086   	0.999993   	-4.45687e-05	9.39521e-05	0.909034   	0.999992   	-0.000155827	-0.000183479	0.90907    	0.999992   	-0.000144713	-4.53838e-06	0.909068   	0.999993   	0.000305995	0.000172031	0.909096   	0.0455642  	0.667673   	0.815792   	0.045568   	0.0434998  	0.617442   	0.829067   	0.0434451  	0.0447568  	0.722699   	0.821605   	0.0447056  	0.0484015  	0.539188   	0.799911   	0.0484013  	0.0443863  	0.702723   	0.821018   	0.0443871  	0.0454465  	0.652686   	0.915345   	0.0453892  	0.0455533  	0.630417   	0.840261   	0.0455538  	0.0419173  	0.622968   	0.945811   	0.04194    	0.0428832  	0.632222   	0.801357   	0.0428814  	0.0425561  	0.665579   	0.834971   	0.042542   	0.047001   	0.643281   	0.835257   	0.0469664  	0.042857   	0.673633   	0.769626   	0.0428567  	0.0422977  	0.635518   	0.942686   	0.0422702  	0.042231   	0.617352   	0.918013   	0.0422529  	0.0416136  	0.670274   	0.843256   	0.0416424  	7.23257	7.11853	7.16603	7.55816	7.46064	7.64041	6.88921	6.53084	6.68594	6.86424	7.35216	7.02695	6.43703	6.70421	6.7572	1          	1.93668e-05	-4.08824e-06	0.90907    	0.075343   	0.122467   	0.129881   	0.0753426  	1.97043	
3.5e-11    	7          	0.99999    	0.000264487	-0.000419286	0.900515   	0.999991   	-0.000202863	0.000216861	0.900488   	0.999991   	-9.4593e-05	0.000173075	0.900579   	0.999991   	5.3521e-05 	0.000486394	0.900571   	0.999992   	-0.000241405	-0.000444133	0.900544   	0.999991   	0.000165283	-6.61739e-06	0.900536   	0.999992   	0.000151493	-0.000309918	0.900571   	0.999991   	-0.000118029	-0.000183887	0.900513   	0.999992   	-8.47096e-05	0.000456753	0.900527   	0.999991   	2.53426e-06	-0.000205384	0.900557   	0.999991   	-1.21473e-05	0.000276412	0.900548   	0.999992   	5.06876e-05	-4.20601e-05	0.900568   	0.999991   	-9.4609e-05	-0.000305838	0.90058    	0.999991   	5.17319e-05	7.36477e-05	0.900515   	0.999991   	2.62168e-05	0.00020332 	0.900553   	0.0473401  	0.798636   	1.08847    	0.0473218  	0.0500983  	0.765129   	1.0804     	0.0500612  	0.0485104  	0.753382   	1.05476    	0.0484222  	0.0571352  	0.757818   	0.952001   	0.0571397  	0.0487259  	0.688121   	0.891258   	0.0487242  	0.0523314  	0.836219   	0.961099   	0.0522869  	0.0474434  	0.741927   	0.861882   	0.0474541  	0.0521339  	0.82744    	0.942985   	0.0521192  	0.0526286  	0.74685    	0.858915   	0.0525286  	0.0523423  	0.765033   	0.958398   	0.0522737  	0.0488057  	0.802      	0.932971   	0.0487479  	0.0522383  	0.703385   	0.984669   	0.0521947  	0.0487272  	0.756034   	1.04639    	0.048651   	0.0530475  	0.831679   	0.92786    	0.0530657  	0.0459883  	0.838012   	1.02622    	0.0459796  	7.16556	7.25662	7.00307	7.96152	7.22176	7.44168	7.31363	7.39151	7.37374	7.69105	7.26731	7.48149	6.99898	7.45005	6.55658	1          	-5.50531e-06	-2.04141e-06	0.900537   	0.0992859  	0.133114   	0.13877    	0.0992845  	1.97952	
4e-11      	6.8        	0.99999    	-3.16319e-05	-0.000222452	0.890665   	0.99999    	-0.000211149	0.000557894	0.890641   	0.999988   	0.000284431	-0.000338412	0.890612   	0.999988   	0.000155832	0.000246358	0.890631   	0.99999    	-0.000124182	-5.58504e-05	0.890633   	0.999991   	-9.905e-05 	-0.000157335	0.890644   	0.999989   	0.000378077	-1.15652e-05	0.890634   	0.99999    	-0.000713531	-1.94103e-05	0.89066    	0.999989   	0.0003377  	-9.44658e-05	0.890652   	0.999988   	-0.000318219	0.000277631	0.890609   	0.999989   	0.000623602	-0.000210237	0.890604   	0.99999    	-0.000340249	-0.000189797	0.890611   	0.99999    	-0.000114337	-0.000154551	0.890612   	0.99999    	9.79951e-05	4.45974e-05	0.890646   	0.99999    	-4.94203e-05	0.000116685	0.89061    	0.0582369  	0.870195   	1.15094    	0.0583277  	0.0586399  	0.881272   	1.0981     	0.0586008  	0.0674294  	0.889681   	1.38041    	0.0674194  	0.0618098  	0.97498    	1.30766    	0.0618185  	0.0610717  	0.862066   	1.09434    	0.0611726  	0.065762   	0.794479   	0.969352   	0.065747   	0.0665646  	0.844251   	1.26472    	0.0665269  	0.0625824  	0.833813   	1.17755    	0.0625362  	0.0621294  	0.920195   	1.18218    	0.0620953  	0.0652361  	0.858514   	1.42235    	0.0652465  	0.0581631  	0.934977   	1.22568    	0.0581981  	0.0614334  	0.834667   	1.09255    	0.0615146  	0.0617001  	0.93426    	1.04582    	0.0616427  	0.0603456  	0.905078   	1.05345    	0.060382   	0.0647628  	0.92219    	1.12337    	0.0648065  	7.6481	8.0706	8.50044	8.20965	8.13731	7.95026	8.56375	8.11612	8.34039	8.48437	7.86307	7.99709	8.49858	8.25386	8.58485	1          	-8.24343e-06	-1.41475e-05	0.890622   	0.125314   	0.130383   	0.135906   	0.125312   	1.88449	
4.5e-11    	6.6        	0.999987   	-0.000325884	0.00026663 	0.879158   	0.999985   	0.000536739	-0.000155664	0.879064   	0.999988   	-0.000129641	-0.000129071	0.879128   	0.999986   	-0.000248238	-0.00019676	0.879105   	0.999987   	0.00044347 	-0.000347547	0.879042   	0.999986   	-0.000191787	0.000545368	0.879144   	0.999987   	0.000484379	-2.13331e-05	0.87918    	0.999986   	-0.000137683	0.000364337	0.879063   	0.999987   	-0.000260766	-0.000363084	0.879122   	0.999987   	-0.000340885	0.000325992	0.879063   	0.999986   	0.000549938	-0.000148536	0.879093   	0.999986   	-0.000200355	-0.00015333	0.879205   	0.999986   	0.000198236	0.000201212	0.879091   	0.999988   	-0.000409283	0.000345356	0.879101   	0.999987   	0.000281344	-0.000552535	0.879116   	0.0785054  	0.850621   	1.55052    	0.0785331  	0.079055   	1.05968    	1.74495    	0.0791556  	0.07729    	0.839035   	1.46539    	0.07737    	0.0716062  	0.976399   	1.70981    	0.0715424  	0.0670721  	1.05035    	1.3332     	0.0670999  	0.0741997  	1.09174    	1.57148    	0.07415    	0.0797795  	1.09787    	1.35822    	0.079738   	0.0799091  	1.03373    	1.56007    	0.0796963  	0.0753504  	1.00098    	1.55647    	0.0754104  	0.0832769  	0.964139   	1.42277    	0.0833531  	0.0794403  	1.04463    	1.56442    	0.0793712  	0.0723629  	1.1534     	1.59437    	0.072219   	0.0836798  	1.10814    	1.5899     	0.0836311  	0.0821652  	1.01235    	1.35293    	0.0822323  	0.0705565  	0.993883   	1.36772    	0.0705965  	9.4364	9.53319	9.23385	8.65855	8.24518	8.61921	10.0449	9.87205	9.37165	9.52033	9.02393	9.2372	9.59134	9.93542	8.82396	1          	1.6596e-05 	-1.28245e-06	0.8791     	0.155869   	0.136169   	0.137544   	0.15587    	1.85151	
5e-11      	6.4        	0.999982   	0.000440961	-0.000267835	0.865782   	0.999984   	2.46497e-05	-0.000305389	0.865733   	0.999981   	-0.000487975	0.000453788	0.865622   	0.999984   	8.21395e-05	0.000409533	0.865757   	0.999983   	0.000367985	-0.000327227	0.865677   	0.999985   	-0.000438079	-8.76662e-05	0.86575    	0.999986   	-5.53391e-05	0.000106272	0.865685   	0.999985   	-0.000555299	9.19702e-05	0.865792   	0.999984   	0.000637951	-0.000124876	0.865699   	0.999983   	0.000198703	0.000244633	0.865751   	0.999981   	9.07121e-05	0.00100178 	0.865757   	0.999981   	-0.000282756	-0.00123176	0.865746   	0.999981   	-3.53287e-05	0.000673173	0.865762   	0.999981   	-0.000359427	-0.000918409	0.865727   	0.999981   	0.000398343	0.000221338	0.865791   	0.095023   	1.30388    	2.0698     	0.0949995  	0.0900051  	1.16021    	1.84348    	0.0899161  	0.0901604  	1.65568    	1.88936    	0.0901033  	0.0982208  	1.25257    	1.63898    	0.098125   	0.0991121  	1.43048    	1.77975    	0.0991462  	0.0967318  	1.37304    	1.46118    	0.0965999  	0.0922855  	1.01958    	1.55579    	0.0924565  	0.0868652  	1.08063    	1.63592    	0.0869622  	0.0964402  	1.02048    	1.83277    	0.0965449  	0.0849297  	1.25683    	1.87561    	0.0847487  	0.0892817  	1.40521    	1.95311    	0.0894953  	0.0995601  	1.25067    	2.08932    	0.099723   	0.0947483  	1.28045    	2.13806    	0.0946277  	0.0906053  	1.34434    	2.09528    	0.0904344  	0.0906906  	1.21179    	2.25626    	0.0904519  	9.91533	10.1045	10.0929	10.6084	10.5677	10.4213	10.3741	9.63662	9.81301	9.37174	9.60493	10.6548	10.6715	9.99065	9.94557	1          	1.81884e-06	-3.92757e-06	0.865721   	0.2043     	0.140259   	0.139619   	0.2043     	1.67315	
5.5e-11    	6.2        	0.999977   	0.000634639	0.000892765	0.850313   	0.999978   	-0.000406276	-0.000592615	0.850202   	0.99998    	-0.000184677	-0.000286654	0.850347   	0.999974   	0.000277894	0.000308184	0.850237   	0.999977   	-0.000404465	-0.000402289	0.850244   	0.999978   	0.000143178	3.6474e-05 	0.850279   	0.999978   	-0.000641489	0.00105067 	0.850351   	0.99998    	-2.57031e-05	-0.000898794	0.850194   	0.999979   	0.000683876	-0.000213483	0.850318   	0.999979   	5.6542e-05 	0.000281555	0.850285   	0.99998    	6.06871e-06	-0.000155045	0.850348   	0.999979   	-0.000120512	-7.19715e-05	0.850266   	0.999974   	0.000868401	-0.00121153	0.850402   	0.999971   	-0.000845273	0.000386998	0.850239   	0.999975   	-1.24703e-05	0.000875979	0.850317   	0.120565   	1.58919    	2.3642     	0.120357   	0.113004   	1.75658    	2.22342    	0.113061   	0.117764   	1.54596    	1.96148    	0.117785   	0.111266   	1.60222    	3.05       	0.111466   	0.120965   	1.60582    	2.53759    	0.120826   	0.108491   	1.27043    	2.6111     	0.108584   	0.121764   	1.43226    	2.43309    	0.121148   	0.117428   	1.40258    	2.08586    	0.117873   	0.117317   	1.33244    	2.36414    	0.117305   	0.118053   	1.74492    	1.97134    	0.11822    	0.119161   	1.56185    	2.11134    	0.119118   	0.123689   	1.63009    	2.16109    	0.123613   	0.126372   	1.85215    	2.5696     	0.126355   	0.123308   	1.63075    	3.56937    	0.122954   	0.116268   	1.71564    	2.71124    	0.116324   	12.4744	11.5544	11.8101	11.0654	12.2891	11.0342	12.4114	11.8988	12.631	11.5998	12.0269	12.4125	13.2062	12.1146	11.8069	1          	1.92857e-06	-1.0363e-07	0.85027    	0.243673   	0.136934   	0.138335   	0.243671   	1.5272	
6e-11      	6          	0.999973   	0.000147333	-0.000423476	0.832531   	0.999965   	0.000126639	0.00113332 	0.832517   	0.999972   	-0.000173082	-0.0007443 	0.83263    	0.999971   	-0.00108088	0.000604599	0.832561   	0.999965   	0.00168912 	0.000460504	0.832622   	0.999968   	-0.000569543	-0.00106756	0.832561   	0.99997    	0.000167568	0.000725349	0.832572   	0.999966   	0.000349423	-0.00130966	0.832559   	0.999967   	-0.000581095	0.000524318	0.83272    	0.999969   	-0.000518632	-0.00163299	0.832517   	0.999968   	0.000127795	0.00124681 	0.832531   	0.999972   	0.000342801	0.000506499	0.832468   	0.999967   	-0.000404551	-0.00228656	0.832521   	0.999969   	0.000392879	0.00100768 	0.832575   	0.999967   	6.38349e-05	0.0012154  	0.832518   	0.151443   	1.97668    	2.67763    	0.151484   	0.159618   	1.79887    	4.10451    	0.15966    	0.143453   	1.49643    	3.34047    	0.143684   	0.142775   	2.10166    	2.82823    	0.142948   	0.158561   	1.91144    	3.91277    	0.15785    	0.150036   	1.97711    	3.3388     	0.149827   	0.151709   	1.82614    	3.22981    	0.152203   	0.138071   	2.22535    	3.39472    	0.138341   	0.153063   	1.95043    	3.66719    	0.152218   	0.145157   	1.90029    	3.17107    	0.145409   	0.152454   	1.77039    	3.57725    	0.152309   	0.156392   	1.93218    	2.87801    	0.156426   	0.153885   	1.83625    	3.36896    	0.153197   	0.156857   	1.69552    	3.49729    	0.15675    	0.15434    	1.86601    	3.67263    	0.15509    	14.3557	14.1992	13.604	13.036	14.0678	13.5254	13.5531	12.6447	13.779	13.0258	14.3094	14.1295	13.9284	13.6992	14.1852	1          	5.41128e-06	-2.60295e-06	0.832534   	0.329218   	0.13932    	0.141867   	0.329218   	1.37014	
6.5e-11    	5.8        	0.999954   	0.000262604	-0.00186706	0.812342   	0.999942   	-0.000325063	0.00218501 	0.812337   	0.999945   	9.81674e-05	-0.000274866	0.812367   	0.999921   	-0.000954864	-0.00126188	0.812457   	0.999953   	-0.000145902	0.00201451 	0.812435   	0.999943   	0.00101547 	-0.00075492	0.812234   	0.999953   	-0.000484854	0.00142882 	0.812319   	0.999932   	-0.0010407 	0.000575265	0.812453   	0.999952   	0.00151759 	-0.00184974	0.81231    	0.999951   	-2.25445e-05	-0.000659711	0.812394   	0.999944   	-0.000143273	-0.000808147	0.812434   	0.999934   	0.000230157	0.00147186 	0.812351   	0.999942   	-0.000453662	-0.00256351	0.812389   	0.999948   	0.00030499 	0.001628   	0.81244    	0.999947   	0.000157596	0.000904494	0.812303   	0.190855   	2.42716    	4.84437    	0.188527   	0.220998   	2.10229    	7.06301    	0.22061    	0.199128   	2.36908    	6.59485    	0.19992    	0.2048     	2.301      	10.3823    	0.204641   	0.198287   	2.22591    	5.11547    	0.198492   	0.187288   	2.18062    	7.07071    	0.187489   	0.179481   	2.40013    	5.04005    	0.17954    	0.179765   	2.51997    	8.52244    	0.180566   	0.196343   	2.24415    	5.06224    	0.196577   	0.183314   	2.00698    	5.97485    	0.184143   	0.198931   	2.58756    	6.53649    	0.19819    	0.186064   	2.46504    	8.15564    	0.18436    	0.196978   	2.45093    	6.43903    	0.196825   	0.20772    	1.9745     	6.24724    	0.207361   	0.189729   	2.64861    	5.90522    	0.190502   	16.4841	17.7014	16.6983	16.4259	16.1745	16.2107	14.945	14.9269	15.3749	16.1673	16.4552	16.5783	17.0574	17.0235	16.4241	1          	7.49244e-07	1.16044e-05	0.812326   	0.373106   	0.141576   	0.143462   	0.373107   	1.36487	
7e-11      	5.6        	0.999928   	-0.00115512	0.00281527 	0.789679   	0.999932   	0.000394575	-0.0047024 	0.789445   	0.999942   	0.000714417	0.00199334 	0.789244   	0.999911   	0.0014561  	-0.00505087	0.789356   	0.999924   	-0.000937993	-0.00288536	0.78924    	0.999876   	-0.000555217	0.007766   	0.789705   	0.999866   	0.000393672	-0.00822902	0.789441   	0.999874   	-0.000695563	0.00549199 	0.789277   	0.999906   	0.000300928	0.00280327 	0.789537   	0.999881   	0.000445793	-0.00326028	0.789323   	0.999848   	-0.00114982	0.00205106 	0.789441   	0.999859   	0.00069521 	0.00108419 	0.789431   	0.999904   	-0.000541354	0.000357136	0.789388   	0.999891   	-0.00146162	0.00308059 	0.789459   	0.999886   	0.00190646 	-0.00331392	0.7893     	0.26566    	3.209      	7.28708    	0.268479   	0.298416   	2.90999    	5.84502    	0.298844   	0.268148   	2.60703    	6.06715    	0.269207   	0.259855   	3.37896    	8.27181    	0.259913   	0.263764   	2.45642    	8.61849    	0.262489   	0.244739   	2.59522    	11.9726    	0.24691    	0.272352   	3.1755     	12.2244    	0.274992   	0.255908   	3.31348    	13.7242    	0.25036    	0.289763   	3.10363    	10.8608    	0.285477   	0.277081   	3.72095    	13.8334    	0.274802   	0.257359   	3.2624     	19.7318    	0.259265   	0.276364   	3.10357    	18.6302    	0.275388   	0.286227   	2.27169    	12.5341    	0.286003   	0.287922   	2.35558    	13.658     	0.287582   	0.241963   	2.39705    	14.0897    	0.241542   	20.1969	21.7582	19.555	20.6408	17.8113	19.1921	21.4168	17.685	19.8798	19.7836	18.8351	20.3713	20.1624	20.3447	18.9905	1          	-1.26783e-05	-6.27363e-09	0.789335   	0.514982   	0.137861   	0.145843   	0.514978   	2.15416	
7.5e-11    	5.4        	0.977161   	-0.00147527	0.195211   	0.77438    	0.982453   	0.000591113	-0.173808  	0.774243   	0.999558   	0.000877845	-0.0219152 	0.766234   	0.999656   	-0.000592324	-0.0208351 	0.766866   	0.982045   	0.000597524	-0.171178  	0.771738   	0.978129   	-3.40041e-05	0.190692   	0.775918   	0.97517    	0.000508219	-0.203641  	0.77599    	0.997751   	-0.000251639	0.0609104  	0.768442   	0.987305   	-0.000248669	0.145049   	0.769812   	0.992291   	0.00165652 	-0.113525  	0.767925   	0.974157   	0.000303079	0.209517   	0.775603   	0.994414   	-0.00193133	-0.0983245 	0.770397   	0.988528   	0.000598769	0.14163    	0.772406   	0.996682   	-0.00245135	0.0726545  	0.767235   	0.973356   	0.00185306 	-0.212402  	0.775715   	2.29297    	3.03506    	524.268    	7.56153    	0.677213   	2.79734    	341.413    	6.07749    	0.845363   	3.56283    	25.8993    	0.960915   	1.17822    	3.18196    	15.2284    	1.16239    	2.25987    	3.18354    	462.223    	4.55415    	1.247      	2.74078    	517.56     	9.10969    	1.83358    	3.48896    	567.631    	10.3435    	0.985194   	3.44776    	54.3584    	1.54622    	1.37792    	3.56335    	304.752    	2.37671    	0.558652   	3.83125    	177.489    	1.58551    	2.99168    	3.933      	530.921    	8.50786    	0.894039   	2.99297    	106.453    	2.47446    	0.465376   	4.19985    	202.276    	4.03588    	0.633404   	3.51995    	95.1408    	1.48369    	3.38349    	3.38157    	557.016    	9.06111    	45.2487	29.7212	110.906	147.191	48.9861	31.2129	35.5526	131.297	36.0881	39.4528	56.7691	118.653	64.6867	83.939	69.8405	1          	9.88101e-07	4.53686e-06	0.761081   	3.61421    	0.14288    	0.148824   	3.61421    	99.1137	
8e-11      	5.2        	0.907685   	-0.00167085	0.419229   	0.783741   	0.92241    	0.000833546	-0.385658  	0.790363   	0.999422   	0.000870545	-0.032201  	0.747079   	0.997514   	0.000806823	-0.0689292 	0.752174   	0.928088   	0.000151959	-0.371832  	0.771805   	0.904584   	-0.000984629	0.425597   	0.79655    	0.891534   	0.00108996 	-0.452275  	0.800083   	0.985711   	-0.00112811	0.167578   	0.759976   	0.95124    	-7.29727e-05	0.307938   	0.761832   	0.972444   	0.000813901	-0.232686  	0.754304   	0.886505   	-0.000952362	0.462203   	0.798701   	0.967629   	0.000167348	-0.251564  	0.770473   	0.945272   	-0.000167502	0.325567   	0.780743   	0.990258   	-3.38482e-05	0.13883    	0.748634   	0.892203   	0.000271863	-0.451141  	0.793177   	1.64674    	2.66931    	24.2017    	1.88929    	0.766224   	2.63892    	33.1491    	4.02742    	0.815902   	2.07028    	6.09933    	0.80756    	0.768614   	2.26433    	12.7885    	0.858122   	0.978626   	2.97954    	27.7049    	2.54777    	0.840555   	2.89656    	48.1882    	5.87789    	1.37966    	3.10468    	50.3854    	6.75283    	0.885197   	2.75061    	18.2327    	1.12705    	0.893893   	2.16785    	21.72      	2.02907    	0.629714   	2.76629    	12.4012    	1.04021    	1.50241    	3.11214    	37.44      	4.85255    	0.559791   	2.78001    	28.904     	2.39674    	0.75913    	3.25885    	35.0681    	4.19978    	0.700897   	3.65993    	4.34599    	0.647011   	1.72712    	2.55941    	33.1721    	3.07227    	52.013	45.0611	64.0657	67.9702	34.7566	33.6278	51.467	70.8146	37.503	35.5763	51.5133	49.8111	64.5075	52.1953	47.527	1          	-5.12684e-06	4.8549e-06 	0.729006   	1.64598    	0.142255   	0.144492   	1.64597    	40.254	
8.5e-11    	5          	0.847113   	0.000519006	0.531229   	0.790765   	0.861086   	2.27582e-05	-0.508211  	0.802426   	0.999763   	-0.000518982	-0.0181589 	0.738204   	0.993143   	0.000434489	-0.116081  	0.745467   	0.881935   	-0.00122138	-0.471243  	0.774868   	0.830712   	0.000776266	0.556423   	0.812931   	0.813441   	-0.00119307	-0.581383  	0.81617    	0.97003    	-0.000523406	0.24236    	0.757153   	0.923341   	0.00183219 	0.383856   	0.75869    	0.961088   	0.000373071	-0.275863  	0.746051   	0.810739   	0.000613276	0.585186   	0.813001   	0.936196   	-0.00102129	-0.350782  	0.771952   	0.89857    	0.00111313 	0.438409   	0.787036   	0.988453   	0.00106605 	0.150934   	0.738022   	0.823938   	-0.00198596	-0.566495  	0.803709   	1.21867    	2.28192    	14.214     	2.6409     	1.94275    	2.70413    	16.8122    	1.38808    	2.2061     	2.91839    	6.82558    	2.17003    	1.32671    	3.91959    	9.83107    	1.8349     	1.55625    	2.96537    	7.51858    	3.2183     	3.33629    	2.82487    	20.7446    	1.48207    	3.70283    	2.55781    	20.5328    	1.55089    	0.62194    	3.04311    	19.2996    	1.49535    	3.31377    	2.6629     	3.89082    	3.28213    	4.37297    	3.54994    	9.20917    	2.76996    	2.23584    	3.72206    	17.3597    	2.15598    	1.57937    	2.68065    	33.5514    	1.92506    	1.43917    	3.1235     	25.678     	2.14888    	3.05046    	2.4038     	8.96392    	2.34671    	1.49689    	3.57819    	13.6262    	2.22982    	46.2377	75.5789	112.034	76.0599	68.4439	119.418	137.22	37.2162	145.426	193.605	77.8858	76.6674	61.4825	142.612	55.3439	1          	1.33799e-05	4.6186e-06 	0.699623   	0.821249   	0.13838    	0.1457     	0.821242   	12.1017	
9e-11      	4.8        	0.804472   	-0.000617612	0.593878   	0.794527   	0.793755   	-0.00050102	-0.607964  	0.807385   	0.999428   	0.00119899 	0.0249489  	0.733533   	0.983934   	0.000207998	-0.177298  	0.741272   	0.853978   	-0.000331758	-0.520147  	0.775959   	0.757751   	0.000123492	0.652382   	0.819711   	0.737741   	0.000427705	-0.674963  	0.82558    	0.947255   	0.000457271	0.320095   	0.75449    	0.908479   	-0.00101401	0.417775   	0.758534   	0.957362   	-0.000707863	-0.288372  	0.743887   	0.739163   	0.00205258 	0.673446   	0.822641   	0.897057   	-0.0014867 	-0.441526  	0.772316   	0.841571   	0.00173249 	0.539785   	0.790635   	0.990802   	-0.000192979	0.133517   	0.734568   	0.764013   	-0.001503  	-0.645123  	0.811372   	1.99736    	3.05845    	6.53068    	1.13848    	4.97909    	2.1137     	21.4052    	1.66272    	1.89444    	3.45186    	31.4461    	2.13193    	0.969815   	2.67957    	28.2614    	2.00595    	2.64263    	2.87007    	8.11055    	1.0363     	3.58959    	2.21119    	12.896     	1.17902    	3.42241    	1.93662    	8.98338    	0.725328   	0.979809   	2.85195    	15.4962    	1.9316     	2.84475    	3.20893    	4.60902    	1.49774    	3.10106    	2.68763    	15.9226    	1.1543     	1.91024    	3.02996    	4.2675     	0.516549   	1.83353    	2.85144    	22.894     	2.22241    	4.43021    	3.09912    	24.0189    	1.5559     	2.97036    	3.41276    	27.5329    	1.53684    	1.39548    	3.28652    	4.06085    	0.659765   	80.345	178.493	86.9167	56.8708	104.6	125.791	121.543	49.3782	121.969	132.379	69.8873	77.6124	168.183	127.834	55.1156	1          	-7.7497e-06	5.60003e-06	0.67101    	0.599568   	0.136935   	0.139684   	0.599568   	6.92622	
9.5e-11    	4.6        	0.764911   	0.000636974	0.644054   	0.789854   	0.743088   	-0.00122947	-0.669113  	0.808449   	0.998958   	0.000712447	0.0434692  	0.7248     	0.976863   	-0.00117555	-0.213286  	0.733712   	0.827368   	-0.000362449	-0.561512  	0.769181   	0.699723   	0.00132711 	0.714327   	0.822829   	0.678649   	0.000193839	-0.734375  	0.82743    	0.928411   	-0.000501839	0.371285   	0.749649   	0.89659    	0.000205343	0.442617   	0.7489     	0.954044   	0.00167814 	-0.298988  	0.73345    	0.684512   	-0.000618049	0.728905   	0.82267    	0.866804   	-0.000946865	-0.498401  	0.768413   	0.80234    	0.000121948	0.596726   	0.788736   	0.991055   	-0.00135721	0.132194   	0.72343    	0.716233   	0.00120709 	-0.697761  	0.80861    	1.86599    	3.30118    	4.22462    	1.20829    	2.23724    	2.85313    	4.01375    	0.550845   	0.879974   	2.91351    	9.75709    	0.925389   	1.73348    	2.9543     	13.5069    	1.69555    	2.57708    	3.32155    	7.36913    	1.07242    	2.53292    	2.61223    	5.91387    	0.73836    	2.89393    	2.47875    	6.30116    	0.859948   	2.51851    	3.03302    	10.466     	2.10628    	1.4453     	2.52838    	13.1162    	1.94897    	1.80937    	2.83224    	24.5246    	2.32982    	2.74561    	3.08278    	7.03621    	1.05098    	3.09654    	2.93265    	13.4334    	1.4527     	2.8263     	3.57673    	7.4573     	0.837363   	1.23901    	2.49141    	19.1218    	1.20981    	2.38856    	3.25325    	6.55461    	1.0427     	69.06	83.5106	44.2865	78.048	98.1997	87.1617	96.825	105.369	61.1228	77.7115	98.4073	113.239	104.173	55.7602	83.418	1          	7.643e-07  	2.60005e-05	0.642972   	0.486695   	0.139093   	0.150611   	0.486696   	4.70663	
1e-10      	4.4        	0.746293   	0.000342031	0.665421   	0.778948   	0.684475   	-0.000668949	-0.728934  	0.809133   	0.994781   	0.000594327	0.0997231  	0.714282   	0.959988   	0.000265499	-0.278934  	0.723112   	0.8234     	-0.000984814	-0.567075  	0.754162   	0.645506   	0.000666276	0.763684   	0.822296   	0.632681   	-0.000533038	-0.774352  	0.8253     	0.902022   	0.0013579  	0.431315   	0.739324   	0.897337   	-0.00086161	0.440961   	0.732013   	0.960429   	-0.00011645	-0.27808   	0.716856   	0.64386    	0.000621447	0.765061   	0.817857   	0.826674   	-0.000504128	-0.562484  	0.762983   	0.75006    	-0.000177358	0.661233   	0.787749   	0.995717   	0.000132619	0.0914393  	0.7102     	0.68424    	1.27437e-05	-0.729164  	0.800608   	4.36486    	3.0282     	13.7255    	1.47784    	2.66047    	3.41393    	7.38082    	1.29431    	3.24933    	3.32432    	25.7506    	2.82772    	4.15498    	3.38718    	34.598     	1.9525     	5.85041    	2.62563    	23.8475    	1.5209     	2.43492    	2.60381    	5.04871    	0.926015   	1.64573    	3.85395    	2.91576    	0.582156   	3.19367    	3.49921    	15.996     	0.860417   	2.90534    	2.7973     	18.2805    	1.56919    	3.07813    	3.23049    	11.3776    	1.91825    	2.81023    	3.01977    	5.59591    	1.01905    	2.88626    	2.35445    	13.3143    	2.59675    	2.6824     	2.9038     	10.2255    	1.95486    	3.48514    	3.30172    	8.00752    	3.1617     	2.75357    	3.48793    	5.26165    	0.784726   	145.966	82.1323	109.726	137.674	190.538	80.319	52.2572	107.087	98.4426	102.616	87.9089	100.55	87.2088	128.539	87.1741	1          	1.03774e-05	2.12811e-05	0.615268   	0.444835   	0.143966   	0.145701   	0.444829   	3.88254	
1.05e-10   	4.2        	0.70589    	-0.00129439	0.708217   	0.772354   	0.636143   	0.000614261	-0.771477  	0.808966   	0.994      	0.000642216	0.108067   	0.707844   	0.955274   	-8.21624e-05	-0.294831  	0.719382   	0.791397   	-0.000667518	-0.611092  	0.748189   	0.587282   	0.000669865	0.809244   	0.824336   	0.57087    	0.000640559	-0.820963  	0.826914   	0.883662   	0.000875043	0.46782    	0.737276   	0.88406    	-0.00162876	0.467113   	0.723815   	0.95878    	0.000568034	-0.283376  	0.70822    	0.58906    	2.2311e-05 	0.808039   	0.815528   	0.79358    	-0.000495044	-0.608128  	0.761237   	0.705638   	-0.000352829	0.708342   	0.78737    	0.996381   	-0.00117068	0.081976   	0.702907   	0.638133   	0.00138905 	-0.769852  	0.795366   	2.3538     	3.01339    	6.76198    	1.25937    	3.38134    	2.3789     	7.38288    	1.33651    	3.46809    	3.61641    	14.3055    	3.71799    	1.93659    	3.66473    	32.6383    	4.55489    	5.76165    	3.41392    	10.0162    	1.30874    	7.40489    	2.77877    	9.8418     	1.16307    	3.87291    	3.15597    	4.36504    	0.643901   	1.39587    	2.18166    	18.7886    	3.2228     	4.5052     	3.84809    	8.86284    	1.54256    	7.73895    	3.90563    	18.1767    	2.69827    	2.08535    	3.15511    	1.98602    	0.575963   	4.52909    	2.94669    	25.178     	3.27115    	6.80401    	3.04653    	17.0078    	1.80955    	4.56867    	3.56356    	26.0874    	3.45793    	2.34422    	3.42379    	3.94086    	0.903385   	76.2513	91.9821	110.174	69.4502	165.192	197.038	105.881	49.2383	128.383	218.092	65.7467	136.9	198.136	137.257	76.9621	1          	-2.07734e-06	-3.71153e-05	0.587809   	0.399305   	0.139385   	0.146173   	0.399305   	2.81694	
1.1e-10    	4          	0.671697   	0.000816514	0.740759   	0.767062   	0.564921   	0.000651188	-0.825004  	0.816038   	0.988945   	-0.0016385 	0.147521   	0.713145   	0.941706   	0.000717548	-0.336108  	0.722727   	0.772271   	-0.00110496	-0.635169  	0.741418   	0.516912   	0.000332297	0.855965   	0.828836   	0.503503   	-0.000481053	-0.86395   	0.82752    	0.861404   	0.00056918 	0.507636   	0.738246   	0.875408   	-0.000188136	0.483082   	0.718752   	0.961143   	0.000377049	-0.275468  	0.70559    	0.52918    	-0.000485431	0.848457   	0.813962   	0.751121   	0.000303966	-0.659985  	0.762681   	0.64449    	0.000493195	0.764413   	0.792137   	0.998267   	-0.000319672	0.0560357  	0.7067     	0.587842   	-0.00015663	-0.808918  	0.792461   	2.36099    	3.04352    	3.39572    	1.62497    	7.38517    	3.04065    	10.4848    	1.77106    	4.41014    	3.77083    	11.4534    	5.63069    	1.95615    	3.86633    	11.6524    	3.22932    	2.88092    	4.14546    	5.06704    	1.42008    	4.33133    	2.93789    	4.20763    	0.726374   	2.34336    	2.54304    	1.96068    	0.471586   	3.1007     	2.74355    	15.4996    	1.85171    	4.54071    	3.68635    	11.6993    	1.16524    	3.58434    	4.03751    	14.0514    	1.85082    	2.2092     	3.48844    	2.18776    	0.562734   	3.79785    	2.9299     	12.3616    	2.0275     	6.83543    	3.70365    	15.5171    	2.27573    	6.83491    	3.24974    	16.0836    	6.16739    	1.73543    	2.96968    	3.90188    	1.34499    	66.4483	177.327	122.044	58.9345	77.2608	108.043	60.4531	93.4736	127.257	101.126	63.9928	106.549	176.538	182.396	53.2536	1          	-8.88884e-07	-2.60016e-05	0.560554   	0.368126   	0.138617   	0.142352   	0.368123   	2.51835	
1.15e-10   	3.8        	0.635569   	7.4005e-05 	0.771991   	0.760578   	0.508197   	-0.0013131 	-0.861144  	0.817124   	0.986206   	0.0013871  	0.165108   	0.711376   	0.93225    	-0.00057102	-0.361567  	0.720466   	0.749717   	-9.12505e-05	-0.661652  	0.735503   	0.453847   	0.000651977	0.890991   	0.831213   	0.435644   	0.000979345	-0.900074  	0.830963   	0.836975   	-6.2452e-05	0.546987   	0.735547   	0.868339   	-0.0011159 	0.495694   	0.717292   	0.961702   	-0.000198792	-0.273672  	0.706397   	0.46933    	-0.000291664	0.88297    	0.816176   	0.708658   	0.000433772	-0.705432  	0.75945    	0.589856   	0.00148059 	0.807419   	0.791232   	0.999152   	0.00060819 	0.0381972  	0.704764   	0.54465    	-0.00196532	-0.8386    	0.788787   	2.42094    	2.40487    	3.17151    	2.13203    	6.47542    	3.02535    	4.93233    	0.763695   	2.79225    	3.01649    	5.96998    	3.30145    	3.5475     	4.28237    	6.6197     	3.00147    	3.60234    	3.12039    	6.64352    	3.88831    	6.94187    	2.74229    	4.69664    	0.7937     	2.54045    	3.0866     	1.75572    	0.499122   	4.56997    	3.97954    	11.3222    	1.17387    	5.69855    	3.60469    	10.1141    	2.01836    	2.25982    	3.14191    	10.6957    	1.67226    	3.21555    	3.06484    	2.24636    	0.78668    	4.60145    	2.83346    	6.05667    	1.31617    	4.49162    	2.61818    	4.78095    	0.853233   	2.54805    	3.38       	11.1337    	2.51001    	2.85454    	2.46986    	4.05564    	1.40811    	59.3226	144.234	73.9264	94.8436	88.2272	151.614	67.4674	112.671	145.12	65.6108	79.0487	104.786	100.206	68.5543	71.0009	1          	-2.72116e-07	3.36842e-05	0.533468   	0.367448   	0.143594   	0.148072   	0.367445   	2.31074	
1.2e-10    	3.6        	0.612866   	0.000510057	0.790091   	0.751621   	0.461015   	0.000850589	-0.887339  	0.810996   	0.982864   	-0.00139848	0.183801   	0.696653   	0.922665   	-0.0010773 	-0.385419  	0.707846   	0.732884   	-7.02989e-05	-0.680258  	0.725306   	0.403673   	0.000980747	0.914848   	0.829065   	0.38332    	0.00103009 	-0.923562  	0.832174   	0.813803   	-0.00105243	0.580964   	0.720809   	0.862351   	-0.000160533	0.506113   	0.711951   	0.955897   	-0.00248955	-0.293431  	0.699774   	0.422091   	-0.00100488	0.906509   	0.818877   	0.680116   	0.00338076 	-0.733013  	0.742681   	0.547649   	-0.000505556	0.836612   	0.779121   	0.998943   	0.000776873	0.0430106  	0.695295   	0.505668   	-8.62622e-05	-0.862631  	0.787706   	3.67037    	2.93137    	5.6161     	1.53311    	3.14133    	3.05416    	2.2024     	0.752803   	3.74339    	4.47965    	6.49634    	3.03207    	2.86784    	3.60885    	4.26084    	2.06979    	2.06362    	3.34398    	4.98707    	1.95694    	3.82333    	3.13463    	2.19953    	0.58832    	4.07978    	2.53882    	2.69964    	0.84989    	3.58207    	3.67484    	7.60555    	1.70507    	3.87948    	3.47875    	7.86731    	2.66212    	3.53278    	4.52124    	4.9904     	3.74591    	2.26665    	2.57339    	3.53814    	1.84171    	2.5478     	3.5002     	3.43866    	1.14508    	5.6662     	3.7127     	3.6602     	0.937714   	1.95117    	4.73508    	11.0777    	2.02931    	5.94521    	4.15559    	4.03463    	1.24229    	83.9591	70.5643	87.483	65.6225	50.5403	81.8272	90.0865	84.3658	95.441	86.8542	55.8497	58.8005	113.471	50.5681	125.117	1          	1.47792e-05	-1.7759e-05	0.506483   	0.349227   	0.141981   	0.153556   	0.349223   	2.24877	
1.25e-10   	3.4        	0.588325   	0.000946334	0.808558   	0.734825   	0.436758   	-0.00165254	-0.899402  	0.799428   	0.98183    	0.000791035	0.18885    	0.669325   	0.917828   	-0.000122497	-0.396408  	0.692497   	0.708356   	0.00116874 	-0.705624  	0.712895   	0.360913   	-0.000858776	0.932549   	0.825595   	0.339985   	0.000342988	-0.940371  	0.829717   	0.799659   	-0.000281034	0.600162   	0.704544   	0.849742   	-7.74671e-05	0.526888   	0.698113   	0.95366    	0.00066391 	-0.300242  	0.680157   	0.394429   	0.00111921 	0.918827   	0.813491   	0.649983   	-0.00195955	-0.759655  	0.721956   	0.527009   	0.00188208 	0.849527   	0.758655   	0.99877    	-0.00152323	0.0464743  	0.661017   	0.489781   	-0.000491145	-0.871679  	0.773658   	2.21349    	3.288      	5.1902     	3.47449    	11.7536    	3.02298    	14.7095    	4.49844    	8.49506    	5.37599    	16.3567    	11.2024    	2.95761    	4.00899    	21.1537    	1.24139    	6.70494    	3.98795    	11.2933    	1.51487    	3.32612    	3.26179    	2.3538     	0.988475   	5.08253    	2.7483     	2.62149    	0.786858   	4.17864    	3.99577    	15.9667    	2.58116    	8.0471     	4.07259    	10.3331    	2.6029     	17.0741    	3.6034     	13.3825    	11.8893    	7.01925    	2.9247     	7.76262    	2.84622    	7.11257    	3.08338    	23.8025    	5.39876    	15.1678    	4.56597    	28.383     	7.88521    	30.7831    	5.64007    	9.43437    	29.8512    	9.13404    	3.36663    	13.6609    	4.58879    	46.0976	195.772	150.635	62.9944	119.56	63.5878	90.4169	84.2747	143.296	292.946	123.838	125.686	261.216	515.951	170.642	1          	-5.25065e-06	-4.30466e-06	0.479542   	0.344156   	0.138798   	0.156223   	0.344153   	2.40002	
1.3e-10    	3.2        	0.549371   	0.00258665 	0.835477   	0.724787   	0.422819   	0.00130491 	-0.906136  	0.780503   	0.986882   	-0.00460601	0.160428   	0.638213   	0.924579   	0.00132852 	-0.380662  	0.668214   	0.665039   	-0.00122121	-0.746673  	0.695823   	0.339109   	-8.93623e-05	0.940681   	0.817555   	0.303912   	0.00148275 	-0.952645  	0.826505   	0.807456   	-0.00114711	0.589757   	0.684138   	0.815606   	-0.000751113	0.578396   	0.679512   	0.94076    	0.00144273 	-0.338733  	0.659381   	0.35242    	0.000326029	0.93575    	0.807518   	0.644472   	-0.00160302	-0.764487  	0.703232   	0.512086   	-0.000946709	0.85884    	0.738814   	0.996844   	0.00391045 	0.0771932  	0.634943   	0.452528   	-0.00226803	-0.891645  	0.765955   	3.24483    	5.06469    	4.09356    	1.7894     	5.09873    	3.01262    	3.67109    	1.2146     	3.12015    	6.42764    	9.23764    	3.34136    	3.75562    	5.6862     	7.38586    	3.07276    	4.31622    	3.98374    	5.19743    	1.42081    	4.41936    	4.47092    	2.24193    	0.787049   	4.7736     	2.82785    	1.59656    	0.543392   	3.07242    	4.58189    	6.18202    	2.27164    	4.80564    	7.10549    	4.67206    	2.61679    	8.19149    	6.27218    	5.65617    	7.74035    	6.61819    	3.95042    	5.54021    	2.18446    	3.66548    	4.57682    	6.99285    	2.1746     	4.84805    	3.7494     	3.67024    	1.41715    	4.16907    	5.08596    	11.7049    	4.55034    	5.65283    	3.58244    	7.22492    	3.19057    	56.8818	87.0981	58.7466	71.0565	76.8722	75.3288	71.6234	58.5902	78.3025	139.672	102.065	67.414	78.507	78.5175	95.3818	1          	3.40061e-06	3.74711e-05	0.452634   	0.329029   	0.140778   	0.159916   	0.329036   	2.25781	
1.35e-10   	3          	0.496601   	0.00307089 	0.867848   	0.721842   	0.403319   	-0.0010043 	-0.914988  	0.763799   	0.992718   	-0.00232417	0.119547   	0.614889   	0.932514   	0.000226228	-0.360704  	0.661222   	0.611376   	-0.00356905	-0.791145  	0.689856   	0.29319    	0.00268465 	0.955927   	0.814958   	0.250475   	-0.0038887 	-0.968058  	0.827369   	0.785941   	0.00134932 	0.61813    	0.672359   	0.806721   	0.00361423 	0.590752   	0.671117   	0.93742    	-0.00154663	-0.347776  	0.663801   	0.287608   	0.00185072 	0.957663   	0.814484   	0.603385   	-0.000580608	-0.797304  	0.696957   	0.467547   	-0.00133587	0.883912   	0.727971   	0.994202   	0.00189464 	0.106649   	0.639161   	0.389746   	-0.000309699	-0.920849  	0.773458   	6.90955    	4.27562    	4.15676    	1.26974    	4.34521    	3.39212    	3.69098    	2.01059    	6.25316    	4.45649    	5.57895    	6.25605    	9.60307    	6.02916    	8.77965    	7.57196    	7.01369    	5.21916    	9.64291    	4.3405     	11.8175    	4.302      	4.71287    	1.46649    	5.4342     	2.92253    	1.77803    	0.682914   	2.13139    	6.30586    	5.82474    	2.49223    	4.7415     	5.54009    	3.17172    	2.28444    	3.32445    	5.42596    	10.9358    	3.61616    	7.6106     	3.64257    	3.09913    	1.22316    	7.8705     	3.15332    	4.26276    	1.2321     	2.94917    	2.9419     	1.38591    	0.875582   	3.22029    	5.13574    	4.57315    	3.56731    	3.91479    	4.14931    	3.49657    	1.59209    	95.2822	67.6289	90.0792	142.865	105.946	156.849	73.1378	39.1813	73.7901	58.709	100.727	107.491	46.9526	59.4014	55.3156	1          	1.38725e-05	-2.39026e-05	0.4257     	0.320093   	0.141719   	0.172331   	0.320094   	2.39115	
1.4e-10    	2.8        	0.46136    	-0.00415746	0.887136   	0.70928    	0.355587   	0.0033327  	-0.934559  	0.763868   	0.989935   	0.000612925	0.140381   	0.60342    	0.922463   	-0.00074812	-0.385737  	0.658245   	0.584409   	0.00335908 	-0.81127   	0.677235   	0.234956   	-0.00203885	0.971963   	0.820366   	0.20464    	0.00161626 	-0.978785  	0.827902   	0.736705   	-0.00124979	0.675695   	0.660182   	0.820704   	-0.000939757	0.570782   	0.658638   	0.9369     	0.00372997 	-0.349155  	0.65231    	0.245987   	-0.00417454	0.969207   	0.81358    	0.562048   	0.00166874 	-0.826958  	0.684619   	0.424321   	-0.000332373	0.905444   	0.719808   	0.993512   	-0.00230658	0.112842   	0.629035   	0.344262   	0.00212105 	-0.938773  	0.771745   	3.0221     	4.00365    	1.92508    	1.5471     	4.09145    	4.18668    	5.80272    	3.57042    	3.54008    	6.3561     	8.8999     	4.34416    	6.66198    	3.90616    	7.04604    	3.18411    	5.66484    	5.21693    	8.25891    	2.33448    	2.92837    	3.13652    	1.53996    	0.989536   	5.12383    	2.65619    	1.17292    	0.539273   	17.5303    	4.27186    	17.4633    	1.42105    	8.09023    	3.94496    	24.7674    	1.73274    	3.82214    	5.81907    	8.12052    	2.19658    	4.83693    	3.63141    	1.20884    	0.597059   	6.63525    	3.39046    	5.55062    	1.63805    	3.68143    	3.23295    	2.6626     	1.63018    	5.53137    	5.51369    	4.32707    	5.78057    	6.60693    	4.67709    	3.77022    	1.41369    	37.8218	53.1896	50.7659	101.405	69.3714	41.781	59.0901	188.174	104.619	58.5853	58.9132	75.7128	48.418	67.5097	75.8762	0.999999   	1.89468e-05	-0.000215027	0.398686   	0.32178    	0.146058   	0.174541   	0.321768   	2.98513	
1.45e-10   	2.6        	0.423612   	-0.000862277	0.905762   	0.70025    	0.347679   	0.00292919 	-0.937496  	0.742566   	0.993809   	-0.00251984	0.109956   	0.563472   	0.913623   	0.00238079 	-0.405955  	0.646289   	0.557049   	-0.00087948	-0.830141  	0.663752   	0.187292   	-0.000982926	0.98226    	0.821804   	0.166169   	0.00161267 	-0.986056  	0.827853   	0.681427   	0.00012949 	0.731727   	0.645797   	0.834306   	-0.00229659	0.551081   	0.643524   	0.935286   	0.00204307 	-0.353585  	0.644034   	0.204328   	-0.00389587	0.97886    	0.818205   	0.513855   	0.00316754 	-0.857767  	0.671323   	0.396765   	-0.00165452	0.917842   	0.707744   	0.992741   	-0.000963852	0.119064   	0.600528   	0.311594   	0.0019609  	-0.95013   	0.761652   	3.88485    	4.08203    	2.35019    	1.36655    	7.099      	4.76002    	5.10312    	2.45724    	6.57883    	3.69264    	6.55343    	7.10301    	10.356     	4.99821    	13.1221    	3.2533     	14.9411    	3.72384    	14.1174    	2.14518    	3.54792    	3.39977    	1.03572    	0.771959   	3.42367    	3.00747    	0.728754   	0.454783   	4.80715    	4.63618    	3.89268    	1.29043    	2.62957    	6.20333    	4.70901    	1.34558    	3.15325    	6.03633    	3.84515    	2.00257    	2.20627    	3.26692    	0.935491   	0.748073   	2.73654    	5.25029    	3.73737    	1.75131    	4.57716    	3.43874    	1.59699    	0.888838   	1.62487    	7.30636    	5.79765    	1.87372    	5.92201    	4.33611    	1.95641    	0.754994   	41.6458	70.8722	70.094	135.688	136.22	40.6119	40.2925	53.3257	37.8226	38.3841	26.8927	34.5787	47.9715	24.9566	59.0016	0.999999   	4.00586e-05	-6.33367e-05	0.371478   	0.307073   	0.140977   	0.182224   	0.307066   	2.94185	
1.5e-10    	2.4        	0.394289   	0.00285805 	0.918882   	0.690756   	0.316524   	-0.00277032	-0.948467  	0.732265   	0.993412   	-0.000676316	0.112317   	0.532152   	0.918305   	-0.000415705	-0.395287  	0.640212   	0.499112   	0.00137794 	-0.8664    	0.655931   	0.141103   	-0.00059376	0.989938   	0.824324   	0.136119   	0.00118997 	-0.990639  	0.828337   	0.638023   	0.00183942 	0.76971    	0.626445   	0.830954   	-0.00350929	0.55598    	0.625502   	0.924145   	-0.00113168	-0.381618  	0.635405   	0.147764   	0.00283016 	0.988964   	0.822632   	0.491053   	-0.00266569	-0.870976  	0.659205   	0.359001   	0.00519092 	0.933235   	0.700733   	0.990767   	0.00280671 	0.134386   	0.590543   	0.256945   	-0.00630102	-0.966329  	0.761371   	3.95953    	5.70769    	2.23179    	1.02102    	4.99015    	6.73828    	5.94784    	3.38249    	11.8329    	15.6021    	3.28859    	12.4798    	1.93291    	20.5772    	2.42926    	1.38778    	2.78487    	9.14543    	1.84106    	1.14293    	3.02792    	6.2884     	0.570096   	0.433594   	3.47421    	5.24358    	0.523499   	0.389472   	6.25758    	13.8073    	3.87445    	1.12621    	3.66928    	11.8928    	4.74276    	1.39517    	2.86064    	12.9131    	2.63298    	2.2396     	3.55873    	5.28145    	0.813553   	0.534384   	3.13304    	10.0296    	1.84136    	1.02181    	3.85094    	5.73254    	1.09094    	0.664375   	1.82854    	10.7713    	2.7803     	1.87192    	3.82609    	6.3036     	1.3183     	0.822827   	38.7029	57.325	99.7541	26.5961	27.5461	32.1475	35.7758	54.4996	47.5968	35.0918	34.2171	33.111	37.4608	29.2002	39.5889	0.999999   	2.65623e-05	-0.00028863	0.344086   	0.337395   	0.143421   	0.170395   	0.33739    	2.40048	
1.55e-10   	2.2        	0.382318   	0.0055748  	0.923854   	0.675232   	0.308854   	0.0122233  	-0.9509    	0.713243   	0.992674   	-0.0266145 	0.114749   	0.474876   	0.917026   	0.0229335  	-0.397808  	0.628938   	0.450703   	-0.0137675 	-0.892425  	0.643085   	0.0998712  	-0.00654484	0.994922   	0.824271   	0.101914   	0.00516579 	-0.994729  	0.827415   	0.594385   	-0.0258303 	0.80357    	0.609294   	0.826833   	0.0182635  	0.561945   	0.608428   	0.919837   	-0.0188263 	-0.391227  	0.619836   	0.106157   	-0.00451156	0.994278   	0.822722   	0.45169    	0.0240369  	-0.891703  	0.648134   	0.31865    	-0.0173114 	0.947629   	0.693787   	0.989961   	0.0211374  	0.13801    	0.573828   	0.212256   	-3.88399e-06	-0.977108  	0.756611   	3.8109     	12.0843    	1.84304    	1.08686    	6.49161    	7.39865    	3.1856     	1.41239    	6.81472    	16.895     	3.58988    	7.08089    	1.55227    	11.9861    	1.9881     	1.50595    	3.28141    	9.66438    	1.05738    	0.925961   	3.73279    	5.63597    	0.544217   	0.397806   	3.20322    	5.34127    	0.39257    	0.343229   	2.68927    	11.8542    	1.32047    	1.38445    	2.19561    	7.9911     	1.66961    	1.20392    	2.00807    	20.8955    	1.86777    	1.63791    	3.5891     	6.55902    	0.550008   	0.410336   	2.89881    	10.53      	1.27207    	0.979611   	3.21262    	6.35729    	0.875873   	0.730758   	1.84803    	17.6144    	1.9874     	1.70946    	3.72962    	10.8228    	0.602087   	0.462512   	33.9359	47.2449	45.9193	21.5328	28.5921	30.5608	30.6524	25.1741	27.5065	24.0643	29.9871	26.4704	27.5937	24.7104	33.8891	0.999999   	-4.64314e-06	-0.000112301	0.316551   	0.332339   	0.145701   	0.190262   	0.332339   	2.2649	
1.6e-10    	2          	0.354421   	-0.0162926 	0.934785   	0.66692    	0.294909   	-0.0106241 	-0.955303  	0.698643   	0.992074   	0.0514279  	0.105121   	0.426402   	0.910065   	-0.0128562 	-0.41311   	0.604875   	0.410338   	0.0044043  	-0.91167   	0.627497   	0.0691964  	0.00428373 	0.997499   	0.820082   	0.0782577  	0.0119443  	-0.996776  	0.823207   	0.556372   	-0.0169718 	0.830377   	0.587025   	0.811439   	-0.00134185	0.58394    	0.584512   	0.907901   	0.0259805  	-0.41734   	0.588676   	0.0767624  	-0.0294473 	0.996499   	0.817847   	0.424479   	0.0185711  	-0.905059  	0.632088   	0.286077   	-0.00993426	0.958013   	0.683747   	0.987594   	-0.042825  	0.146373   	0.544791   	0.175865   	0.0345532  	-0.983612  	0.749434   	3.45234    	12.7288    	1.0001     	0.796315   	3.00502    	15.7499    	1.06596    	0.865506   	3.31486    	45.2333    	2.02869    	3.1945     	3.92169    	40.7897    	2.09997    	3.4137     	2.91598    	19.4732    	1.59934    	1.48587    	5.50001    	9.92748    	1.27919    	1.00847    	7.46801    	6.60984    	1.36153    	1.04121    	6.45963    	21.0711    	1.68564    	2.02928    	4.02217    	21.2702    	2.59057    	3.31829    	10.4641    	33.5099    	1.99805    	8.35717    	6.95028    	11.7033    	1.77319    	1.31363    	3.94125    	12.381     	1.91752    	1.3757     	3.91673    	11.0213    	1.94531    	1.0817     	12.0983    	48.0272    	1.78742    	10.2195    	5.3395     	20.7751    	1.59167    	0.86141    	25.7873	29.631	28.1145	30.2539	23.5521	42.8948	53.1793	41.6983	31.7885	71.4312	53.5178	30.6539	29.541	82.2688	47.6762	0.999999   	2.39201e-06	-1.19706e-06	0.288429   	0.487652   	0.14451    	0.180304   	0.487653   	2.7461	
1.65e-10   	1.8        	0.32881    	-0.126382  	0.934722   	0.660005   	0.285471   	-0.0624801 	-0.956184  	0.694817   	0.921973   	0.350997   	0.12601    	0.391026   	0.877817   	-0.18127   	-0.439543  	0.556531   	0.367452   	0.135323   	-0.918764  	0.609205   	0.078743   	0.016927   	0.996605   	0.801686   	0.0915049  	0.0422475  	-0.994781  	0.807456   	0.51036    	0.11751    	0.850094   	0.552949   	0.760022   	-0.184609  	0.619421   	0.552435   	0.853832   	0.253174   	-0.446719  	0.536582   	0.0909618  	-0.0988324 	0.990573   	0.802069   	0.399407   	-0.0783276 	-0.912402  	0.612337   	0.275472   	0.056394   	0.959279   	0.666078   	0.935793   	-0.304112  	0.158078   	0.483692   	0.189082   	0.13209    	-0.972412  	0.737523   	8.47031    	108.696    	3.75558    	1.78681    	7.00956    	11.5767    	1.33752    	1.06108    	24.2589    	180.678    	4.96402    	3.0954     	33.1314    	109.531    	2.62611    	14.5581    	5.33855    	109.066    	3.83444    	1.22411    	17.8316    	4.32285    	3.93921    	2.89765    	12.8527    	6.94901    	2.03877    	1.31193    	7.04305    	105.484    	6.83528    	2.71404    	17.8136    	152.347    	7.27408    	2.67246    	50.3252    	217.923    	5.31481    	9.44378    	18.6074    	37.3155    	3.47199    	1.53676    	9.66683    	72.73      	6.58589    	2.23579    	12.8464    	23.8622    	4.67864    	1.75225    	48.4345    	158.268    	6.59802    	12.2615    	15.4697    	62.8093    	5.14744    	1.25241    	51.2026	55.6363	118.196	173.155	32.7277	129.74	100.721	36.8295	88.967	243.877	146.648	54.9815	73.7232	226.663	105.907	0.999999   	-8.31874e-05	-1.30543e-05	0.258592   	1.013      	0.140146   	0.170963   	1.013      	4.03039	
1.7e-10    	1.6        	0.2922     	-0.196412  	0.935874   	0.660575   	0.257352   	-0.0511582 	-0.964857  	0.697526   	0.858139   	0.486703   	0.161045   	0.366233   	0.828038   	-0.294286  	-0.476693  	0.504778   	0.328968   	0.240439   	-0.913009  	0.602521   	0.090081   	-0.0017591 	0.995854   	0.785421   	0.107109   	0.0728565  	-0.991453  	0.794465   	0.465565   	0.222379   	0.856126   	0.520265   	0.672366   	-0.332043  	0.66097    	0.534442   	0.766545   	0.411426   	-0.491947  	0.495016   	0.100402   	-0.147296  	0.983911   	0.792199   	0.383721   	-0.129148  	-0.914046  	0.592783   	0.239444   	0.0507056  	0.969451   	0.656526   	0.895016   	-0.416421  	0.157212   	0.436767   	0.189689   	0.183735   	-0.964407  	0.732276   	5.22171    	3.97301    	2.11502    	1.48581    	5.49543    	5.36622    	3.86806    	2.47664    	7.00562    	5.29355    	4.83357    	4.2013     	6.52542    	6.91365    	10.9631    	8.07531    	4.68333    	10.3756    	5.79509    	3.54871    	6.81759    	4.78089    	2.60283    	2.09746    	12.928     	4.46644    	4.31022    	2.86072    	14.7219    	13.6717    	5.97932    	5.78387    	7.56282    	18.814     	4.64585    	3.12823    	23.3021    	7.53099    	10.228     	6.71704    	7.39902    	3.18669    	1.8909     	1.37958    	11.8865    	9.42956    	9.09441    	4.22139    	8.52027    	4.36368    	4.45318    	3.47564    	5.89674    	6.90063    	10.2076    	3.52902    	6.1379     	4.50477    	3.15043    	1.95613    	31.2902	31.375	33.6736	32.0356	21.3474	37.2651	61.355	74.3205	35.9909	107.276	46.111	50.2994	41.9754	29.883	29.1704	0.999998   	3.04516e-05	-0.000118141	0.22892    	0.469364   	0.141348   	0.165033   	0.469358   	2.41526	
1.75e-10   	1.4        	0.247359   	-0.230629  	0.940948   	0.653122   	0.23295    	-0.0351116 	-0.971724  	0.693137   	0.811813   	0.55145    	0.188115   	0.341087   	0.729885   	-0.373203  	-0.571177  	0.452297   	0.340435   	0.302777   	-0.889717  	0.582223   	0.092784   	-0.0167156 	0.995465   	0.770408   	0.11407    	0.0925291  	-0.989059  	0.781528   	0.420024   	0.287116   	0.860375   	0.497556   	0.583323   	-0.425727  	0.691193   	0.515654   	0.700602   	0.486464   	-0.520665  	0.448201   	0.105262   	-0.147904  	0.983307   	0.775791   	0.35085    	-0.159154  	-0.922351  	0.580504   	0.211271   	0.0610554  	0.975296   	0.645186   	0.844173   	-0.510276  	0.160974   	0.391341   	0.184453   	0.201866   	-0.961779  	0.72118    	7.62352    	3.28681    	6.38969    	4.52707    	5.55008    	8.21362    	3.9114     	2.55168    	14.0099    	5.26175    	8.65228    	6.66295    	34.318     	5.008      	13.1489    	7.6951     	20.9291    	4.28312    	13.9377    	3.94057    	6.0732     	5.49932    	2.52024    	2.17424    	6.6883     	7.10839    	1.60288    	1.0868     	16.4939    	11.9984    	4.1754     	5.2055     	12.3176    	9.54856    	7.81342    	5.21146    	35.6078    	5.30922    	11.0873    	16.8533    	6.47495    	4.12681    	3.079      	2.40876    	26.4583    	4.74328    	5.93183    	1.98791    	13.4704    	6.59347    	5.21443    	2.8017     	16.3231    	4.48965    	7.91991    	8.37392    	6.53738    	5.94171    	3.2582     	2.3182     	35.1931	22.0854	56.6448	103.863	65.1093	30.6503	27.9605	62.466	51.5545	125.372	25.6166	92.7826	48.7503	54.706	26.4871	0.999998   	-0.000131268	3.82269e-05	0.199869   	0.362225   	0.144415   	0.169152   	0.362211   	2.18269	
1.8e-10    	1.2        	0.177722   	-0.256428  	0.949499   	0.671896   	0.222108   	-0.0134614 	-0.974713  	0.701219   	0.763942   	0.619647   	0.169466   	0.311317   	0.677928   	-0.372452  	-0.632306  	0.423053   	0.312547   	0.326359   	-0.891497  	0.584339   	0.0574761  	-0.0461889 	0.997091   	0.778772   	0.12997    	0.113969   	-0.984801  	0.779555   	0.318337   	0.264456   	0.910057   	0.471466   	0.532586   	-0.447618  	0.717866   	0.48919    	0.5985     	0.512693   	-0.61507   	0.420831   	0.0661177  	-0.153802  	0.985827   	0.786045   	0.368029   	-0.147686  	-0.917879  	0.571084   	0.12384    	0.0444485  	0.991125   	0.658428   	0.838096   	-0.527708  	0.133993   	0.369726   	0.167585   	0.209819   	-0.963169  	0.728551   	37.8535    	19.6358    	46.0514    	41.0343    	6.63139    	18.4231    	5.8121     	5.27759    	34.2787    	3.00603    	22.6245    	14.9663    	17.3795    	4.60495    	23.1232    	3.20331    	33.4906    	11.8909    	3.96658    	5.30575    	8.69791    	19.5842    	9.67256    	9.91776    	11.6687    	10.3242    	1.81795    	2.28413    	7.09385    	6.43369    	4.39776    	3.57926    	14.914     	4.20311    	4.12535    	3.64493    	7.97736    	2.44521    	9.07754    	5.5909     	5.62932    	3.27193    	6.91823    	6.67809    	6.69329    	3.72266    	2.06657    	2.66724    	13.2089    	2.29229    	27.2455    	23.3325    	17.4229    	5.05768    	11.039     	13.62      	7.2124     	6.09922    	8.96812    	9.30594    	74.3257	33.6591	46.7927	63.6937	72.3814	16.8431	54.7967	29.8022	48.0118	35.843	17.7834	22.0715	25.5373	25.8816	26.8007	0.999997   	8.28704e-05	-0.000126013	0.171088   	0.327948   	0.139298   	0.160278   	0.327946   	1.97229	
1.85e-10   	1          	0.0752722  	-0.252939  	0.964195   	0.699096   	0.240149   	-0.0123846 	-0.970458  	0.703286   	0.724218   	0.683928   	0.0525977  	0.283678   	0.614096   	-0.389752  	-0.685938  	0.402889   	0.304214   	0.327367   	-0.89436   	0.59101    	0.00305996 	-0.047965  	0.998778   	0.792108   	0.156402   	0.110614   	-0.981353  	0.78007    	0.257706   	0.279629   	0.924559   	0.433141   	0.400975   	-0.446708  	0.79879    	0.47673    	0.525275   	0.519577   	-0.672385  	0.404576   	0.0161647  	-0.146498  	0.988885   	0.796505   	0.358339   	-0.146595  	-0.921793  	0.570355   	0.0370114  	0.0513796  	0.997855   	0.67851    	0.793712   	-0.603146  	0.0669779  	0.329814   	0.192295   	0.209698   	-0.958328  	0.728126   	24.5766    	11.2485    	10.7104    	5.16263    	15.4729    	4.72347    	7.10021    	3.59433    	7.19738    	17.714     	34.4344    	9.56505    	6.62869    	3.42899    	5.61476    	6.26227    	9.70479    	6.84035    	4.2408     	3.3042     	6.45233    	3.7286     	0.862678   	0.817852   	12.9677    	5.21857    	1.53833    	0.949383   	6.15575    	7.75037    	18.5382    	18.7191    	20.7405    	15.1567    	13.7874    	4.29445    	21.4396    	11.8641    	14.8672    	7.45078    	19.0629    	9.43997    	4.86825    	3.2033     	9.78743    	3.57438    	5.28115    	2.4341     	11.8649    	3.73207    	3.60042    	3.4314     	20.8723    	11.3628    	11.243     	19.8431    	32.5021    	8.59795    	5.0466     	2.88789    	37.2247	23.6388	17.8471	20.6373	32.4103	19.5073	34.6448	19.2242	42.9596	53.1084	29.9869	17.2331	31.3779	47.015	67.5525	0.999996   	2.79152e-05	-2.17691e-05	0.142511   	0.322653   	0.143571   	0.158241   	0.322658   	1.91909	
1.9e-10    	0.8        	-0.00508996	-0.23415   	0.972062   	0.700997   	0.227133   	0.000716464	-0.973769  	0.702982   	0.731885   	0.678179   	0.041574   	0.253117   	0.503717   	-0.385704  	-0.771004  	0.362564   	0.31051    	0.313008   	-0.89708   	0.583354   	-0.0244093 	-0.0557459 	0.998077   	0.789599   	0.15572    	0.107511   	-0.98185   	0.784292   	0.238736   	0.261656   	0.934264   	0.409888   	0.25307    	-0.422875  	0.869212   	0.46547    	0.513501   	0.497442   	-0.697747  	0.39225    	-0.0259264 	-0.143217  	0.989272   	0.798409   	0.296431   	-0.12796   	-0.946081  	0.556456   	0.0112617  	0.0366171  	0.999103   	0.665472   	0.670118   	-0.734514  	0.0863741  	0.25336    	0.224585   	0.208186   	-0.951782  	0.72187    	11.3178    	3.15456    	3.33455    	3.02221    	3.98853    	7.06602    	1.79838    	1.62742    	16.8538    	4.94821    	7.88415    	8.52045    	26.6237    	13.7359    	14.667     	4.70465    	22.5502    	7.98105    	10.9573    	5.16856    	2.96624    	7.87978    	0.834093   	0.89418    	8.55994    	3.84602    	1.27308    	1.22235    	23.676     	11.2848    	4.75675    	4.35193    	35.996     	4.81407    	6.21209    	3.95418    	30.019     	4.77858    	9.41715    	5.67166    	8.08964    	4.36456    	0.651942   	0.616753   	14.4872    	8.45952    	7.0467     	3.63529    	11.1964    	6.61645    	4.1295     	3.97297    	42.9022    	5.49643    	11.4845    	27.9365    	15.6335    	3.26165    	4.65027    	2.16239    	24.83	11.9866	31.7964	28.3482	21.7819	10.4514	18.2464	34.9412	54.9325	40.7413	18.2729	17.4688	24.0652	59.7515	16.1341	0.999994   	-7.94964e-05	-0.000187262	0.11395    	0.321755   	0.149612   	0.153314   	0.321739   	1.95828	
1.95e-10   	0.6        	-0.0465956 	-0.24268   	0.96876    	0.691605   	0.219416   	0.0136104  	-0.975403  	0.711276   	0.616786   	0.770938   	0.147268   	0.213508   	0.40972    	-0.370558  	-0.833054  	0.343827   	0.306986   	0.317927   	-0.896693  	0.574402   	-0.0714739 	-0.0692735 	0.994915   	0.791719   	0.183656   	0.120729   	-0.975397  	0.787299   	0.135022   	0.239521   	0.961017   	0.399455   	0.113775   	-0.438334  	0.890668   	0.449642   	0.435825   	0.512395   	-0.738827  	0.367545   	-0.0696255 	-0.145383  	0.986799   	0.799279   	0.283722   	-0.112752  	-0.952082  	0.55412    	-0.0449046 	0.0264087  	0.998545   	0.669966   	0.559105   	-0.81858   	0.114898   	0.218047   	0.221287   	0.206767   	-0.95285   	0.727748   	18.648     	6.37328    	7.47369    	6.54879    	8.32234    	7.64576    	1.67345    	1.3498     	8.02997    	4.24962    	12.9364    	5.40861    	8.23729    	4.82967    	2.6143     	3.36748    	19.8996    	6.19448    	2.20851    	2.81962    	8.11244    	10.2193    	1.10041    	1.05233    	16.8847    	5.74396    	1.27377    	1.15203    	10.0711    	4.08037    	9.05527    	6.43787    	33.7457    	2.99939    	8.07555    	4.09127    	23.2996    	6.48986    	3.33383    	5.67841    	11.5026    	7.55058    	1.54519    	1.26709    	5.88451    	6.5461     	2.10856    	1.99082    	4.50104    	6.5261     	4.31479    	4.49834    	22.6764    	2.95929    	6.3315     	7.59461    	19.7132    	4.28509    	1.81281    	2.37345    	12.6189	10.5909	11.1557	14.5027	25.8147	11.0159	17.5383	11.0179	21.2033	23.2679	11.0469	10.8142	10.065	29.8595	26.4318	0.999989   	-7.28109e-05	0.000364479	0.0853815  	0.324506   	0.145259   	0.16108    	0.324471   	1.80183	
2e-10      	0.4        	-0.098227  	-0.244662  	0.964529   	0.704301   	0.196129   	0.0076696  	-0.980422  	0.712991   	0.493883   	0.858003   	0.127829   	0.201724   	0.301987   	-0.444191  	-0.842736  	0.311716   	0.270287   	0.316045   	-0.90932   	0.589389   	-0.0980615 	-0.0605654 	0.993247   	0.789722   	0.181092   	0.11491    	-0.976609  	0.797758   	0.0774713  	0.275707   	0.957619   	0.391793   	-0.0270833 	-0.438372  	0.898139   	0.468991   	0.393813   	0.526138   	-0.753386  	0.370811   	-0.109712  	-0.144622  	0.98332    	0.804234   	0.222745   	-0.129471  	-0.966102  	0.541415   	-0.0688957 	0.0387812  	0.996781   	0.657323   	0.266762   	-0.91684   	0.29119    	0.201432   	0.212099   	0.201729   	-0.956131  	0.744059   	5.27733    	5.59145    	4.98538    	5.05553    	4.00904    	11.2913    	2.20128    	1.89245    	9.23691    	5.63541    	10.0201    	6.98749    	4.84528    	10.1952    	5.44405    	4.89601    	4.38621    	3.70328    	4.29794    	3.8995     	4.12825    	9.45422    	1.16519    	1.18721    	4.66565    	13.4141    	2.28132    	1.78266    	5.58784    	11.5617    	4.93189    	3.95254    	6.42505    	6.39703    	6.10809    	6.92125    	4.30034    	3.89158    	6.25476    	5.92482    	4.04623    	6.43628    	1.02643    	1.1747     	4.1209     	5.27715    	4.52143    	4.10706    	3.76573    	5.79704    	4.87379    	4.92628    	6.54785    	3.54993    	11.9102    	4.78031    	4.10439    	4.9305     	2.43102    	2.38859    	7.7826	7.82945	7.66354	9.01218	9.09199	8.36686	7.00203	7.51657	7.47097	8.75365	7.98012	7.72986	8.81676	7.9373	8.41437	0.999976   	-0.000134836	-8.96259e-05	0.0568714  	0.320686   	0.14102    	0.150855   	0.320753   	1.82882	
2.05e-10   	0.2        	-0.130766  	-0.217171  	0.967037   	0.686748   	0.162773   	0.00272923 	-0.986585  	0.727568   	0.319638   	0.878485   	0.34593    	0.173483   	0.197534   	-0.42701   	-0.881289  	0.296517   	0.222458   	0.281481   	-0.93284   	0.576742   	-0.120241  	-0.0449743 	0.99166    	0.79141    	0.163634   	0.08893    	-0.982349  	0.804125   	-0.0283999 	0.240259   	0.969628   	0.409456   	-0.0974746 	-0.389145  	0.914458   	0.448657   	0.299724   	0.523888   	-0.794644  	0.332332   	-0.129564  	-0.124569  	0.983517   	0.799274   	0.177457   	-0.122284  	-0.976306  	0.547403   	-0.0943265 	0.0437835  	0.994471   	0.660397   	0.0389404  	-0.919614  	0.377361   	0.180915   	0.18311    	0.174076   	-0.967272  	0.745734   	8.0632     	24.2588    	5.8295     	4.20951    	6.26638    	3.33686    	3.94273    	3.8414     	17.6138    	24.4977    	16.7273    	35.3478    	7.98825    	15.7999    	15.5739    	18.0367    	7.65301    	32.0109    	10.5961    	4.92785    	2.90823    	7.07363    	2.18025    	2.09558    	3.3982     	20.3604    	2.21281    	1.47919    	14.4764    	11.9538    	10.7447    	10.3827    	16.6341    	49.9731    	12.7469    	8.36965    	20.58      	32.1755    	13.5838    	8.06752    	6.40975    	23.0651    	2.36446    	0.859928   	8.10509    	6.15115    	6.79819    	6.8305     	6.7783     	4.24979    	4.78056    	4.32389    	14.27      	29.2941    	14.8825    	17.1868    	7.4259     	28.077     	4.35623    	1.6802     	11.6902	8.05984	9.23311	8.17658	9.58231	8.16372	8.68286	11.942	7.30115	10.0379	10.6445	9.02715	9.2224	6.90963	9.37133	0.999902   	0.000183512	0.000113062	0.0284353  	0.316206   	0.139922   	0.154146   	0.316217   	1.99789	
2.1e-10    	-0         	-0.154989  	-0.134081  	0.978517   	0.69282    	0.14465    	-0.0513127 	-0.987822  	0.734355   	0.000871317	0.932511   	0.353748   	0.145495   	0.11682    	-0.482763  	-0.866752  	0.257029   	0.156715   	0.189354   	-0.968969  	0.591378   	-0.146586  	0.0123229  	0.988799   	0.790182   	0.146614   	0.0215266  	-0.988666  	0.813599   	-0.132752  	0.273949   	0.951702   	0.403044   	-0.16232   	-0.277896  	0.946472   	0.464893   	0.163514   	0.421527   	-0.891376  	0.324975   	-0.14919   	-0.0551951 	0.987065   	0.805512   	0.142183   	-0.164567  	-0.97556   	0.535248   	-0.147484  	0.0964524  	0.984001   	0.648211   	-0.138467  	-0.740702  	0.653504   	0.187416   	0.152846   	0.0920813  	-0.98377   	0.76489    	11.6902    	17.5707    	2.34783    	1.53401    	9.06337    	33.873     	7.45962    	6.94476    	7.07148    	5.97114    	8.18618    	7.61683    	6.05732    	14.5334    	8.02362    	12.3814    	15.3135    	13.5824    	4.05792    	3.26739    	8.6796     	39.0789    	5.79354    	4.39396    	9.12361    	36.8638    	3.67399    	2.17392    	7.96833    	29.8004    	8.5732     	14.4249    	11.7273    	4.70464    	4.57993    	4.46696    	9.41861    	4.05043    	5.46086    	5.49314    	5.94228    	24.7712    	2.7327     	1.46773    	7.43201    	31.6335    	12.429     	16.7227    	7.40947    	29.8772    	12.024     	13.6124    	10.9303    	4.6383     	9.74163    	3.03954    	8.84685    	15.8837    	2.18201    	1.13005    	7.27053	10.0625	10.2285	10.8761	7.19644	11.1071	10.4979	8.05148	8.06257	10.824	10.7933	7.25431	8.69111	12.4233	9.14985	0.0375299  	0.00458746 	0.000872532	0.000458336	0.312342   	0.13843    	0.155702   	0.218002   	1.82301	
