#----------------------------------------------------------------------------------------------------------------------------------------------------------
# Output file for vampire simulation
#   time       : 2025-05-27 19:01:36     process id : 368409
#   hostname   : thor7.psi.ch
#   path       : /scratch/dossan_f/Na2BaMn(PO4)2/vampire_tripleUC_15mat_J2Ja_small_k0.035_Jnn0.11_Ba
#   version    : 6.0.0
#   githash    : 4c9651daecc86c3e6b6df0c8055fcd9e89fd900c
#----------------------------------------------------------------------------------------------------------------------------------------------------------
1e-11      	8          	0.999247   	2.55e-05   	0.00168445 	0.978962   	0.99926    	0.00204701 	0.000808038	0.979308   	0.999503   	-0.00125839	-0.00164791	0.980033   	0.998529   	0.0025428  	0.00231418 	0.979159   	0.99968    	-0.000470495	-0.00175774	0.979773   	0.999681   	-0.00162276	-0.000262775	0.979444   	0.999681   	0.00137549 	-0.000412981	0.979267   	0.999568   	-0.00140347	-0.00159597	0.979944   	0.998819   	0.00119508 	0.00250471 	0.979088   	0.999537   	-0.000809325	-0.00199294	0.980064   	0.999604   	-0.0013523 	0.000687243	0.979204   	0.99874    	0.00257698 	0.0018895  	0.979237   	0.999474   	-0.00175791	-0.00136456	0.979784   	0.998362   	0.00198904 	0.00292813 	0.97917    	0.999807   	0.000383136	-0.00126306	0.979675   	972.518    	0.765377   	28.9295    	851.473    	847.448    	63.9983    	9.79479    	693.765    	515.961    	50.7779    	78.8278    	389.029    	1078.99    	102.412    	84.6862    	700.841    	574.524    	5.2188     	59.1239    	503.231    	705.263    	35.7795    	2.24847    	646        	778.891    	19.5242    	3.46595    	728.161    	535.207    	42.8591    	56.26      	428.627    	1028.56    	20.326     	87.7837    	759.061    	506.625    	19.5579    	102.336    	391.159    	822.439    	17.0153    	6.24759    	765.685    	1000.78    	102.988    	52.2354    	686.72     	616.073    	68.3197    	39.5435    	489.578    	1137.19    	72.2131    	145.876    	685.554    	599.285    	2.63814    	28.1944    	560.835    	517528	409697	147293	623811	185425	286325	347037	160570	572936	141448	384748	550345	219024	680658	205290	0.999998   	0.00016222 	-2.06474e-06	0.97923    	11493.7    	6.14957    	0.130007   	11487.1    	5.05205e+06	
1.5e-11    	7.8        	0.999999   	-4.24106e-05	0.000130471	0.980163   	0.999999   	7.90972e-05	-6.117e-05 	0.980164   	0.999999   	-6.17117e-05	-6.20942e-05	0.980172   	0.999998   	7.24246e-05	-0.000140895	0.980153   	0.999999   	-0.000166421	-4.69365e-05	0.980168   	0.999998   	0.000119549	0.000197193	0.980178   	0.999999   	5.46435e-05	4.72794e-05	0.980173   	0.999998   	-6.09935e-05	-8.54433e-05	0.980162   	0.999998   	-2.35464e-05	1.97749e-05	0.980173   	0.999999   	4.54911e-05	-7.48505e-05	0.980171   	0.999999   	-2.54123e-05	6.75433e-05	0.980167   	0.999998   	-5.76667e-07	-7.28671e-05	0.980164   	0.999999   	4.61876e-06	-4.0197e-05	0.980168   	0.999999   	-9.33553e-05	3.22369e-05	0.980167   	0.999998   	7.48355e-05	-2.15208e-05	0.980165   	0.0100966  	0.688922   	0.830673   	0.0100876  	0.0105548  	0.65301    	0.779591   	0.0105485  	0.00978913 	0.625703   	0.78108    	0.0097877  	0.00962411 	0.717907   	0.916151   	0.0096144  	0.010839   	0.63286    	0.876457   	0.0108399  	0.00986853 	0.651583   	0.879381   	0.00986071 	0.0102794  	0.637843   	0.841588   	0.0102626  	0.0111649  	0.686328   	0.918932   	0.0111553  	0.0100131  	0.824713   	0.853696   	0.0100088  	0.0104177  	0.626992   	0.852535   	0.0104115  	0.00927261 	0.655034   	0.850473   	0.00926429 	0.0100967  	0.742052   	0.856686   	0.0100965  	0.0102709  	0.711692   	0.776009   	0.0102629  	0.00973591 	0.649918   	0.783691   	0.00974005 	0.00966915 	0.761505   	0.900452   	0.00966402 	6.88813	7.36799	6.60083	6.69431	7.5326	6.70827	6.90348	7.23511	6.96769	7.06298	6.59059	6.89105	7.18945	6.68703	6.91882	1          	-1.58636e-06	-7.42907e-06	0.980166   	0.0263844  	0.131803   	0.12817    	0.0263842  	2.87738	
2e-11      	7.6        	0.999998   	-1.63389e-05	-7.59458e-05	0.977775   	0.999998   	-0.000117559	-0.000126552	0.977773   	0.999998   	0.000103676	0.000201438	0.977771   	0.999998   	5.80132e-05	5.98713e-05	0.977782   	0.999998   	-0.000113025	8.22774e-05	0.977763   	0.999998   	8.79531e-05	-0.000172378	0.977778   	0.999998   	0.00011356 	-1.65064e-05	0.977771   	0.999998   	-0.000171949	7.44568e-05	0.977765   	0.999998   	2.9489e-05 	-1.39983e-05	0.977761   	0.999998   	0.000152441	-0.000201781	0.977774   	0.999998   	-0.000137872	-8.79189e-05	0.977764   	0.999998   	-3.38781e-05	0.000270708	0.977758   	0.999998   	0.00016654 	-0.000144493	0.977755   	0.999998   	0.00018193 	2.9677e-05 	0.977764   	0.999998   	-0.000300833	6.53988e-05	0.97776    	0.0126724  	0.917891   	1.10969    	0.0126552  	0.012602   	0.878369   	0.970016   	0.0125845  	0.0138771  	0.828996   	1.22906    	0.0138582  	0.0138708  	0.920683   	1.03466    	0.0138539  	0.012642   	0.82047    	1.02789    	0.0126322  	0.0133992  	0.853439   	1.05583    	0.013391   	0.0125324  	0.75086    	0.966276   	0.0125285  	0.013367   	0.896497   	1.20839    	0.0133428  	0.0136807  	0.864686   	1.05395    	0.0136565  	0.0131122  	0.819366   	0.921371   	0.0131215  	0.0134386  	0.817456   	1.30786    	0.0134462  	0.0144641  	0.865667   	1.16326    	0.0144756  	0.0129266  	0.840589   	1.04781    	0.0129119  	0.0128683  	0.807957   	0.954365   	0.0128598  	0.0142279  	0.794326   	0.939981   	0.0142164  	7.94386	7.51037	7.86437	8.09244	7.91481	8.11071	8.01614	7.80806	7.71002	8.08477	8.20236	8.73208	7.92735	8.5235	8.77705	1          	1.43701e-07	-3.71763e-06	0.977766   	0.0390308  	0.123154   	0.136075   	0.0390311  	3.17064	
2.5e-11    	7.4        	0.999997   	-5.10753e-05	5.47595e-05	0.974611   	0.999998   	6.39784e-06	-0.000218715	0.97462    	0.999997   	6.11705e-05	0.000186565	0.974614   	0.999997   	0.000107015	2.4595e-05 	0.974625   	0.999997   	-1.64121e-05	-6.19938e-06	0.97464    	0.999998   	-7.41621e-06	-1.17204e-06	0.974616   	0.999998   	-2.09064e-05	0.000184164	0.974626   	0.999998   	8.78426e-05	-0.000205028	0.974627   	0.999997   	-4.76958e-05	1.44277e-05	0.974619   	0.999997   	2.27181e-05	-0.000260616	0.974615   	0.999997   	0.000104951	0.000342501	0.974609   	0.999997   	-0.000151509	-8.79878e-05	0.974614   	0.999998   	-0.000166271	-9.5764e-05	0.974624   	0.999998   	5.83395e-05	-4.63752e-05	0.974627   	0.999998   	9.44398e-05	0.000123969	0.974642   	0.0191157  	1.03002    	1.67585    	0.0191258  	0.0188617  	0.89133    	1.36185    	0.0189032  	0.0182066  	1.14422    	1.46456    	0.0181978  	0.017353   	0.992863   	1.72501    	0.0173508  	0.0195786  	1.09376    	1.54541    	0.0195431  	0.0193394  	1.0553     	1.38068    	0.0193648  	0.0190961  	1.00901    	1.48198    	0.0191008  	0.0180025  	1.00348    	1.40306    	0.0179782  	0.01991    	0.982945   	1.73562    	0.019872   	0.0167418  	1.12386    	1.64846    	0.0167236  	0.0199738  	1.14918    	1.56108    	0.0199472  	0.0177044  	0.998957   	1.74624    	0.0176812  	0.0194264  	0.946079   	1.46764    	0.0194167  	0.0192928  	0.826397   	1.44341    	0.0193068  	0.0177364  	0.849369   	1.35676    	0.0177328  	9.56333	9.51349	9.2342	8.72747	9.80752	9.41671	9.31336	9.34922	9.82234	9.73122	10.1478	9.45372	9.81803	9.74029	9.03786	1          	5.43915e-06	6.04371e-07	0.974619   	0.0673141  	0.135628   	0.131693   	0.0673147  	3.38476	
3e-11      	7.2        	0.999996   	7.91681e-06	-0.000785653	0.970263   	0.999997   	-0.000130856	0.00027229 	0.970268   	0.999997   	0.000141751	0.000504865	0.970259   	0.999997   	-7.1111e-05	-0.000352139	0.970287   	0.999996   	0.000215481	0.000556499	0.970258   	0.999997   	-0.000111215	-0.000213741	0.970266   	0.999997   	-3.89128e-05	0.000451934	0.97026    	0.999997   	5.93522e-05	-0.000375243	0.970276   	0.999996   	-1.06924e-05	-6.88275e-05	0.970248   	0.999997   	-0.000183444	0.00011143 	0.97025    	0.999997   	0.00023832 	-0.000132404	0.970277   	0.999996   	-6.63185e-05	-4.27331e-06	0.970248   	0.999996   	0.00013026 	-0.000192866	0.970256   	0.999996   	-1.77664e-05	0.00021633 	0.970273   	0.999996   	-9.87623e-05	-3.91841e-05	0.97025    	0.0284969  	1.25823    	2.31882    	0.0284885  	0.0288712  	1.18401    	2.06731    	0.028859   	0.0300798  	1.33924    	1.97622    	0.0300625  	0.0289303  	1.48052    	1.83044    	0.0290068  	0.0284425  	1.34221    	2.23152    	0.0284913  	0.0288924  	1.23212    	2.11115    	0.0288599  	0.0278347  	1.21972    	2.14881    	0.0278888  	0.0277597  	1.18517    	2.14278    	0.027768   	0.0303902  	1.39689    	2.63295    	0.0303746  	0.0295211  	1.38255    	2.09108    	0.0294679  	0.0281148  	1.46567    	2.01861    	0.028086   	0.0292404  	1.27259    	2.49314    	0.0292191  	0.0287715  	1.13799    	2.73028    	0.0287803  	0.0273436  	1.19528    	2.50377    	0.0273373  	0.0269302  	1.31699    	3.08125    	0.0268771  	11.4352	11.778	11.1925	11.4497	11.4964	11.214	10.9304	11.3762	11.481	11.065	10.8981	11.0836	11.3872	11.4356	10.944	1          	4.26819e-06	-3.38931e-06	0.970259   	0.13664    	0.133646   	0.147122   	0.136639   	3.9026	
3.5e-11    	7          	0.999994   	1.82651e-05	0.000208614	0.963656   	0.999993   	-9.82813e-05	-0.000330199	0.963684   	0.999993   	5.21475e-05	0.000147958	0.963712   	0.999992   	-1.75253e-05	7.39588e-05	0.963664   	0.999993   	0.000179438	0.000177852	0.963689   	0.999993   	-0.000120507	-0.000305538	0.963684   	0.999994   	-0.000152949	0.000567468	0.963681   	0.999992   	0.000243966	0.000559769	0.963675   	0.999992   	-8.89999e-05	-0.00113197	0.963685   	0.999993   	7.76137e-05	0.00126998 	0.963712   	0.999993   	-0.000292282	-0.000679841	0.963699   	0.999989   	0.00024005 	-0.000613004	0.963648   	0.999992   	-0.000120386	4.59429e-05	0.963677   	0.999994   	4.92659e-05	-0.000700431	0.963685   	0.999993   	5.40985e-05	0.000620529	0.963666   	0.0524036  	1.79957    	4.48284    	0.0524233  	0.0550428  	1.83188    	4.67567    	0.0550059  	0.0573797  	1.8793     	4.81327    	0.0572561  	0.0644188  	2.25269    	5.47772    	0.0643594  	0.0578387  	1.71173    	5.50896    	0.0577093  	0.0577196  	2.02373    	4.44249    	0.0575546  	0.0586222  	1.63785    	4.58639    	0.0586042  	0.0560428  	1.84803    	5.80331    	0.0562292  	0.05511    	2.11227    	5.27267    	0.055084   	0.0611163  	1.96679    	4.38543    	0.0610354  	0.053086   	1.72224    	5.01454    	0.0529835  	0.0559787  	1.76559    	8.52182    	0.0558362  	0.0584391  	1.56062    	6.57274    	0.0583434  	0.0612447  	1.6218     	4.52133    	0.0614519  	0.0632311  	2.0138     	4.80906    	0.0631154  	14.5298	15.7115	15.1939	17.7205	16.1013	15.963	16.3297	15.0453	16.068	16.2496	15.4957	15.3264	15.9105	16.7606	16.5378	1          	1.59257e-06	-5.94457e-06	0.963674   	0.359912   	0.140177   	0.141401   	0.359913   	3.86411	
4e-11      	6.8        	0.999958   	0.000214113	-0.00736263	0.948167   	0.999844   	0.000373673	0.0119161  	0.945541   	0.999938   	-0.00058951	-0.00445032	0.949135   	0.999914   	0.000253271	0.0041483  	0.948241   	0.999974   	0.000103348	0.00483861 	0.948981   	0.999888   	-0.000380594	-0.00905676	0.945538   	0.999907   	-0.000514198	0.00999885 	0.946231   	0.999901   	-3.24755e-05	-0.00642995	0.947272   	0.999979   	0.000555554	-0.00353695	0.949304   	0.999979   	-0.000359862	0.00215695 	0.949389   	0.999907   	0.000233549	-0.0105738 	0.946716   	0.999892   	0.000136613	0.00843794 	0.94662    	0.999841   	-0.000893994	-0.0131946 	0.946088   	0.999977   	0.000870572	0.00305691 	0.949439   	0.999917   	6.0878e-06 	0.0101037  	0.947245   	1.51372    	2.17734    	12.2327    	1.49587    	5.46942    	2.16675    	78.8934    	5.00013    	0.88336    	2.53165    	47.3898    	0.909903   	0.999558   	2.75259    	72.4192    	0.989545   	1.03716    	2.54746    	11.3596    	1.0277     	5.02232    	3.12881    	64.3689    	4.74332    	5.01077    	2.36859    	38.7952    	4.79806    	1.38532    	2.72427    	72.9281    	1.32274    	0.744922   	2.25435    	12.2369    	0.73908    	0.955155   	2.54409    	15.4736    	0.947534   	4.11432    	2.45299    	32.8657    	3.93642    	2.50482    	2.25448    	67.166     	2.35511    	4.19573    	3.30351    	64.652     	3.8352     	1.14305    	2.85068    	14.5724    	1.14685    	2.35318    	2.92383    	28.1043    	2.24969    	76.8113	444.486	459.846	197.753	180.262	338.091	368.367	82.0901	380.66	612.146	245.087	51.503	254.251	636.121	53.7022	1          	-1.36613e-06	3.37547e-06	0.947519   	24.7677    	0.13723    	0.141166   	24.7677    	122.011	
4.5e-11    	6.6        	0.998791   	0.000121311	-0.0468025 	0.915483   	0.998464   	-0.000288775	0.0545976  	0.90087    	0.999942   	0.00011947 	-0.00695282	0.934309   	0.99979    	-0.000463395	0.0197435  	0.927843   	0.999305   	0.000120823	0.0343759  	0.923363   	0.998388   	0.000385306	-0.0555528 	0.89977    	0.998391   	0.000607927	0.0555921  	0.899986   	0.999558   	-7.0873e-05	-0.0293029 	0.921577   	0.999616   	-0.000530737	-0.0247997 	0.929353   	0.999813   	0.000203969	0.0153238  	0.934393   	0.998141   	-0.000414629	-0.059574  	0.901416   	0.999066   	0.000192769	0.042945   	0.915181   	0.998699   	-0.000276712	-0.0504132 	0.907635   	0.999933   	-4.64928e-05	-0.00628041	0.936673   	0.998268   	0.000348039	0.0571027  	0.906644   	4.10031    	2.14531    	99.3839    	3.26622    	4.20974    	2.28483    	36.5458    	4.64155    	0.91701    	2.63968    	28.8019    	0.890592   	1.04886    	2.27456    	11.7216    	1.0116     	2.03136    	2.34328    	92.194     	1.52733    	5.00816    	2.51433    	56.4639    	4.98792    	6.78015    	3.03497    	50.9498    	5.9536     	1.42005    	2.68123    	8.81459    	1.32505    	0.737127   	2.46428    	68.1733    	0.592155   	0.84713    	2.78094    	62.0452    	0.799829   	7.03385    	2.10288    	69.3758    	6.06799    	1.88035    	2.36266    	8.01007    	1.76999    	2.61052    	2.37058    	23.9572    	2.66859    	1.02679    	2.81467    	41.4208    	0.999862   	5.61853    	2.28319    	85.6826    	4.91174    	417.005	404.313	722.268	582.326	253.674	371.799	642.752	506.067	296.587	727.099	709.264	235.307	218.972	812.782	548.475	1          	-5.33841e-07	-3.38694e-06	0.916129   	22.5139    	0.140583   	0.141594   	22.5139    	130.571	
5e-11      	6.4        	0.992393   	6.85177e-05	-0.122319  	0.886651   	0.992972   	-0.000431947	0.117872   	0.875414   	0.999975   	0.000403269	0.00525896 	0.913356   	0.999706   	0.00029242 	0.0238453  	0.907827   	0.994299   	-0.000937862	0.105805   	0.895785   	0.991037   	0.000662765	-0.132837  	0.872658   	0.992156   	-0.000572629	0.124134   	0.8692     	0.999101   	-0.00010492	-0.0415852 	0.900313   	0.996882   	0.000612958	-0.0783381 	0.903906   	0.998332   	0.000322158	0.0570596  	0.911928   	0.99181    	-0.000490711	-0.127007  	0.870649   	0.997818   	0.000128837	0.0656135  	0.890549   	0.995547   	0.00012616 	-0.0939166 	0.881647   	0.99945    	0.000504217	-0.0322125 	0.915151   	0.991621   	-0.000622097	0.128394   	0.877475   	3.88219    	2.67192    	77.0643    	1.32743    	7.71972    	2.44656    	47.6723    	11.8066    	1.83558    	2.18614    	7.53514    	1.81108    	0.602156   	2.56348    	6.08288    	0.599292   	7.17623    	2.81233    	68.6725    	3.60888    	6.74993    	2.76528    	85.4801    	13.1089    	6.88368    	2.57817    	91.4268    	12.9356    	1.18105    	2.0745     	27.9695    	1.38658    	9.89759    	2.38369    	34.8637    	7.71844    	9.16653    	2.85044    	30.5916    	7.97195    	3.63029    	2.26748    	75.0065    	6.78267    	2.7149     	2.50152    	21.0438    	3.31191    	6.07167    	2.35063    	27.2141    	7.87229    	6.78116    	1.9089     	25.2849    	6.21848    	1.36091    	2.15242    	82.3577    	2.13552    	841.093	2226.29	528.289	201.704	1840.44	1887.25	1852.11	333.633	2759.5	2568.08	873.967	744.202	1711.62	1906.2	201.231	1          	2.14223e-06	-2.40588e-06	0.88757    	7.1841     	0.144819   	0.135749   	7.18409    	25.9045	
5.5e-11    	6.2        	0.981276   	0.00011465 	-0.192266  	0.862597   	0.98856    	-4.38039e-05	0.150739   	0.856366   	0.999132   	-8.46438e-05	0.0405345  	0.887271   	0.999951   	0.000172746	-0.00133942	0.884104   	0.984733   	0.000142941	0.173684   	0.869987   	0.984464   	-0.000302246	-0.175503  	0.852058   	0.981665   	0.000380483	0.190441   	0.849533   	0.999285   	-6.82296e-05	-0.0371145 	0.878252   	0.989037   	-0.000299047	-0.147046  	0.877632   	0.993351   	0.000279375	0.114558   	0.883752   	0.980104   	-9.84186e-05	-0.198235  	0.850896   	0.997035   	-0.000172215	0.076844   	0.870134   	0.99316    	-0.000433992	-0.116683  	0.862372   	0.996768   	0.000452362	-0.0796844 	0.88752    	0.979496   	-2.94067e-05	0.201194   	0.855801   	2.45417    	2.43231    	48.6653    	0.988912   	8.74731    	2.29776    	9.02385    	9.67184    	4.97099    	2.69491    	35.9483    	4.24854    	1.53492    	2.79143    	37.4074    	1.55502    	5.18984    	2.4236     	49.1101    	1.69936    	4.41548    	2.58598    	9.43545    	5.33208    	2.23382    	2.04532    	25.3792    	4.25497    	3.35544    	2.51131    	18.5025    	3.18079    	7.31298    	2.42089    	69.2425    	3.2396     	11.0166    	2.68028    	47.8114    	6.90809    	2.08792    	2.17863    	39.4612    	4.93628    	5.82203    	2.30756    	4.42377    	5.68046    	7.92358    	2.55192    	4.67326    	8.06364    	11.827     	2.36394    	38.9105    	9.18802    	1.6097     	2.27197    	42.0769    	3.48874    	583.369	2436.68	1298.39	403.205	1292.51	1176.09	542.824	982.51	1822.33	2860.97	544.208	1627.35	2261.88	3112.89	366.487	1          	1.61045e-06	-9.04734e-07	0.859831   	4.6531     	0.137296   	0.144251   	4.6531     	14.2412	
6e-11      	6          	0.969516   	-3.05327e-05	-0.24498   	0.835525   	0.983575   	0.000335914	0.180316   	0.836991   	0.998115   	-0.000265321	0.0608028  	0.865727   	0.999917   	7.18617e-05	-0.00949447	0.864162   	0.975405   	0.000480671	0.220369   	0.842789   	0.976955   	-0.000555477	-0.2133    	0.830453   	0.971311   	-7.39986e-05	0.237764   	0.827034   	0.998984   	-0.000235178	-0.0446214 	0.858949   	0.982631   	0.000306932	-0.185495  	0.850902   	0.988897   	0.000384228	0.148501   	0.857974   	0.967209   	0.000441309	-0.253918  	0.827284   	0.995388   	-0.000797961	0.0957001  	0.852662   	0.989923   	0.000616439	-0.141397  	0.84488    	0.994337   	-0.000212301	-0.106048  	0.863451   	0.966692   	-0.000393887	0.255882   	0.829997   	1.66528    	2.82271    	5.08636    	0.993606   	0.996011   	2.24494    	23.3485    	1.39915    	1.08078    	2.79799    	25.0945    	1.02432    	1.23542    	2.10796    	28.3368    	1.17491    	1.09101    	2.45671    	6.0854     	1.07998    	1.46285    	2.38088    	20.0871    	1.05141    	1.24817    	2.15465    	5.97156    	0.816913   	0.994112   	3.22635    	12.2296    	0.99533    	0.827341   	2.55586    	8.24248    	0.775646   	0.788733   	2.33123    	9.46436    	0.735297   	1.90884    	2.30403    	8.8624     	1.19211    	1.55623    	2.95366    	14.074     	1.41154    	0.99364    	2.14056    	20.4359    	1.11294    	0.587014   	2.94312    	16.0221    	0.731477   	1.56583    	2.4474     	8.16308    	0.795109   	374.684	229.605	265.072	331.331	230.764	319.155	235.346	255.802	183.761	203.706	408.703	395.182	214.658	150.777	318.538	1          	4.25715e-06	2.73334e-06	0.832465   	3.51228    	0.13482    	0.137679   	3.51228    	8.37434	
6.5e-11    	5.8        	0.95751    	-0.000275168	-0.288338  	0.807359   	0.981738   	0.000217649	0.190167   	0.81315    	0.99587    	1.33109e-05	0.0904569  	0.848053   	0.999495   	0.000269656	-0.0308034 	0.846938   	0.965373   	0.000389397	0.260795   	0.815276   	0.972985   	-0.000651885	-0.230808  	0.804379   	0.963201   	0.000535779	0.268737   	0.799363   	0.999135   	9.79462e-07	-0.0412352 	0.842454   	0.975906   	-0.000442403	-0.21814   	0.824333   	0.984667   	-0.000545456	0.17436    	0.834926   	0.956131   	0.000935561	-0.292905  	0.798081   	0.994538   	-0.000399725	0.104232   	0.835174   	0.988586   	-0.000331826	-0.150578  	0.824658   	0.990826   	0.000108117	-0.135014  	0.844052   	0.954184   	0.00020517 	0.299163   	0.800763   	2.10009    	2.68742    	8.58049    	0.943189   	1.29792    	2.79929    	6.70544    	1.17268    	1.53051    	2.66183    	21.4203    	2.01443    	1.4928     	3.32752    	20.0383    	1.6007     	1.56275    	2.75379    	11.1626    	1.01642    	2.09087    	2.99437    	6.51317    	2.2996     	1.36564    	2.82238    	5.16241    	1.42664    	1.20483    	2.45686    	8.4345     	1.21974    	2.34437    	2.20196    	5.76623    	1.93939    	2.09052    	2.0665     	9.82746    	2.86392    	2.33535    	2.75917    	3.0162     	1.7439     	0.779434   	2.12786    	9.376      	0.884642   	1.04155    	3.25566    	5.23785    	1.0477     	0.849063   	2.37839    	11.3588    	1.33366    	2.00148    	3.72324    	7.13617    	1.12834    	450.209	316.439	389.344	404.688	316.549	490.613	262.211	345.112	504.131	481.298	496.414	197.185	243.422	197.178	437.748	1          	-8.21765e-07	-9.46307e-07	0.805312   	2.76572    	0.142233   	0.145981   	2.76572    	6.25613	
7e-11      	5.6        	0.944522   	0.000279703	-0.328402  	0.781021   	0.977028   	-0.00066298	0.213029   	0.79279    	0.994566   	0.000401389	0.103848   	0.82679    	0.999406   	0.000196878	-0.0338689 	0.824422   	0.956727   	-9.75021e-05	0.290943   	0.790021   	0.966508   	-0.000140454	-0.256565  	0.781506   	0.953083   	0.000344584	0.302636   	0.774891   	0.998143   	-0.000187505	-0.0604963 	0.821605   	0.972784   	-0.000168117	-0.231671  	0.798072   	0.983536   	-0.000252527	0.180617   	0.810274   	0.943422   	0.000484815	-0.331548  	0.770476   	0.991213   	-0.000195863	0.132088   	0.817902   	0.98417    	0.0001589  	-0.177143  	0.808245   	0.989609   	5.96102e-05	-0.143698  	0.822208   	0.940171   	-0.000207382	0.340664   	0.771371   	2.14066    	2.26367    	6.97165    	1.37176    	1.95706    	3.00501    	8.74181    	1.78509    	1.96295    	3.1291     	16.774     	1.78752    	2.99597    	3.55723    	11.0058    	2.87114    	1.04997    	2.73984    	5.42566    	0.922693   	2.89454    	2.6421     	9.40559    	2.97384    	4.63684    	2.28096    	11.4987    	4.18849    	3.81486    	2.12005    	16.5202    	3.81588    	1.21326    	2.02537    	4.31376    	1.03822    	1.6417     	3.10629    	8.93709    	1.26338    	2.39361    	2.25734    	6.37284    	1.51386    	1.55153    	2.8549     	14.8759    	1.54875    	1.55739    	2.69053    	7.74143    	1.61471    	1.86808    	2.72534    	6.29908    	2.04407    	2.54096    	2.54314    	4.90616    	1.31188    	440.136	430.026	439.05	681.105	217.833	615.087	1033.38	852.963	290.733	378.288	457.831	363.857	378.78	420.893	488.614	1          	6.89257e-07	-1.32183e-06	0.778233   	2.38219    	0.137693   	0.146439   	2.38218    	5.03049	
7.5e-11    	5.4        	0.928904   	-0.000409117	-0.370273  	0.75453    	0.97678    	0.000278746	0.214153   	0.768256   	0.990272   	0.000110993	0.138982   	0.810037   	0.997992   	-0.000498428	-0.0630537 	0.803954   	0.945012   	0.000427954	0.326975   	0.766559   	0.965144   	0.000131829	-0.261663  	0.753743   	0.948695   	-0.000353686	0.316085   	0.747681   	0.998546   	0.000716145	-0.0536206 	0.796263   	0.968044   	-0.000375426	-0.250714  	0.774471   	0.981033   	0.000680666	0.193786   	0.788016   	0.934675   	-0.000455039	-0.355437  	0.742611   	0.990398   	-0.000254281	0.138139   	0.793942   	0.983685   	0.000162486	-0.179829  	0.785086   	0.98572    	-0.00108028	-0.168302  	0.80362    	0.927122   	0.00099689 	0.374712   	0.742895   	4.49105    	2.64179    	5.85555    	2.30053    	2.04039    	2.53032    	9.57442    	1.86276    	1.70558    	2.29778    	13.9656    	2.19777    	3.10122    	2.78286    	9.50407    	3.18893    	3.22358    	2.4526     	8.26082    	1.76322    	0.838277   	2.424      	7.09102    	1.07637    	3.70168    	2.81769    	15.3376    	1.62922    	5.70636    	3.03487    	7.68183    	6.12738    	1.43176    	2.62629    	7.72294    	0.886327   	1.73117    	2.35783    	4.24563    	1.51837    	5.63322    	2.35963    	8.39241    	2.7442     	4.12746    	2.50209    	8.76171    	5.17331    	2.37203    	2.8559     	5.86441    	2.76655    	1.94738    	2.95679    	7.66966    	2.09867    	6.16637    	2.24279    	5.27259    	3.2054     	857.397	439.107	405.05	644.318	659.195	166.267	777.178	1184.61	314.155	390.229	1103.41	883.968	514.358	422.606	1185.3	1          	3.01767e-06	2.47451e-05	0.751233   	2.08367    	0.139108   	0.145526   	2.08368    	4.94486	
8e-11      	5.2        	0.908652   	0.000483509	-0.417509  	0.726653   	0.975105   	0.000189982	0.221666   	0.747082   	0.985307   	-0.000617906	0.170627   	0.795484   	0.995055   	-0.000281796	-0.0989072 	0.791204   	0.927456   	-0.000177117	0.373864   	0.740743   	0.962968   	0.000535826	-0.269551  	0.726063   	0.93876    	-0.000291998	0.344508   	0.716293   	0.998506   	0.000309846	-0.05393   	0.778759   	0.961917   	4.3005e-06 	-0.273229  	0.752063   	0.980051   	0.000622647	0.198684   	0.767016   	0.916995   	-0.000580959	-0.398852  	0.71183    	0.985951   	-9.56048e-05	0.166961   	0.778874   	0.979843   	-0.000924087	-0.199702  	0.768617   	0.983878   	0.000225323	-0.178775  	0.785816   	0.909228   	0.000716743	0.416277   	0.710469   	3.6462     	2.67034    	6.05903    	1.52983    	3.22975    	3.00412    	7.17016    	2.85762    	2.79665    	3.21451    	15.2133    	2.31167    	2.07088    	3.62287    	24.6918    	2.76289    	3.79155    	3.02182    	9.23266    	1.0846     	1.69205    	3.28526    	6.1433     	1.10121    	2.86758    	2.68269    	8.19227    	1.83638    	4.83466    	2.59699    	21.9521    	4.47132    	2.22184    	2.57077    	14.8602    	1.05172    	1.00117    	2.58288    	4.92052    	1.03107    	2.5082     	1.88971    	7.22431    	1.38979    	2.53217    	2.6262     	6.08837    	2.99117    	1.2969     	2.49339    	5.78705    	1.41398    	1.17553    	2.42132    	5.60897    	1.4158     	2.09173    	2.38267    	1.90479    	1.62574    	670.928	640.199	540.02	446.997	695.172	340.271	534.061	961.603	457.546	202.047	470.621	507.249	280.679	240.849	362.777	1          	3.26103e-06	4.52051e-05	0.724274   	1.86651    	0.139195   	0.153739   	1.86651    	3.88713	
8.5e-11    	5          	0.890398   	0.000268746	-0.455159  	0.701009   	0.971522   	0.000236212	0.236897   	0.728528   	0.982606   	-0.00051481	0.185607   	0.773336   	0.994857   	0.000341258	-0.100659  	0.763284   	0.923566   	-0.000871205	0.383277   	0.719131   	0.9601     	0.000585188	-0.279583  	0.69684    	0.932641   	-0.000698309	0.360756   	0.689302   	0.997812   	-0.000322982	-0.0658417 	0.750245   	0.961839   	0.00104074 	-0.273493  	0.728932   	0.980448   	-0.000435805	0.196665   	0.740959   	0.901113   	-0.000515148	-0.433546  	0.687073   	0.980224   	0.00086984 	0.197803   	0.760965   	0.972556   	-0.000549627	-0.232593  	0.756109   	0.983906   	-0.000323356	-0.178615  	0.759906   	0.889257   	0.00100088 	0.457383   	0.684093   	3.59585    	2.29978    	3.06878    	2.96858    	1.68212    	2.14843    	4.30807    	1.37517    	3.01111    	2.67283    	9.34847    	3.60087    	5.17122    	2.8186     	39.0072    	7.44132    	11.2301    	2.86951    	22.6474    	2.22813    	3.60859    	2.82588    	6.59877    	2.33466    	2.13907    	2.51258    	5.68811    	1.40224    	6.86587    	3.3465     	7.03084    	6.43734    	3.59856    	3.23238    	13.4851    	1.41156    	1.16442    	3.15261    	9.96043    	1.07271    	3.18295    	3.01427    	3.7734     	1.57104    	3.29293    	3.36132    	6.90153    	2.77106    	1.52098    	3.33235    	8.13483    	1.96294    	2.50825    	2.59865    	5.61956    	2.65541    	3.13092    	2.93855    	2.42176    	2.70611    	628.884	317.398	543.93	892.539	2049.3	655.986	400.38	1178.5	659.232	227.172	555.046	555.62	304.055	443.189	519.263	1          	4.66693e-06	5.45239e-05	0.697326   	1.69704    	0.144245   	0.148752   	1.69704    	3.8974	
9e-11      	4.8        	0.870174   	0.00057412 	-0.492721  	0.682396   	0.967702   	-7.91811e-05	0.25205    	0.70324    	0.978396   	-0.000523314	0.206669   	0.753005   	0.995401   	0.000319154	-0.0956019 	0.730002   	0.922921   	-0.000619303	0.384942   	0.698782   	0.956554   	0.00026508 	-0.291497  	0.669009   	0.928459   	-0.00136388	0.371312   	0.663028   	0.996698   	0.000629458	-0.0807044 	0.714404   	0.964181   	0.000662041	-0.265159  	0.709243   	0.980174   	-6.5457e-05	0.198093   	0.720233   	0.881793   	0.00026104 	-0.471602  	0.660258   	0.974502   	-0.000170683	0.224294   	0.741395   	0.967935   	0.000523128	-0.25114   	0.734935   	0.982547   	-0.0006561 	-0.185927  	0.741258   	0.869736   	0.000147602	0.493498   	0.656329   	4.26514    	2.52827    	2.02544    	3.17777    	2.8402     	3.41913    	2.87089    	3.10412    	2.76077    	3.65838    	5.2276     	3.05502    	3.34405    	4.26795    	6.23035    	3.40909    	3.78623    	2.39236    	5.11422    	1.95146    	2.46099    	3.67515    	4.86367    	2.84144    	3.87757    	2.61294    	16.0777    	1.21863    	11.2619    	3.31501    	19.9867    	12.6104    	2.60251    	3.29274    	8.42585    	2.13254    	1.40052    	2.2195     	2.612      	1.22068    	3.26921    	2.27959    	3.99209    	1.89651    	1.32893    	2.13946    	10.062     	2.10465    	2.57085    	3.05654    	6.75214    	3.29064    	1.86226    	3.58763    	6.58179    	2.37751    	3.93246    	2.49262    	1.07977    	3.12302    	700.771	483.711	465.845	458.546	657.342	433.452	703.648	1735.01	445.122	254.293	514.581	238.586	456.874	325.819	618.401	1          	-6.38454e-06	3.6254e-05 	0.670349   	1.57444    	0.133678   	0.153092   	1.57443    	3.46097	
9.5e-11    	4.6        	0.845662   	-0.000305826	-0.533698  	0.660833   	0.964604   	-0.000540233	0.263656   	0.681323   	0.972982   	0.000802934	0.230823   	0.73403    	0.994847   	-0.00167692	-0.101227  	0.702213   	0.917402   	0.000397933	0.397926   	0.677117   	0.95298    	0.00143898 	-0.302983  	0.640621   	0.925891   	-0.000636496	0.377748   	0.636748   	0.997396   	0.00112731 	-0.0718102 	0.682272   	0.960571   	-0.000518286	-0.277972  	0.687329   	0.97838    	0.000343933	0.206739   	0.697663   	0.859713   	0.000373032	-0.510747  	0.634518   	0.969436   	-0.000664035	0.245282   	0.723892   	0.961716   	0.00149594 	-0.273999  	0.719436   	0.981254   	-0.00115233	-0.192662  	0.717099   	0.846197   	-0.000390022	0.532847   	0.631132   	2.76594    	3.01927    	1.8688     	2.40239    	1.7135     	2.5322     	3.4631     	1.80298    	3.02133    	4.05013    	3.7045     	3.16726    	2.83473    	3.49938    	4.25029    	2.94863    	2.04654    	2.49427    	3.43292    	1.022      	1.56385    	2.94301    	2.99199    	1.48124    	3.10341    	2.84904    	3.16877    	2.18461    	3.50948    	4.32814    	6.24906    	3.38003    	3.30626    	3.26858    	4.40824    	2.28099    	1.32687    	4.43905    	3.81849    	1.21226    	2.64043    	2.58547    	2.51591    	1.19985    	1.99888    	4.1945     	4.25214    	1.95138    	1.27999    	3.01468    	3.75409    	1.18428    	2.58916    	3.57896    	2.31157    	2.84691    	3.37506    	2.81715    	1.42291    	2.46705    	408.454	282.449	434.048	408.648	329.337	243.918	480.404	513.918	517.416	218.466	397.6	319.274	205.861	363.43	516.139	1          	4.38058e-06	-1.55111e-05	0.643352   	1.48917    	0.137318   	0.151068   	1.48917    	3.37959	
1e-10      	4.4        	0.818509   	0.000119295	-0.574472  	0.639833   	0.961915   	-0.000846202	0.273314   	0.660708   	0.966455   	0.000745624	0.256793   	0.713893   	0.993141   	-0.000705516	-0.116795  	0.674919   	0.907411   	0.000738062	0.420218   	0.653384   	0.95054    	-4.73639e-05	-0.310568  	0.61651    	0.92034    	0.000555928	0.391083   	0.611852   	0.99743    	-7.78789e-05	-0.0714475 	0.651926   	0.957303   	-0.000330712	-0.28905   	0.664152   	0.97737    	0.000369203	0.211483   	0.678829   	0.831757   	-0.000258596	-0.555113  	0.60687    	0.962705   	-0.000108336	0.27051    	0.707093   	0.956264   	0.000126302	-0.292464  	0.702509   	0.979866   	-0.000982644	-0.199588  	0.695154   	0.820908   	0.000878738	0.571039   	0.604033   	2.9316     	2.6353     	1.8273     	1.94927    	1.73561    	2.43407    	1.66828    	1.54936    	1.43024    	2.9781     	3.12194    	1.41029    	1.88176    	3.80532    	3.26796    	1.92043    	1.62696    	3.00586    	1.5176     	1.26351    	2.6044     	2.36032    	1.59655    	2.33549    	1.64628    	3.71222    	1.56822    	1.27509    	2.35272    	4.15953    	2.53494    	2.41013    	1.80754    	2.84599    	1.99201    	1.50995    	1.77199    	3.49833    	1.92022    	1.50422    	3.24752    	2.61229    	1.63314    	1.65078    	1.16616    	3.12983    	3.02669    	1.31194    	1.40275    	3.10204    	2.87494    	1.17382    	1.01423    	3.23958    	3.72973    	1.04973    	2.33706    	2.39634    	1.36243    	1.59269    	406.623	250.999	204.632	250.503	219.644	372.783	238.187	309.58	271.52	269.691	417.899	181.912	214.822	156.866	319.335	1          	5.24077e-06	2.10278e-06	0.616354   	1.4013     	0.135787   	0.163508   	1.4013     	3.22235	
1.05e-10   	4.2        	0.786827   	0.000744595	-0.617153  	0.619298   	0.958816   	-1.73047e-06	0.284      	0.641034   	0.959103   	-0.000682489	0.28302    	0.694537   	0.991879   	0.000869785	-0.12706   	0.647523   	0.89828    	-0.000557311	0.439396   	0.630869   	0.946555   	-0.000367764	-0.322497  	0.590658   	0.913047   	0.000355234	0.407821   	0.585396   	0.997122   	-0.000161564	-0.0755975 	0.621027   	0.954937   	-0.000180281	-0.29676   	0.643279   	0.976078   	-9.21781e-05	0.217356   	0.658266   	0.80291    	0.000425938	-0.596072  	0.581922   	0.956134   	-0.00028223	0.292891   	0.688536   	0.950315   	0.000309168	-0.311252  	0.684128   	0.978289   	-0.000698079	-0.207194  	0.673855   	0.79233    	0.000380595	0.61007    	0.578852   	1.94334    	2.58974    	1.52254    	0.866758   	1.42136    	2.42768    	1.1104     	1.34063    	1.09098    	3.0468     	2.18092    	1.15319    	2.03344    	4.05528    	2.74925    	1.94733    	1.50497    	3.31253    	1.52193    	1.11089    	1.76796    	2.85361    	2.59661    	1.58834    	1.90502    	3.15142    	1.38202    	1.58559    	2.27343    	4.85355    	1.81461    	2.23809    	1.68092    	4.31813    	1.78978    	1.37513    	1.358      	5.12276    	1.55753    	1.35251    	1.96864    	3.842      	1.19085    	0.913998   	1.60081    	4.41847    	1.60809    	1.68953    	1.2499     	4.39128    	1.21464    	1.11034    	1.39061    	3.34753    	1.49738    	1.35096    	2.04073    	3.38937    	0.90753    	1.34465    	244.078	191.979	151.416	248.169	203.695	238.978	246.385	283.124	223.876	193.266	246.635	227.222	176.507	178.004	262.251	1          	-8.33024e-06	2.44775e-05	0.589348   	1.34834    	0.138807   	0.15251    	1.34834    	3.17615	
1.1e-10    	4          	0.754369   	0.000547015	-0.656432  	0.599887   	0.954824   	0.000917718	0.297129   	0.620113   	0.952146   	-0.00137794	0.305594   	0.67469    	0.990587   	0.000972911	-0.13678   	0.621396   	0.887257   	-3.48823e-05	0.461249   	0.607238   	0.9414     	-0.000928925	-0.337256  	0.565715   	0.903899   	-0.00045058	0.427716   	0.559173   	0.996834   	0.000349742	-0.0793367 	0.59061    	0.951625   	3.4622e-05 	-0.307223  	0.622927   	0.97467    	8.24117e-05	0.223596   	0.639224   	0.769384   	0.00108709 	-0.638765  	0.556899   	0.949206   	-0.000937025	0.314613   	0.669684   	0.944574   	1.28183e-05	-0.328265  	0.666383   	0.976322   	0.00103107 	-0.216273  	0.651201   	0.760749   	-0.00116671	0.649025   	0.554699   	1.97364    	2.30573    	1.1104     	0.866338   	1.53282    	3.82933    	1.04936    	1.43355    	1.51718    	4.45811    	2.00056    	1.20205    	1.41351    	4.33794    	1.62088    	1.4495     	1.5572     	3.58547    	1.00482    	1.23181    	1.78808    	2.94808    	0.923504   	1.61431    	1.66286    	3.15663    	0.98758    	1.42229    	1.8336     	3.65533    	1.39994    	1.83866    	1.24389    	3.87125    	1.25339    	1.15267    	1.45894    	3.93072    	0.990603   	1.36932    	2.02906    	2.59846    	0.812927   	1.05839    	1.21526    	4.29031    	1.87064    	1.14464    	1.02326    	3.79805    	1.23667    	0.865372   	1.23485    	3.18014    	1.3048     	1.1648     	1.53993    	3.07635    	0.721655   	0.939025   	227.495	197.021	192.305	159.724	187.346	229.174	202.852	208.03	158.25	190.215	230.071	156.349	129.842	155.54	177.761	1          	7.13413e-06	2.38806e-05	0.562352   	1.28147    	0.13758    	0.155393   	1.28147    	3.08335	
1.15e-10   	3.8        	0.719116   	-8.55728e-05	-0.694869  	0.580593   	0.950927   	0.00108343 	0.309376   	0.599833   	0.944662   	-0.000879473	0.328006   	0.654298   	0.989081   	0.00107858 	-0.147276  	0.594537   	0.875344   	-0.000992643	0.483473   	0.584137   	0.935891   	-0.000151527	-0.352248  	0.541123   	0.892993   	-0.000850376	0.450038   	0.533073   	0.996514   	-0.0003671 	-0.0832151 	0.561905   	0.947558   	0.00112785 	-0.319543  	0.601475   	0.972826   	-0.000655109	0.23149    	0.618812   	0.733522   	-2.50442e-05	-0.679641  	0.533739   	0.942435   	0.000602619	0.33435    	0.650178   	0.938251   	-0.00156762	-0.345923  	0.648043   	0.974427   	0.00124999 	-0.224653  	0.629255   	0.725117   	0.000488016	0.688605   	0.531289   	1.78518    	3.28313    	0.765611   	0.665615   	1.36226    	3.50284    	0.967188   	1.26084    	1.33798    	4.53375    	1.31184    	1.22038    	1.97786    	3.96866    	1.08234    	2.02885    	1.42976    	3.68233    	0.803829   	1.10996    	1.52119    	3.43994    	0.886881   	1.23858    	1.8399     	3.26962    	0.640603   	1.44083    	1.85851    	4.96081    	0.932527   	1.81057    	1.74208    	3.53405    	1.08667    	1.59804    	1.18078    	3.46501    	0.891629   	1.13816    	2.43685    	3.20901    	0.707513   	1.14083    	1.29348    	4.6448     	1.18955    	1.10345    	1.56098    	3.62339    	0.836011   	1.40524    	1.48222    	3.68161    	0.854881   	1.36965    	1.95901    	2.62124    	0.497783   	0.731194   	189.239	165.979	148.519	204.448	166.678	184.697	205.693	198.625	196.227	143.838	251.64	154.627	177.041	172.563	204.034	1          	3.23253e-06	1.72781e-05	0.535361   	1.24408    	0.14685    	0.148637   	1.24408    	2.80512	
1.2e-10    	3.6        	0.681515   	0.00118033 	-0.731778  	0.562439   	0.94633    	-0.000855697	0.32317    	0.578832   	0.937079   	-0.000228858	0.349079   	0.633681   	0.987523   	-0.000657959	-0.157389  	0.56876    	0.861883   	-0.000212604	0.50708    	0.561541   	0.928758   	0.000961742	-0.370646  	0.515895   	0.881063   	8.17632e-05	0.472955   	0.508111   	0.996022   	0.000431298	-0.0888922 	0.531431   	0.943649   	-0.000453689	-0.330894  	0.580654   	0.970951   	-9.4672e-05	0.239219   	0.599069   	0.692055   	8.69684e-05	-0.721804  	0.511056   	0.935122   	2.35637e-05	0.354275   	0.630981   	0.931765   	0.00016919 	-0.363026  	0.629395   	0.972133   	3.70048e-05	-0.234375  	0.607631   	0.684662   	-0.000232722	0.728834   	0.508987   	1.54732    	4.91941    	0.482803   	0.66561    	1.13338    	2.54571    	0.801704   	0.957509   	1.19439    	4.80201    	0.835097   	0.951436   	1.35144    	3.65374    	1.03874    	1.36053    	1.4313     	3.48617    	0.903985   	1.18612    	1.92971    	3.05748    	0.782491   	1.56959    	1.77373    	4.79029    	0.5225     	1.3927     	2.03402    	4.94194    	0.780827   	1.97871    	0.985074   	5.55772    	0.873092   	0.817483   	1.22131    	4.42793    	1.02031    	1.20445    	2.62532    	6.25989    	0.419933   	1.01998    	1.56332    	6.3335     	0.868252   	1.23176    	1.28645    	4.57001    	0.865991   	0.977895   	1.39278    	4.03113    	0.878003   	1.31543    	2.03782    	4.03883    	0.286003   	0.984293   	153.074	124.077	120.668	138.952	146.171	196.01	181.485	197.665	110.593	133.647	256.207	162.675	133.956	141.741	205.9	1          	6.82829e-06	-4.26587e-05	0.508376   	1.18264    	0.141685   	0.147609   	1.18264    	2.86896	
1.25e-10   	3.4        	0.63896    	-0.000992677	-0.76922   	0.543933   	0.940921   	0.000309003	0.338574   	0.558807   	0.929608   	0.000641141	0.368498   	0.613779   	0.985777   	-0.00091352	-0.167932  	0.54251    	0.8464     	0.00162411 	0.532517   	0.538782   	0.920791   	-0.000664204	-0.389989  	0.491819   	0.866043   	0.000936214	0.499925   	0.482624   	0.995528   	0.000504085	-0.0941618 	0.502819   	0.938662   	-0.00136146	-0.34478   	0.559732   	0.968678   	-0.000788839	0.24824    	0.579859   	0.644691   	-0.000324288	-0.764415  	0.489582   	0.92769    	0.00110553 	0.373299   	0.611391   	0.925001   	-0.000281564	-0.379923  	0.610488   	0.969567   	0.000760753	-0.244759  	0.585139   	0.640166   	-0.000656494	0.768213   	0.488633   	2.05878    	3.23756    	0.332415   	0.854904   	1.37304    	5.03754    	0.667319   	1.19979    	1.71328    	6.36981    	0.797043   	1.25935    	1.46168    	5.79912    	0.637963   	1.38478    	1.78224    	3.60709    	0.498363   	1.23387    	1.56031    	6.22248    	0.498127   	1.39512    	1.72669    	4.6442     	0.445065   	1.21779    	1.77091    	7.21861    	0.450492   	1.72892    	1.15801    	5.58488    	0.707738   	0.999848   	1.12688    	6.5139     	0.632954   	1.09221    	1.79939    	3.91201    	0.339232   	0.611493   	1.03615    	6.88714    	0.665566   	0.865487   	1.30549    	5.54582    	0.713248   	1.11922    	1.25783    	5.31388    	0.695603   	1.20682    	2.03451    	2.90315    	0.31788    	0.709314   	186.725	132.889	153.208	129.477	165.261	147.048	158.718	155.085	121.339	120.048	163.11	105.978	129.638	124.416	183.819	1          	5.55171e-06	8.92031e-06	0.481393   	1.14053    	0.138634   	0.150397   	1.14053    	2.53529	
1.3e-10    	3.2        	0.595086   	0.00047128 	-0.803638  	0.527353   	0.93527    	0.00055349 	0.353894   	0.537611   	0.92126    	-0.000946859	0.388895   	0.592938   	0.98399    	0.000486328	-0.178074  	0.516597   	0.829443   	-0.00158653	0.558541   	0.516422   	0.911295   	0.00116809 	-0.411707  	0.467449   	0.848903   	-0.00290774	0.528497   	0.4582     	0.994861   	0.00203828 	-0.100813  	0.473715   	0.933149   	0.000715092	-0.359423  	0.538613   	0.966078   	-0.000293664	0.258144   	0.559871   	0.592759   	-0.000449314	-0.805347  	0.469769   	0.920079   	0.000841151	0.391672   	0.591554   	0.917659   	-0.00193426	-0.397314  	0.591833   	0.96686    	0.00131246 	-0.255199  	0.563153   	0.589382   	0.000639403	0.807824   	0.469179   	1.80369    	4.23107    	0.270862   	0.637515   	1.17672    	3.94111    	0.480075   	0.991567   	1.42429    	6.80542    	0.52691    	1.2175     	1.23509    	7.14445    	0.468291   	1.22095    	1.3943     	7.0171     	0.354171   	1.02516    	1.43049    	3.84615    	0.408911   	1.23194    	1.4436     	4.51061    	0.321118   	1.00897    	1.72785    	9.67402    	0.396142   	1.69891    	1.36706    	6.62519    	0.512415   	1.15561    	1.00379    	8.7266     	0.478341   	0.960141   	2.48252    	4.4569     	0.232238   	0.763636   	1.32151    	7.94022    	0.547317   	1.07719    	1.17263    	6.92405    	0.486044   	1.01125    	1.00185    	8.65304    	0.572758   	1.00067    	2.12435    	4.08646    	0.223537   	0.678648   	152.915	110.388	122.874	107.402	118.717	127.205	121.36	141.546	117.715	95.9942	197.336	132.12	106.578	93.7651	169.712	1          	-4.75816e-07	-1.37633e-05	0.454409   	1.1333     	0.142556   	0.159007   	1.1333     	2.36577	
1.35e-10   	3          	0.547293   	-0.000601626	-0.836917  	0.511262   	0.929041   	0.0013039  	0.36992    	0.516963   	0.912654   	-0.000632177	0.408694   	0.571665   	0.981843   	-0.000765145	-0.189559  	0.491178   	0.809729   	0.000266095	0.586759   	0.494331   	0.900174   	0.000522992	-0.435452  	0.443279   	0.828994   	-0.00148554	0.559199   	0.434322   	0.994149   	0.00251582 	-0.107662  	0.444376   	0.927085   	-0.000784182	-0.374804  	0.51773    	0.963318   	0.00197144 	0.268294   	0.54049    	0.532622   	-0.000367472	-0.846318  	0.451072   	0.911928   	-0.00165719	0.410308   	0.572236   	0.910345   	-0.00133275	-0.413806  	0.572659   	0.963609   	-0.00088218	-0.267229  	0.541408   	0.532732   	0.00283738 	0.846244   	0.451111   	2.25605    	3.95588    	0.238712   	0.661016   	1.23582    	5.26996    	0.431014   	1.11301    	1.34474    	4.97938    	0.468066   	1.1858     	1.3171     	6.19544    	0.436878   	1.27693    	1.76169    	6.08308    	0.303505   	1.18755    	1.41299    	6.50734    	0.35582    	1.16842    	1.50835    	5.58992    	0.268049   	1.01447    	1.42764    	7.04701    	0.384181   	1.41229    	1.20118    	4.41686    	0.408181   	1.03649    	0.969096   	4.48303    	0.525227   	0.958483   	2.22426    	4.6458     	0.193079   	0.620142   	1.3063     	4.75649    	0.479377   	1.03718    	1.11524    	5.54363    	0.482972   	0.931857   	1.0938     	6.58793    	0.43734    	1.01263    	1.6531     	5.24386    	0.187999   	0.443795   	175.725	110	109.153	100.703	131.801	115.389	115.429	97.4825	97.6135	86.0883	165.2	99.6423	89.3309	86.8761	121.141	1          	9.21715e-06	6.38885e-06	0.42742    	1.08132    	0.142266   	0.156144   	1.08132    	2.30725	
1.4e-10    	2.8        	0.495152   	0.00170479 	-0.868765  	0.49608    	0.921628   	-0.00133367	0.387938   	0.495795   	0.90398    	-0.000189332	0.427507   	0.551136   	0.97949    	0.000730532	-0.201351  	0.465358   	0.787689   	0.000893925	0.616017   	0.473102   	0.88685    	-0.00176863	-0.461959  	0.419527   	0.805408   	0.00174033 	0.59265    	0.411044   	0.99327    	-8.45658e-05	-0.11548   	0.415719   	0.919946   	-0.00155538	-0.391981  	0.496556   	0.960066   	0.00218281 	0.279661   	0.520291   	0.467699   	1.63332e-05	-0.883848  	0.434642   	0.903461   	-0.0017545 	0.428592   	0.552316   	0.902089   	0.0025328  	-0.431489  	0.553459   	0.960123   	-0.00305216	-0.279453  	0.519227   	0.470376   	-8.48129e-05	0.882431   	0.435144   	1.53845    	7.75287    	0.176056   	0.377125   	1.10089    	13.2868    	0.319987   	0.946116   	1.09247    	8.81763    	0.403599   	0.899303   	1.44761    	6.26278    	0.31155    	1.41108    	1.7437     	7.26098    	0.276409   	1.031      	1.3501     	7.79969    	0.270418   	1.13609    	1.31519    	6.68703    	0.259003   	0.862636   	1.0917     	7.01615    	0.298601   	1.0519     	1.36901    	5.91228    	0.310487   	1.17525    	1.25016    	7.9711     	0.330355   	1.14164    	1.932      	5.56904    	0.138013   	0.427108   	1.13488    	9.99165    	0.330045   	0.935334   	1.25028    	7.04911    	0.350191   	1.01602    	0.926167   	8.26173    	0.401268   	0.843332   	1.81942    	4.83583    	0.1409     	0.420108   	109.415	86.057	79.9031	98.6155	119.37	94.6838	95.0788	85.6517	103.362	93.36	131.436	91.5998	88.7491	76.9805	114.332	1          	-7.61687e-06	8.05921e-07	0.400425   	1.09656    	0.144774   	0.161369   	1.09656    	2.31006	
1.45e-10   	2.6        	0.439779   	-0.00146634	-0.898066  	0.481967   	0.913443   	0.00367947 	0.406896   	0.474584   	0.894707   	-0.00241894	0.446591   	0.530057   	0.976721   	0.00107696 	-0.214262  	0.439806   	0.762372   	0.00271676 	0.647061   	0.452064   	0.87135    	-0.00451678	-0.490563  	0.39611    	0.776975   	0.00475236 	0.629464   	0.388104   	0.992138   	-0.00514592	-0.124461  	0.387041   	0.911964   	0.00091747 	-0.410094  	0.476103   	0.956323   	-0.00141187	0.292119   	0.499983   	0.395825   	-0.00536156	-0.918277  	0.420111   	0.894703   	0.00491476 	0.446535   	0.53246    	0.893609   	-0.00440094	-0.448767  	0.534628   	0.956165   	0.00296974 	-0.292698  	0.497665   	0.39948    	0.00284136 	0.916693   	0.420665   	2.04133    	7.05882    	0.128993   	0.41502    	1.28277    	4.91461    	0.309719   	1.16071    	1.09474    	7.15408    	0.305472   	0.897414   	1.41244    	10.6847    	0.266425   	1.35755    	1.21201    	9.65686    	0.218154   	0.771177   	1.56688    	5.86623    	0.23816    	1.17444    	1.49955    	4.23111    	0.210563   	0.878958   	1.55519    	11.3825    	0.243742   	1.55135    	1.0876     	17.125     	0.284651   	0.939093   	0.932082   	14.4055    	0.352782   	0.889893   	1.40988    	4.5742     	0.133308   	0.278859   	0.993919   	13.0319    	0.325857   	0.832348   	1.24707    	7.4293     	0.305477   	1.03984    	1.10481    	8.59851    	0.331439   	1.02294    	1.5904     	6.31995    	0.125404   	0.301249   	127.514	88.4836	79.3157	95.5396	86.3714	106.383	94.8177	97.0861	77.3339	67.6772	96.4571	73.2098	87.7504	75.5846	102.716	1          	-1.24905e-05	-1.81276e-05	0.37342    	1.05788    	0.138195   	0.159571   	1.05787    	2.27496	
1.5e-10    	2.4        	0.378892   	-0.0388675 	-0.924119  	0.469107   	0.901307   	0.0668488  	0.426142   	0.455077   	0.884806   	-0.0245262 	0.465106   	0.508658   	0.972685   	0.0412289  	-0.227343  	0.413348   	0.734101   	0.0246181  	0.678084   	0.43228    	0.848842   	-0.0747649 	-0.521064  	0.374723   	0.74152    	0.0615512  	0.666325   	0.368349   	0.988727   	-0.0526209 	-0.13585   	0.358128   	0.902391   	-0.00678081	-0.430437  	0.45507    	0.952301   	-0.00573355	0.304884   	0.479978   	0.317305   	-0.0550416 	-0.945717  	0.408837   	0.883332   	0.0480239  	0.465286   	0.512049   	0.881841   	-0.0564309 	-0.467044  	0.514614   	0.951565   	0.0159607  	-0.306876  	0.475218   	0.326893   	0.0534842  	0.942694   	0.409885   	1.79118    	109.14     	0.167516   	0.531164   	1.25044    	176.06     	0.382437   	1.85611    	1.21835    	26.3833    	0.375873   	0.969118   	1.99129    	45.2131    	0.359647   	1.7339     	1.53186    	68.7024    	0.277643   	1.09543    	1.42099    	179.393    	0.310027   	2.23062    	1.54309    	173.253    	0.250771   	2.068      	2.58409    	81.5887    	0.27756    	1.9938     	1.18653    	40.6486    	0.371293   	1.08447    	1.18981    	16.2853    	0.344713   	1.09961    	1.92199    	170.589    	0.141082   	1.07129    	1.69092    	129.506    	0.318577   	0.95722    	1.83887    	147.127    	0.348011   	1.20192    	1.00981    	11.3228    	0.339309   	0.907349   	1.96506    	144.372    	0.124321   	0.973108   	101.487	74.13	75.8034	112.95	94.0727	91.1882	90.5932	123.46	78.9114	85.2046	104.933	87.8004	98.0234	66.3583	109.783	1          	-7.46321e-06	-7.8123e-06	0.346163   	1.38881    	0.150369   	0.166189   	1.38881    	2.56487	
1.55e-10   	2.2        	0.341933   	-0.127401  	-0.930849  	0.458673   	0.866681   	0.212379   	0.450965   	0.428151   	0.875789   	-0.0698265 	0.4773     	0.483411   	0.963348   	0.133289   	-0.231753  	0.381852   	0.712465   	0.0886556  	0.695894   	0.416982   	0.798101   	-0.241786  	-0.551654  	0.358479   	0.692413   	0.232686   	0.682665   	0.363588   	0.970066   	-0.186452  	-0.153639  	0.321412   	0.889158   	-0.0582265 	-0.453777  	0.436076   	0.945322   	0.0268124  	0.324849   	0.456465   	0.272949   	-0.209618  	-0.938573  	0.408222   	0.85851    	0.155395   	0.488328   	0.476605   	0.852618   	-0.18093   	-0.489839  	0.479842   	0.947169   	0.0226188  	-0.319713  	0.450996   	0.288159   	0.189537   	0.938234   	0.404593   	24.8725    	12.3579    	5.80839    	1.03861    	15.1559    	30.8467    	1.13118    	8.26672    	11.6928    	34.6098    	3.42532    	11.6005    	7.24912    	33.7126    	3.02994    	5.67424    	8.31405    	15.4549    	2.54658    	1.5586     	3.70597    	15.9509    	0.546539   	2.83995    	6.17166    	28.2144    	0.871904   	8.06701    	8.82131    	29.5617    	0.898371   	5.37066    	7.91667    	7.31707    	0.67632    	6.26       	28.6253    	8.43088    	0.739083   	24.4627    	30.9135    	25.4424    	2.61462    	1.921      	13.4832    	34.1469    	4.57132    	9.04938    	22.111     	35.8187    	4.6265     	16.4617    	21.6341    	13.2964    	1.03126    	20.369     	41.4776    	19.4808    	7.05433    	1.55947    	1056.22	475.793	375.643	235.402	399.449	137.52	304.084	293.381	281.371	927.428	1303.78	412.04	688.549	675.189	1711.79	1          	4.76434e-06	-1.33853e-05	0.317244   	3.04343    	0.142548   	0.173899   	3.04342    	4.35727	
1.6e-10    	2          	0.335902   	-0.163977  	-0.927368  	0.44608    	0.830319   	0.288816   	0.476407   	0.398329   	0.862864   	-0.0976079 	0.495695   	0.444055   	0.953811   	0.193115   	-0.229514  	0.34668    	0.69755    	0.10868    	0.70797    	0.402443   	0.7422     	-0.316963  	-0.590248  	0.340601   	0.662058   	0.310378   	0.681903   	0.363399   	0.955898   	-0.248117  	-0.155975  	0.293667   	0.857037   	-0.106916  	-0.503411  	0.399925   	0.924561   	0.0616551  	0.375309   	0.404928   	0.265961   	-0.284282  	-0.920854  	0.40451    	0.849611   	0.204868   	0.485884   	0.449309   	0.830237   	-0.248192  	-0.498946  	0.447359   	0.936169   	0.0265008  	-0.350023  	0.403021   	0.291828   	0.252158   	0.92237    	0.395931   	6.50313    	21.3075    	1.81591    	0.830232   	5.79734    	12.9375    	0.820668   	3.10213    	3.59542    	22.8064    	2.26522    	4.82434    	3.9219     	15.3689    	2.44262    	3.98316    	2.94357    	31.8911    	1.08421    	1.86449    	3.24606    	15.6239    	1.03303    	2.52515    	8.17119    	24.9317    	0.797447   	9.10798    	4.34828    	14.7223    	1.34315    	3.29777    	9.6788     	47.786     	1.30853    	4.18331    	15.8145    	40.9872    	1.24005    	11.0148    	14.0322    	28.1297    	1.53907    	2.07505    	4.73851    	7.88234    	3.13785    	4.0843     	7.49052    	13.5763    	2.33351    	6.08795    	8.16041    	31.3219    	1.25586    	8.49543    	13.8145    	25.3352    	3.01066    	1.371      	253.225	172.679	129.008	140.144	131.419	117.956	316.011	142.444	283.109	425.344	491.837	152.981	215.963	231.035	490.951	1          	-2.34463e-06	-3.15899e-05	0.288      	1.87483    	0.139602   	0.146105   	1.87484    	2.68485	
1.65e-10   	1.8        	0.309351   	-0.204031  	-0.928762  	0.435363   	0.785194   	0.34939    	0.511098   	0.372564   	0.853109   	-0.103519  	0.511274   	0.410483   	0.946881   	0.224503   	-0.229902  	0.311389   	0.670827   	0.145972   	0.727052   	0.387335   	0.68144    	-0.375222  	-0.628255  	0.327229   	0.623103   	0.369934   	0.689052   	0.360852   	0.941404   	-0.296405  	-0.16043   	0.265007   	0.816856   	-0.158967  	-0.554404  	0.370776   	0.898783   	0.105654   	0.425326   	0.366203   	0.243099   	-0.343964  	-0.90688   	0.402418   	0.834254   	0.245318   	0.493737   	0.419098   	0.797066   	-0.308599  	-0.518956  	0.413188   	0.925222   	0.0159394  	-0.37899   	0.3684     	0.273714   	0.308214   	0.910968   	0.390196   	4.55837    	2.75318    	1.31317    	1.01366    	5.91537    	8.41998    	1.2303     	2.44697    	3.42617    	5.88247    	1.96132    	3.34475    	2.8738     	4.72006    	3.37538    	2.63248    	3.10101    	3.29999    	1.34495    	1.33138    	4.76428    	4.39832    	1.5883     	2.4791     	3.86713    	4.56521    	1.16798    	2.7261     	2.11638    	4.86267    	1.49657    	2.2439     	4.86478    	5.50625    	0.964273   	3.04118    	10.4309    	4.0227     	1.91492    	7.33612    	10.1914    	3.92703    	1.25739    	1.41925    	4.05784    	3.16826    	2.34156    	3.63674    	8.6904     	7.65665    	1.6543     	5.32813    	7.77924    	3.82829    	1.0915     	7.11153    	12.8155    	4.46273    	1.84328    	1.05908    	151.225	151.435	116.691	93.3812	120.373	149.169	143.913	82.0646	127.742	260.841	310.93	113.288	203.216	207.661	359.654	1          	5.17031e-05	2.43097e-05	0.259061   	1.52517    	0.147553   	0.168403   	1.52518    	2.2364	
1.7e-10    	1.6        	0.28067    	-0.22989   	-0.93181   	0.424711   	0.729195   	0.408658   	0.548722   	0.350402   	0.839915   	-0.124093  	0.528202   	0.37675    	0.932677   	0.285169   	-0.220345  	0.277609   	0.646415   	0.158791   	0.746195   	0.372045   	0.607345   	-0.425717  	-0.670647  	0.315639   	0.588243   	0.412352   	0.695569   	0.359563   	0.912696   	-0.37201   	-0.168287  	0.23784    	0.766093   	-0.188077  	-0.614499  	0.341748   	0.86748    	0.122786   	0.481906   	0.33334    	0.214553   	-0.383565  	-0.898164  	0.398672   	0.811818   	0.29723    	0.50247    	0.388206   	0.75275    	-0.374421  	-0.541357  	0.381588   	0.909209   	0.0194421  	-0.415763  	0.332555   	0.260115   	0.3496     	0.899959   	0.385306   	6.34078    	3.61075    	1.10748    	0.951868   	6.62078    	6.93496    	1.5058     	3.35735    	6.84184    	7.68218    	2.76561    	6.0959     	7.14322    	4.2433     	4.74386    	6.18334    	4.42599    	4.46343    	1.96452    	1.44977    	3.83843    	3.25455    	2.18957    	2.33754    	5.36136    	4.79315    	1.30535    	3.19812    	4.27396    	5.49301    	1.4435     	2.88819    	4.99458    	4.48557    	1.18589    	3.13413    	6.60381    	6.02664    	2.09449    	4.57217    	6.27824    	6.23017    	1.56972    	1.5132     	3.38082    	6.05239    	3.95021    	2.86435    	6.11064    	5.35615    	2.17422    	5.16437    	6.53318    	3.94946    	1.24154    	5.64132    	9.3404     	5.46236    	1.50781    	0.851692   	162.14	146.319	147.078	166.604	112.576	107.32	144.007	105.861	106.363	151.055	167.107	88.7598	137.38	151.002	212.659	1          	-3.56332e-05	-3.09969e-05	0.23016    	1.31325    	0.148547   	0.165151   	1.31325    	2.21023	
1.75e-10   	1.4        	0.249111   	-0.252363  	-0.93497   	0.414319   	0.666235   	0.462853   	0.584591   	0.334234   	0.821632   	-0.15126   	0.549453   	0.339847   	0.915263   	0.350055   	-0.198688  	0.245053   	0.62126    	0.171245   	0.764596   	0.357226   	0.516032   	-0.467276  	-0.717745  	0.305791   	0.551215   	0.442727   	0.707131   	0.355591   	0.875946   	-0.453571  	-0.162971  	0.214289   	0.696685   	-0.205635  	-0.687104  	0.315306   	0.817418   	0.142284   	0.558064   	0.301608   	0.186268   	-0.419698  	-0.888275  	0.396838   	0.786822   	0.354145   	0.505329   	0.359373   	0.692689   	-0.451969  	-0.561872  	0.350871   	0.886508   	0.0272841  	-0.461727  	0.298852   	0.247774   	0.390045   	0.886706   	0.381115   	3.96073    	4.01908    	1.46927    	1.40265    	5.20569    	5.015      	2.15208    	3.30519    	5.66596    	5.61581    	3.03768    	5.40476    	5.61808    	4.44356    	4.23151    	5.32318    	3.3821     	3.91847    	2.01052    	2.13833    	5.92552    	5.46105    	3.3635     	4.42505    	6.64344    	3.4059     	1.30257    	3.11886    	4.98737    	4.10842    	5.84459    	4.30725    	9.14756    	3.46746    	3.99632    	4.15781    	6.20272    	2.48804    	3.03579    	4.49275    	6.20237    	4.96427    	1.20236    	1.81471    	5.01841    	4.82295    	3.77064    	4.2545     	8.55002    	7.02154    	2.586      	4.48699    	10.3253    	4.04471    	2.82305    	9.16998    	11.2849    	5.64346    	2.50106    	1.84212    	92.2352	107.355	115.026	96.0254	91.8099	106.15	141.983	105.497	114.067	99.3678	123.983	95.9463	132.88	191.765	200.731	1          	1.89553e-05	-5.81528e-05	0.201214   	1.20974    	0.137128   	0.162918   	1.20974    	1.96967	
1.8e-10    	1.2        	0.203007   	-0.290548  	-0.934936  	0.403196   	0.602383   	0.518454   	0.606745   	0.329628   	0.798861   	-0.185536  	0.57202    	0.298451   	0.908608   	0.402586   	-0.0737337 	0.223736   	0.579118   	0.244996   	0.775132   	0.3245     	0.403856   	-0.528513  	-0.746169  	0.30898    	0.507096   	0.491293   	0.707849   	0.357937   	0.807255   	-0.575337  	-0.123111  	0.19424    	0.592676   	-0.228771  	-0.772016  	0.299638   	0.709005   	0.115887   	0.691267   	0.279898   	0.175224   	-0.440402  	-0.87989   	0.408494   	0.74333    	0.449762   	0.493863   	0.332048   	0.609739   	-0.550609  	-0.569626  	0.324833   	0.852667   	0.0676672  	-0.516329  	0.254978   	0.265583   	0.431768   	0.861576   	0.3729     	4.04326    	18.5745    	1.86696    	1.26379    	7.45249    	12.3966    	4.06404    	12.1928    	10.4831    	3.01576    	7.34204    	11.8079    	100.544    	21.4888    	119.571    	54.5897    	84.2335    	129.106    	88.2873    	91.1532    	7.50809    	52.6503    	6.21845    	25.0254    	9.81317    	25.9375    	1.5486     	7.48584    	12.6749    	18.4324    	23.34      	10.4608    	15.6465    	5.32385    	22.4105    	24.3995    	54.6712    	107.75     	96.9343    	4.30959    	90.9936    	14.8141    	63.3377    	66.3686    	9.76215    	61.4133    	8.74702    	4.12717    	8.90854    	31.6869    	7.48822    	15.2827    	35.2221    	45.3338    	23.4216    	44.5879    	31.8732    	11.2441    	19.6778    	8.69237    	82.6512	137.094	167.754	731.89	537.683	97.7609	125.503	200.766	232.736	327.049	593.541	112.801	107.918	245.901	207.092	0.999999   	4.9255e-05 	-0.000116784	0.17217    	1.18062    	0.135725   	0.164388   	1.18062    	3.03729	
1.85e-10   	1          	0.140244   	-0.304137  	-0.942129  	0.392813   	0.533559   	0.596696   	0.59896    	0.343065   	0.73193    	-0.325949  	0.59644    	0.265858   	0.836896   	0.525852   	0.111576   	0.228991   	0.459485   	0.287952   	0.838398   	0.31405    	0.258458   	-0.573847  	-0.776621  	0.36594    	0.468962   	0.562596   	0.679311   	0.363579   	0.734897   	-0.664266  	0.113474   	0.22718    	0.309639   	-0.183386  	-0.9287    	0.297745   	0.638431   	-0.03135   	0.76829    	0.270193   	0.135554   	-0.434102  	-0.890246  	0.415678   	0.636058   	0.58878    	0.498145   	0.32034    	0.476691   	-0.681896  	-0.553587  	0.313294   	0.757253   	0.317103   	-0.569486  	0.197875   	0.359168   	0.430945   	0.827064   	0.353786   	14.6797    	4.30314    	7.17968    	7.51751    	28.5667    	70.9063    	5.17806    	72.0408    	11.1284    	77.7981    	4.30657    	5.62366    	11.9588    	271.535    	107.455    	100.359    	15.7601    	99.0488    	61.7919    	15.9736    	10.0031    	97.573     	314.305    	369.925    	90.6964    	43.9776    	37.4929    	23.4205    	71.7286    	186.569    	123.543    	234.556    	253.715    	83.578     	68.7864    	30.7126    	19.0528    	15.2879    	40.7212    	30.3252    	50.8502    	9.74135    	3.88736    	4.89378    	53.9155    	33.573     	53.7325    	107.007    	32.2327    	35.446     	8.0382     	5.59306    	15.7443    	22.2318    	6.47794    	8.78371    	70.0357    	5.4101     	13.665     	5.12664    	102.847	86.2413	85.1292	103.697	405.983	163.201	309.766	162.263	441.483	482.927	446.65	273.206	675.055	69.2208	642.736	0.999999   	5.4202e-05 	6.0824e-05 	0.143354   	0.982181   	0.151038   	0.218833   	0.982196   	5.35867	
1.9e-10    	0.8        	-0.0415601 	-0.325519  	-0.943506  	0.367188   	0.539223   	0.639365   	0.546367   	0.369514   	0.675803   	-0.46872   	0.567792   	0.242766   	0.664033   	0.69507    	0.26845    	0.224425   	0.523671   	0.211691   	0.823458   	0.319989   	0.0676064  	-0.578259  	-0.811735  	0.392613   	0.513728   	0.575585   	0.635435   	0.380318   	0.606632   	-0.768203  	0.200504   	0.231173   	0.0277754  	-0.134115  	-0.989199  	0.295138   	0.64904    	-0.0652741 	0.756907   	0.2635     	-0.0203947 	-0.468429  	-0.882756  	0.409584   	0.576048   	0.649082   	0.496565   	0.322388   	0.289869   	-0.844548  	-0.445503  	0.302192   	0.402216   	0.528173   	-0.728785  	0.169005   	0.505519   	0.451829   	0.732705   	0.363011   	146.792    	9.70056    	13.9715    	16.4682    	142.161    	22.9841    	6.70725    	31.1006    	6.32258    	36.5274    	6.49887    	11.6284    	7.75582    	14.7897    	101.739    	20.0627    	129.262    	21.2042    	13.4649    	6.1468     	142.366    	7.25983    	42.6942    	15.5339    	85.53      	5.59436    	4.08151    	17.2442    	12.7661    	11.6283    	33.6589    	10.3211    	116.677    	7.34617    	26.5086    	22.6732    	65.3074    	23.4714    	3.7022     	33.5968    	75.8316    	4.70229    	3.9278     	3.25127    	6.42189    	15.4975    	8.12631    	14.1897    	19.3884    	80.6815    	192.445    	86.8506    	221.083    	108.482    	105.536    	8.20788    	233.811    	8.47678    	26.9103    	26.5447    	475.976	238.67	164.306	64.3439	853.66	804.247	401.652	64.1608	337.417	854.724	561.398	70.1006	316.477	346.863	1108.16	0.999998   	-0.000160996	-4.83521e-05	0.114853   	1.02917    	0.148462   	0.169824   	1.02916    	3.58671	
1.95e-10   	0.6        	-0.21761   	-0.339337  	-0.914921  	0.372065   	0.575478   	0.559732   	0.594394   	0.348856   	0.718674   	-0.302184  	0.618903   	0.205255   	0.58486    	0.671508   	0.442962   	0.163909   	0.609481   	0.238779   	0.754806   	0.340056   	-0.124224  	-0.523031  	-0.842313  	0.381994   	0.528872   	0.507773   	0.679011   	0.378852   	0.639194   	-0.725288  	0.234774   	0.194223   	-0.20532   	-0.147999  	-0.966769  	0.318047   	0.670278   	0.032904   	0.739391   	0.27773    	-0.191616  	-0.449322  	-0.872067  	0.393271   	0.575804   	0.627791   	0.519553   	0.267539   	0.249662   	-0.86987   	-0.421609  	0.221731   	-0.115899  	0.140744   	-0.972849  	0.180546   	0.564864   	0.425487   	0.706628   	0.386546   	29.0408    	5.50079    	1.69015    	5.4387     	14.0337    	167.578    	4.56765    	41.3598    	16.042     	192.503    	5.32845    	8.03388    	23.6965    	279.798    	8.23998    	159.975    	87.5968    	37.7999    	9.32098    	24.875     	35.3109    	113.656    	5.14176    	35.5147    	12.3738    	106.646    	5.13411    	15.4984    	31.5851    	227.98     	13.6175    	67.1155    	58.26      	31.1556    	15.0316    	34.1371    	35.9294    	108.463    	2.34107    	24.5284    	27.7707    	61.3194    	6.06603    	20.5619    	8.19242    	300.182    	9.274      	152.56     	25.6405    	337.992    	82.8353    	362.22     	80.2528    	250.438    	112.143    	87.379     	31.2082    	16.5702    	3.21108    	5.83628    	47.9669	52.4615	68.9903	143.505	369.983	127.476	67.3651	50.3257	67.7933	197.511	51.0347	120.564	101.616	215.658	322.912	0.999997   	-0.000117206	0.000104765	0.0864185  	1.19356    	0.151447   	0.160576   	1.19354    	2.19826	
2e-10      	0.4        	-0.307687  	-0.387727  	-0.868484  	0.382869   	0.595914   	0.500659   	0.626954   	0.322748   	0.654421   	-0.0259717 	0.749949   	0.166375   	0.742783   	0.525344   	0.358472   	0.0869857  	0.574119   	0.347539   	0.740244   	0.359022   	-0.291005  	-0.50371   	-0.812672  	0.355925   	0.545224   	0.474451   	0.690481   	0.378983   	0.554778   	-0.772141  	0.297393   	0.107656   	-0.294609  	-0.279375  	-0.912762  	0.32753    	0.603512   	0.222956   	0.763879   	0.273574   	-0.309275  	-0.448374  	-0.838357  	0.391389   	0.632099   	0.530546   	0.560855   	0.217097   	-0.057255  	-0.800276  	-0.589869  	0.178216   	-0.254106  	-0.183896  	-0.945683  	0.196626   	0.541262   	0.428458   	0.72322    	0.404733   	3.23535    	56.7337    	3.0264     	5.29691    	63.7829    	9.67144    	4.62665    	13.2107    	57.7641    	102.428    	3.42149    	35.9189    	75.4804    	111.168    	15.7402    	21.9875    	5.09312    	118.968    	3.22814    	13.7382    	68.9382    	4.3466     	18.2628    	12.3218    	71.8786    	4.75383    	6.37162    	16.4753    	142.15     	86.7534    	4.03553    	188.859    	14.1031    	101.239    	3.44053    	2.21008    	16.9825    	85.9088    	4.2442     	4.20021    	26.3694    	14.9494    	3.92472    	6.74502    	81.0141    	38.464     	6.68285    	14.0787    	111.23     	16.6239    	20.2926    	6.90853    	43.5997    	106.921    	8.92387    	7.66255    	14.2608    	44.1313    	4.38943    	26.505     	62.6639	266.547	110.886	188.775	82.5319	64.781	151.712	94.137	44.8585	136.982	55.0306	290.377	50.2707	45.1413	45.3183	0.999994   	-0.000135488	3.2527e-05 	0.0574843  	1.49407    	0.137958   	0.162461   	1.49409    	1.91209	
2.05e-10   	0.2        	-0.375079  	-0.443306  	-0.813806  	0.39696    	0.60927    	0.461989   	0.64399    	0.317974   	0.410069   	0.276833   	0.860916   	0.133071   	0.960398   	0.0353192  	-0.0877036 	0.0565267  	0.488042   	0.440692   	0.752703   	0.373637   	-0.44025   	-0.489087  	-0.752837  	0.357848   	0.546465   	0.465416   	0.696151   	0.392628   	-0.499129  	-0.813939  	0.0277216  	0.0473162  	-0.328537  	-0.410762  	-0.849547  	0.330985   	0.457741   	0.395991   	0.793966   	0.267771   	-0.409273  	-0.46538   	-0.784707  	0.406531   	0.715145   	0.413267   	0.559856   	0.197215   	-0.476305  	-0.568435  	-0.667188  	0.20598    	-0.222901  	-0.408615  	-0.880317  	0.195192   	0.500972   	0.459222   	0.7334     	0.420457   	10.364     	36.7907    	0.994435   	4.38121    	16.2357    	19.8595    	2.28399    	4.12101    	34.9488    	99.7005    	2.86802    	3.61408    	21.1573    	105.585    	12.2876    	20.9195    	11.949     	72.3279    	3.9425     	9.94815    	7.25878    	5.25053    	5.01261    	3.00083    	9.04503    	4.77622    	3.46913    	5.99484    	42.3379    	83.5243    	5.46       	28.6149    	15.7543    	81.3631    	3.6173     	5.96208    	23.4384    	107.599    	3.02278    	7.14311    	4.09558    	11.8309    	1.67406    	4.15496    	27.2663    	66.0876    	3.93883    	7.13893    	54.8867    	53.5482    	12.3529    	12.2178    	47.6597    	133.924    	5.15226    	13.2484    	5.3659     	25.7946    	2.4199     	8.15771    	52.5276	108.782	43.2062	62.3541	124.846	45.2561	40.8171	36.3525	73.8201	116.697	25.8793	133.408	56.3225	32.3345	41.577	0.999978   	-0.000135096	-0.00042005	0.0285727  	1.43819    	0.137352   	0.154892   	1.43846    	2.1496	
2.1e-10    	-0         	-0.427462  	-0.48998   	-0.759438  	0.405325   	0.612756   	0.400097   	0.679822   	0.308132   	-0.0158504 	0.639241   	0.757487   	0.12928    	0.665052   	-0.576785  	-0.448205  	0.0717678  	0.395327   	0.503893   	0.76753    	0.375924   	-0.560397  	-0.435264  	-0.703909  	0.360456   	0.520915   	0.458521   	0.719714   	0.395788   	-0.92508   	-0.0185232 	-0.353426  	0.0978284  	-0.359234  	-0.520999  	-0.773411  	0.331058   	0.30778    	0.54402    	0.778644   	0.272512   	-0.488692  	-0.470547  	-0.734469  	0.415882   	0.767789   	0.260701   	0.577861   	0.170068   	-0.67461   	-0.354183  	-0.644393  	0.242358   	-0.205749  	-0.579543  	-0.78418   	0.203056   	0.456      	0.480716   	0.748747   	0.417849   	7.24719    	31.3574    	6.62991    	5.50275    	73.8862    	51.9469    	2.89099    	12.1992    	49.6826    	148.199    	7.07383    	48.8741    	48.7092    	122.017    	5.46852    	114.77     	6.01949    	52.8817    	4.47719    	9.43074    	54.1274    	20.5266    	5.10204    	9.29103    	37.6905    	4.05491    	2.82901    	9.49595    	63.7989    	87.8288    	7.78288    	64.7437    	7.64052    	74.2751    	7.24412    	9.24444    	21.0219    	101.203    	10.5637    	11.0578    	28.0037    	4.47409    	4.43273    	7.267      	76.6165    	82.5108    	8.06182    	34.5093    	86.1588    	66.2034    	6.66504    	27.3349    	37.3085    	120.454    	14.3581    	18.0053    	16.4562    	15.3558    	6.2938     	5.05469    	114.979	101.447	26.0912	50.7704	111.407	44.1136	33.0223	84.5972	114.664	75.8832	37.3477	119.373	125.212	42.1547	64.8926	0.075445   	0.0514794  	-0.0140895 	0.000236513	1.32734    	0.144618   	0.162934   	1.19852    	2.06108	
