#----------------------------------------------------------------------------------------------------------------------------------------------------------
# Output file for vampire simulation
#   time       : 2025-05-27 21:44:11     process id : 385402
#   hostname   : thor7.psi.ch
#   path       : /scratch/dossan_f/Na2BaMn(PO4)2/vampire_tripleUC_15mat_J2Ja_small_k0.035_Jnn0.11_Ba
#   version    : 6.0.0
#   githash    : 4c9651daecc86c3e6b6df0c8055fcd9e89fd900c
#----------------------------------------------------------------------------------------------------------------------------------------------------------
1e-11      	8          	0.999703   	0.000570996	-0.00112683	0.927939   	0.999887   	-0.000198378	0.000819114	0.927801   	0.999752   	-0.000494632	0.000555566	0.92773    	0.999855   	0.000835791	-0.000464621	0.927895   	0.999563   	-0.000863386	0.00133255 	0.927849   	0.999802   	0.00012419 	-0.00102861	0.927794   	0.99974    	-0.00025246	0.000844257	0.927832   	0.999873   	-0.000849592	-2.49743e-06	0.927681   	0.999709   	0.000832521	-0.000701795	0.927971   	0.999638   	-0.000816356	0.00100105 	0.927796   	0.999749   	0.000490742	-0.00102779	0.927852   	0.999953   	0.00029768 	7.36038e-05	0.927871   	0.999883   	-0.000253452	-0.000891127	0.927749   	0.999794   	0.000538458	-0.000834307	0.927941   	0.999615   	-0.000338835	0.00153866 	0.927903   	57.5893    	2.73656    	10.2908    	43.1947    	60.6222    	0.436997   	2.96598    	56.5212    	71.1551    	2.89911    	2.84062    	61.6203    	54.5692    	2.93173    	3.24727    	48.7541    	67.7259    	4.44984    	14.7919    	46.1802    	65.1957    	0.535989   	5.23182    	57.6036    	62.7344    	0.975172   	8.83863    	51.5424    	67.8231    	2.19119    	0.520242   	64.016     	55.7646    	4.49503    	9.25229    	41.8431    	71.5052    	4.38346    	7.19807    	55.2658    	61.6409    	1.28895    	7.42364    	50.4736    	54.7647    	1.44442    	0.536576   	53.2285    	66.8829    	0.584619   	2.5771     	63.3534    	54.9488    	3.67881    	5.14182    	45.9343    	65.4348    	2.46161    	14.3483    	47.2286    	6285.44	6776.68	8977.48	5637.25	8397.38	7831.14	7305.25	8410.98	5935.56	9225.92	7146.53	5669.53	8152.77	5725.75	7955.14	1          	-6.89325e-06	-3.32286e-06	0.927752   	935.952    	0.112979   	0.121851   	935.945    	108569	
1.5e-11    	7.8        	0.999995   	0.000141026	5.84038e-05	0.924014   	0.999995   	-4.30301e-05	-0.000148393	0.923934   	0.999995   	-0.000129195	0.000148052	0.923916   	0.999995   	-0.0001334 	-0.000134285	0.923915   	0.999994   	0.00028213 	0.000102516	0.923912   	0.999995   	-0.000117204	5.2134e-05 	0.923932   	0.999995   	-2.52088e-06	0.000215983	0.923926   	0.999995   	-0.000160117	0.000175574	0.923923   	0.999995   	0.00011149 	-0.000317557	0.923909   	0.999995   	0.000138242	-0.000168401	0.92395    	0.999995   	6.17021e-05	9.54731e-05	0.923933   	0.999994   	-0.000226383	0.000127486	0.923941   	0.999995   	8.40045e-05	-0.000390798	0.923933   	0.999995   	-4.96183e-05	0.000427215	0.923945   	0.999995   	-4.56641e-05	-8.7866e-05	0.923929   	0.0287654  	0.446283   	0.579876   	0.0287454  	0.0289025  	0.482907   	0.556042   	0.0288877  	0.02777    	0.419028   	0.530963   	0.0277577  	0.0298609  	0.487435   	0.525718   	0.0298558  	0.0275028  	0.469408   	0.608209   	0.027473   	0.0281154  	0.496889   	0.561338   	0.0280678  	0.0266922  	0.469809   	0.561342   	0.0266992  	0.0254492  	0.48825    	0.479973   	0.0254251  	0.0285508  	0.477752   	0.56669    	0.0285714  	0.0284101  	0.531157   	0.535343   	0.0284086  	0.0285512  	0.479808   	0.540979   	0.0285331  	0.0272477  	0.541779   	0.547223   	0.0272633  	0.0284738  	0.522575   	0.541794   	0.0284729  	0.0283996  	0.469283   	0.522876   	0.0283861  	0.0254952  	0.477067   	0.50072    	0.0254952  	5.4717	5.5235	5.26684	5.41971	5.24965	5.35634	5.30036	4.94821	5.52356	5.36141	5.33519	5.188	5.49483	5.33464	4.98886	1          	-5.89816e-06	1.03589e-05	0.923929   	0.0457146  	0.11334    	0.118143   	0.0457159  	1.99516	
2e-11      	7.6        	0.999994   	-3.95575e-05	3.29208e-05	0.918133   	0.999994   	-0.000218149	-3.45373e-05	0.918204   	0.999994   	0.000240737	3.17465e-05	0.918184   	0.999994   	-0.00015634	4.50749e-05	0.918134   	0.999995   	9.17061e-05	6.08532e-05	0.918131   	0.999995   	-4.25417e-06	-8.13906e-05	0.918167   	0.999995   	0.000187555	0.00018454 	0.918153   	0.999994   	-8.81544e-05	-0.000265414	0.918173   	0.999994   	-7.38539e-05	8.0495e-05 	0.918193   	0.999995   	0.000152661	0.000154116	0.918195   	0.999994   	-0.000145309	5.77978e-05	0.918155   	0.999994   	3.03764e-05	-0.000317756	0.918172   	0.999994   	-7.08198e-05	0.000130742	0.918189   	0.999995   	9.31536e-05	-4.74442e-05	0.918171   	0.999995   	-4.09026e-05	-0.000189372	0.918217   	0.0295559  	0.509176   	0.59664    	0.0295458  	0.0325884  	0.542008   	0.607688   	0.0325778  	0.0317958  	0.511225   	0.558838   	0.0317811  	0.0322951  	0.48385    	0.608875   	0.0322896  	0.0350829  	0.476042   	0.556488   	0.0351077  	0.0323004  	0.43841    	0.613697   	0.0323034  	0.0334938  	0.450948   	0.553419   	0.0334961  	0.0347406  	0.491545   	0.611087   	0.0347267  	0.0341903  	0.521661   	0.571311   	0.0341946  	0.0298249  	0.481821   	0.570156   	0.0298269  	0.0304925  	0.470422   	0.624788   	0.0304951  	0.0322926  	0.481709   	0.627897   	0.0322798  	0.0306333  	0.535999   	0.57939    	0.0305915  	0.0330809  	0.50828    	0.52252    	0.0331088  	0.0309816  	0.477315   	0.565371   	0.0309564  	5.22029	5.80523	5.4885	5.78261	6.12212	5.71998	6.21218	6.16553	5.98823	5.49955	5.6586	5.74471	5.49377	5.97151	5.70394	1          	-2.75651e-06	-1.0511e-05	0.918166   	0.0488216  	0.120291   	0.129432   	0.0488204  	1.77823	
2.5e-11    	7.4        	0.999993   	-1.49667e-05	0.000199857	0.911578   	0.999994   	2.06583e-05	2.91661e-05	0.911573   	0.999993   	-3.72595e-05	-0.000238287	0.911621   	0.999993   	-8.98731e-05	-0.000164091	0.911599   	0.999994   	-0.000106976	4.69259e-05	0.911595   	0.999993   	9.6962e-05 	2.00225e-05	0.91158    	0.999993   	0.000179609	-9.18152e-05	0.911605   	0.999993   	2.35749e-05	9.41828e-05	0.911601   	0.999994   	-0.000223573	-4.21994e-05	0.911618   	0.999994   	0.000110506	-0.000294635	0.911604   	0.999994   	-0.000252061	0.000146164	0.911634   	0.999994   	7.01671e-05	-4.15581e-05	0.91157    	0.999994   	0.000178793	5.06525e-05	0.911587   	0.999993   	-0.000185486	-4.19651e-05	0.911587   	0.999993   	-1.62951e-05	2.05214e-05	0.911554   	0.0367051  	0.645036   	0.668942   	0.036737   	0.0382903  	0.585966   	0.655462   	0.0382634  	0.0365866  	0.543961   	0.757057   	0.0365542  	0.036394   	0.620137   	0.712032   	0.036409   	0.0372303  	0.578153   	0.622935   	0.0372145  	0.0343091  	0.585362   	0.689354   	0.0343221  	0.039084   	0.572292   	0.724081   	0.0391354  	0.040477   	0.559074   	0.684935   	0.0404934  	0.0406615  	0.549748   	0.669901   	0.0406474  	0.0370621  	0.535541   	0.614828   	0.0370508  	0.0331263  	0.489812   	0.69564    	0.0331076  	0.038624   	0.470377   	0.672837   	0.0386288  	0.0364699  	0.558339   	0.675284   	0.0364792  	0.0394719  	0.497046   	0.746929   	0.039464   	0.0418392  	0.591198   	0.715585   	0.0418141  	5.99714	6.44547	6.03741	5.88231	6.38932	5.67657	6.4535	6.65727	6.74293	6.10893	5.61016	6.14243	5.75895	6.15036	6.73855	1          	-1.64458e-05	-2.04569e-05	0.911588   	0.0621604  	0.125857   	0.127942   	0.0621592  	1.88922	
3e-11      	7.2        	0.999992   	0.000246095	0.00040407 	0.904101   	0.999992   	-2.52622e-05	-0.000231551	0.904034   	0.999992   	-0.000147011	-9.65908e-05	0.904096   	0.999992   	-6.11521e-05	5.67002e-05	0.904094   	0.999992   	-0.000272368	-3.61961e-06	0.904029   	0.999992   	0.000316116	-2.5626e-05	0.904102   	0.999992   	0.000433259	0.000121539	0.904078   	0.999993   	9.37916e-05	-0.000501911	0.904097   	0.999992   	-0.00045223	0.000378139	0.904032   	0.999992   	8.70196e-05	0.000287682	0.90404    	0.999993   	9.85165e-05	0.000127426	0.904033   	0.999993   	-0.000221002	-0.000436318	0.904023   	0.999992   	0.00010899 	-0.000217412	0.904049   	0.999992   	0.000278288	0.00022071 	0.904061   	0.999993   	-0.000279343	-4.98076e-05	0.904083   	0.0431179  	0.619478   	0.863877   	0.0431329  	0.0450662  	0.593842   	0.82679    	0.0450491  	0.0412669  	0.569466   	0.901566   	0.0412924  	0.0442973  	0.657162   	0.844166   	0.0442283  	0.0466393  	0.608366   	0.808768   	0.0466491  	0.0408664  	0.607992   	0.818109   	0.0408278  	0.0437005  	0.614241   	0.86754    	0.043706   	0.0418422  	0.640636   	0.679629   	0.0418629  	0.0478312  	0.659263   	0.861493   	0.047858   	0.0420336  	0.649329   	0.79058    	0.0420479  	0.0450099  	0.64074    	0.703756   	0.0450686  	0.0451892  	0.679094   	0.69884    	0.0451544  	0.0443166  	0.607687   	0.866735   	0.0443555  	0.0480194  	0.665442   	0.75608    	0.0479589  	0.0442749  	0.629367   	0.752473   	0.0442932  	6.48811	6.68985	6.53445	6.79968	6.74169	5.98995	6.53317	6.49142	6.94294	6.25448	6.83476	6.69224	6.47138	7.07805	6.92684	1          	1.36037e-05	2.24545e-06	0.904057   	0.0808168  	0.128729   	0.127067   	0.0808192  	2.03468	
3.5e-11    	7          	0.999991   	4.96334e-05	-0.000123823	0.895373   	0.999991   	-9.47024e-05	5.3386e-05 	0.895378   	0.999991   	0.00012647 	-7.36318e-06	0.895362   	0.99999    	-0.000113505	0.000110758	0.895352   	0.999991   	-0.000139685	-0.000115677	0.895372   	0.999992   	0.000110455	-0.000129899	0.895424   	0.999991   	0.000163449	-0.000216988	0.895407   	0.99999    	-2.77649e-05	-0.000217884	0.895373   	0.99999    	-0.000115032	0.00036015 	0.89536    	0.99999    	-5.98525e-06	0.000343248	0.895382   	0.99999    	-7.11003e-05	-0.000516373	0.895386   	0.999991   	5.58792e-05	0.000231977	0.895387   	0.999991   	-3.95742e-05	0.000152895	0.895427   	0.999991   	9.59553e-06	-4.72968e-05	0.89537    	0.99999    	5.98185e-05	-0.000238815	0.895377   	0.0510469  	0.753194   	0.897651   	0.0509857  	0.0548292  	0.815968   	0.758364   	0.054853   	0.0503403  	0.764247   	0.819674   	0.0503401  	0.0519006  	0.858538   	0.980114   	0.0519947  	0.0538386  	0.768021   	0.924943   	0.0537904  	0.0508203  	0.729853   	0.820554   	0.0507111  	0.0541203  	0.685256   	0.973682   	0.0541635  	0.0503393  	0.82084    	0.991232   	0.0503857  	0.0520988  	0.809068   	1.0118     	0.0520505  	0.0485434  	0.697661   	1.05775    	0.0485933  	0.0536621  	0.729622   	1.02172    	0.0535221  	0.0568545  	0.797225   	0.9501     	0.0568812  	0.0524817  	0.70705    	1.03435    	0.0525126  	0.0532654  	0.749104   	0.938592   	0.0532454  	0.0558788  	0.76197    	1.10041    	0.0558664  	7.20416	7.51947	7.06821	7.26082	7.50436	7.39228	7.3462	7.06673	6.85802	6.81447	7.38818	7.40775	7.35709	7.16382	7.67112	1          	-2.15139e-06	-2.41245e-05	0.895374   	0.0947542  	0.131352   	0.137011   	0.0947538  	1.93434	
4e-11      	6.8        	0.999989   	0.000327501	0.000530653	0.885391   	0.99999    	-0.000230355	-0.000289046	0.885422   	0.999989   	-0.000141765	-8.16531e-05	0.885334   	0.999989   	-4.09692e-06	0.000266178	0.885451   	0.999989   	-0.000160773	-0.00014515	0.885367   	0.999988   	0.000139189	-0.000112946	0.885345   	0.999989   	-0.000346244	-0.000527107	0.885399   	0.99999    	6.72066e-05	0.00035615 	0.885388   	0.99999    	0.000282933	0.000132597	0.885369   	0.999989   	-0.000167413	0.000253102	0.885398   	0.999989   	0.0002368  	0.000106332	0.885342   	0.999989   	-6.85112e-05	-0.000325331	0.885362   	0.999989   	-0.000111876	-0.00011698	0.885414   	0.999989   	-0.000130486	-4.39519e-05	0.885374   	0.999988   	0.000260362	5.50993e-05	0.885373   	0.0616077  	0.833335   	1.1157     	0.0615428  	0.0624302  	0.828858   	1.01437    	0.0624558  	0.0602154  	0.80781    	1.19286    	0.0601669  	0.0629444  	0.851776   	1.09425    	0.0628991  	0.0625702  	0.827962   	1.18871    	0.0625748  	0.0642191  	0.96744    	1.2462     	0.0641703  	0.0621087  	0.860229   	1.02306    	0.0621196  	0.071205   	0.833918   	1.00719    	0.0711948  	0.0705622  	0.736524   	1.00006    	0.0705298  	0.0675779  	0.731906   	1.17152    	0.067519   	0.0665417  	0.90281    	1.08956    	0.0665174  	0.0578471  	0.816286   	1.23685    	0.0577591  	0.0635831  	0.764993   	1.26977    	0.0635866  	0.0625652  	0.879196   	1.19106    	0.0626319  	0.0609807  	0.900538   	1.18405    	0.0609888  	7.83895	7.53235	7.48034	7.84238	7.94857	8.10316	7.88909	9.29497	9.07351	8.33821	8.29545	7.58318	7.82623	7.73607	7.51682	1          	-3.14515e-06	3.77649e-06	0.885372   	0.118706   	0.132599   	0.129918   	0.118705   	1.87441	
4.5e-11    	6.6        	0.999986   	5.28852e-06	0.000351596	0.873845   	0.999987   	8.27921e-05	-0.000230876	0.873801   	0.999986   	-8.98318e-05	-0.000134886	0.873879   	0.999986   	0.000444953	-0.000190409	0.873834   	0.999985   	-0.000641689	-0.000194752	0.873897   	0.999986   	0.000354989	0.000399033	0.873905   	0.999986   	-1.04077e-05	-0.000292279	0.873844   	0.999987   	5.43446e-05	-0.000463073	0.8739     	0.999985   	-4.85589e-05	0.000732928	0.873891   	0.999986   	-0.000503276	-0.000274737	0.873858   	0.999987   	0.000271502	-0.00011662	0.873845   	0.999986   	0.000180127	0.000264781	0.873844   	0.999986   	7.73949e-05	-0.000339861	0.873911   	0.999985   	0.000206594	0.000296953	0.873843   	0.999987   	-0.000228087	4.24262e-05	0.873857   	0.0786231  	0.97749    	1.38945    	0.0785613  	0.077408   	1.03549    	1.27811    	0.0774025  	0.0797659  	0.91929    	1.53598    	0.0797734  	0.0715768  	1.03546    	1.47875    	0.0715643  	0.0805042  	1.07524    	1.55881    	0.0805184  	0.0795346  	1.01612    	1.37544    	0.0796901  	0.0800839  	0.983491   	1.52957    	0.0800991  	0.0711788  	0.940543   	1.41051    	0.0712757  	0.0688428  	0.890403   	1.61847    	0.0689736  	0.0794261  	1.02003    	1.34048    	0.0793774  	0.0720354  	1.16085    	1.19831    	0.0719618  	0.0747058  	1.08447    	1.3609     	0.0747061  	0.0756703  	0.998665   	1.44706    	0.0756833  	0.0753069  	1.10313    	1.56119    	0.0753966  	0.0791752  	1.02437    	1.34125    	0.0791289  	9.15053	8.81518	8.90618	8.5796	9.47972	8.79382	9.21517	8.57908	7.95409	9.16925	8.57721	8.83197	8.61921	8.81126	9.00645	1          	1.03927e-05	-9.94108e-06	0.873852   	0.139762   	0.131676   	0.139142   	0.139762   	1.75567	
5e-11      	6.4        	0.999983   	0.00035536 	-0.000215977	0.860514   	0.999983   	-0.000615708	9.33066e-05	0.860643   	0.999983   	0.0002764  	9.49867e-05	0.860607   	0.999985   	-0.000197837	-3.90705e-05	0.860606   	0.999984   	-2.4544e-05	0.000462275	0.860617   	0.999982   	0.00024714 	-0.00042352	0.860649   	0.999982   	-0.000459479	0.000461046	0.860655   	0.999983   	0.000120357	-0.00100468	0.860612   	0.999983   	0.000299849	0.000573848	0.860637   	0.999983   	-0.00033477	-4.85348e-05	0.860606   	0.999984   	4.82472e-05	-0.000289972	0.860649   	0.999983   	0.000277068	0.000399677	0.86055    	0.999983   	0.000457376	-0.000597394	0.860582   	0.999985   	-0.000238375	0.000302848	0.860601   	0.999985   	-0.000109842	0.000239059	0.860663   	0.0928451  	1.20741    	1.60567    	0.0928156  	0.0993371  	1.1637     	1.62107    	0.0993976  	0.0941468  	1.13981    	1.73375    	0.0941563  	0.0979203  	1.20767    	1.37151    	0.0977923  	0.0949175  	1.06213    	1.62129    	0.0949461  	0.0975614  	1.18132    	1.78357    	0.097597   	0.0963969  	1.1634     	1.89185    	0.0964489  	0.0976071  	1.00406    	1.84782    	0.0974616  	0.0960159  	1.22477    	1.63044    	0.0958049  	0.0957784  	1.17382    	1.70401    	0.0957113  	0.0974042  	1.22757    	1.56762    	0.0974559  	0.0890892  	1.17407    	1.64355    	0.0890998  	0.0926815  	1.06778    	1.7222     	0.0928381  	0.0911359  	1.0743     	1.51201    	0.0914017  	0.089807   	1.00428    	1.4712     	0.0897548  	10.3181	10.3956	9.92875	10.5535	9.64965	9.64604	10.0634	10.6497	10.4519	10.6375	10.3604	9.84304	9.44428	9.80119	9.94938	1          	6.69808e-06	5.35829e-07	0.860599   	0.181014   	0.134775   	0.140537   	0.181012   	1.65846	
5.5e-11    	6.2        	0.99998    	-0.000129493	-0.00100636	0.845403   	0.999983   	1.50034e-05	-0.000163249	0.845393   	0.999977   	0.000184587	0.00111633 	0.845384   	0.999977   	-0.000118751	-0.000518956	0.845362   	0.999974   	0.000286915	0.00134634 	0.845518   	0.999978   	-0.000176396	-0.0008095 	0.845369   	0.999982   	0.000419548	-0.000184257	0.845405   	0.999981   	-0.000201569	-0.00016532	0.845406   	0.999976   	-0.00019938	0.00040596 	0.845428   	0.99998    	2.28538e-05	0.000432261	0.84535    	0.99998    	-0.000152764	-0.000187643	0.845372   	0.999977   	0.000152467	-0.000198775	0.845438   	0.999979   	0.000191226	0.000304716	0.845432   	0.999979   	-0.000128885	-0.000886844	0.84557    	0.999979   	-0.000151354	0.000543379	0.84538    	0.116473   	1.22122    	1.94024    	0.116404   	0.115325   	0.964879   	1.87856    	0.115172   	0.114279   	1.35211    	2.32871    	0.114294   	0.112018   	1.5917     	2.20925    	0.111846   	0.120212   	1.56446    	2.50687    	0.120058   	0.118671   	1.25764    	2.26393    	0.118714   	0.116748   	1.32983    	1.5353     	0.116661   	0.110259   	1.38473    	1.72891    	0.110063   	0.10901    	1.70222    	2.15094    	0.10944    	0.118576   	1.20786    	2.06511    	0.118681   	0.130437   	1.47518    	1.88567    	0.130515   	0.11187    	1.62044    	2.07911    	0.111735   	0.113495   	1.38461    	2.07314    	0.113384   	0.110486   	1.46261    	1.91418    	0.11022    	0.119728   	1.41252    	2.02093    	0.119916   	10.9338	11.2698	11.1996	10.9133	11.2737	11.7994	11.383	11.2611	11.2421	11.1049	12.0179	11.7747	11.0755	10.4328	11.3991	1          	8.55968e-07	1.84426e-06	0.845396   	0.224873   	0.135176   	0.148307   	0.224879   	1.55442	
6e-11      	6          	0.999969   	-0.000505545	-7.06281e-05	0.828108   	0.999973   	-0.000340992	0.000647397	0.82816    	0.99997    	0.000895404	-0.00054942	0.828094   	0.999972   	-5.65057e-05	-0.000448328	0.828107   	0.999974   	-0.00022483	-0.000445427	0.828212   	0.999974   	0.000153921	0.000962289	0.828138   	0.999972   	-0.000941248	-0.00129359	0.82805    	0.999968   	0.00086897 	0.00156646 	0.828245   	0.99997    	0.000128465	-0.000340917	0.828097   	0.999966   	1.4335e-05 	0.000670572	0.828038   	0.999969   	3.03986e-05	-0.00111272	0.828177   	0.999972   	-0.000104083	0.000508058	0.828132   	0.999974   	0.000771185	0.000888064	0.828126   	0.999971   	-0.00101691	-0.000444366	0.828129   	0.999975   	0.000228106	-0.000409688	0.828186   	0.143703   	1.72227    	3.10724    	0.143616   	0.139188   	1.72285    	2.5559     	0.138867   	0.141178   	1.56137    	3.02832    	0.140638   	0.150482   	1.60885    	2.82214    	0.150696   	0.133558   	1.66326    	2.36345    	0.134186   	0.141921   	1.43269    	2.64625    	0.142106   	0.1335     	1.69109    	2.51867    	0.133569   	0.156274   	2.13165    	2.67328    	0.156083   	0.134653   	1.98066    	2.67606    	0.133992   	0.14409    	1.81904    	3.4653     	0.144101   	0.161569   	1.50754    	3.29435    	0.161157   	0.142979   	1.49193    	2.95268    	0.143322   	0.141722   	1.77501    	2.19286    	0.141765   	0.140749   	1.96288    	2.53574    	0.140945   	0.142543   	1.44831    	2.42475    	0.142728   	12.4255	12.8598	13.0185	12.3712	12.1809	12.7491	13.5905	13.1935	12.1691	13.2821	14.6572	13.1967	12.7655	12.6431	13.2439	1          	-6.70046e-06	8.57176e-06	0.82811    	0.253016   	0.137399   	0.148994   	0.253015   	1.35536	
6.5e-11    	5.8        	0.999962   	-0.000554595	-0.000469091	0.808555   	0.999966   	-0.000279995	0.00164105 	0.80865    	0.999958   	0.000912765	-0.00120263	0.808483   	0.999962   	-0.00114826	0.000680218	0.808655   	0.999953   	0.00125064 	5.19278e-05	0.80853    	0.999948   	-1.99734e-05	-0.000839153	0.808568   	0.999957   	0.000597653	-0.000498706	0.808619   	0.999962   	-0.00022304	-0.00111692	0.808538   	0.999959   	-0.000346386	0.00166493 	0.808527   	0.999955   	-5.32661e-05	-0.00126859	0.808597   	0.999959   	-0.000699035	0.00183718 	0.808711   	0.999953   	0.000712167	-0.000654506	0.808486   	0.999956   	-1.90308e-06	-0.000113852	0.808569   	0.999956   	0.000245861	0.000586838	0.808574   	0.999962   	-0.000229425	-0.000663965	0.808766   	0.175627   	2.25251    	3.49497    	0.175297   	0.193294   	1.69563    	3.1717     	0.19295    	0.174693   	1.7066     	4.44999    	0.174447   	0.189364   	1.78577    	3.74312    	0.189401   	0.164052   	1.6773     	5.2332     	0.163484   	0.177522   	1.9128     	5.83884    	0.177629   	0.192283   	1.79187    	4.61927    	0.192267   	0.176888   	2.1318     	3.49832    	0.177096   	0.181614   	1.65939    	4.25347    	0.182799   	0.188758   	2.4182     	4.2688     	0.188994   	0.190698   	2.03535    	3.86761    	0.190587   	0.18497    	2.38877    	4.55684    	0.185688   	0.194929   	2.23151    	4.46756    	0.195461   	0.195792   	2.16178    	4.46376    	0.195181   	0.174928   	2.27733    	3.45615    	0.174584   	14.8069	14.9519	15.1627	15.6197	13.8097	14.8625	15.258	14.9082	14.5793	14.9844	15.7002	15.1509	16.3923	15.7614	14.2381	1          	1.07069e-05	-2.44786e-05	0.808554   	0.330123   	0.139458   	0.148567   	0.330119   	1.41397	
7e-11      	5.6        	0.999942   	0.00123152 	-0.00121441	0.786891   	0.999935   	0.000876324	-0.000624723	0.786541   	0.999927   	-0.00219274	0.00180036 	0.786885   	0.999922   	-0.000159744	-0.000795986	0.786993   	0.999923   	7.41504e-05	-0.00215062	0.786669   	0.999941   	5.4445e-05 	0.00297266 	0.786687   	0.999924   	-0.000606504	-0.00344737	0.786919   	0.999942   	0.000387088	-0.000122742	0.786593   	0.999901   	0.000251569	0.00351595 	0.78667    	0.999938   	-0.000205334	0.00286242 	0.786782   	0.999928   	0.000553139	0.00208188 	0.786722   	0.999905   	-0.000232229	-0.00479941	0.786835   	0.999918   	-0.000528298	-0.000245931	0.786717   	0.99992    	0.000339634	-0.00373096	0.786832   	0.999926   	0.000161829	0.00398516 	0.786747   	0.251985   	2.35658    	5.66054    	0.252194   	0.235904   	2.11191    	7.00028    	0.236434   	0.22359    	2.30833    	7.51578    	0.22447    	0.247481   	2.53095    	8.51023    	0.246442   	0.226468   	2.1629     	8.5172     	0.226909   	0.228027   	2.62071    	5.22252    	0.228769   	0.249285   	2.27452    	7.66937    	0.250142   	0.254427   	2.55744    	5.7359     	0.255624   	0.24056    	2.63369    	10.597     	0.23737    	0.23745    	3.05759    	5.20586    	0.237433   	0.230552   	3.00427    	6.90329    	0.23025    	0.261364   	2.4331     	9.4183     	0.260054   	0.231595   	2.68363    	8.97032    	0.231219   	0.23643    	2.29084    	8.085      	0.23695    	0.221118   	2.61258    	6.86767    	0.221847   	18.9638	17.6493	16.6657	18.8252	16.5879	16.5116	18.0898	19.0227	17.427	17.753	17.5113	18.9949	16.4756	15.7772	16.4169	1          	4.87084e-07	5.54236e-06	0.786708   	0.387826   	0.136747   	0.143002   	0.387827   	1.49813	
7.5e-11    	5.4        	0.999354   	-0.000286589	-0.0319889 	0.762239   	0.999758   	-0.0013368 	0.015983   	0.762459   	0.999759   	0.00167157 	0.0160082  	0.762666   	0.999866   	-0.000320353	-0.0101658 	0.762074   	0.999422   	0.000981493	0.031389   	0.762695   	0.999668   	-0.000662972	-0.0212572 	0.762401   	0.999444   	0.00207065 	0.0308764  	0.762136   	0.999907   	-0.000230307	-0.00109315	0.762531   	0.999448   	-0.00186651	-0.0297151 	0.762669   	0.999449   	-0.00129939	0.0276397  	0.762909   	0.99936    	0.000195607	-0.0324497 	0.761865   	0.999853   	0.00115179 	0.0048179  	0.762625   	0.99989    	-0.000215669	-0.00723987	0.762367   	0.999565   	0.000509201	-0.0245771 	0.762604   	0.999359   	-0.000265429	0.0317415  	0.762363   	0.391673   	2.15024    	15.7811    	0.384763   	0.3651     	2.57728    	12.6482    	0.374511   	0.313488   	2.298      	12.608     	0.325521   	0.358288   	2.93657    	8.04463    	0.36189    	0.312043   	3.69404    	7.67336    	0.305142   	0.30506    	3.2        	10.9085    	0.308816   	0.27668    	3.12229    	7.15948    	0.271141   	0.3249     	2.92033    	9.44404    	0.325858   	0.269668   	3.04589    	11.458     	0.275009   	0.310437   	3.02419    	19.5653    	0.334933   	0.315999   	3.0264     	12.1068    	0.319177   	0.339442   	2.93498    	15.1637    	0.338705   	0.377322   	2.86503    	8.39258    	0.37321    	0.342155   	2.8101     	15.0338    	0.35788    	0.357646   	3.51792    	14.8105    	0.376062   	24.4902	23.5012	20.2247	22.5322	19.1073	21.2226	18.5454	20.7423	18.9498	21.3213	18.7006	22.2164	22.9647	22.9006	23.1933	1          	6.62034e-06	1.70149e-06	0.76214    	0.519057   	0.140153   	0.148057   	0.519054   	3.4689	
8e-11      	5.2        	0.951912   	6.51862e-05	-0.290414  	0.762797   	0.996557   	0.00028953 	0.0774064  	0.74086    	0.972902   	-0.000367438	0.218443   	0.753552   	0.983484   	0.00100091 	-0.170364  	0.748008   	0.949505   	0.000293978	0.296807   	0.764441   	0.9897     	-0.00124368	-0.134762  	0.743815   	0.980107   	0.000757684	0.186872   	0.749404   	0.992642   	0.000858906	0.11281    	0.742524   	0.950799   	-0.00156095	-0.292002  	0.763369   	0.955041   	0.00141463 	0.280933   	0.761259   	0.968628   	0.000581609	-0.236272  	0.755218   	0.998507   	-0.00204355	-0.048629  	0.739975   	0.999784   	0.000765247	-0.0140976 	0.739444   	0.962568   	0.000271022	-0.256906  	0.757854   	0.958947   	-0.00116891	0.270037   	0.759795   	3.73939    	2.50984    	647.145    	23.4128    	1.31069    	2.59855    	53.7487    	2.01033    	0.809478   	2.59013    	381.979    	12.2411    	0.575147   	2.54159    	244.144    	7.30026    	4.77567    	2.45699    	706.586    	26.0545    	1.1834     	2.88827    	147.751    	3.83745    	0.928201   	2.41977    	290.126    	6.43126    	1.13319    	2.95036    	122.212    	3.63103    	4.2027     	3.51599    	729.437    	27.1494    	2.2415     	2.60881    	609.719    	23.5709    	1.39792    	2.78268    	391.94     	10.2265    	0.962037   	3.26026    	35.8313    	1.29306    	1.12027    	3.70211    	11.0267    	1.13715    	1.23596    	2.53926    	502.584    	18.3681    	2.36937    	2.23701    	505.419    	16.8464    	60.0264	146.244	45.9727	80.2718	83.3712	111.409	59.8127	138.524	70.1223	32.0318	35.4586	130.327	137.746	30.9079	37.5412	1          	-2.41897e-06	-4.47194e-06	0.732329   	4.09331    	0.143815   	0.145788   	4.09331    	140.273	
8.5e-11    	5          	0.837113   	0.0017651  	-0.546556  	0.797049   	0.987473   	9.49418e-05	0.156964   	0.744028   	0.909782   	-0.00186088	0.414542   	0.770626   	0.944556   	0.000520215	-0.327909  	0.758914   	0.825787   	0.000486937	0.563478   	0.8015     	0.962521   	-0.00108506	-0.270651  	0.752381   	0.92668    	0.000736193	0.375172   	0.764688   	0.976297   	-0.00115288	0.215849   	0.748522   	0.828586   	0.000439768	-0.559396  	0.800682   	0.847627   	0.000878717	0.53024    	0.79302    	0.891666   	-0.000669186	-0.451994  	0.777415   	0.995411   	-0.000209253	-0.0938494 	0.740964   	0.999166   	0.00126577 	-0.0363482 	0.740174   	0.876309   	-0.0008712 	-0.48131   	0.781649   	0.859383   	-0.000298295	0.510703   	0.789235   	3.07836    	2.74242    	34.6291    	3.33415    	2.95631    	2.71899    	14.274     	3.37897    	1.47735    	2.78147    	28.333     	2.21223    	1.09672    	2.31902    	18.1644    	2.53276    	3.53889    	2.6847     	39.0027    	3.86518    	1.75446    	3.04183    	17.9478    	3.26408    	1.18023    	3.28782    	33.1426    	3.53103    	2.83982    	2.85868    	13.3519    	2.757      	3.72256    	2.86292    	34.2679    	2.99326    	2.40506    	2.50437    	23.7731    	1.99181    	1.68238    	3.22179    	42.8216    	4.08135    	3.01612    	3.12581    	18.5042    	2.50782    	3.57128    	4.03533    	17.9204    	3.78701    	2.02023    	2.63161    	27.0822    	2.34873    	2.77828    	2.65798    	44.4249    	4.28268    	91.94	149.715	54.8973	58.4743	99.8262	91.1718	55.2772	140.372	111.663	69.8621	55.7401	150.719	177.704	64.4548	84.1219	1          	1.01554e-05	-1.75247e-05	0.700933   	1.0419     	0.140099   	0.138227   	1.0419     	24.6375	
9e-11      	4.8        	0.760239   	0.000375724	-0.64946   	0.808552   	0.984978   	-0.00190515	0.171649   	0.744116   	0.858375   	0.00140968 	0.512595   	0.777599   	0.913714   	-0.000417155	-0.405724  	0.761325   	0.745031   	-8.99888e-05	0.666844   	0.813284   	0.94945    	0.000660377	-0.313227  	0.751792   	0.901947   	-0.000718602	0.431563   	0.765196   	0.959357   	-0.00012871	0.281287   	0.748311   	0.747981   	0.00073128 	-0.663498  	0.812036   	0.768411   	-0.000584555	0.639656   	0.805101   	0.85339    	0.00064006 	-0.521113  	0.779184   	0.988628   	9.52297e-05	-0.148676  	0.74031    	0.999831   	0.000881845	-0.00721454	0.73917    	0.805341   	-0.000425428	-0.592555  	0.79301    	0.80174    	-0.000410258	0.597503   	0.795232   	3.28075    	2.88469    	12.7181    	1.12406    	3.7364     	3.12979    	18.2144    	2.68231    	1.67049    	3.48529    	30.2055    	4.91501    	2.04207    	2.87685    	33.9992    	4.50125    	3.64754    	2.71959    	13.7427    	1.35279    	3.25074    	3.34257    	23.3596    	1.68337    	2.40258    	2.54443    	12.7282    	1.16166    	1.67628    	3.30684    	32.0864    	4.01689    	3.89234    	2.41471    	17.9252    	2.02809    	4.13349    	2.80932    	25.0335    	3.30553    	1.61336    	2.56842    	8.61498    	1.18043    	2.28529    	2.926      	31.2981    	4.18949    	3.18218    	2.70463    	15.2077    	3.13678    	1.52948    	3.35518    	21.2435    	4.05645    	2.27643    	2.98714    	10.5787    	1.10343    	98.4442	149.604	65.7834	88.8831	110.883	125.76	97.1363	76.9193	115.002	131.305	64.9445	103.943	136.791	52.8727	74.6958	1          	1.25721e-05	-1.31626e-05	0.671751   	0.660387   	0.142307   	0.133665   	0.660388   	10.5609	
9.5e-11    	4.6        	0.695397   	-0.000499452	-0.718535  	0.813323   	0.987503   	-0.000412855	0.156271   	0.744704   	0.800818   	0.00088389 	0.598709   	0.785595   	0.871289   	-0.00109657	-0.490477  	0.768645   	0.665666   	0.00115975 	0.746193   	0.822216   	0.947411   	-0.000134425	-0.319565  	0.752547   	0.886202   	-0.000215406	0.463129   	0.765353   	0.935736   	-2.10279e-05	0.352409   	0.754672   	0.662758   	0.00020296 	-0.74878   	0.822996   	0.687172   	-4.07537e-05	0.726395   	0.815915   	0.812601   	0.000854028	-0.58258   	0.782863   	0.98223    	-0.000780477	-0.186606  	0.74648    	0.999657   	-4.97632e-05	0.0164518  	0.743187   	0.735558   	0.00117599 	-0.67734   	0.802846   	0.746358   	-0.00112777	0.665393   	0.799098   	2.67544    	2.57372    	5.39679    	0.626064   	1.20426    	2.59512    	23.79      	0.980019   	3.64575    	2.62163    	11.6999    	1.06166    	1.97201    	3.47073    	15.4453    	1.39302    	1.26419    	3.34557    	2.15942    	0.370554   	2.09634    	3.40211    	14.0867    	0.662941   	1.62867    	3.17967    	6.674      	0.829539   	0.952831   	3.96685    	9.44391    	0.83363    	1.4242     	2.78539    	2.57282    	0.430836   	2.58435    	3.01099    	6.35728    	0.806675   	3.06829    	3.2092     	15.1002    	1.59813    	2.50867    	2.96048    	22.3815    	1.96697    	1.74567    	2.94843    	23.4299    	1.71229    	2.46265    	2.66822    	8.09845    	1.06574    	2.98846    	2.45611    	10.5999    	1.25165    	89.7783	56.6193	122.214	70.4275	45.1529	75.3654	62.2358	44.3916	48.1243	78.7459	104.401	102.752	72.9286	78.9194	97.9083	1          	4.6537e-06 	-5.42979e-06	0.643317   	0.499678   	0.141676   	0.139612   	0.499678   	5.49115	
1e-10      	4.4        	0.643013   	0.00165096 	-0.765789  	0.812728   	0.989535   	-0.00164703	0.143318   	0.740131   	0.75115    	-0.00026744	0.65998    	0.786855   	0.835668   	0.000360985	-0.549075  	0.767552   	0.60513    	-0.000914527	0.796072   	0.823513   	0.94677    	0.00061158 	-0.321518  	0.746043   	0.875585   	0.00070269 	0.482832   	0.758009   	0.915769   	-0.00130054	0.40143    	0.751602   	0.598486   	0.000571939	-0.801074  	0.825708   	0.620327   	0.000855515	0.784271   	0.81998    	0.793118   	-0.00121098	-0.60889   	0.776067   	0.971695   	0.000259818	-0.235595  	0.742959   	0.998752   	0.00044994 	0.0476746  	0.74056    	0.672961   	-0.00103609	-0.739568  	0.806012   	0.70863    	0.000547326	0.705492   	0.796044   	1.94555    	3.01169    	3.03142    	0.502644   	1.76819    	2.62965    	14.2914    	1.22778    	3.52522    	2.58867    	8.93714    	0.813956   	2.50952    	2.85934    	7.24312    	0.671541   	1.97824    	2.44088    	2.73987    	0.456977   	1.10701    	2.78217    	13.5122    	1.16354    	2.16936    	3.14465    	10.702     	1.26182    	2.10622    	3.18956    	9.86849    	0.845801   	1.73878    	3.71508    	2.41016    	0.439765   	2.46807    	2.82153    	4.07695    	0.684217   	3.03968    	2.762      	10.2373    	1.09626    	2.03743    	2.34685    	16.5211    	1.64566    	1.96281    	3.51838    	10.6665    	2.10938    	3.13522    	3.02872    	6.99665    	0.999352   	1.9979     	3.62336    	4.22871    	0.889345   	57.8786	69.1255	101.61	80.3041	60.1721	43.0432	69.3749	70.7196	53.3915	74.3872	91.5283	75.5941	69.8098	93.307	60.8027	1          	-2.06577e-05	-1.91007e-05	0.615361   	0.41003    	0.139453   	0.140814   	0.410029   	3.72393	
1.05e-10   	4.2        	0.611067   	0.000862215	-0.791476  	0.807037   	0.993676   	-0.00154224	0.110261   	0.728559   	0.697452   	0.00065403 	0.716468   	0.782687   	0.796456   	2.41814e-05	-0.604449  	0.760345   	0.5583     	0.00111774 	0.829574   	0.821788   	0.950266   	-0.00125684	-0.310813  	0.735132   	0.877092   	0.000317489	0.480022   	0.745598   	0.887529   	-0.000317737	0.460411   	0.743087   	0.544473   	1.03602e-05	-0.838728  	0.825637   	0.561746   	0.000526745	0.827248   	0.820348   	0.788904   	-0.00108168	-0.614329  	0.763099   	0.955428   	0.000407498	-0.294708  	0.732887   	0.994979   	0.000460416	0.0987647  	0.728677   	0.613267   	0.00212775 	-0.789808  	0.805628   	0.692447   	-0.0025983 	0.721342   	0.785624   	3.82049    	3.40788    	5.71748    	0.862814   	2.05177    	4.51239    	22.7753    	1.91244    	4.72586    	3.38558    	9.44728    	1.04179    	4.2553     	2.97473    	13.9692    	1.24558    	2.78745    	2.79604    	3.3954     	0.643412   	3.07173    	3.44869    	19.5698    	1.90742    	3.73253    	3.36352    	12.2838    	0.938126   	3.07189    	3.76866    	14.3068    	1.13358    	1.91988    	3.23876    	1.91694    	0.387002   	2.74044    	2.64942    	2.9995     	0.467308   	3.78981    	3.60402    	8.95708    	0.992969   	2.04819    	3.57941    	14.6567    	1.42593    	1.72364    	2.82273    	12.8356    	1.40006    	2.6181     	2.59107    	2.91203    	0.517603   	3.73459    	3.02304    	6.66923    	0.907526   	105.139	70.0764	123.265	120.67	77.9603	94.2686	107.768	92.9614	55.0982	75.7054	107.592	64.5791	58.447	71.1602	100.818	1          	2.69599e-06	-2.74562e-05	0.587665   	0.387784   	0.137085   	0.152141   	0.387789   	3.29593	
1.1e-10    	4          	0.567091   	0.00153051 	-0.823554  	0.801477   	0.995121   	0.000919559	0.095648   	0.721163   	0.650305   	-0.00242329	0.759474   	0.782258   	0.761985   	0.00226085 	-0.647348  	0.756789   	0.506956   	-0.00215437	0.861928   	0.818813   	0.951018   	0.000124367	-0.308509  	0.724617   	0.865442   	-2.10178e-05	0.500756   	0.734564   	0.871496   	-0.00168769	0.490128   	0.735398   	0.489929   	0.00151799 	-0.871708  	0.825093   	0.506436   	-0.000399426	0.862218   	0.821037   	0.76909    	-0.000516817	-0.638943  	0.752217   	0.946178   	0.000988989	-0.323087  	0.725629   	0.992392   	-0.00135059	0.121475   	0.722826   	0.558645   	0.00189939 	-0.829313  	0.806605   	0.659751   	-0.000786002	0.751327   	0.777374   	4.04629    	3.04904    	6.36787    	1.27611    	2.91771    	3.9064     	30.747     	2.51341    	5.91368    	2.92392    	14.327     	2.24364    	3.61775    	2.9107     	16.4923    	2.32109    	1.55713    	2.86935    	1.49699    	0.457271   	3.8116     	2.9369     	17.8256    	1.20413    	3.04442    	3.1126     	11.0705    	1.45651    	2.24455    	2.669      	13.6008    	1.99647    	2.75626    	2.67226    	2.25038    	0.451749   	2.44364    	3.81712    	2.15765    	0.503751   	3.11076    	3.05313    	11.8602    	1.62072    	2.69365    	4.2546     	16.3058    	1.40804    	3.76592    	4.09827    	19.7155    	3.47583    	3.81122    	2.69243    	6.14152    	1.309      	4.74119    	3.52057    	9.72862    	1.51881    	101.02	80.2627	143.805	91.8226	43.9091	97.6663	75.7072	65.2797	69.6673	65.338	80.0339	71.8927	103.677	96.0312	119.254	1          	-2.8924e-06	1.69468e-05	0.560272   	0.360013   	0.136652   	0.14337    	0.360017   	2.94379	
1.15e-10   	3.8        	0.510539   	0.000713699	-0.859752  	0.800481   	0.996613   	-0.00171449	0.0802016  	0.727431   	0.591708   	0.000858361	0.805997   	0.786734   	0.727424   	0.00124343 	-0.685926  	0.755671   	0.441612   	4.22002e-05	0.897077   	0.820231   	0.948823   	-0.00142942	-0.314931  	0.724383   	0.85329    	0.00148919 	0.520913   	0.730281   	0.853865   	-0.00109673	0.520005   	0.732885   	0.423625   	-0.000308345	-0.905767  	0.826979   	0.441735   	0.000373344	0.897087   	0.823025   	0.734214   	-0.00113446	-0.678482  	0.749334   	0.943439   	0.000814994	-0.330559  	0.726489   	0.990379   	-0.00121149	0.137555   	0.729873   	0.490437   	8.16621e-06	-0.871395  	0.8108     	0.617151   	0.00112481 	0.786744   	0.775678   	4.55329    	2.35494    	8.90425    	2.86612    	7.39396    	3.12411    	16.8139    	7.30067    	6.0465     	2.69935    	11.1672    	2.08585    	8.892      	3.22139    	12.9533    	1.54579    	9.47703    	2.54037    	7.51043    	1.52241    	4.04432    	3.71496    	30.6895    	5.14427    	4.76295    	3.70019    	28.2094    	3.27156    	9.07506    	4.49943    	19.2155    	1.39959    	4.49243    	3.396      	2.8141     	0.58183    	3.46705    	3.11739    	2.01621    	0.410984   	9.78499    	2.95363    	28.9242    	3.45653    	8.58604    	3.54184    	29.7786    	2.18375    	3.66621    	3.57016    	10.268     	3.59746    	4.54531    	2.57692    	4.76394    	1.06864    	3.4041     	2.65471    	6.69377    	1.80511    	95.1486	173.916	128.987	184.24	195.523	101.978	110.883	188.706	98.8752	80.4734	218.799	183.55	83.0161	101.262	78.4894	1          	-5.30098e-07	-1.01122e-05	0.533045   	0.32898    	0.142351   	0.147977   	0.32898    	2.45404	
1.2e-10    	3.6        	0.441409   	-4.63751e-05	-0.897249  	0.804745   	0.992775   	0.000621918	0.119225   	0.727775   	0.565751   	-0.000421814	0.824496   	0.778304   	0.722089   	0.000132366	-0.691645  	0.746225   	0.370305   	-0.000391019	0.928857   	0.82423    	0.931108   	0.000307374	-0.364402  	0.723913   	0.820599   	-0.00187973	0.571092   	0.724404   	0.858301   	0.0012506  	0.512687   	0.724033   	0.365592   	0.000456155	-0.930732  	0.826843   	0.391361   	0.000199785	0.92018    	0.821414   	0.689275   	0.00177214 	-0.724334  	0.744796   	0.948496   	-0.00207363	-0.316255  	0.720179   	0.993295   	0.00150347 	0.114562   	0.72486    	0.45113    	0.0003404  	-0.892413  	0.806117   	0.561388   	-0.00169576	0.827437   	0.773793   	3.04685    	3.21834    	2.01647    	0.566191   	2.16062    	3.4837     	7.44027    	1.93151    	3.7132     	2.29804    	4.12508    	0.88203    	4.70862    	3.29882    	6.87706    	1.05863    	4.37176    	1.85252    	2.09284    	0.530959   	3.12476    	2.86563    	11.2625    	2.25589    	6.28178    	3.27724    	20.6884    	2.05177    	6.56523    	3.90719    	19.0722    	1.06858    	2.88176    	2.54218    	1.24663    	0.359117   	3.96755    	2.55843    	2.07424    	0.495279   	5.31562    	3.03416    	8.01253    	1.20936    	2.55199    	4.79009    	14.3056    	1.6862     	2.23872    	3.36991    	10.6272    	1.76728    	2.66241    	2.05454    	1.818      	0.513901   	4.94564    	2.91005    	6.23151    	1.13205    	62.7868	55.7667	76.0176	93.2632	87.5372	69.4089	127.703	123.806	62.4167	75.3032	99.4963	60.1485	59.1357	57.529	99.1855	1          	8.3187e-06 	-5.79412e-06	0.506013   	0.336517   	0.14133    	0.142956   	0.336514   	2.19656	
1.25e-10   	3.4        	0.382327   	0.000188306	-0.923976  	0.806071   	0.988869   	-0.00102714	0.146869   	0.723288   	0.538764   	0.000909351	0.842156   	0.768226   	0.718792   	0.000776696	-0.694756  	0.728677   	0.32327    	0.000500155	0.946245   	0.821648   	0.913892   	-0.00145885	-0.405145  	0.709048   	0.779632   	-0.000901192	0.626027   	0.712598   	0.86947    	-0.00137023	0.49369    	0.708944   	0.32197    	0.00211168 	-0.946677  	0.823948   	0.349544   	-0.00119375	0.936845   	0.81795    	0.633453   	0.00159178 	-0.773568  	0.739785   	0.95737    	-0.000406385	-0.288166  	0.712852   	0.996514   	9.93914e-05	0.0791095  	0.72657    	0.413062   	0.000976651	-0.91056   	0.802058   	0.491947   	-0.00113039	0.87039    	0.776061   	3.03067    	3.10551    	1.39776    	0.47823    	10.0578    	4.30082    	25.841     	6.21485    	13.6828    	2.73094    	22.3385    	4.58045    	8.66035    	3.70943    	32.1907    	4.78559    	4.87973    	2.86704    	1.86947    	0.562821   	17.1081    	3.32165    	22.2558    	4.69549    	7.56753    	3.57558    	6.16725    	1.82837    	2.31286    	3.52698    	13.2523    	2.23903    	5.47477    	3.43658    	2.19281    	0.635636   	6.03112    	2.96891    	2.19422    	0.542742   	10.0925    	2.79067    	8.7151     	0.95544    	2.3537     	3.87709    	18.7874    	1.41613    	2.16998    	3.18048    	38.9797    	1.70979    	10.8069    	3.30305    	6.41252    	1.2103     	14.2994    	3.49139    	12.5665    	2.07545    	57.9269	183.312	218.506	148.124	88.1933	284.979	112.972	50.7322	89.0623	95.9769	152.67	51.8306	51.3342	161.446	218.461	1          	7.57664e-06	-5.00104e-05	0.479052   	0.303503   	0.140455   	0.142537   	0.303503   	2.06363	
1.3e-10    	3.2        	0.33074    	0.000242297	-0.943674  	0.804956   	0.983512   	-0.00222361	0.180124   	0.710644   	0.520833   	0.00185127 	0.853522   	0.751246   	0.729209   	-0.0012261 	-0.684055  	0.705256   	0.280315   	0.00122498 	0.959845   	0.819468   	0.885859   	-9.7179e-05	-0.463603  	0.691454   	0.722812   	0.00190698 	0.690853   	0.696018   	0.88923    	-0.00132275	0.457162   	0.687872   	0.295462   	-0.000469026	-0.9553    	0.817662   	0.331002   	-0.00121082	0.943556   	0.81028    	0.574131   	-0.00107633	-0.818645  	0.726042   	0.966302   	0.00254116 	-0.25685   	0.694485   	0.99789    	-4.72918e-05	0.0621038  	0.715091   	0.380041   	-0.000269889	-0.92486   	0.793033   	0.443248   	0.000298308	0.896304   	0.770328   	3.04924    	3.01543    	1.3922     	0.706318   	3.36524    	5.64001    	8.24424    	2.45779    	6.2276     	4.0471     	5.92371    	1.27808    	3.89872    	5.60008    	11.6578    	2.73634    	5.43404    	2.79042    	1.67208    	0.597643   	7.11615    	4.46474    	9.27859    	2.84513    	5.50324    	4.09528    	6.238      	1.27638    	2.76101    	3.25401    	10.2982    	1.53738    	3.89363    	3.0693     	1.52517    	0.549916   	6.04062    	2.74431    	2.46766    	0.731677   	5.06508    	3.22064    	5.02535    	1.62784    	2.14516    	4.54754    	11.2336    	2.2895     	1.74865    	6.1035     	15.2126    	1.96381    	7.60572    	3.66894    	4.85323    	1.38992    	5.6398     	3.41671    	3.60787    	1.0416     	49.3905	61.0988	95.4283	68.1826	87.2322	108.773	84.6296	54.9988	61.7389	91.0881	76.5707	41.4222	40.3147	115.279	85.0423	1          	1.20816e-05	8.34018e-05	0.452113   	0.309614   	0.140722   	0.1526     	0.309609   	2.3573	
1.35e-10   	3          	0.277674   	0.00242441 	-0.960614  	0.805386   	0.984207   	-0.00245412	0.175314   	0.710765   	0.471497   	-0.000419158	0.881603   	0.748137   	0.705168   	0.000427841	-0.708912  	0.691581   	0.233716   	-0.00160455	0.972255   	0.817809   	0.879611   	0.00158018 	-0.475486  	0.678833   	0.682963   	-0.00146697	0.730279   	0.685051   	0.892742   	-0.0012082 	0.450311   	0.675187   	0.251523   	0.00208003 	-0.967789  	0.815457   	0.275975   	0.000921566	0.96111    	0.809952   	0.533823   	0.000441733	-0.845448  	0.721034   	0.965846   	-0.00147895	-0.2586    	0.690817   	0.997149   	0.00177789 	0.0732639  	0.721579   	0.315131   	0.000629793	-0.948923  	0.796764   	0.396589   	-0.00224375	0.917895   	0.769224   	3.55641    	4.07659    	1.53667    	0.844053   	9.96671    	6.00557    	24.62      	5.92537    	10.6766    	5.72523    	20.8468    	7.18103    	3.60351    	3.38254    	4.7562     	1.68883    	4.043      	2.64537    	1.04373    	0.4972     	2.96064    	3.80068    	5.40394    	1.75498    	6.68797    	4.54608    	3.80012    	1.44603    	2.42364    	5.11087    	6.17963    	1.62143    	5.35044    	2.84444    	1.0971     	0.437063   	3.3862     	3.8804     	1.00357    	0.416541   	6.24446    	3.55658    	6.94288    	1.7363     	3.80587    	3.37283    	9.53541    	2.12989    	2.70803    	3.8121     	15.7235    	2.88768    	9.88436    	3.98928    	5.13247    	1.69619    	6.71964    	3.31312    	3.79697    	1.47051    	51.5563	137.818	137.45	53.0616	56.2324	44.4575	94.2668	43.1915	74.7709	43.9331	80.0078	60.0355	49.0984	116.14	80.0514	1          	-1.05084e-05	0.000117057	0.425247   	0.306235   	0.142677   	0.160461   	0.306231   	2.40125	
1.4e-10    	2.8        	0.239411   	0.00447284 	-0.970835  	0.804133   	0.975339   	-0.0066699 	0.219805   	0.685087   	0.462998   	0.00112934 	0.886217   	0.72178    	0.681444   	-0.00121017	-0.731737  	0.67058    	0.200626   	-0.00177266	0.979622   	0.814376   	0.871113   	0.00369773 	-0.490845  	0.659761   	0.652279   	-0.00030567	0.757804   	0.668704   	0.888814   	-0.000853843	0.45795    	0.659      	0.213181   	0.000987165	-0.976939  	0.812246   	0.232475   	-0.00102062	0.972545   	0.80917    	0.488162   	0.00253298 	-0.872623  	0.711386   	0.96638    	-0.0014731 	-0.256685  	0.682214   	0.998788   	0.00433302 	0.0469672  	0.709272   	0.291562   	-0.00195205	-0.956469  	0.787026   	0.336387   	-0.00189367	0.941654   	0.764649   	5.31195    	4.14883    	1.99969    	0.981915   	6.56092    	7.51624    	10.0216    	4.8385     	5.70387    	4.8561     	7.851      	3.29457    	3.4177     	4.73137    	3.14173    	1.25441    	3.72956    	2.59137    	0.674978   	0.36553    	2.65704    	5.92637    	4.01127    	1.54718    	7.0808     	5.0612     	3.35187    	1.89267    	2.10683    	6.71962    	7.92134    	2.21396    	7.56957    	2.37902    	1.41767    	0.546346   	4.22304    	3.45739    	1.28126    	0.605289   	5.2171     	4.93451    	4.28076    	1.56817    	2.8896     	4.18371    	6.7267     	1.97205    	2.19148    	5.24057    	6.24119    	2.23169    	6.31806    	3.28864    	2.41635    	1.00527    	4.52963    	3.4015     	1.96232    	1.34871    	61.1011	76.1928	70.6682	45.0024	46.8077	41.0598	72.8906	31.747	79.8497	49.4504	61.6188	45.383	33.3599	64.0392	54.4659	0.999999   	1.70602e-05	-8.82022e-05	0.398313   	0.304871   	0.136796   	0.189138   	0.304873   	2.14268	
1.45e-10   	2.6        	0.200018   	-0.00269064	-0.979725  	0.803167   	0.973861   	0.00144138 	0.226382   	0.671527   	0.421259   	0.00186571 	0.906763   	0.709071   	0.630736   	-0.0052802 	-0.775432  	0.652964   	0.171375   	0.00408507 	0.985139   	0.811457   	0.876841   	-9.15343e-05	-0.479861  	0.641922   	0.628708   	-0.00212772	0.777452   	0.65252    	0.877944   	0.00543128 	0.478392   	0.644354   	0.169606   	-0.00253575	-0.985461  	0.812177   	0.195693   	0.001587   	0.980608   	0.806228   	0.446027   	-0.00196128	-0.894862  	0.698604   	0.965284   	0.000127   	-0.260513  	0.667552   	0.997239   	-0.00160237	0.0728002  	0.699535   	0.236513   	-0.000942019	-0.971559  	0.790047   	0.304524   	0.00249834 	0.952413   	0.752701   	5.11902    	3.62615    	1.1852     	0.682502   	4.07763    	6.31426    	9.84076    	2.4582     	10.0865    	4.03776    	5.85957    	1.57445    	19.8268    	4.33113    	19.3833    	1.87824    	4.53292    	3.76485    	1.04597    	0.605393   	12.0028    	6.52503    	25.0343    	1.64995    	5.16401    	5.55099    	5.03658    	1.55303    	3.78227    	6.20716    	7.01847    	1.46422    	3.69605    	3.1047     	0.924895   	0.582107   	4.03395    	3.7158     	1.01902    	0.572651   	7.06974    	4.21649    	6.64265    	2.3134     	4.1416     	6.21923    	10.4643    	2.29691    	3.52215    	5.64886    	6.24338    	3.44411    	4.33362    	4.34151    	2.2476     	1.32267    	5.00158    	4.46506    	3.07697    	1.54442    	46.0558	53.7179	80.5438	168.851	45.0614	120.624	51.6122	38.1445	38.7555	40.1491	63.3473	45.3111	49.5775	43.6334	49.2633	0.999999   	-1.24134e-07	1.50286e-05	0.371206   	0.309666   	0.139779   	0.170929   	0.309652   	2.632	
1.5e-10    	2.4        	0.168832   	0.00308015 	-0.985575  	0.799583   	0.976154   	-0.0123407 	0.216048   	0.655205   	0.366758   	0.00754965 	0.930186   	0.701424   	0.564698   	-0.00258542	-0.825121  	0.640285   	0.140095   	-0.000837598	0.990095   	0.81004    	0.888861   	0.00372382 	-0.457841  	0.626314   	0.597361   	-0.00192063	0.80172    	0.63209    	0.868166   	0.00331299 	0.495843   	0.622876   	0.140019   	-0.000992125	-0.990104  	0.810408   	0.154145   	0.00273019 	0.987993   	0.805137   	0.420877   	0.0028561  	-0.906908  	0.681932   	0.958062   	-0.00664369	-0.285663  	0.648357   	0.995986   	0.00890502 	0.0870612  	0.689715   	0.189033   	-0.00413752	-0.981871  	0.792443   	0.262286   	-0.00372796	0.964875   	0.743723   	6.23905    	2.69178    	1.39184    	0.855027   	1.8832     	9.94637    	4.84156    	2.06461    	4.50049    	5.48395    	1.65694    	1.08711    	3.87404    	7.2175     	3.69377    	1.36522    	3.07185    	3.1474     	0.651108   	0.506955   	3.18246    	7.99438    	3.6996     	1.56056    	5.70651    	7.90839    	6.12522    	1.26054    	5.21156    	7.90505    	6.86378    	1.35271    	2.48785    	4.16777    	0.511891   	0.449192   	3.40943    	3.88719    	0.870324   	0.61499    	8.85957    	5.19238    	8.7538     	2.87864    	9.00717    	7.8612     	10.7384    	4.94779    	3.81985    	10.8057    	8.51763    	3.75773    	6.09529    	5.73487    	2.82564    	1.7107     	7.37258    	4.38868    	3.05742    	1.4943     	48.2506	23.6109	39.5249	33.6961	30.7474	37.8717	50.5383	51.1201	27.7657	30.3648	81.53	77.3942	48.7232	47.4935	57.8011	0.999999   	-6.92921e-05	-0.000471945	0.343959   	0.311877   	0.140349   	0.17884    	0.311894   	2.69003	
1.55e-10   	2.2        	0.12105    	0.0064517  	-0.992551  	0.803102   	0.971994   	-0.0255447 	0.232855   	0.641403   	0.330436   	0.0152951  	0.943605   	0.691894   	0.491642   	-0.0181651 	-0.870335  	0.629785   	0.106524   	-0.00136027	0.994256   	0.810175   	0.898628   	0.020966   	-0.437724  	0.615499   	0.52159    	-0.0227016 	0.852672   	0.618116   	0.880381   	0.0293063  	0.472823   	0.611756   	0.109214   	-0.00432309	-0.993941  	0.809294   	0.119277   	0.0094715  	0.99273    	0.80539    	0.409326   	0.0197496  	-0.912052  	0.660397   	0.943551   	-0.0345138 	-0.328864  	0.618314   	0.993439   	0.0316951  	0.109006   	0.685791   	0.124154   	-0.0120569 	-0.992131  	0.798715   	0.228271   	-0.0152353 	0.973397   	0.738831   	5.89847    	4.70349    	1.27379    	0.868636   	4.34937    	13.2026    	3.27301    	4.01986    	3.34971    	6.31654    	2.33982    	1.63348    	7.13373    	12.0024    	3.62528    	1.05461    	3.81078    	4.00713    	0.485343   	0.376435   	4.13825    	11.9388    	4.52575    	2.06234    	6.58218    	6.82772    	4.86335    	1.59232    	3.5108     	13.0298    	7.01666    	1.63564    	3.86944    	6.05771    	0.712756   	0.54204    	5.36422    	7.07603    	0.791316   	0.556863   	5.09312    	5.76315    	1.54307    	1.14379    	2.45858    	13.4048    	2.64744    	2.22221    	4.05074    	7.14046    	3.22753    	4.02524    	4.19053    	3.9971     	1.43877    	1.11374    	4.66932    	4.36884    	2.32332    	1.41036    	39.0622	41.671	30.7199	51.287	28.4403	44.9438	41.5486	33.9807	26.4275	39.8631	42.8682	26.232	45.2567	31.8195	38.2474	0.999999   	6.88514e-05	8.27913e-05	0.316435   	0.305788   	0.145173   	0.180623   	0.305782   	2.73237	
1.6e-10    	2          	0.080004   	0.0146401  	-0.996538  	0.802999   	0.96191    	-0.0735549 	0.25837    	0.615338   	0.307726   	0.0471174  	0.949878   	0.680962   	0.437657   	-0.065415  	-0.896106  	0.617187   	0.0778094  	0.0054945  	0.996865   	0.80863    	0.893093   	0.0598933  	-0.443321  	0.596406   	0.482502   	-0.0486999 	0.873572   	0.600607   	0.864479   	0.0821963  	0.494096   	0.589896   	0.0814684  	-0.0219077 	-0.996386  	0.808279   	0.0864457  	0.0331999  	0.995565   	0.802949   	0.371861   	0.0459994  	-0.926655  	0.6506     	0.93376    	-0.0993805 	-0.340213  	0.59443    	0.988912   	0.0875775  	0.111519   	0.669166   	0.0817771  	-0.0398078 	-0.995672  	0.798028   	0.188424   	-0.0330034 	0.981237   	0.734885   	4.15856    	17.6798    	0.891096   	0.69726    	5.23551    	107.564    	2.59347    	3.20425    	3.17476    	39.7326    	1.66936    	0.942599   	3.19123    	47.8317    	1.92971    	1.57017    	3.40117    	9.72229    	0.498129   	0.441028   	2.64364    	89.3377    	2.70723    	1.89065    	3.3372     	66.6069    	1.79773    	1.25978    	2.68005    	67.9732    	2.77267    	1.62258    	3.55209    	3.73335    	0.515767   	0.438197   	5.69936    	14.3597    	1.26932    	0.870678   	2.97614    	40.9176    	1.62071    	0.910599   	7.35293    	94.2964    	2.65361    	3.64816    	8.05       	94.0325    	3.06035    	4.68262    	5.79709    	20.5801    	0.98552    	0.653762   	4.80686    	30.5871    	1.6001     	0.891394   	26.9156	39.6615	24.324	21.1654	26.6224	24.4601	25.8779	23.6621	25.8728	39.9885	23.5587	50.6145	56.1727	40.8819	32.702	0.999999   	1.06162e-05	9.68479e-05	0.288588   	0.357574   	0.144341   	0.165204   	0.357568   	2.85897	
1.65e-10   	1.8        	0.0903885  	0.111462   	-0.98865   	0.791341   	0.854536   	-0.439418  	0.247702   	0.598516   	0.281081   	0.244499   	0.926186   	0.691389   	0.355057   	-0.340601  	-0.867207  	0.633853   	0.0820651  	-0.0329203 	0.995764   	0.800139   	0.802268   	0.401703   	-0.427996  	0.606896   	0.420718   	-0.353052  	0.830408   	0.616294   	0.757637   	0.412418   	0.497168   	0.600341   	0.0793665  	-0.0342328 	-0.996069  	0.800562   	0.0962827  	0.10293    	0.989671   	0.791405   	0.352627   	0.277129   	-0.890392  	0.661545   	0.805786   	-0.466288  	-0.346439  	0.580831   	0.898167   	0.410468   	0.101672   	0.636497   	0.0917656  	-0.155398  	-0.982396  	0.78566    	0.181025   	-0.178887  	0.965405   	0.733466   	38.6398    	96.1462    	12.345     	4.21842    	60.1149    	559.831    	17.0436    	7.01543    	5.58282    	188.821    	2.56899    	12.4029    	5.55296    	281.951    	2.71307    	23.4828    	13.3716    	32.6357    	1.90207    	1.07411    	23.1555    	492.29     	2.6071     	25.8056    	4.73335    	390.273    	5.10122    	22.1823    	21.4904    	351.246    	3.83204    	20.4028    	19.2501    	7.75901    	2.27598    	1.56314    	24.2957    	22.7539    	4.72973    	2.02931    	9.82253    	300.449    	5.71116    	13.7633    	61.1586    	462.333    	3.0347     	15.1921    	120.861    	563.989    	5.60857    	6.65834    	52.733     	102.091    	16.4047    	4.61058    	13.2487    	181.654    	5.44452    	0.949078   	211.454	270.053	33.3472	38.4451	102.289	104.156	27.0349	84.6766	125.528	153.735	57.8658	251.35	500.973	282.868	80.8844	0.999999   	-5.7178e-05	9.48362e-05	0.258969   	1.29965    	0.141639   	0.177746   	1.29967    	6.58465	
1.7e-10    	1.6        	0.126348   	0.184807   	-0.974488  	0.774634   	0.690782   	-0.69139   	0.208228   	0.594082   	0.250335   	0.363848   	0.896896   	0.712454   	0.311195   	-0.476321  	-0.822053  	0.655393   	0.0889552  	-0.0677177 	0.993639   	0.793732   	0.672762   	0.600891   	-0.430719  	0.613923   	0.343077   	-0.520825  	0.781348   	0.637674   	0.645639   	0.577959   	0.498491   	0.619429   	0.0866755  	-0.0298491 	-0.995713  	0.795293   	0.115484   	0.13341    	0.984184   	0.782713   	0.318383   	0.420314   	-0.849477  	0.679996   	0.648584   	-0.67753   	-0.345324  	0.58566    	0.756422   	0.64846    	0.0811669  	0.623043   	0.116385   	-0.231087  	-0.965834  	0.771176   	0.170065   	-0.292188  	0.941009   	0.740268   	9.90252    	6.212      	2.99717    	1.44601    	33.9333    	21.0507    	9.43082    	5.3768     	11.9618    	13.8984    	7.4594     	2.72751    	7.01352    	14.8588    	7.37699    	4.42526    	5.81547    	7.05437    	1.50104    	1.05644    	7.70187    	16.3125    	13.7319    	3.04252    	8.6942     	9.46689    	8.8702     	1.97553    	11.1742    	9.97317    	8.71134    	2.48739    	5.31431    	5.59592    	0.963478   	0.813248   	9.37694    	7.079      	2.28984    	1.26445    	8.43434    	10.0039    	2.44749    	1.98919    	19.7901    	20.1732    	4.73875    	3.66147    	13.2722    	18.949     	5.38954    	4.71867    	6.26674    	7.32088    	2.21147    	0.895454   	4.8183     	7.36568    	3.38226    	2.65767    	52.523	130.598	42.6675	25.4515	32.7979	35.1083	35.6946	40.7207	26.6201	41.2223	36.5768	77.6839	45.1542	33.927	23.8555	0.999998   	-5.11654e-05	0.000333815	0.229025   	0.448737   	0.14218    	0.167898   	0.448765   	2.96345	
1.75e-10   	1.4        	0.129824   	0.232236   	-0.963742  	0.77149    	0.568025   	-0.798392  	0.195547   	0.580217   	0.236961   	0.383135   	0.892506   	0.714609   	0.213266   	-0.506002  	-0.835258  	0.677391   	0.0806784  	-0.102174  	0.991368   	0.794874   	0.623442   	0.682699   	-0.379899  	0.628713   	0.286649   	-0.604327  	0.742996   	0.641944   	0.563749   	0.630506   	0.533051   	0.631223   	0.0759876  	-0.0113227 	-0.996948  	0.797912   	0.115164   	0.127639   	0.984928   	0.780708   	0.311279   	0.490928   	-0.813337  	0.683719   	0.512163   	-0.764397  	-0.390206  	0.578302   	0.675103   	0.730887   	0.0974904  	0.616145   	0.098537   	-0.23742   	-0.966273  	0.768693   	0.146468   	-0.347672  	0.925909   	0.741293   	15.2029    	10.4769    	6.33512    	3.69375    	37.6388    	9.16558    	23.8933    	5.52192    	20.8192    	3.08774    	8.43691    	3.58592    	25.4946    	5.90606    	17.4017    	5.60509    	5.09957    	12.5861    	0.817996   	0.937499   	20.9214    	13.1059    	16.3294    	8.75058    	12.4455    	11.0579    	6.49295    	2.6314     	11.4295    	4.85325    	10.3792    	3.48515    	3.68337    	10.3568    	1.17696    	1.06806    	10.9807    	13.5449    	2.11071    	1.20522    	7.83796    	17.064     	8.53379    	2.34291    	26.0802    	7.61832    	13.4091    	3.60284    	15.2137    	5.32817    	10.9265    	8.06709    	6.19335    	8.62144    	3.14406    	1.72132    	9.42694    	10.1129    	5.44303    	1.98865    	44.044	130.249	68.1066	75.7457	29.4315	66.5635	43.3897	42.1358	20.1585	45.2046	34.7913	88.1096	52.3356	23.9972	33.2501	0.999998   	-0.000184593	-5.46058e-06	0.199952   	0.353025   	0.137302   	0.162194   	0.353021   	2.54075	
1.8e-10    	1.2        	0.120927   	0.260683   	-0.95771   	0.772441   	0.426698   	-0.872986  	0.233953   	0.561291   	0.25644    	0.396872   	0.880942   	0.699994   	0.147273   	-0.51675   	-0.843187  	0.67915    	0.0796533  	-0.133623  	0.987731   	0.79354    	0.561443   	0.742902   	-0.36402   	0.624649   	0.2423     	-0.657766  	0.713005   	0.635407   	0.483915   	0.658948   	0.575565   	0.627427   	0.0708545  	0.00530367 	-0.997404  	0.797371   	0.103275   	0.116242   	0.987742   	0.784515   	0.312422   	0.533558   	-0.784951  	0.675175   	0.386208   	-0.800139  	-0.455066  	0.571353   	0.597949   	0.792794   	0.114139   	0.606549   	0.0780015  	-0.244657  	-0.966325  	0.763671   	0.12559    	-0.385967  	0.913732   	0.736225   	4.9138     	7.93963    	3.26858    	1.49132    	33.21      	4.57278    	9.69397    	7.68571    	24.4853    	9.20175    	10.689     	6.25555    	9.461      	6.65846    	3.04426    	2.40147    	8.54861    	4.41265    	1.81596    	1.12274    	10.6823    	5.04297    	3.95623    	3.13388    	6.42526    	2.38532    	7.48943    	4.2637     	6.99097    	5.0298     	6.1951     	2.86895    	6.30279    	3.55256    	1.20828    	1.01428    	3.78722    	8.71795    	2.86416    	2.07903    	42.249     	1.85821    	51.6295    	14.0782    	42.2574    	9.25267    	83.6427    	2.44954    	11.9845    	4.21977    	27.6903    	5.52656    	5.63733    	11.0467    	3.19648    	1.43717    	8.24307    	6.17777    	13.1373    	5.74006    	19.9429	59.8269	56.9792	29.592	23.3127	28.2334	22.8076	20.7596	18.8888	16.9625	44.6031	67.9164	33.7872	17.4571	20.9322	0.999997   	5.25059e-05	-0.000188046	0.171156   	0.315772   	0.143091   	0.153686   	0.315792   	2.50458	
1.85e-10   	1          	0.119014   	0.275186   	-0.953903  	0.774318   	0.229598   	-0.932685  	0.272323   	0.560746   	0.294657   	0.428061   	0.853337   	0.696769   	0.0691855  	-0.546165  	-0.834211  	0.686298   	0.0672898  	-0.139115  	0.987886   	0.79397    	0.5159     	0.777083   	-0.359914  	0.634208   	0.139171   	-0.697552  	0.701973   	0.640506   	0.448813   	0.685855   	0.571582   	0.643748   	0.0624383  	0.00588158 	-0.997956  	0.799222   	0.0938001  	0.12475    	0.987588   	0.793412   	0.367529   	0.572948   	-0.732069  	0.670182   	0.179067   	-0.829056  	-0.527318  	0.59022    	0.565422   	0.81515    	0.120141   	0.629748   	0.0344323  	-0.25835   	-0.96517   	0.77325    	0.0633307  	-0.406851  	0.910988   	0.742606   	7.56947    	3.17576    	5.89625    	4.35534    	66.7962    	23.2138    	50.4151    	23.0706    	52.2799    	27.6358    	20.3738    	1.84017    	29.2792    	30.1939    	2.32828    	6.75072    	3.08527    	9.97212    	4.8078     	3.20387    	32.0222    	8.9108     	11.4826    	31.5377    	40.6329    	7.76184    	30.4837    	18.1373    	52.3144    	18.4683    	14.1918    	14.8861    	3.62117    	7.25797    	2.69708    	2.45898    	10.8979    	12.2545    	1.26058    	1.96119    	34.6817    	11.5716    	4.88813    	13.6291    	72.9056    	36.0166    	9.07991    	16.9939    	94.1211    	12.0978    	9.01308    	51.4587    	25.9409    	10.6292    	4.53868    	5.55178    	26.7403    	3.40935    	18.0999    	12.463     	28.316	123.156	59.4374	92.6419	16.3142	60.075	65.9908	66.0735	9.82333	38.9722	63.7324	173.983	134.721	45.5561	31.8085	0.999996   	-5.1515e-05	-5.18337e-05	0.14252    	0.308745   	0.142338   	0.169529   	0.308752   	1.92107	
1.9e-10    	0.8        	0.11396    	0.268679   	-0.95634   	0.788714   	0.0425404  	-0.952825  	0.298804   	0.607145   	0.310458   	0.490683   	0.813939   	0.718708   	-0.037759  	-0.599196  	-0.799505  	0.712387   	0.0414011  	-0.120678  	0.991737   	0.805466   	0.496935   	0.785568   	-0.368039  	0.677253   	0.00531992 	-0.701525  	0.712264   	0.682874   	0.455256   	0.730521   	0.508553   	0.678156   	0.0379565  	-0.0187668 	-0.999027  	0.80914    	0.105396   	0.164663   	0.980598   	0.799592   	0.341786   	0.589736   	-0.731427  	0.708855   	0.019494   	-0.890527  	-0.453713  	0.62847    	0.54697    	0.833596   	0.074097   	0.66931    	-0.0177975 	-0.301433  	-0.953214  	0.785273   	-0.0081799 	-0.399612  	0.916489   	0.767332   	9.22937    	7.04772    	1.43688    	0.667967   	30.3925    	8.52794    	10.1064    	5.41788    	14.3035    	5.55622    	5.42986    	4.46143    	13.5634    	4.33524    	8.15568    	6.7726     	4.84526    	8.26227    	1.3117     	1.00111    	13.9834    	9.15205    	9.44456    	6.92844    	14.1817    	9.86924    	8.65824    	5.1302     	15.8797    	7.60026    	7.73262    	7.23578    	3.38901    	8.09199    	0.798137   	0.777017   	9.6889     	5.55607    	0.843926   	0.952334   	10.0487    	15.1617    	3.75703    	5.35444    	25.6994    	12.8852    	4.63004    	10.4577    	13.9635    	5.96263    	12.0083    	8.66468    	7.78151    	5.84981    	2.98751    	2.1073     	6.24886    	10.6188    	4.8852     	1.99734    	17.8355	50.6333	22.8943	23.5116	10.2612	20.6309	19.1967	21.4413	9.22901	17.0413	17.3667	37.0788	19.6721	13.0338	13.089	0.999993   	-8.0126e-05	-6.48342e-05	0.113955   	0.298143   	0.142379   	0.153146   	0.298115   	2.22051	
1.95e-10   	0.6        	0.108514   	0.293407   	-0.949703  	0.787358   	-0.0535003 	-0.968958  	0.240121   	0.621293   	0.273121   	0.485757   	0.830174   	0.733502   	-0.0896272 	-0.606439  	-0.789865  	0.722334   	0.0280306  	-0.137079  	0.990087   	0.80382    	0.441641   	0.821319   	-0.360646  	0.678333   	-0.0574374 	-0.729737  	0.681089   	0.688064   	0.410485   	0.744118   	0.526646   	0.687308   	0.0191247  	-0.0104031 	-0.999671  	0.808442   	0.109355   	0.163264   	0.98041    	0.79692    	0.298437   	0.614088   	-0.730482  	0.721734   	-0.0782047 	-0.90271   	-0.422509  	0.645892   	0.484883   	0.868705   	0.0992014  	0.670812   	-0.051218  	-0.301427  	-0.95201   	0.786621   	-0.031615  	-0.433687  	0.900398   	0.763648   	5.15464    	7.7577     	2.287      	0.804739   	9.81273    	2.79012    	16.9938    	2.91512    	4.28027    	6.88742    	7.59889    	2.91644    	7.05117    	6.72728    	8.1711     	3.24439    	4.63109    	6.27325    	1.053      	0.77555    	4.59886    	3.01121    	11.4705    	1.95947    	4.78389    	5.2411     	9.28387    	2.77402    	8.15811    	6.98555    	11.5815    	3.03791    	5.44011    	8.48831    	0.815868   	0.8408     	7.20014    	5.30428    	2.75303    	1.88686    	5.97316    	4.06361    	5.36257    	1.75153    	10.4305    	4.43539    	12.5235    	4.07857    	7.89729    	3.16795    	12.5538    	2.95054    	4.2925     	8.19491    	2.92332    	1.47869    	6.65477    	4.65325    	3.58149    	1.4682     	9.04235	17.5083	15.1641	14.9713	9.54701	10.003	13.0976	10.9643	13.2589	7.57189	8.94104	10.6676	11.5145	13.3966	14.8696	0.999988   	-0.000105926	-6.67541e-05	0.0853902  	0.313211   	0.145817   	0.150494   	0.313232   	2.03349	
2e-10      	0.4        	0.110194   	0.279713   	-0.953609  	0.785831   	-0.157762  	-0.962271  	0.219882   	0.627944   	0.239234   	0.496543   	0.834272   	0.745009   	-0.137041  	-0.624454  	-0.768761  	0.722354   	0.0066533  	-0.124945  	0.992062   	0.804242   	0.395396   	0.83133    	-0.389916  	0.673035   	-0.12721   	-0.723791  	0.67798    	0.688158   	0.376282   	0.757932   	0.532667   	0.68549    	0.00284987 	-0.024302  	-0.999645  	0.809068   	0.102069   	0.179744   	0.978326   	0.79868    	0.262061   	0.594432   	-0.760103  	0.721875   	-0.162351  	-0.906466  	-0.389485  	0.643591   	0.434362   	0.896507   	0.0855116  	0.657726   	-0.0748529 	-0.321205  	-0.943993  	0.785046   	-0.0668344 	-0.422641  	0.903711   	0.76289    	13.345     	3.49388    	2.35349    	1.62152    	23.8097    	6.10039    	11.44      	5.06149    	7.21325    	3.3762     	4.08022    	1.72854    	7.98126    	6.08784    	4.95365    	1.99967    	7.57948    	3.94888    	1.10091    	0.902383   	16.4104    	4.92977    	7.80588    	2.05569    	11.6939    	2.6701     	3.48443    	2.13966    	7.09888    	3.1603     	3.00005    	1.5795     	5.49302    	2.89623    	0.471484   	0.489996   	6.31184    	4.70291    	0.89192    	0.797703   	8.37441    	3.78196    	2.39868    	1.4795     	8.42014    	2.41395    	3.86155    	2.11169    	9.6534     	3.58849    	3.66359    	2.27998    	3.64943    	3.30659    	0.914432   	0.622071   	8.08639    	5.62447    	1.56723    	0.917759   	8.34025	12.3427	8.5877	9.36691	10.489	10.1811	9.41457	8.78597	8.54211	6.13884	8.54328	8.5054	9.0104	7.12118	7.20011	0.999973   	-0.000468526	-0.000134279	0.0568735  	0.290818   	0.143184   	0.160989   	0.290906   	1.95871	
2.05e-10   	0.2        	0.0950686  	0.265461   	-0.959285  	0.791301   	-0.233246  	-0.945933  	0.223529   	0.642677   	0.206294   	0.509992   	0.83466    	0.751075   	-0.178988  	-0.65066   	-0.737451  	0.722709   	-0.0135846 	-0.108575  	0.993828   	0.807432   	0.337359   	0.836754   	-0.430621  	0.675528   	-0.181895  	-0.72189   	0.66735    	0.700353   	0.318762   	0.784471   	0.531067   	0.690669   	-0.00707304	-0.0410113 	-0.998987  	0.811281   	0.0842534  	0.196037   	0.976778   	0.80201    	0.216673   	0.584824   	-0.781449  	0.732805   	-0.221751  	-0.910382  	-0.347542  	0.656602   	0.373636   	0.924847   	0.0630966  	0.656777   	-0.0970345 	-0.345498  	-0.933114  	0.78548    	-0.101422  	-0.415697  	0.903663   	0.769227   	5.02975    	10.3727    	7.39666    	3.64797    	8.95448    	10.2115    	40.6203    	19.6255    	8.81131    	26.4962    	11.1652    	1.42229    	6.39174    	25.8911    	16.7764    	2.65207    	5.51339    	18.5538    	2.50701    	1.55353    	6.4056     	5.41151    	32.8257    	13.1416    	7.19378    	4.66144    	26.8606    	14.0729    	8.90593    	21.781     	26.8833    	4.58358    	3.12572    	19.1827    	0.563544   	0.617252   	6.32712    	20.1813    	1.81042    	0.526934   	7.64127    	6.15583    	19.1335    	9.89963    	15.7585    	20.3107    	33.7281    	7.84065    	9.19748    	14.8539    	42.1181    	12.6808    	4.87804    	27.3995    	4.88484    	0.665688   	4.7065     	8.1466     	14.9871    	7.13761    	14.6923	6.3223	13.3402	19.8942	10.0724	10.0424	12.389	11.4584	6.34603	6.73294	18.3109	12.909	6.52504	15.2112	20.8324	0.999894   	-0.000310558	-0.000149577	0.0284488  	0.290964   	0.139565   	0.15563    	0.290915   	1.91588	
2.1e-10    	-0         	0.0826022  	0.220538   	-0.97178   	0.802398   	-0.337719  	-0.900032  	0.274509   	0.676389   	0.207475   	0.553012   	0.806711   	0.755475   	-0.26153   	-0.695416  	-0.668997  	0.72508    	-0.0224526 	-0.0667537 	0.997427   	0.812958   	0.301401   	0.809803   	-0.502895  	0.695655   	-0.250732  	-0.685048  	0.683706   	0.72537    	0.304426   	0.819521   	0.484947   	0.697091   	-0.0341895 	-0.0838301 	-0.995789  	0.813645   	0.0892855  	0.240132   	0.966485   	0.803592   	0.199327   	0.5369     	-0.819559  	0.755904   	-0.336814  	-0.906423  	-0.253581  	0.677073   	0.351883   	0.935749   	-0.00878041	0.669402   	-0.148124  	-0.397043  	-0.905635  	0.783097   	-0.143939  	-0.380436  	0.913422   	0.78233    	3.24002    	9.2775     	1.76685    	0.705993   	13.4059    	3.17977    	15.846     	4.41798    	9.42073    	7.81604    	6.64994    	0.93126    	13.1048    	4.52334    	10.7227    	1.59666    	3.89665    	9.65902    	0.537766   	0.405863   	10.7114    	4.68018    	14.6481    	3.6606     	6.43322    	7.21431    	13.906     	3.97054    	9.85113    	5.81862    	16.3963    	2.07093    	3.03647    	12.6378    	0.553248   	0.454068   	6.92483    	12.0412    	1.61764    	0.433819   	5.32277    	8.70173    	10.7226    	2.97655    	10.675     	4.22376    	21.8951    	2.5683     	7.56327    	4.29587    	16.1619    	3.58915    	5.21701    	8.95577    	3.6298     	0.782092   	3.36616    	8.82716    	3.87459    	1.21172    	7.76664	6.2324	9.53932	11.1817	6.11691	8.22446	10.2704	10.1269	6.13444	7.53463	13.4108	7.9665	5.15371	8.823	9.73585	0.0105571  	-0.0132774 	0.00323908 	0.000485946	0.295634   	0.154333   	0.159797   	0.202329   	2.11771	
