#----------------------------------------------------------------------------------------------------------------------------------------------------------
# Output file for vampire simulation
#   time       : 2025-05-28 01:40:44     process id : 410009
#   hostname   : thor7.psi.ch
#   path       : /scratch/dossan_f/Na2BaMn(PO4)2/vampire_tripleUC_15mat_J2Ja_small_k0.035_Jnn0.11_Ba
#   version    : 6.0.0
#   githash    : 4c9651daecc86c3e6b6df0c8055fcd9e89fd900c
#----------------------------------------------------------------------------------------------------------------------------------------------------------
1e-11      	8          	0.999991   	2.93783e-05	0.000225927	0.867316   	0.999991   	-0.000128928	-0.000129271	0.867309   	0.99999    	9.85787e-05	-0.00013915	0.867413   	0.999991   	-0.000196727	1.40166e-05	0.867325   	0.999991   	-3.54926e-05	-0.000356513	0.867391   	0.999991   	0.000220001	0.000193582	0.867378   	0.999991   	4.97822e-05	7.7924e-06 	0.867377   	0.999991   	-1.05102e-05	0.000282811	0.867492   	0.999991   	0.000135712	-0.000278835	0.867355   	0.999992   	-0.00042024	-2.50792e-05	0.867432   	0.999991   	0.000401001	-0.000198757	0.867359   	0.999991   	8.48248e-05	0.000233245	0.867396   	0.999992   	-0.000135331	-0.000241976	0.867465   	0.999992   	0.000201781	5.34758e-05	0.8674     	0.999991   	4.36355e-05	0.000225101	0.867335   	13.6829    	0.302059   	0.361657   	13.6627    	13.963     	0.334652   	0.331861   	13.9435    	12.7971    	0.31762    	0.366905   	12.7747    	13.4634    	0.311189   	0.37409    	13.4487    	13.3197    	0.310512   	0.367769   	13.3179    	13.4666    	0.320145   	0.363602   	13.4629    	13.5692    	0.345276   	0.34212    	13.5673    	13.1604    	0.325071   	0.344108   	13.1479    	13.2379    	0.315255   	0.337038   	13.2249    	13.3802    	0.325622   	0.35107    	13.3797    	13.5062    	0.324966   	0.370156   	13.4977    	13.5732    	0.312637   	0.377747   	13.5618    	13.3092    	0.310793   	0.342295   	13.3039    	13.409     	0.320395   	0.345124   	13.4078    	13.8036    	0.299453   	0.350387   	13.7948    	989.655	1021.65	884.513	958.576	943.88	960.928	976.492	933.502	944.961	949.167	966.334	970.271	941.639	951.181	1001.51	1          	2.25747e-05	-9.13403e-06	0.867376   	201.09     	0.109373   	0.11261    	201.089    	14328	
1.5e-11    	7.8        	0.999991   	-0.000133856	-0.000123481	0.860901   	0.999991   	6.89925e-05	0.000137582	0.860875   	0.99999    	6.18204e-05	2.59883e-05	0.860911   	0.999992   	-3.4796e-05	0.000125481	0.860954   	0.999991   	8.39777e-05	-3.28607e-05	0.860916   	0.999991   	-6.98163e-05	-0.000177371	0.860949   	0.999991   	0.00021502 	0.000371118	0.860892   	0.999991   	-2.23586e-05	-6.39113e-05	0.860889   	0.999991   	-0.000142366	-0.000337805	0.861029   	0.999991   	-5.04559e-06	-0.000254907	0.860916   	0.999991   	-9.62178e-05	-0.000248545	0.860917   	0.999991   	0.000138345	0.000540853	0.860957   	0.999991   	0.00014285 	-0.000174249	0.860877   	0.999991   	-7.46015e-05	0.000205781	0.860915   	0.999992   	8.15554e-06	6.97388e-06	0.86089    	0.0397719  	0.325452   	0.401875   	0.0397394  	0.0411498  	0.329279   	0.355604   	0.0411597  	0.0408268  	0.371572   	0.415009   	0.0407984  	0.0377816  	0.296419   	0.343719   	0.0377541  	0.0423223  	0.34696    	0.35858    	0.0423078  	0.0451984  	0.342492   	0.346935   	0.045157   	0.0456918  	0.353047   	0.356574   	0.0456953  	0.0411514  	0.329936   	0.359987   	0.0411456  	0.0414611  	0.3561     	0.318246   	0.0414649  	0.0382923  	0.316939   	0.374211   	0.038272   	0.0401235  	0.33301    	0.352188   	0.0401227  	0.0431595  	0.33366    	0.39887    	0.0431943  	0.0373891  	0.334578   	0.381363   	0.0373693  	0.039216   	0.333432   	0.365374   	0.039179   	0.0415749  	0.34908    	0.325177   	0.0415618  	4.1564	4.15722	4.19758	3.83532	4.416	4.53227	4.66407	4.21305	4.37943	4.04933	4.27595	4.41661	4.01536	3.94605	4.32824	1          	9.32032e-06	1.77771e-08	0.860912   	0.0503489  	0.109539   	0.108196   	0.0503491  	1.5688	
2e-11      	7.6        	0.999991   	3.83504e-05	-6.9654e-05	0.853164   	0.999991   	-0.000349008	1.36827e-05	0.853153   	0.999991   	0.000253738	5.88636e-05	0.853179   	0.999991   	6.97696e-06	-4.63809e-06	0.853132   	0.999991   	-0.000101368	-6.79266e-05	0.853193   	0.99999    	0.000173843	9.79721e-05	0.853213   	0.999991   	0.000158016	-5.15386e-05	0.85312    	0.99999    	-0.000180858	-9.95245e-06	0.853146   	0.99999    	-6.29177e-05	0.000113847	0.853183   	0.99999    	0.000101459	-0.000277523	0.853097   	0.99999    	-0.000112743	6.15613e-05	0.853251   	0.999991   	-7.60969e-05	0.000205602	0.853174   	0.99999    	-0.000106893	-0.000191457	0.853163   	0.99999    	0.000325394	0.000171509	0.853191   	0.99999    	-0.00019173	6.56629e-05	0.853103   	0.0500593  	0.356105   	0.372993   	0.050052   	0.0460432  	0.331272   	0.383987   	0.0460474  	0.0482011  	0.360139   	0.368448   	0.0481845  	0.0505038  	0.365336   	0.366191   	0.0504854  	0.0479167  	0.343943   	0.388796   	0.0479485  	0.0470625  	0.352467   	0.410273   	0.0470655  	0.0445594  	0.352898   	0.37795    	0.0445271  	0.0464705  	0.381784   	0.413889   	0.0464776  	0.0483655  	0.369581   	0.394801   	0.0483429  	0.0469271  	0.421893   	0.349681   	0.0469021  	0.0448684  	0.380512   	0.384133   	0.044862   	0.0453711  	0.302938   	0.372675   	0.0453877  	0.0517191  	0.363251   	0.402308   	0.0517336  	0.0439137  	0.389325   	0.414009   	0.0439289  	0.0440624  	0.375624   	0.416976   	0.0440666  	4.90472	4.51039	4.46542	4.93441	4.86877	4.47254	4.35858	4.46792	4.74849	4.68703	4.44645	4.5774	5.02584	4.54706	4.10523	1          	-8.2803e-06	7.69884e-06	0.853156   	0.0537626  	0.112655   	0.107558   	0.0537631  	1.41006	
2.5e-11    	7.4        	0.99999    	0.000259265	0.000391527	0.844695   	0.99999    	-0.00029794	-0.000214603	0.844691   	0.999989   	8.36062e-06	-0.000196559	0.844642   	0.99999    	-0.000115224	8.35462e-05	0.844625   	0.999989   	-0.000113829	-0.000118911	0.844701   	0.999989   	0.000137137	-3.12564e-05	0.844622   	0.999989   	-0.00013476	0.000126652	0.844686   	0.999989   	-5.27085e-06	0.000574475	0.844689   	0.999989   	0.000275914	-0.000579465	0.844692   	0.99999    	0.000417109	-0.000168165	0.844692   	0.999989   	-5.39263e-05	0.000463582	0.844667   	0.999989   	-0.000326731	-0.000177712	0.844694   	0.999989   	0.000260717	-0.000123533	0.844607   	0.99999    	9.95725e-05	0.000318843	0.844666   	0.999989   	-0.000263846	-0.000247044	0.844679   	0.0517196  	0.357595   	0.418827   	0.0516902  	0.0540622  	0.358629   	0.417914   	0.0540667  	0.0482172  	0.384238   	0.430235   	0.0482453  	0.0557093  	0.369274   	0.398385   	0.055747   	0.0508513  	0.394759   	0.436977   	0.0508717  	0.057719   	0.407118   	0.41429    	0.0577249  	0.0538548  	0.434741   	0.407226   	0.0538901  	0.0510007  	0.369904   	0.425787   	0.0509949  	0.0507448  	0.374713   	0.439348   	0.0507287  	0.0512657  	0.382895   	0.395836   	0.0512523  	0.0495599  	0.425383   	0.415488   	0.0495963  	0.0497496  	0.405422   	0.434647   	0.0497666  	0.0506485  	0.398911   	0.414578   	0.0506338  	0.0522031  	0.398845   	0.391895   	0.0522188  	0.0507188  	0.370489   	0.443469   	0.0507259  	4.72164	4.82913	4.35573	5.17607	4.69474	5.38686	5.0141	4.77577	4.64863	4.59112	4.55957	4.72603	4.68736	4.79235	4.65354	1          	9.75847e-06	6.7706e-06 	0.844661   	0.0595364  	0.112389   	0.114023   	0.0595339  	1.45173	
3e-11      	7.2        	0.999988   	-0.000228998	6.89221e-05	0.835361   	0.999988   	7.41812e-05	1.0168e-05 	0.835428   	0.999988   	0.000120859	7.8678e-06 	0.835323   	0.999988   	0.00010148 	-0.000177691	0.835327   	0.999989   	0.000261171	3.53658e-06	0.835386   	0.999988   	-0.000317287	0.000132558	0.835424   	0.999988   	-2.05641e-05	-2.72489e-05	0.835409   	0.999988   	-6.35847e-05	3.52456e-05	0.83541    	0.999989   	0.000126572	7.74299e-05	0.835397   	0.999989   	0.000148367	-0.000176263	0.835349   	0.999989   	-0.000440688	0.00012712 	0.835395   	0.999988   	8.94533e-05	-1.95811e-05	0.835385   	0.999989   	0.000218358	-7.52348e-06	0.835399   	0.999988   	-0.000211653	5.71076e-05	0.835296   	0.999988   	1.13353e-05	-2.42375e-05	0.835428   	0.0585568  	0.435644   	0.431244   	0.0585535  	0.060619   	0.409284   	0.456681   	0.0605764  	0.0570355  	0.446692   	0.4538     	0.0570012  	0.0510796  	0.413372   	0.465033   	0.0510786  	0.062376   	0.395347   	0.444643   	0.0623758  	0.0587835  	0.428575   	0.467853   	0.0587264  	0.059026   	0.393885   	0.482832   	0.0590064  	0.0547992  	0.44845    	0.454933   	0.0548105  	0.0558873  	0.408838   	0.441126   	0.055898   	0.0607775  	0.43216    	0.424924   	0.0607256  	0.0597738  	0.409756   	0.418788   	0.059798   	0.0614257  	0.431075   	0.437801   	0.0614104  	0.058031   	0.425425   	0.428975   	0.0580304  	0.0585437  	0.413936   	0.479287   	0.0584965  	0.0581377  	0.382608   	0.500216   	0.0581332  	5.16549	5.15142	4.87207	4.40415	5.20835	5.07351	5.06477	4.87433	4.84129	5.24934	5.1952	5.34326	4.90335	4.99359	4.82523	1          	-8.74358e-06	5.89602e-06	0.835372   	0.0725322  	0.114211   	0.124183   	0.0725321  	1.58821	
3.5e-11    	7          	0.999988   	-0.000192013	0.000176357	0.825268   	0.999988   	0.000418116	0.000113466	0.82523    	0.999987   	-0.000170996	-0.000284658	0.825244   	0.999986   	-0.000395966	0.000440239	0.825225   	0.999987   	0.000157813	-3.1807e-05	0.825308   	0.999987   	0.000237476	-0.000431505	0.825272   	0.999987   	2.63447e-05	5.84034e-05	0.825269   	0.999987   	4.49033e-05	-7.18231e-05	0.825257   	0.999987   	-0.000145697	-0.000103239	0.825212   	0.999988   	0.000284025	-0.0002339 	0.825206   	0.999987   	-0.000219427	-0.00025125	0.825236   	0.999987   	-0.000174246	0.000466359	0.825253   	0.999987   	-0.000150105	-0.000156877	0.82531    	0.999987   	-0.000104258	0.000253107	0.825243   	0.999988   	0.000108396	-0.000146829	0.825118   	0.067125   	0.448988   	0.434396   	0.0671163  	0.0655525  	0.450947   	0.453647   	0.0655894  	0.0687131  	0.479552   	0.479755   	0.0686782  	0.0611008  	0.484835   	0.529435   	0.0610862  	0.0674323  	0.417591   	0.502719   	0.067382   	0.0655199  	0.466436   	0.471797   	0.0655037  	0.0636718  	0.427897   	0.516328   	0.063684   	0.0691623  	0.447691   	0.499103   	0.0691405  	0.0663426  	0.436153   	0.498272   	0.0663398  	0.0631096  	0.4875     	0.38905    	0.06307    	0.0669459  	0.503466   	0.452964   	0.0669633  	0.0663767  	0.462366   	0.470558   	0.0663457  	0.0640832  	0.448155   	0.512833   	0.064057   	0.0702784  	0.460094   	0.502336   	0.0703187  	0.0625746  	0.43964    	0.472825   	0.0626271  	5.44219	5.51041	5.52148	5.021	5.53157	5.11949	5.02087	5.23356	5.34805	4.88351	5.43704	5.22816	4.93532	5.4978	4.95497	1          	-1.83286e-05	-1.35487e-05	0.825233   	0.0762873  	0.11522    	0.114395   	0.0762875  	1.46065	
4e-11      	6.8        	0.999987   	0.000172046	0.00017497 	0.814195   	0.999986   	-6.9397e-05	0.000123044	0.814141   	0.999986   	-0.000154018	-0.000228836	0.814179   	0.999986   	2.07409e-05	-2.41952e-05	0.814201   	0.999985   	0.000131642	-0.000166771	0.814176   	0.999986   	-0.000112615	0.000186671	0.814204   	0.999986   	8.4841e-05 	0.000473404	0.814155   	0.999985   	3.10182e-05	0.000125427	0.814105   	0.999986   	-0.000194529	-0.000656917	0.814271   	0.999986   	-0.000102306	-0.000240797	0.81416    	0.999985   	0.000130299	0.000364117	0.814195   	0.999986   	-0.000170347	-0.000339979	0.814196   	0.999986   	0.000423756	-0.000294179	0.814245   	0.999985   	-0.000282055	0.000274998	0.814186   	0.999986   	-4.62677e-05	-1.34092e-05	0.814176   	0.0734492  	0.429818   	0.489794   	0.0734519  	0.0684071  	0.456231   	0.508702   	0.0683927  	0.0757365  	0.447491   	0.576614   	0.0757462  	0.0742786  	0.475129   	0.518436   	0.0742975  	0.0696335  	0.492784   	0.561309   	0.0696927  	0.0723315  	0.484542   	0.514258   	0.0723447  	0.0718359  	0.407371   	0.601671   	0.0718599  	0.0719597  	0.521133   	0.546247   	0.0720094  	0.0719134  	0.488653   	0.511526   	0.0718789  	0.0697994  	0.480906   	0.531514   	0.0697642  	0.0686334  	0.494038   	0.536357   	0.068664   	0.0734599  	0.478836   	0.547692   	0.073465   	0.0709241  	0.457082   	0.558475   	0.0709472  	0.0739993  	0.48032    	0.565675   	0.0739387  	0.0819045  	0.482253   	0.521512   	0.0819367  	5.49698	5.21943	5.76693	5.5655	5.24573	5.58812	5.4393	5.48004	5.55506	5.35098	5.1606	5.62119	5.47056	5.46581	6.06954	1          	-9.17782e-06	-1.61594e-05	0.814174   	0.0834699  	0.122017   	0.123631   	0.083468   	1.41465	
4.5e-11    	6.6        	0.999983   	-0.000635509	0.000150218	0.802064   	0.999982   	0.00032316 	-0.000216006	0.802139   	0.999983   	0.000406003	5.34338e-05	0.802148   	0.999983   	-0.000214037	0.000252037	0.802138   	0.999984   	-0.00022306	-4.07811e-05	0.802109   	0.999985   	0.000381643	-8.6477e-05	0.802186   	0.999984   	-5.81462e-05	-3.19734e-05	0.802142   	0.999984   	2.3953e-05 	-0.000152797	0.802093   	0.999985   	1.09797e-05	0.000137695	0.802194   	0.999985   	-0.00011776	0.000279029	0.802057   	0.999985   	-8.68863e-05	-0.000266258	0.802111   	0.999984   	0.000197718	5.34431e-05	0.802127   	0.999983   	-0.000299407	0.000200901	0.802174   	0.999984   	0.000210157	0.000364412	0.8021     	0.999983   	8.03912e-05	-0.000717637	0.80216    	0.0824044  	0.520751   	0.648441   	0.0824637  	0.0842734  	0.485909   	0.72551    	0.0842383  	0.0801574  	0.492953   	0.648413   	0.0801827  	0.0889935  	0.562313   	0.588016   	0.0890507  	0.0840236  	0.474204   	0.641257   	0.0839898  	0.0830415  	0.506414   	0.555351   	0.0830468  	0.0818538  	0.542665   	0.576699   	0.0818884  	0.0893632  	0.506758   	0.616499   	0.0894506  	0.0814714  	0.451827   	0.605228   	0.0814746  	0.0866869  	0.489264   	0.513022   	0.08671    	0.0824894  	0.5153     	0.552341   	0.0825359  	0.0785735  	0.559849   	0.555744   	0.0785893  	0.0817238  	0.565149   	0.575551   	0.0817347  	0.0861792  	0.552894   	0.520035   	0.0861704  	0.0851735  	0.549543   	0.620867   	0.0851399  	5.86069	5.78547	5.74919	6.17004	5.98413	5.82218	5.83829	6.36108	5.89976	6.10529	5.70618	5.67286	5.73299	6.29137	5.97489	1          	6.07546e-08	-1.43889e-06	0.802117   	0.0924619  	0.12006    	0.122636   	0.0924654  	1.37737	
5e-11      	6.4        	0.999983   	0.000315446	-0.000433166	0.789018   	0.999982   	-0.000369686	-0.000122729	0.789046   	0.999981   	5.6331e-05 	0.000541755	0.789003   	0.999981   	-0.000240854	-0.000473262	0.789015   	0.999983   	-6.72369e-05	-3.18802e-05	0.788952   	0.999983   	0.000170028	0.000356256	0.788921   	0.999982   	1.41995e-05	0.000546889	0.788972   	0.999981   	-9.81412e-05	-0.0003573 	0.788968   	0.999981   	0.000160738	-0.000161295	0.788995   	0.999982   	-0.000119216	0.00017144 	0.789      	0.999981   	-0.000255467	-0.000433997	0.788986   	0.999982   	0.000305527	0.000239209	0.788949   	0.999983   	0.000554346	9.51475e-05	0.789007   	0.999982   	-0.000428949	-0.000321009	0.788929   	0.999983   	-8.4296e-05	0.000321161	0.789085   	0.0902788  	0.498451   	0.613727   	0.0902157  	0.0942303  	0.541606   	0.632589   	0.0941257  	0.0919685  	0.622487   	0.628198   	0.092055   	0.0938629  	0.577614   	0.65942    	0.0940801  	0.100052   	0.544141   	0.61131    	0.100124   	0.0911367  	0.519545   	0.602606   	0.091111   	0.0963459  	0.564344   	0.601207   	0.0963743  	0.0997203  	0.562618   	0.683785   	0.0996587  	0.0973178  	0.573838   	0.672174   	0.0974152  	0.0937648  	0.505644   	0.720236   	0.0938097  	0.0977569  	0.57174    	0.65883    	0.0977576  	0.0969081  	0.527187   	0.654338   	0.0969173  	0.0921099  	0.562125   	0.597317   	0.0921611  	0.0889411  	0.570793   	0.591896   	0.0888359  	0.0945893  	0.515556   	0.598578   	0.0945764  	6.0461	6.30939	6.04295	6.1408	6.55471	5.92296	6.40714	6.40901	6.3088	5.9821	6.39093	6.65196	6.30336	6.16287	6.17894	1          	-5.74913e-06	-4.23483e-06	0.788976   	0.103867   	0.127113   	0.131547   	0.103869   	1.32199	
5.5e-11    	6.2        	0.999979   	-0.00033482	0.00094764 	0.774727   	0.99998    	0.000392214	-0.000487954	0.774705   	0.999981   	-4.6856e-05	-0.000520129	0.774704   	0.99998    	0.000244281	0.000107426	0.774713   	0.999981   	-0.000405875	-0.000211376	0.774695   	0.999979   	-2.50917e-05	3.65839e-05	0.77468    	0.99998    	0.000101091	0.000130567	0.774683   	0.99998    	5.7654e-05 	-0.000216666	0.774725   	0.99998    	-0.000213506	0.000267062	0.774763   	0.99998    	1.76434e-05	0.000217626	0.774667   	0.99998    	-0.000346697	4.22656e-05	0.774751   	0.999981   	0.00016534 	-5.08436e-05	0.774709   	0.999979   	-0.000130713	0.000666312	0.774669   	0.999978   	0.000155281	-0.000146338	0.774735   	0.999979   	-0.000223241	-0.000561494	0.774732   	0.104383   	0.637237   	0.662651   	0.104361   	0.109693   	0.613378   	0.68763    	0.109743   	0.102737   	0.596288   	0.591563   	0.102722   	0.108659   	0.623014   	0.656812   	0.108748   	0.102272   	0.601595   	0.621698   	0.102271   	0.0998991  	0.660948   	0.722602   	0.0999748  	0.0998759  	0.566221   	0.741971   	0.0998379  	0.11218    	0.587967   	0.728703   	0.112097   	0.098689   	0.533632   	0.772796   	0.0986323  	0.101425   	0.562115   	0.751902   	0.101503   	0.107997   	0.57442    	0.710122   	0.107989   	0.100324   	0.574254   	0.667244   	0.100269   	0.0996763  	0.578443   	0.730429   	0.0997694  	0.107772   	0.630043   	0.779761   	0.107817   	0.0986511  	0.614709   	0.730597   	0.0984804  	6.47011	6.59838	6.30159	6.74979	6.31206	6.20285	6.0217	6.68293	6.11072	6.18124	6.3285	6.17572	6.02469	6.53622	6.18004	1          	-3.95985e-05	1.47191e-05	0.774695   	0.114526   	0.122224   	0.13491    	0.114524   	1.27504	
6e-11      	6          	0.999977   	-0.000132194	0.000122829	0.759339   	0.999976   	0.000313119	0.000185138	0.759224   	0.999977   	-0.000229893	-0.00033604	0.75939    	0.999978   	-0.000494537	0.000526255	0.759243   	0.999976   	-2.93435e-05	0.000217478	0.759273   	0.999977   	0.000492078	-0.000883845	0.759235   	0.999977   	6.44666e-05	-0.000270836	0.759331   	0.999977   	4.95971e-05	-0.000283262	0.759249   	0.999977   	-0.000148292	0.000471506	0.759331   	0.999976   	0.000355344	-0.000109422	0.759242   	0.999978   	0.000182243	-0.000238298	0.759362   	0.999978   	-0.000519475	0.000477728	0.759254   	0.999976   	8.82794e-06	-0.000597393	0.759324   	0.999977   	0.000372383	-3.58548e-05	0.759307   	0.999977   	-0.000310077	0.000563251	0.759207   	0.13757    	0.65414    	0.761956   	0.137674   	0.118575   	0.659364   	0.800955   	0.118469   	0.122585   	0.664519   	0.778403   	0.122398   	0.124729   	0.655036   	0.713163   	0.124732   	0.123006   	0.706095   	0.762252   	0.123228   	0.131029   	0.663673   	0.725052   	0.130991   	0.122762   	0.665294   	0.735772   	0.1229     	0.120798   	0.667426   	0.742742   	0.120825   	0.121033   	0.69217    	0.711187   	0.120971   	0.11698    	0.689066   	0.763361   	0.116992   	0.122186   	0.685532   	0.70564    	0.12211    	0.122225   	0.612986   	0.753927   	0.122165   	0.120845   	0.734031   	0.770776   	0.120763   	0.1234     	0.727571   	0.717604   	0.123381   	0.119366   	0.651044   	0.753237   	0.11943    	7.70434	6.85615	7.26386	7.15642	7.31205	7.42626	7.11976	7.1655	7.24418	6.78736	6.94026	6.85161	6.86112	7.13315	7.04687	1          	-1.67846e-06	-1.26719e-05	0.75927    	0.129309   	0.128717   	0.127251   	0.129305   	1.32859	
6.5e-11    	5.8        	0.999971   	0.000204179	-0.000221722	0.742676   	0.999971   	-0.000194241	-0.000339816	0.742635   	0.999972   	0.000118823	0.000630413	0.742639   	0.999974   	0.000101287	0.000208298	0.742639   	0.999974   	0.000205197	0.00017166 	0.74276    	0.999975   	-0.000338285	-0.00033524	0.742551   	0.999973   	0.000850823	0.000140155	0.742589   	0.999974   	-0.000459287	8.85524e-05	0.742587   	0.999974   	-0.000406352	-0.00025888	0.742653   	0.999974   	0.000274357	-0.000187282	0.742671   	0.999976   	0.000164003	0.000738624	0.742674   	0.99997    	-0.000378889	-0.000643756	0.742391   	0.999973   	-0.000189424	0.000885764	0.742605   	0.999974   	0.000635821	-0.000468819	0.742553   	0.999971   	-0.000378462	-0.000495822	0.742654   	0.128302   	0.80416    	0.885848   	0.128342   	0.122027   	0.758493   	0.946288   	0.121964   	0.158528   	0.792058   	0.85401    	0.158664   	0.144642   	0.634366   	0.883658   	0.144686   	0.146141   	0.605384   	0.944621   	0.146297   	0.135885   	0.657342   	0.844687   	0.135755   	0.142559   	0.715023   	0.873385   	0.14243    	0.143123   	0.719199   	0.810222   	0.143206   	0.125416   	0.707668   	0.84085    	0.125412   	0.136888   	0.753818   	0.801609   	0.136869   	0.139867   	0.618392   	0.766382   	0.139763   	0.134697   	0.867783   	0.920854   	0.134498   	0.143511   	0.782756   	0.820848   	0.143587   	0.136988   	0.694383   	0.80646    	0.136883   	0.137405   	0.800035   	0.895779   	0.1375     	6.78221	6.81141	8.2563	7.52664	7.62405	7.39401	7.58968	7.49562	6.79054	7.43254	7.28874	7.4011	7.70633	7.39903	7.62728	1          	1.38959e-05	-5.59301e-06	0.742599   	0.132204   	0.12963    	0.132076   	0.132204   	1.1943	
7e-11      	5.6        	0.999966   	0.00037412 	0.000409377	0.724985   	0.999971   	-0.000281261	0.000386744	0.724691   	0.999967   	-6.20467e-05	-0.000943723	0.724668   	0.999971   	0.00042731 	-0.000309309	0.724737   	0.999969   	-0.000425293	-0.000317991	0.724816   	0.999971   	-8.26214e-06	0.000665998	0.724773   	0.999969   	-0.00041524	-1.85558e-05	0.724873   	0.999969   	2.74167e-06	-0.000845221	0.724563   	0.999968   	0.000466363	0.00107959 	0.724875   	0.999971   	-2.87339e-06	0.000429419	0.724783   	0.99997    	0.000465508	-0.000373953	0.724793   	0.999969   	-0.00054277	-3.83901e-05	0.724795   	0.999968   	-0.000299134	-0.000547433	0.724786   	0.999971   	0.000504415	0.000386243	0.724734   	0.999968   	-0.000202313	0.000156001	0.7248     	0.168217   	0.853498   	1.06955    	0.167907   	0.162947   	0.806542   	0.817077   	0.163002   	0.160979   	0.815498   	1.02609    	0.160797   	0.164311   	0.732745   	0.905947   	0.164326   	0.142564   	0.764469   	1.00537    	0.142646   	0.147431   	0.731851   	0.891825   	0.147397   	0.153128   	0.858678   	0.89577    	0.1529     	0.147925   	0.774194   	0.947568   	0.147975   	0.164695   	0.749088   	0.995298   	0.164831   	0.163697   	0.686732   	0.942451   	0.163601   	0.161124   	0.719934   	0.939084   	0.161258   	0.167809   	0.769329   	0.995393   	0.167744   	0.147171   	0.809148   	0.97271    	0.146971   	0.158685   	0.724454   	0.898826   	0.158709   	0.148633   	0.772464   	1.00866    	0.148725   	8.50316	8.35368	8.24361	7.81436	7.33792	7.58008	7.7143	7.46107	8.15048	7.88754	8.42203	8.65655	7.19513	8.03871	7.15475	1          	-3.22557e-10	8.2746e-06 	0.724756   	0.149715   	0.132917   	0.136242   	0.149718   	1.1724	
7.5e-11    	5.4        	0.999962   	-7.38942e-05	-4.92841e-05	0.70568    	0.999961   	-0.000109756	0.000750781	0.705795   	0.999965   	0.000280527	-0.000530687	0.705718   	0.999967   	0.000444969	0.00174379 	0.705533   	0.999962   	-0.000455059	-0.000720767	0.705913   	0.999964   	9.78203e-06	-0.000988803	0.70567    	0.999964   	0.000455565	-0.000226022	0.705825   	0.999961   	-0.000223247	-0.000479626	0.705787   	0.999965   	-0.000328959	0.000695106	0.705698   	0.999967   	8.41321e-05	-0.000698808	0.705805   	0.999967   	0.000522571	0.000239764	0.705635   	0.999966   	-0.000538154	0.000668686	0.705651   	0.999962   	-1.08581e-05	-0.000776835	0.705745   	0.999964   	0.000337488	8.00057e-05	0.705657   	0.999966   	-0.000434427	0.000792144	0.705594   	0.191347   	0.968975   	1.05817    	0.19138    	0.163716   	0.973974   	1.12098    	0.163716   	0.175656   	0.890051   	0.996293   	0.175705   	0.189598   	0.80913    	0.881751   	0.189811   	0.183337   	0.906841   	1.08439    	0.183387   	0.179697   	0.877816   	1.00489    	0.17979    	0.185306   	0.938941   	1.00018    	0.185044   	0.181307   	0.981437   	1.07553    	0.181062   	0.19436    	0.815162   	1.05654    	0.194504   	0.172152   	0.769598   	0.973909   	0.172015   	0.199285   	0.896809   	0.879734   	0.199445   	0.172722   	0.863693   	0.941325   	0.172708   	0.171444   	0.884692   	1.1219     	0.171486   	0.155252   	0.882919   	1.04481    	0.155401   	0.182778   	0.820387   	0.970408   	0.182777   	8.80334	7.59115	8.56468	8.97758	8.41633	8.45381	8.49597	8.50204	8.81584	8.17747	8.85446	8.43084	7.91717	7.70462	8.49269	1          	-2.93632e-06	3.36233e-05	0.705689   	0.15804    	0.12467    	0.132038   	0.158038   	1.08889	
8e-11      	5.2        	0.999964   	-0.000879414	0.000393417	0.685467   	0.999962   	0.00112058 	0.000252518	0.685359   	0.999962   	-6.11192e-05	-0.000728161	0.685699   	0.999951   	0.000247168	-0.000135467	0.685382   	0.999955   	0.000955917	0.000723216	0.685626   	0.99996    	-0.00106075	-0.000557387	0.685512   	0.999962   	-0.000356039	0.000107689	0.685714   	0.999958   	0.000151844	-0.00101451	0.685278   	0.999958   	0.000234246	0.000780533	0.685389   	0.999957   	-0.000494958	0.000342458	0.685548   	0.999961   	0.000407245	-0.00099833	0.685521   	0.999959   	-6.05397e-06	0.000580716	0.68536    	0.999956   	-0.000437586	0.000835886	0.685533   	0.999958   	-0.000165359	-0.00108303	0.685541   	0.999964   	0.000398955	6.59266e-05	0.685415   	0.207546   	0.844711   	0.974873   	0.207774   	0.222528   	0.891318   	0.996174   	0.222614   	0.204059   	0.901573   	1.00015    	0.203701   	0.195567   	0.897437   	1.55898    	0.19532    	0.202716   	0.945457   	1.30362    	0.203029   	0.214721   	1.00537    	0.957525   	0.214394   	0.207046   	0.904251   	1.0238     	0.207128   	0.184227   	0.915892   	1.16723    	0.184264   	0.212437   	0.909952   	1.21774    	0.212036   	0.20464    	0.896214   	1.26646    	0.204515   	0.191296   	0.843221   	1.08355    	0.191135   	0.211182   	1.00925    	1.02944    	0.211532   	0.197377   	0.998863   	1.21479    	0.197936   	0.222936   	0.85152    	1.2184     	0.222801   	0.233283   	0.820143   	1.00874    	0.233644   	8.99883	9.65297	9.095	8.52723	8.81539	9.16548	8.88706	8.13577	9.34714	8.76375	8.25629	9.04311	8.51316	9.67093	10.5015	1          	3.72925e-06	-2.88378e-05	0.685462   	0.168318   	0.13301    	0.141292   	0.168327   	1.08083	
8.5e-11    	5          	0.999951   	0.0013065  	-0.000219857	0.664034   	0.999952   	-0.000975682	0.000483977	0.664091   	0.999949   	-0.000296843	-0.000386914	0.664165   	0.999951   	-0.000596159	0.000615092	0.664005   	0.99995    	0.00126499 	9.51851e-05	0.664141   	0.999953   	-0.000681509	-0.00063817	0.664208   	0.999951   	-0.000135697	0.00014774 	0.664103   	0.999951   	0.000729606	-0.000128207	0.664051   	0.999954   	-0.000453488	9.15023e-05	0.664269   	0.99995    	0.000296735	-0.00173576	0.664155   	0.99995    	0.000109169	0.000637917	0.664087   	0.999952   	-0.000308405	0.0010811  	0.664196   	0.99995    	-0.000129451	-0.000557011	0.664113   	0.999953   	-8.00947e-05	-0.000463006	0.664137   	0.999951   	0.00027826 	0.00107336 	0.664105   	0.214285   	1.05754    	1.2241     	0.214407   	0.258095   	1.0692     	1.19439    	0.257527   	0.238206   	1.01386    	1.38827    	0.238394   	0.229712   	1.03001    	1.27903    	0.229542   	0.25242    	1.09939    	1.21444    	0.252521   	0.228076   	1.00299    	1.21896    	0.227721   	0.223516   	1.03355    	1.28296    	0.223147   	0.248681   	0.993596   	1.32558    	0.248609   	0.267993   	0.882399   	1.29971    	0.267731   	0.229657   	0.972524   	1.32993    	0.229249   	0.224714   	1.11562    	1.23824    	0.224764   	0.237363   	1.04021    	1.21767    	0.237761   	0.23949    	1.0523     	1.30447    	0.23934    	0.240119   	0.996003   	1.24302    	0.240237   	0.218169   	0.904921   	1.36671    	0.218126   	8.84722	9.9865	9.68487	9.11458	9.80088	9.23293	8.94042	9.78654	10.2978	9.66159	9.01196	9.40274	9.73405	9.52756	8.76768	1          	2.19457e-05	5.86716e-06	0.664092   	0.167077   	0.1312     	0.134993   	0.167072   	0.998817	
9e-11      	4.8        	0.999943   	0.000835502	4.30706e-05	0.641544   	0.999946   	-0.000360213	7.94996e-05	0.642045   	0.999937   	-0.000550126	-0.000176332	0.641624   	0.999937   	-0.000960731	-0.000604376	0.641896   	0.999947   	7.40176e-05	-9.65736e-05	0.64157    	0.999939   	0.000850846	0.000613755	0.641647   	0.999941   	-0.000496558	-0.000694659	0.641733   	0.999941   	6.05414e-05	0.000678539	0.64145    	0.999944   	0.000425644	0.000182916	0.642047   	0.999945   	-0.000387878	-0.00125925	0.641677   	0.999945   	-0.000462033	0.00142243 	0.641859   	0.999941   	0.00094532 	-5.23434e-05	0.641628   	0.999941   	-0.000760678	-4.43357e-05	0.641677   	0.999938   	0.000415247	-0.000921727	0.641712   	0.999942   	0.000371738	0.000887741	0.641723   	0.249195   	1.33688    	1.18976    	0.24918    	0.265995   	1.05396    	1.31655    	0.265757   	0.269077   	1.31139    	1.48509    	0.269324   	0.258049   	1.01519    	1.75888    	0.25742    	0.252177   	1.03375    	1.31837    	0.252252   	0.273699   	1.10784    	1.54851    	0.273607   	0.261547   	1.03132    	1.55996    	0.261517   	0.269277   	1.11429    	1.49312    	0.269565   	0.273196   	1.11715    	1.37816    	0.273036   	0.258897   	0.994409   	1.38875    	0.258944   	0.268091   	1.01844    	1.35723    	0.268242   	0.259746   	1.09331    	1.51203    	0.259535   	0.244417   	1.1732     	1.44101    	0.244739   	0.246356   	1.02761    	1.68669    	0.246476   	0.269339   	1.06679    	1.47369    	0.269748   	9.60858	9.88701	9.87606	9.80241	9.42993	10.3559	9.68176	10.212	10.2331	9.85724	9.8009	9.66302	9.17303	9.65652	9.76514	1          	-1.30413e-08	2.73164e-06	0.641685   	0.173577   	0.133093   	0.132911   	0.173575   	1.00093	
9.5e-11    	4.6        	0.99994    	8.79836e-05	0.00112175 	0.61832    	0.999938   	-0.000282098	-0.00104686	0.618465   	0.999932   	0.000318173	-0.000183576	0.618314   	0.999939   	-0.000694625	-0.00140694	0.61829    	0.999937   	0.000464248	6.87485e-05	0.618488   	0.999936   	0.000387374	0.00108152 	0.618217   	0.999929   	0.000236123	0.00018993 	0.618258   	0.999931   	-0.000526239	0.000835409	0.618233   	0.999929   	0.000321874	-0.00101079	0.618481   	0.999932   	-0.000951886	-0.00123159	0.618189   	0.999931   	-0.000287093	0.00183247 	0.618555   	0.999928   	0.00130993 	-0.000755638	0.618318   	0.999936   	-9.22096e-05	0.000467841	0.618239   	0.999935   	-0.000474756	0.000604217	0.61837    	0.999925   	0.000604199	-0.00105138	0.618506   	0.314274   	1.20899    	1.22991    	0.314476   	0.331686   	1.09144    	1.44638    	0.331199   	0.331328   	1.09318    	1.70106    	0.331109   	0.267934   	1.02564    	1.43279    	0.268281   	0.31848    	1.2888     	1.29797    	0.31836    	0.319246   	1.2444     	1.37258    	0.319422   	0.328443   	1.27251    	1.64558    	0.328304   	0.298903   	1.24671    	1.54851    	0.298098   	0.325543   	1.34517    	1.5299     	0.325425   	0.320613   	1.18932    	1.54186    	0.320595   	0.303871   	1.19544    	1.57234    	0.304337   	0.326913   	1.1504     	1.76961    	0.326365   	0.343095   	1.14226    	1.49788    	0.343243   	0.336077   	1.14916    	1.52591    	0.336015   	0.315067   	1.22607    	1.82927    	0.315569   	11.043	11.342	11.6883	9.2104	10.7076	10.8237	11.5598	10.2134	10.9516	11.0952	10.5842	11.3119	11.6742	11.812	11.0137	1          	2.7987e-05 	-3.26435e-05	0.618308   	0.179733   	0.135731   	0.137243   	0.179736   	0.954607	
1e-10      	4.4        	0.999913   	-0.000221977	0.000875618	0.594155   	0.999912   	-0.00101318	-0.00149277	0.594126   	0.999913   	0.00126426 	0.000701945	0.594225   	0.999922   	0.000282328	-0.00136121	0.594261   	0.999926   	-0.000309721	0.000994194	0.594036   	0.999925   	7.37884e-05	3.64944e-05	0.594175   	0.999924   	0.000581911	-0.00182576	0.59441    	0.99992    	0.000716996	0.00114031 	0.593896   	0.999915   	-0.00127428	0.000773022	0.594254   	0.999919   	-0.000125181	-0.000130112	0.594242   	0.999915   	-0.000171691	0.00146932 	0.594045   	0.999912   	0.000384311	-0.0012908 	0.594226   	0.999918   	-1.74025e-05	0.00178198 	0.594115   	0.999928   	0.00030969 	-0.000867445	0.594116   	0.999926   	-0.000224614	-0.000888227	0.594334   	0.381247   	1.40441    	1.89185    	0.381864   	0.349805   	1.52152    	1.74095    	0.349674   	0.374505   	1.48417    	1.77133    	0.374969   	0.359306   	1.14859    	1.76596    	0.358696   	0.348663   	1.3148     	1.48677    	0.349053   	0.338704   	1.15102    	1.68096    	0.339081   	0.319296   	1.3903     	1.44262    	0.318961   	0.332935   	1.40192    	1.61338    	0.332435   	0.315757   	1.49605    	1.67467    	0.315681   	0.363322   	1.30194    	1.76975    	0.363831   	0.382556   	1.33793    	1.85838    	0.381976   	0.386797   	1.55306    	1.76545    	0.386644   	0.350889   	1.26772    	1.77204    	0.350857   	0.356455   	1.21619    	1.50943    	0.356107   	0.332985   	1.15536    	1.64601    	0.332088   	12.3723	11.0884	11.1519	11.338	11.2792	10.9131	10.199	10.3083	10.1034	11.056	11.9248	11.6655	11.0361	11.2997	10.5606	1          	1.62861e-05	-4.86875e-06	0.594127   	0.177663   	0.140344   	0.142546   	0.177663   	0.96489	
1.05e-10   	4.2        	0.9999     	0.000126352	0.00127997 	0.569463   	0.999901   	0.00146764 	-0.00129474	0.569167   	0.999903   	-0.00141554	-7.67681e-05	0.569303   	0.999908   	-0.00067692	-0.00092632	0.569377   	0.999908   	0.00101746 	0.00168432 	0.568995   	0.999905   	-0.000530188	-0.000602649	0.569297   	0.999903   	-0.0010558 	0.00179398 	0.569443   	0.999898   	0.000825248	-0.000637023	0.568985   	0.999898   	3.06763e-05	-0.000978784	0.569301   	0.999914   	-0.000611617	0.000843185	0.568934   	0.999906   	0.000501083	-0.000734193	0.56931    	0.999902   	0.000196782	-7.92771e-05	0.569481   	0.999902   	-0.000370097	0.00161095 	0.569276   	0.999905   	0.000215891	-0.000138495	0.569282   	0.999907   	-1.50647e-05	-0.00170333	0.569148   	0.392541   	1.22059    	2.24921    	0.393469   	0.407778   	1.34353    	2.04806    	0.406458   	0.419638   	1.44506    	1.88279    	0.419501   	0.434671   	1.1784     	1.98586    	0.43422    	0.43432    	1.43381    	1.71627    	0.435033   	0.413433   	1.28892    	1.99091    	0.412908   	0.413061   	1.23944    	2.0754     	0.413159   	0.398734   	1.45235    	2.06096    	0.398364   	0.408522   	1.39581    	2.15044    	0.409243   	0.400296   	1.21433    	1.75501    	0.400165   	0.415008   	1.29504    	1.9641     	0.415745   	0.454445   	1.40992    	2.0203     	0.454513   	0.385331   	1.50223    	1.86686    	0.386844   	0.422046   	1.21448    	2.09522    	0.421294   	0.396082   	1.23704    	1.93829    	0.394856   	11.8704	11.5161	11.6109	12.6455	12.2542	11.6459	11.9475	11.343	12.1572	11.6039	11.6534	12.4862	11.3796	11.7724	11.6157	0.999999   	-1.97682e-05	2.06497e-06	0.569196   	0.18828    	0.134757   	0.139499   	0.188282   	1.01108	
1.1e-10    	4          	0.999872   	-0.000262313	-0.000763765	0.543736   	0.999881   	-3.65832e-06	0.00136927 	0.543923   	0.999882   	0.000405395	-0.000661486	0.543545   	0.999882   	-9.19898e-05	0.000524308	0.544015   	0.999889   	0.000505979	-0.00109861	0.543584   	0.99987    	-0.000211326	0.000605794	0.543471   	0.999895   	-0.00165764	-0.00180752	0.543645   	0.999885   	0.000939522	0.00340956 	0.543512   	0.999883   	0.000677351	-0.00177581	0.543871   	0.999882   	-0.000174235	-0.000552934	0.543541   	0.999903   	0.000548917	0.00104948 	0.543849   	0.999889   	-0.000409384	-0.000539537	0.543799   	0.999893   	0.00107796 	-0.00136276	0.543753   	0.999879   	-0.00119994	-2.53925e-05	0.543892   	0.99989    	0.000262404	0.00117736 	0.543392   	0.45668    	1.60933    	2.44825    	0.45747    	0.463989   	1.54923    	2.21403    	0.463575   	0.484791   	1.26369    	2.47289    	0.48311    	0.455817   	1.58821    	2.15194    	0.454351   	0.456274   	1.49962    	1.98757    	0.455677   	0.492032   	1.57048    	2.55835    	0.493499   	0.461969   	1.35989    	1.86816    	0.461816   	0.404116   	1.6945     	1.75366    	0.403148   	0.457594   	1.57326    	2.07906    	0.458202   	0.479434   	1.43721    	2.3104     	0.47972    	0.447452   	1.31002    	1.75201    	0.44718    	0.491344   	1.3734     	2.13139    	0.490728   	0.47092    	1.34156    	1.99752    	0.471559   	0.505799   	1.40167    	2.43666    	0.505144   	0.516569   	1.52083    	1.94818    	0.515991   	12.4047	11.8905	12.4432	12.0339	11.9715	12.6672	12.0112	10.6553	11.4657	12.9615	11.361	13.0558	12.2479	13.0128	13.044	0.999999   	2.70716e-05	-2.97461e-05	0.54364    	0.181947   	0.134996   	0.13753    	0.181953   	0.930891	
1.15e-10   	3.8        	0.999863   	-0.000882113	-0.00227397	0.517826   	0.99986    	-0.000290958	0.00122642 	0.517771   	0.999866   	0.00137366 	0.00110384 	0.517525   	0.999857   	0.000203987	0.00237292 	0.517577   	0.999858   	-0.000874527	0.000149996	0.517642   	0.999868   	0.000699273	-0.00253342	0.517666   	0.999865   	-0.00197353	-0.00148357	0.517835   	0.999876   	-4.78044e-05	0.00104651 	0.517638   	0.999861   	0.00212944 	0.000395421	0.51757    	0.999856   	-0.000104068	-0.000811657	0.517806   	0.999867   	-0.000171432	7.20743e-05	0.517888   	0.999874   	4.60617e-05	0.000545178	0.517242   	0.999872   	0.00143633 	0.00103522 	0.517702   	0.999852   	-0.000424907	-0.00168872	0.517653   	0.999838   	-0.00094938	0.000748578	0.517789   	0.508468   	1.46174    	2.4059     	0.505745   	0.502554   	1.65086    	2.34981    	0.501767   	0.531991   	1.36733    	2.43286    	0.532574   	0.535476   	1.67682    	2.36997    	0.535395   	0.53093    	1.74532    	2.32506    	0.529671   	0.502856   	1.61744    	2.09031    	0.503605   	0.595707   	1.61464    	2.19342    	0.596781   	0.538922   	1.44397    	2.11654    	0.539379   	0.580465   	1.60914    	2.31482    	0.578808   	0.552582   	1.71383    	2.41761    	0.552913   	0.538483   	1.38518    	2.4414     	0.538482   	0.53702    	1.46703    	2.14843    	0.53749    	0.595969   	1.43015    	2.20834    	0.597391   	0.495935   	1.803      	2.42404    	0.497751   	0.57041    	1.8783     	2.771      	0.567778   	11.5276	11.5648	12.2068	12.8955	12.6934	11.7781	13.7592	12.7229	13.6092	12.6102	12.7865	12.7678	13.6886	11.7365	13.0094	0.999999   	1.13968e-05	-6.48595e-06	0.517604   	0.174655   	0.135184   	0.143029   	0.174656   	0.960872	
1.2e-10    	3.6        	0.999813   	-0.00189965	0.0013052  	0.491143   	0.999839   	0.000776611	-0.000657399	0.491592   	0.999841   	0.00126576 	-0.000736203	0.491113   	0.999852   	0.00126809 	0.000981838	0.491366   	0.99983    	0.000496718	-0.00517898	0.491353   	0.999819   	-0.00178832	0.00419629 	0.490994   	0.999857   	0.00176826 	0.000365201	0.49125    	0.999823   	-0.00240336	-0.000351929	0.491349   	0.999818   	0.000790702	-0.000268324	0.491198   	0.999798   	-0.000726756	-0.000896764	0.490981   	0.999834   	0.00141793 	-0.00156683	0.491451   	0.999826   	-0.000794742	0.00251142 	0.491465   	0.999815   	-0.000670728	-0.0031269 	0.491501   	0.999819   	0.00013799 	0.00507447 	0.49152    	0.999832   	0.000584172	-0.00182868	0.490711   	0.63035    	1.69697    	3.07701    	0.633898   	0.7173     	1.80456    	2.37386    	0.716819   	0.673393   	1.37252    	2.7222     	0.671255   	0.638842   	1.59436    	2.20506    	0.640641   	0.658538   	1.46073    	2.60611    	0.659754   	0.621414   	1.4765     	2.92856    	0.619853   	0.577292   	1.55208    	2.10573    	0.577404   	0.655826   	1.44019    	3.07042    	0.655465   	0.58344    	1.6059     	3.11009    	0.5831     	0.624999   	1.50926    	3.71347    	0.62531    	0.637801   	1.69426    	2.55994    	0.639441   	0.621138   	1.61645    	2.8083     	0.621111   	0.582051   	1.71404    	2.95739    	0.582005   	0.683693   	1.63682    	2.72277    	0.684212   	0.667134   	1.82102    	2.47206    	0.667329   	13.3902	14.8035	13.6185	13.4824	13.4904	12.7507	12.4205	13.4579	12.1403	13.1041	13.7061	12.634	12.1066	13.9339	13.9366	0.999999   	1.24531e-05	-1.43843e-05	0.491182   	0.186282   	0.135171   	0.142827   	0.186281   	1.00495	
1.25e-10   	3.4        	0.999798   	0.000451994	-0.00386192	0.46431    	0.999789   	-0.0016161 	0.00440135 	0.464562   	0.999828   	0.00116838 	-0.000272533	0.464615   	0.999845   	0.000111823	0.000140162	0.464645   	0.999839   	0.00108409 	0.000206178	0.464495   	0.99982    	-0.00138999	-0.000552488	0.464246   	0.999809   	-0.00223431	-0.00236744	0.464797   	0.99983    	0.00208252 	-0.000247579	0.464676   	0.999813   	0.00041829 	0.00248502 	0.463939   	0.99981    	-0.0029737 	0.00152909 	0.464508   	0.999769   	0.00223434 	-0.00075235	0.464961   	0.999809   	0.000726061	-0.000696451	0.464021   	0.999795   	0.00103164 	-0.00293352	0.465112   	0.999805   	-0.00153941	0.000184747	0.464053   	0.999762   	0.000374948	0.00282401 	0.464499   	0.796119   	1.55383    	2.94021    	0.794596   	0.756884   	1.76621    	2.86303    	0.755391   	0.675666   	1.63531    	2.32937    	0.676341   	0.678341   	1.50932    	2.07582    	0.677174   	0.719913   	1.42081    	2.29647    	0.720141   	0.812822   	1.49836    	2.66699    	0.821229   	0.804885   	1.72415    	2.58052    	0.806784   	0.768293   	1.77162    	2.11954    	0.767609   	0.690886   	1.79629    	2.45426    	0.689839   	0.743707   	1.65377    	2.61252    	0.744312   	0.764687   	2.27234    	3.03359    	0.762523   	0.816659   	1.64539    	2.76948    	0.817731   	0.676956   	1.89126    	2.74628    	0.673983   	0.615385   	1.79788    	2.68665    	0.61559    	0.599003   	1.88398    	3.54391    	0.597519   	14.648	14.8015	13.2961	12.9653	12.9365	15.1148	15.0198	14.477	12.8568	14.0048	14.1592	14.6797	12.45	11.8179	11.2516	0.999999   	-4.32449e-06	7.94963e-06	0.464407   	0.175829   	0.139619   	0.137741   	0.175833   	0.997141	
1.3e-10    	3.2        	0.999779   	0.00070257 	0.00154606 	0.437578   	0.999744   	-0.00122813	0.00342806 	0.437143   	0.999746   	0.000489444	-0.00501545	0.437986   	0.999734   	-0.00208849	-0.000286134	0.437933   	0.999743   	0.00212715 	-0.000118672	0.437316   	0.999767   	-3.3894e-05	0.000255475	0.437484   	0.999758   	0.00141549 	0.0016044  	0.437594   	0.999712   	0.000830801	0.000706179	0.437604   	0.99975    	-0.00223099	-0.0021635 	0.437531   	0.999762   	0.000782697	-0.00276246	0.437201   	0.99975    	-0.00124197	0.000546185	0.437652   	0.999762   	0.000689779	0.0022284  	0.437782   	0.999769   	0.00135193 	-0.00208905	0.437989   	0.999749   	-2.60773e-05	0.00466526 	0.4374     	0.999779   	-0.00125656	-0.00275297	0.437248   	0.77682    	1.81105    	2.69617    	0.776161   	0.848102   	1.73486    	3.37627    	0.845545   	0.853624   	2.00834    	2.95569    	0.852596   	0.834922   	1.94076    	3.49365    	0.833382   	0.755518   	1.92976    	3.30199    	0.755058   	0.79601    	1.86136    	2.91823    	0.792715   	0.88597    	1.89336    	3.04866    	0.885141   	0.854529   	2.05594    	3.85767    	0.854012   	0.774762   	1.96221    	3.08314    	0.776906   	0.75477    	1.93737    	2.86131    	0.752714   	0.793937   	1.97964    	3.14042    	0.792914   	0.888712   	2.0378     	2.81936    	0.891945   	0.838097   	1.88939    	2.81514    	0.838941   	0.905028   	1.68109    	3.25826    	0.904542   	0.808945   	1.87581    	2.57051    	0.8082     	13.3161	13.5749	13.8505	13.5142	13.2171	13.3505	14.2149	13.8164	12.9304	12.8899	12.8853	14.5516	13.5708	14.2996	13.2187	0.999999   	1.96351e-05	-1.77313e-05	0.437455   	0.178679   	0.138218   	0.142635   	0.178677   	0.98367	
1.35e-10   	3          	0.999745   	-0.0016947 	-0.000398236	0.410387   	0.999753   	0.000943668	0.0025302  	0.410241   	0.999721   	0.000651256	-0.0019464 	0.410977   	0.99974    	0.000826125	-0.0015374 	0.409861   	0.999693   	0.000647005	0.00237933 	0.41075    	0.999693   	-0.00141395	-0.00113615	0.410985   	0.99974    	0.00318953 	0.00294782 	0.410628   	0.999741   	-0.00219268	0.00128455 	0.410527   	0.999749   	-0.00124109	-0.00401406	0.41036    	0.999752   	-0.000386105	-0.0020292 	0.410704   	0.999729   	-0.00192813	-0.00125315	0.410546   	0.999733   	0.00206082 	0.00320761 	0.410289   	0.999707   	-0.00119298	-0.00285656	0.410106   	0.999707   	-0.00219459	0.00263825 	0.411051   	0.999754   	0.0036917  	-3.5797e-05	0.410397   	0.87726    	1.85248    	2.72635    	0.875319   	0.942983   	1.60437    	2.79655    	0.938957   	0.954663   	1.90117    	3.11492    	0.94884    	1.08749    	1.62626    	3.04365    	1.08716    	0.810718   	2.20678    	3.31286    	0.818213   	0.982532   	2.03558    	3.50309    	0.980557   	0.877711   	1.64168    	2.89767    	0.876916   	0.932779   	1.69565    	2.93572    	0.931504   	0.931035   	1.44406    	2.94221    	0.928901   	0.959997   	2.0879     	2.37552    	0.961586   	1.02838    	1.91048    	2.94083    	1.02739    	1.00398    	1.84033    	2.86031    	1.00529    	0.944525   	1.71384    	3.49998    	0.943438   	0.834096   	1.71879    	3.49735    	0.833998   	0.957565   	1.6822     	2.64129    	0.956882   	13.094	13.2605	13.8258	15.6371	11.5028	13.9047	13.2287	13.5229	13.4537	13.7623	14.8506	14.5747	13.0675	11.8794	13.2404	0.999999   	-1.25937e-05	-9.3682e-06	0.41041    	0.174275   	0.13517    	0.140795   	0.174277   	1.04346	
1.4e-10    	2.8        	0.999649   	0.000344846	-0.0012409 	0.382847   	0.999689   	-0.000174446	0.00292605 	0.38379    	0.999625   	-0.000269598	-0.00169517	0.383588   	0.999634   	0.00196905 	0.0048741  	0.382969   	0.999643   	-0.00105965	-0.000192971	0.383528   	0.999688   	-0.000829239	-0.00447217	0.383675   	0.999683   	0.00189211 	-0.000912508	0.383754   	0.999664   	0.000197317	0.00373783 	0.383275   	0.999616   	-0.00206114	-0.00267061	0.383228   	0.999627   	-0.000840696	0.00249779 	0.38291    	0.999656   	-0.00197061	0.000308851	0.383785   	0.999696   	0.00275214 	-0.00314504	0.383515   	0.99972    	0.00147622 	-0.000580674	0.383412   	0.999669   	-0.00147204	0.00191431 	0.383454   	0.999658   	-0.000421918	-0.00107028	0.383298   	0.948162   	1.76865    	3.74298    	0.947621   	1.03824    	1.8408     	3.01823    	1.04062    	0.953607   	1.97954    	3.9375     	0.956694   	1.23894    	1.94357    	3.59175    	1.23384    	1.11272    	1.96606    	3.65173    	1.10806    	1.11726    	1.925      	2.85097    	1.11623    	0.979979   	1.85636    	3.13718    	0.983889   	1.12433    	1.94429    	3.24932    	1.12193    	0.980282   	1.78005    	4.19078    	0.979104   	1.2838     	1.75217    	4.06698    	1.28243    	1.17359    	2.04867    	3.36672    	1.17411    	1.21999    	1.96113    	2.69584    	1.2172     	1.16804    	1.85102    	2.54732    	1.16789    	1.07022    	1.91028    	3.27373    	1.06866    	1.09443    	1.74778    	3.64923    	1.09636    	12.1533	13.3584	11.8887	15.4357	14.0286	13.9993	12.5575	13.8582	11.9415	15.5501	14.2462	14.928	14.8298	13.344	13.8515	0.999999   	-2.85074e-05	1.72009e-05	0.383272   	0.173789   	0.133431   	0.14374    	0.173784   	1.04495	
1.45e-10   	2.6        	0.999661   	-0.00129751	0.0018647  	0.356622   	0.999612   	0.00174345 	0.000814953	0.355795   	0.999641   	-0.000625516	-0.00270003	0.356291   	0.999606   	-0.000490059	-0.00464778	0.355784   	0.999547   	-0.00029722	-0.00239345	0.357273   	0.999593   	0.00071469 	0.00735229 	0.35562    	0.999604   	-0.00228616	-0.00304686	0.355882   	0.999631   	0.00108164 	0.00239419 	0.356284   	0.999656   	0.00097603 	0.000635427	0.356385   	0.999606   	-0.00051698	5.55749e-05	0.355546   	0.999646   	0.00171949 	0.00127213 	0.356572   	0.999647   	-0.0015495 	-0.0013607 	0.35654    	0.999608   	0.00104214 	0.00274455 	0.356375   	0.99958    	-0.000401143	0.000928216	0.356551   	0.999649   	-0.000787508	-0.00329682	0.35584    	1.38108    	1.9453     	2.64829    	1.3806     	1.29294    	2.42202    	2.8214     	1.28647    	1.37721    	1.80739    	3.03868    	1.37976    	1.3452     	2.04042    	3.18189    	1.35377    	1.10015    	2.49017    	3.68486    	1.10149    	1.30664    	2.14974    	3.01315    	1.30639    	1.1986     	2.31591    	2.95875    	1.19173    	1.28363    	2.12709    	2.87093    	1.28907    	1.41512    	1.85646    	2.83407    	1.41995    	1.20729    	1.67388    	3.6606     	1.2018     	1.1091     	2.06258    	2.74245    	1.10815    	1.02474    	2.02844    	2.77465    	1.02744    	1.1734     	1.89987    	3.39452    	1.17243    	1.21168    	1.91246    	3.81741    	1.21243    	1.07536    	2.01011    	2.68119    	1.07321    	14.465	13.484	14.2946	14.8239	12.0345	14.0311	12.7186	12.8181	15.1019	12.961	11.7837	11.485	12.5822	13.3159	11.759	0.999999   	-6.08316e-05	3.61723e-05	0.356089   	0.180327   	0.136557   	0.138587   	0.180321   	1.07826	
1.5e-10    	2.4        	0.999566   	-0.00243598	-0.0056813 	0.329757   	0.999576   	-0.00205608	-0.00157745	0.328752   	0.999455   	0.00438334 	0.00703047 	0.328649   	0.999538   	-0.0010291 	-0.00466028	0.329338   	0.999564   	-0.00249077	0.00298188 	0.328639   	0.999543   	0.003209   	0.00138112 	0.329239   	0.999539   	0.00214218 	-0.00102299	0.329158   	0.999582   	0.000656543	0.00377654 	0.329428   	0.999551   	-0.00294805	-0.00254732	0.328552   	0.99954    	0.00140513 	0.00390733 	0.329184   	0.999525   	-0.00209899	0.00106413 	0.328491   	0.999492   	0.000592168	-0.00463905	0.32951    	0.999542   	0.000131744	-0.00208755	0.328523   	0.999529   	-0.00118567	-0.00406716	0.329592   	0.999592   	0.00109014 	0.00593871 	0.329057   	1.28248    	2.04258    	2.82139    	1.29372    	1.43647    	1.83111    	3.04954    	1.43278    	1.5903     	1.95449    	3.99076    	1.59711    	1.40496    	1.87208    	3.3746     	1.40283    	1.66737    	2.29578    	2.66743    	1.66558    	1.3559     	2.11179    	3.1615     	1.36468    	1.58518    	2.15333    	3.18859    	1.58754    	1.68685    	1.89004    	2.87359    	1.67762    	1.51442    	2.21384    	2.89411    	1.50941    	1.32153    	1.85565    	3.4068     	1.32249    	1.27968    	1.97558    	3.52389    	1.29197    	1.42228    	1.95427    	3.84568    	1.4208     	1.25699    	1.95403    	3.31468    	1.25081    	1.25706    	1.87832    	3.5134     	1.25596    	1.36115    	1.79933    	2.73488    	1.36192    	11.5645	13.284	14.25	12.8244	14.1395	11.9108	14.2183	15.1613	13.4624	11.8767	11.675	12.8151	10.7739	11.199	12.366	0.999998   	-4.54722e-05	-1.95225e-05	0.328908   	0.177061   	0.13914    	0.138483   	0.177055   	1.11314	
1.55e-10   	2.2        	0.999399   	-0.00278801	0.000450282	0.302139   	0.99944    	0.00396309 	0.00146699 	0.301433   	0.999408   	-0.0012854 	-0.00198631	0.302075   	0.999463   	0.00258135 	-3.32261e-05	0.302378   	0.999372   	0.00107912 	-0.000188892	0.301751   	0.999239   	-0.00328607	0.000341972	0.301675   	0.999328   	0.00543882 	-0.00322968	0.301468   	0.999381   	-0.00142547	0.00345438 	0.302377   	0.999395   	-0.00409556	-0.000333826	0.301991   	0.99939    	-0.00234093	0.000351314	0.301563   	0.999421   	-0.000498297	-0.00267821	0.302537   	0.999407   	0.00320436 	0.00174306 	0.301637   	0.999337   	-0.000820461	-0.00247937	0.301708   	0.999336   	0.00179935 	-0.00068842	0.302115   	0.999357   	-0.000966838	0.00352596 	0.302109   	1.40871    	1.89254    	3.97936    	1.41554    	1.25005    	1.99785    	3.38249    	1.24992    	1.44222    	2.01748    	3.75432    	1.43913    	1.42013    	2.37794    	2.86033    	1.41902    	1.44563    	2.44517    	3.68626    	1.44288    	1.41997    	2.44263    	4.95267    	1.42625    	1.34075    	1.7725     	4.5895     	1.33712    	1.70312    	2.12601    	3.89158    	1.70428    	1.79248    	1.88706    	3.92237    	1.77378    	1.57819    	2.33463    	3.58737    	1.57294    	1.97863    	1.97603    	3.67195    	1.97595    	1.45392    	1.92733    	3.77077    	1.43875    	1.54324    	2.45918    	3.97133    	1.53549    	1.5035     	2.62799    	3.86315    	1.50079    	1.68379    	2.32579    	3.89662    	1.67581    	10.5588	9.71066	11.1146	10.653	11.2847	10.9598	9.98663	12.1794	13.3093	11.4863	14.4686	11.4178	11.1975	11.8049	12.3763	0.999998   	2.72592e-05	-1.00461e-05	0.301743   	0.173561   	0.135937   	0.144047   	0.17357    	1.10008	
1.6e-10    	2          	0.999283   	0.000317022	-0.00208562	0.274142   	0.999309   	-0.000186266	0.00253152 	0.274459   	0.999306   	-0.00018949	-3.5569e-05	0.275624   	0.999249   	0.0017036  	0.00664002 	0.275187   	0.999167   	-0.00163649	-0.000404481	0.273913   	0.999313   	-0.000200882	-0.00655061	0.275273   	0.999378   	0.00263052 	0.00721467 	0.274732   	0.999341   	-0.000788444	-0.00774721	0.274679   	0.999295   	-0.00163257	0.000897753	0.274865   	0.999333   	-0.00013551	-0.00114457	0.27507    	0.999212   	-0.0011262 	-0.00153506	0.275216   	0.999243   	0.00110619 	0.00306145 	0.273985   	0.99932    	0.000636793	-0.00181745	0.274658   	0.999296   	-8.62508e-05	0.00432674 	0.27497    	0.999333   	-0.000658365	-0.00255371	0.274709   	1.54315    	2.32017    	3.44892    	1.54328    	1.70696    	2.0417     	3.51572    	1.70279    	1.85998    	2.05803    	3.58116    	1.84797    	1.64996    	2.05769    	3.87347    	1.65719    	1.33438    	2.77522    	3.91238    	1.32775    	1.65388    	2.03285    	3.36381    	1.64375    	1.91581    	2.12847    	2.6823     	1.91921    	1.77408    	2.16062    	2.91797    	1.7687     	1.75831    	2.2166     	3.46584    	1.74769    	2.11832    	2.47081    	2.92524    	2.10904    	1.79611    	2.34417    	4.03918    	1.79033    	2.09886    	2.53736    	3.53299    	2.10055    	1.88792    	2.17693    	3.30282    	1.88138    	1.93115    	2.13121    	3.49505    	1.92487    	1.66739    	2.36148    	3.00196    	1.65878    	9.61112	10.7787	11.7674	10.1849	8.5809	10.1011	11.9224	11.6002	11.1008	12.3604	11.2122	11.8992	11.7157	11.2581	10.4247	0.999998   	-2.06252e-05	4.18792e-05	0.274572   	0.170879   	0.132542   	0.140706   	0.170861   	1.02552	
1.65e-10   	1.8        	0.998991   	0.00155029 	0.00666143 	0.248327   	0.99914    	-0.00222338	-0.00780609	0.248398   	0.999088   	0.000568271	0.00090932 	0.246221   	0.999029   	0.00199467 	0.00961891 	0.247626   	0.999163   	-0.000333728	-0.0029016 	0.247531   	0.999001   	-0.0014189 	-0.00693393	0.247809   	0.998945   	0.000160925	0.00643666 	0.248156   	0.998923   	-0.000925322	-0.00708657	0.248133   	0.999095   	0.000618696	0.00105446 	0.246591   	0.999143   	-0.0043903 	0.00531785 	0.248436   	0.999188   	0.00356451 	-0.00241115	0.247346   	0.999235   	0.00125538 	-0.00263066	0.246951   	0.999128   	-0.00341843	0.00237975 	0.24765    	0.998965   	0.00265185 	-0.000310114	0.247249   	0.999111   	0.000815239	-0.00262119	0.247998   	1.96193    	2.34398    	4.2009     	1.97157    	1.93529    	2.111      	3.35717    	1.92814    	2.11824    	1.93995    	3.94612    	2.09409    	1.53698    	2.29749    	3.76593    	1.53137    	1.53437    	2.20187    	3.26531    	1.52656    	1.69443    	2.28456    	4.14729    	1.69708    	1.7797     	2.6819     	4.15089    	1.77277    	1.95517    	2.39182    	4.56434    	1.96059    	1.83803    	2.55936    	3.37191    	1.84953    	1.86477    	2.19787    	3.30215    	1.85328    	2.43216    	2.22587    	3.02331    	2.41889    	1.91499    	1.88569    	3.10974    	1.919      	1.71578    	2.4473     	3.22483    	1.70837    	1.74535    	2.44946    	4.31924    	1.74178    	1.7825     	2.41509    	3.46514    	1.79871    	9.8327	10.4493	10.6144	8.1663	8.60842	8.70121	8.90835	9.36162	9.87243	10.1727	12.2889	9.96967	8.41716	9.48085	9.33857	0.999997   	2.44474e-06	-2.51213e-06	0.2474     	0.166258   	0.140646   	0.141817   	0.166254   	1.18509	
1.7e-10    	1.6        	0.998907   	-0.0050916 	-0.00376227	0.219693   	0.998929   	0.00481872 	0.00319987 	0.22059    	0.998856   	0.000341539	6.07958e-05	0.221106   	0.998809   	-0.00348629	-0.000671558	0.221041   	0.998642   	-0.00185125	0.00120309 	0.220221   	0.998941   	0.00495968 	-3.45137e-05	0.220183   	0.998605   	-0.00451122	-0.00816652	0.220657   	0.998852   	0.00282761 	-0.000779673	0.219327   	0.998658   	0.0017875  	0.00910919 	0.221591   	0.998822   	0.00545644 	-0.00174309	0.219803   	0.998627   	-0.0023445 	-0.00800233	0.220796   	0.998884   	-0.00293265	0.00966927 	0.220859   	0.998952   	0.00236038 	-0.00154491	0.221142   	0.99891    	-0.00202216	0.0040895  	0.219677   	0.998918   	-0.000332745	-0.00220781	0.22059    	1.78817    	2.28581    	3.27451    	1.78662    	2.02592    	2.35198    	3.12225    	2.01012    	1.63978    	2.31846    	3.68638    	1.63893    	1.89349    	1.99102    	4.20744    	1.8843     	1.98084    	2.34149    	4.75628    	1.99902    	1.93869    	2.31182    	3.16597    	1.95442    	2.01848    	2.89495    	4.1127     	1.98762    	1.95857    	2.74845    	3.15939    	1.95707    	1.71424    	2.43184    	4.43068    	1.72169    	1.86758    	2.14603    	3.87538    	1.86418    	1.95565    	2.26426    	4.74328    	1.95678    	1.99735    	1.98338    	3.58717    	1.99493    	2.02392    	2.37029    	3.0771     	2.00619    	2.15671    	2.15475    	3.41631    	2.14696    	2.02677    	2.31124    	3.31909    	2.02235    	7.36338	7.77165	7.36468	7.94995	8.13033	8.15083	8.97338	8.12685	7.75708	7.38106	8.07678	8.10243	8.09436	9.05473	8.4356	0.999996   	2.47265e-05	1.82455e-05	0.220226   	0.16287    	0.140042   	0.141805   	0.162866   	1.11182	
1.75e-10   	1.4        	0.998317   	0.00192774 	5.2881e-05 	0.191873   	0.998482   	-0.00127545	0.0100028  	0.195406   	0.99821    	-0.000620464	-0.00959673	0.192562   	0.998577   	0.00163126 	-0.00149357	0.193789   	0.998627   	-0.00145195	-0.00511919	0.193946   	0.998682   	-0.000206561	0.00686604 	0.19206    	0.998373   	-0.000631312	-0.000596083	0.193396   	0.998259   	-0.00200511	0.000301425	0.193023   	0.998544   	0.00299812 	0.000404227	0.193397   	0.99822    	-0.00646733	-0.00374082	0.193617   	0.998475   	0.0079449  	-0.00553242	0.193172   	0.998286   	-0.00137614	0.0090457  	0.193071   	0.998069   	0.0010371  	-0.0220448 	0.191835   	0.99861    	0.00265813 	0.00621899 	0.194255   	0.998396   	-0.00411161	0.0150752  	0.193672   	2.0974     	2.54404    	4.10467    	2.09844    	2.13399    	2.48993    	3.51514    	2.12886    	2.00626    	2.20372    	4.7552     	2.01738    	2.52681    	2.20917    	3.50978    	2.52219    	1.85668    	2.153      	3.32934    	1.85474    	1.90169    	2.19861    	2.92055    	1.89827    	1.71527    	2.42046    	4.11281    	1.7159     	2.15367    	2.17612    	4.73092    	2.12903    	2.21026    	2.01352    	3.79409    	2.19981    	2.16101    	2.53981    	4.50913    	2.15926    	1.85358    	2.53467    	3.39919    	1.85666    	2.22273    	2.42937    	4.20567    	2.19381    	2.16576    	2.08925    	4.53663    	2.13763    	2.55444    	2.08843    	3.47366    	2.56763    	2.25484    	2.27232    	3.72364    	2.27647    	6.59848	6.97676	6.46041	7.54386	6.19634	5.9741	6.32905	6.66618	6.7221	6.50786	6.15994	7.24864	7.18695	8.08316	7.18666	0.999995   	-2.0652e-05	2.3634e-05 	0.192965   	0.164923   	0.140047   	0.141167   	0.164927   	1.07433	
1.8e-10    	1.2        	0.998137   	-0.00488881	0.000162304	0.165577   	0.998116   	0.00387664 	-0.00325878	0.165517   	0.997995   	0.00133318 	0.00275374 	0.166711   	0.997896   	0.00223096 	0.00346346 	0.165662   	0.99798    	0.00110091 	0.00183404 	0.166638   	0.997893   	-0.00342105	-0.00553808	0.165591   	0.997859   	-0.00121418	-0.00376489	0.166309   	0.998166   	-0.00625181	-0.00177363	0.166845   	0.997886   	0.00766334 	0.00628737 	0.164765   	0.998018   	0.00130247 	-0.0113643 	0.166608   	0.9981     	0.0042837  	0.00118242 	0.16589    	0.997795   	-0.00509496	0.0103989  	0.16538    	0.997846   	-0.00270281	-0.00715337	0.166108   	0.997893   	-0.00324058	0.0127158  	0.164978   	0.998128   	0.00581789 	-0.00543764	0.166895   	2.2199     	2.07263    	3.39612    	2.23141    	2.3265     	2.33436    	3.13531    	2.3111     	2.0449     	2.15044    	3.81404    	2.04435    	2.45948    	1.96795    	4.16775    	2.44456    	2.42154    	2.11516    	3.89482    	2.42024    	2.2175     	2.1093     	4.02138    	2.21242    	2.7508     	2.61006    	3.72392    	2.75435    	2.25003    	1.80513    	3.62845    	2.26032    	3.00042    	1.94147    	3.99337    	2.95718    	2.5664     	2.31444    	3.38059    	2.55874    	2.10401    	2.22521    	3.37351    	2.11252    	2.11107    	2.83419    	3.4322     	2.10971    	2.30681    	2.23061    	4.0387     	2.29677    	2.13019    	2.3001     	3.62115    	2.13805    	1.92226    	2.23572    	3.30104    	1.93975    	5.74219	5.6456	5.46791	5.81933	6.20936	5.64438	6.44388	6.01595	6.7404	6.08222	5.39112	5.49793	5.81289	5.02832	5.25864	0.999994   	-1.26773e-06	4.37452e-05	0.165631   	0.167993   	0.140855   	0.143275   	0.167992   	1.25233	
1.85e-10   	1          	0.996872   	0.0025426  	-0.00550006	0.137655   	0.997002   	0.000789218	-0.00260403	0.138285   	0.996998   	-0.00359674	0.00767079 	0.139985   	0.997205   	0.00195178 	-0.00938459	0.1384     	0.997044   	0.00113994 	-0.00148305	0.13967    	0.996781   	-0.00308485	0.0112068  	0.138014   	0.996979   	-0.000152607	0.00474547 	0.139869   	0.997103   	-0.00120952	-0.00986274	0.137789   	0.99711    	0.00142657 	0.00476421 	0.138199   	0.996982   	-3.56441e-05	-0.0118602 	0.139137   	0.997467   	-0.00211119	0.00730055 	0.138793   	0.997221   	0.00165499 	0.00411416 	0.137914   	0.997286   	-0.00195533	-0.0062135 	0.138815   	0.996435   	0.00262362 	0.00575854 	0.137893   	0.997012   	-0.000878924	0.000140065	0.139261   	2.31442    	2.30937    	3.9688     	2.29375    	2.53633    	1.86241    	4.30566    	2.54705    	2.76264    	2.1431     	4.06503    	2.75065    	2.00136    	2.01998    	3.6432     	2.00861    	2.08234    	1.99504    	4.16646    	2.07114    	2.23995    	2.17168    	4.20429    	2.20771    	2.22408    	2.05842    	4.23537    	2.21373    	2.04181    	2.4579     	3.33455    	2.03689    	1.96493    	2.4326     	3.45888    	1.96274    	2.53876    	2.13178    	3.96338    	2.52475    	2.32615    	2.5628     	2.55519    	2.299      	2.4734     	2.30218    	3.33812    	2.47325    	2.4304     	2.43446    	3.15421    	2.44066    	2.28888    	2.19281    	4.98569    	2.26462    	2.34369    	2.67012    	3.50827    	2.32627    	4.61828	4.87728	4.98895	4.40166	4.37678	4.46356	4.37403	4.236	3.8238	4.79839	4.82092	4.7585	4.5458	4.79824	4.36226	0.999991   	-0.000100715	1.14418e-05	0.138236   	0.165143   	0.142953   	0.144072   	0.165152   	1.1777	
1.9e-10    	0.8        	0.994865   	-0.00680199	-0.0105511 	0.110318   	0.995363   	0.00675443 	-0.00127395	0.111339   	0.994792   	-9.70663e-05	0.0113394  	0.112165   	0.994894   	0.0156529  	-0.00214677	0.110968   	0.994907   	0.000189266	0.00694155 	0.109884   	0.995163   	-0.0150104 	-0.00367786	0.113105   	0.994952   	0.0170963  	0.007326   	0.110237   	0.995216   	-0.0185822 	-0.00428549	0.111939   	0.995505   	0.00189744 	-0.00378197	0.111558   	0.995412   	0.00220707 	0.00529851 	0.110698   	0.995482   	0.00308767 	-0.0205214 	0.112607   	0.995626   	-0.00406305	0.0130397  	0.110345   	0.995371   	-0.0180339 	-0.0165097 	0.113004   	0.995535   	0.0204321  	0.00133321 	0.111416   	0.995912   	-0.0028592 	0.0169952  	0.109272   	2.41651    	2.32293    	4.13486    	2.34866    	2.42408    	2.2463     	3.85068    	2.4112     	2.12782    	2.36705    	4.7044     	2.19854    	2.63352    	2.73777    	3.71594    	2.57656    	2.2673     	2.75486    	3.90249    	2.31861    	2.69983    	2.05949    	4.2944     	2.64843    	2.33606    	2.42606    	3.89626    	2.32869    	2.37812    	2.34587    	3.7946     	2.36054    	1.87524    	2.43406    	3.47783    	1.839      	2.00125    	2.6647     	3.34697    	2.00642    	2.41346    	2.35686    	3.4607     	2.38884    	1.79791    	1.95159    	3.62628    	1.79788    	2.52353    	2.03715    	3.81555    	2.50528    	2.24212    	2.39465    	3.23756    	2.22902    	1.81488    	1.94812    	3.10025    	1.81951    	3.47741	4.20552	3.64962	3.6854	3.80068	3.71387	3.44049	3.90556	3.11402	3.13732	3.51351	3.16588	3.48447	3.25369	2.93757	0.999986   	1.0731e-05 	-4.04579e-05	0.110733   	0.172318   	0.134512   	0.140023   	0.172296   	1.09065	
1.95e-10   	0.6        	0.991986   	0.0112848  	-0.0215202 	0.0835075  	0.990851   	-0.0137228 	-0.0103254 	0.0840399  	0.991029   	0.00474302 	0.0292744  	0.0840252  	0.99248    	0.0173181  	-0.0119442 	0.0839349  	0.991441   	-0.0114617 	0.0123485  	0.0827082  	0.991472   	-0.00537903	-0.00205086	0.0849138  	0.991075   	-0.00340528	-0.00271002	0.0849452  	0.990564   	-0.00377922	0.0310831  	0.0831106  	0.99247    	0.00715656 	-0.0249836 	0.0834932  	0.991722   	0.0048224  	0.0116134  	0.0844205  	0.991525   	0.0122024  	-0.000436787	0.084038   	0.991381   	-0.0176291 	-0.0105392 	0.0831971  	0.992035   	0.00693839 	0.0127855  	0.084039   	0.99214    	-0.00386976	-0.0211111 	0.0842498  	0.992265   	-0.00361143	0.00851349 	0.0830778  	2.59674    	2.67232    	3.05631    	2.57738    	2.29637    	2.68109    	4.0157     	2.25287    	2.53627    	2.68979    	3.66865    	2.50544    	2.61335    	2.05804    	3.41593    	2.60049    	2.31156    	2.15111    	4.00196    	2.31446    	1.6969     	2.71111    	3.97019    	1.75401    	3.32784    	2.39449    	4.45321    	3.32702    	2.73727    	2.43467    	4.1283     	2.70965    	1.98354    	2.08573    	3.23981    	1.96819    	1.72527    	2.32978    	3.95284    	1.74037    	2.24027    	2.16408    	4.22849    	2.27262    	2.31825    	2.31268    	3.78306    	2.25677    	2.39621    	2.31039    	3.52468    	2.35242    	2.1422     	2.596      	3.31361    	2.20155    	2.117      	2.31233    	3.30186    	2.08844    	3.09842	2.52978	2.74934	2.57927	2.64306	2.35136	3.00684	2.98364	2.65672	2.49931	2.79452	2.92425	3.02901	2.67807	2.48903	0.999975   	2.38494e-05	-9.63646e-07	0.0831492  	0.167288   	0.141265   	0.141896   	0.16725    	1.12633	
2e-10      	0.4        	0.981002   	-0.0146879 	0.000704949	0.0568011  	0.984193   	-0.0115799 	0.0197329  	0.056378   	0.980619   	0.0260888  	-0.0166232 	0.0563587  	0.981953   	0.0193023  	-0.00409005	0.0551758  	0.982131   	-0.0153863 	0.000138835	0.0587241  	0.981927   	-0.00503959	0.00391534 	0.0555449  	0.981018   	-0.0135688 	-0.0473448 	0.0568774  	0.977155   	0.0127261  	0.0634032  	0.0565684  	0.981171   	0.000233331	-0.0111107 	0.0563989  	0.981925   	0.0107763  	0.0448346  	0.0561577  	0.98265    	-0.0173206 	0.0199794  	0.0567707  	0.980369   	0.00480376 	-0.0660621 	0.0564954  	0.979072   	-0.0132704 	-0.0181884 	0.0570492  	0.980399   	-0.00138806	-0.023893  	0.0553666  	0.982588   	0.0171663  	0.0384373  	0.0571982  	2.38706    	2.82353    	3.63826    	2.38987    	2.08998    	2.30259    	2.87139    	2.05033    	2.11196    	2.58289    	3.85738    	2.16078    	2.31296    	2.26151    	3.29554    	2.20771    	2.67317    	2.08772    	4.24235    	2.5925     	2.12136    	2.4545     	3.52797    	2.16382    	2.45586    	2.07004    	3.94034    	2.41359    	2.73411    	2.55679    	4.32376    	2.64946    	2.29673    	2.13975    	4.11165    	2.27917    	2.50792    	2.66997    	3.04519    	2.55503    	1.90489    	2.4108     	3.37379    	1.87701    	2.32926    	2.35518    	3.42595    	2.27299    	2.42919    	2.12967    	4.94368    	2.39489    	2.03341    	2.13194    	4.00135    	1.95506    	2.1934     	2.23627    	3.37972    	2.1318     	2.17609	2.1238	2.028	2.19127	2.25532	2.2029	2.40019	2.31948	2.30209	2.18549	2.19043	2.21338	2.03146	2.17129	2.06309	0.999944   	-0.000143783	0.000162508	0.0554765  	0.170386   	0.136386   	0.141946   	0.170419   	1.11583	
2.05e-10   	0.2        	0.91814    	-0.0230264 	-0.0258141 	0.0288087  	0.924587   	0.0561209  	0.0439636  	0.0316844  	0.920613   	-0.0294722 	-0.036065  	0.0295468  	0.909038   	0.0306081  	0.0521196  	0.0295147  	0.932554   	-0.0115311 	-0.019606  	0.0307756  	0.919278   	-0.0241779 	-0.0155415 	0.0297958  	0.916623   	-0.00501648	-0.0257459 	0.0286621  	0.931288   	-0.0445366 	-0.0431595 	0.0320716  	0.926537   	0.035072   	0.0506259  	0.0290472  	0.932957   	0.0182956  	-0.0426852 	0.0298503  	0.944635   	-0.00327863	0.0031849  	0.030372   	0.931692   	-0.00898277	0.0516056  	0.0284849  	0.937461   	0.0161239  	-0.0436498 	0.0297412  	0.933305   	0.0121738  	0.0338684  	0.0309284  	0.922731   	-0.0138804 	0.0137205  	0.0284577  	2.95588    	2.6071     	3.56257    	2.69587    	2.68135    	2.41972    	4.557      	2.46044    	1.87098    	2.60273    	4.37343    	1.8639     	2.24675    	2.65352    	4.7707     	2.01301    	2.4176     	2.25643    	3.98208    	2.26793    	2.71617    	2.50073    	4.0823     	2.45174    	2.5267     	2.5386     	3.98962    	2.3432     	2.45762    	2.45825    	4.18393    	2.25256    	2.37321    	2.38036    	3.68505    	2.4313     	2.31643    	2.14984    	3.60483    	2.18775    	1.89101    	2.29873    	2.965      	1.9131     	2.0315     	2.4096     	3.05773    	1.984      	2.54817    	2.11347    	3.069      	2.36375    	2.35838    	2.30614    	3.87158    	2.20758    	2.62375    	2.20402    	3.74821    	2.46619    	1.96644	1.86249	1.86719	1.81249	1.81951	1.83533	1.887	1.83988	1.78955	1.78567	1.78709	1.79671	1.78717	1.80286	1.88697	0.999774   	2.17668e-05	0.000385578	0.027763   	0.171757   	0.136608   	0.143702   	0.171816   	1.01932	
2.1e-10    	-0         	0.00315485 	-0.144106  	0.176441   	0.0114753  	-0.121743  	0.0224371  	-0.0847345 	0.0110486  	0.104811   	0.119264   	-0.0984274 	0.0111392  	0.00902006 	0.0221063  	0.0525734  	0.011482   	-0.00240487	0.0860215  	0.0196713  	0.0128453  	-0.00547415	-0.0988779 	-0.0358777 	0.0125715  	0.0246504  	0.0369619  	0.128776   	0.0122056  	0.0280854  	0.0965277  	-0.184615  	0.0122839  	-0.0769135 	-0.122431  	0.0437558  	0.0107222  	-0.078686  	-0.104646  	-0.093394  	0.0115193  	0.102667   	0.0655023  	-0.0194999 	0.0114186  	-0.014668  	0.025663   	0.0868005  	0.0118522  	0.0723985  	0.082903   	-0.00444409	0.0118266  	-0.0101231 	-0.00875392	0.151818   	0.0115783  	-0.0326171 	-0.0895755 	-0.135835  	0.011294   	2.15187    	2.06124    	3.64178    	1.2515     	2.29747    	2.36285    	2.71243    	1.02472    	2.33311    	1.84009    	3.58514    	1.40329    	2.2572     	2.06054    	3.93344    	1.20125    	2.83293    	2.27714    	5.35828    	1.66693    	2.82875    	1.83456    	5.1703     	1.46888    	2.40055    	2.49083    	4.30307    	1.4451     	2.12872    	2.35963    	4.71765    	1.55262    	2.13789    	1.94319    	3.11083    	1.18931    	2.31124    	2.14427    	3.74016    	1.29519    	2.36139    	2.41737    	3.36218    	1.2705     	2.10846    	2.53973    	4.22134    	1.44669    	2.89099    	2.8701     	2.98689    	1.33766    	2.49057    	2.35122    	3.48549    	1.31319    	2.64351    	2.44925    	2.66252    	1.17116    	1.77176	1.87124	1.92478	1.80588	1.78181	1.77916	1.75162	1.77106	1.8812	1.82069	1.71788	1.69374	1.86757	1.90627	1.79189	0.0143663  	-0.000193966	-0.00652355	0.000666857	0.172602   	0.133691   	0.140764   	0.088839   	1.05231	
