#----------------------------------------------------------------------------------------------------------------------------------------------------------
# Output file for vampire simulation
#   time       : 2025-05-27 20:15:30     process id : 376068
#   hostname   : thor7.psi.ch
#   path       : /scratch/dossan_f/Na2BaMn(PO4)2/vampire_tripleUC_15mat_J2Ja_small_k0.035_Jnn0.11_Ba
#   version    : 6.0.0
#   githash    : 4c9651daecc86c3e6b6df0c8055fcd9e89fd900c
#----------------------------------------------------------------------------------------------------------------------------------------------------------
1e-11      	8          	0.999775   	-0.000541906	-0.000888826	0.954412   	0.99984    	0.000614403	0.000354237	0.954521   	0.999921   	-0.000142698	0.000492258	0.954403   	0.999889   	0.000824071	-0.000437623	0.954415   	0.9999     	0.000227042	0.000935678	0.954496   	0.999748   	-0.000948191	-0.000522308	0.954442   	0.99983    	0.000697099	0.000748342	0.954595   	0.999841   	-0.000854661	-1.21058e-05	0.954426   	0.999857   	0.000118808	-0.00093315	0.954341   	0.999915   	1.80376e-05	0.000730515	0.954539   	0.999725   	-0.000757964	-0.000906781	0.954411   	0.99981    	0.000814671	6.90389e-05	0.954444   	0.999833   	-0.000810765	-0.000361401	0.954494   	0.99978    	0.000498516	-0.000705022	0.954257   	0.999827   	0.000500021	0.000818128	0.954603   	175.717    	1.43665    	5.1891     	162.733    	154.69     	4.75388    	1.8468     	144.395    	162.895    	1.24593    	1.72523    	158.755    	162.841    	3.85381    	0.800217   	156.669    	151.106    	1.13662    	4.44138    	145.002    	172.815    	6.27036    	2.67873    	157.73     	144.4      	4.76154    	4.93521    	132.508    	166.978    	5.01766    	0.961462   	157.838    	180.425    	0.518024   	2.94952    	173.871    	146.516    	0.640172   	4.18455    	141.173    	178.667    	4.21877    	4.40016    	161.998    	167.126    	6.43219    	0.63952    	155.737    	160.931    	4.97833    	2.00514    	150.614    	193.477    	1.42894    	3.10942    	183.887    	141.85     	2.6979     	8.31048    	129.435    	34025.5	26704.8	29913.9	29988.8	25810.6	32927.6	23269.3	31189.7	35843.8	24525.3	34575.3	31137	28809	40692.8	22352.1	1          	2.9438e-05 	-3.49812e-06	0.954411   	2455.32    	0.22593    	0.119028   	2455.21    	448377	
1.5e-11    	7.8        	0.999997   	-0.000113224	7.39014e-05	0.952429   	0.999997   	8.58701e-05	-5.98042e-05	0.952427   	0.999996   	-3.67582e-05	-1.37871e-05	0.952419   	0.999997   	9.03843e-05	9.41356e-06	0.952452   	0.999997   	-0.000177377	-3.5902e-05	0.952442   	0.999996   	3.04323e-05	3.23429e-05	0.952437   	0.999996   	2.25213e-05	5.25507e-07	0.952458   	0.999997   	-2.37098e-05	-0.000324812	0.952424   	0.999996   	-7.60269e-05	0.000291237	0.952442   	0.999997   	-3.94044e-05	-8.13225e-05	0.952432   	0.999997   	0.000117042	-0.000128345	0.952428   	0.999997   	-3.51461e-05	0.000272137	0.952447   	0.999997   	0.000100736	-0.000190845	0.952438   	0.999997   	-0.000114345	0.000131649	0.952436   	0.999996   	2.9632e-05 	3.6098e-05 	0.95243    	0.0203595  	0.536      	0.67496    	0.0203623  	0.0198682  	0.535152   	0.591855   	0.0198713  	0.021169   	0.537862   	0.747781   	0.0211722  	0.0208196  	0.558007   	0.681867   	0.0207847  	0.0190084  	0.535662   	0.665532   	0.0190261  	0.0194224  	0.537237   	0.743687   	0.0194012  	0.0199102  	0.587976   	0.761134   	0.0199154  	0.0204576  	0.519022   	0.686433   	0.0204458  	0.0209116  	0.613716   	0.787642   	0.0209027  	0.0201941  	0.49564    	0.63426    	0.0201763  	0.0203102  	0.518317   	0.676238   	0.0203268  	0.0202312  	0.553996   	0.675706   	0.020258   	0.0205216  	0.536256   	0.671663   	0.0205193  	0.0223087  	0.522024   	0.699761   	0.0222699  	0.021456   	0.559589   	0.744585   	0.0214534  	6.07378	6.03387	6.29753	6.23381	5.72278	5.89594	6.14331	6.35512	6.58862	6.00201	6.00383	6.03002	6.02871	6.93228	6.34055	1          	-9.30177e-06	8.39479e-07	0.952433   	0.0411028  	0.120315   	0.128683   	0.0411027  	2.42124	
2e-11      	7.6        	0.999996   	0.000293508	-8.78791e-05	0.94804    	0.999996   	-0.000211951	9.80028e-05	0.948062   	0.999996   	-4.33582e-05	-8.22021e-05	0.948064   	0.999996   	-0.000124309	7.26138e-05	0.948056   	0.999996   	1.52181e-05	4.72517e-05	0.948062   	0.999996   	0.00014134 	-0.000175392	0.948074   	0.999996   	9.43739e-05	4.11524e-05	0.948042   	0.999996   	-1.98149e-05	-0.000322116	0.948051   	0.999996   	-0.000149794	0.000264631	0.948007   	0.999996   	-1.56831e-05	1.13833e-05	0.948054   	0.999996   	3.10973e-05	6.65531e-05	0.948037   	0.999996   	-4.6519e-05	-7.29059e-05	0.948048   	0.999996   	-9.36077e-05	-5.23523e-05	0.94805    	0.999996   	0.000270228	5.74215e-05	0.948069   	0.999996   	-0.000172143	-6.86424e-06	0.948025   	0.0252341  	0.587763   	0.825023   	0.0252271  	0.0238648  	0.642658   	0.798563   	0.0238765  	0.0251756  	0.630507   	0.794254   	0.025197   	0.0229     	0.632926   	0.647435   	0.0229188  	0.0250966  	0.708355   	0.69655    	0.0250522  	0.0214685  	0.655436   	0.742864   	0.0214947  	0.0226022  	0.625772   	0.780681   	0.0226108  	0.0219434  	0.580014   	0.892102   	0.0219552  	0.0247933  	0.652865   	0.846174   	0.0248185  	0.0235901  	0.604922   	0.719333   	0.0235652  	0.024569   	0.571469   	0.734709   	0.0245702  	0.0249335  	0.642281   	0.859353   	0.0249389  	0.0244863  	0.579267   	0.814308   	0.0244967  	0.0261105  	0.65645    	0.823084   	0.0260962  	0.0251506  	0.589916   	0.798619   	0.0251279  	6.38781	6.44418	6.67654	6.24701	6.9421	6.21907	6.19452	6.03017	6.58017	6.71783	6.92994	6.85631	6.47777	6.86505	7.06798	1          	-2.09477e-06	-9.38629e-06	0.948046   	0.0507393  	0.126074   	0.127564   	0.0507392  	2.34111	
2.5e-11    	7.4        	0.999995   	-9.16409e-06	-0.000367219	0.942815   	0.999995   	-0.000117731	0.000250329	0.942807   	0.999995   	0.000143387	9.97923e-05	0.94284    	0.999995   	-0.000159698	-1.35814e-05	0.942794   	0.999995   	0.000177226	5.9829e-05 	0.942826   	0.999995   	-3.2866e-05	3.02516e-05	0.942798   	0.999996   	2.32021e-05	0.000163232	0.942774   	0.999995   	0.000344001	5.59174e-06	0.942803   	0.999995   	-0.000363288	-0.000177031	0.942785   	0.999995   	0.000294981	-0.000126007	0.942819   	0.999995   	-0.000226  	0.000333743	0.942818   	0.999996   	-6.21888e-05	-0.00021846	0.942802   	0.999995   	7.79869e-05	0.00015396 	0.94282    	0.999996   	-9.41328e-05	-9.29642e-06	0.942823   	0.999996   	8.85203e-05	-0.00012613	0.942803   	0.0290662  	0.734198   	0.98363    	0.0290736  	0.0296128  	0.787022   	0.997679   	0.0296116  	0.0291052  	0.712291   	0.988952   	0.0291206  	0.0297539  	0.765533   	0.877458   	0.029721   	0.0300114  	0.730464   	0.969959   	0.030012   	0.0283998  	0.756491   	0.883131   	0.028403   	0.0296245  	0.64735    	0.852208   	0.0296559  	0.0298364  	0.717806   	0.904868   	0.0298056  	0.0295037  	0.692598   	0.969197   	0.0294791  	0.0312046  	0.797557   	0.849542   	0.0311729  	0.0290382  	0.671018   	0.914161   	0.0290372  	0.028578   	0.717614   	0.854193   	0.0285425  	0.029125   	0.670895   	0.945296   	0.0291342  	0.027693   	0.626281   	0.935883   	0.0276653  	0.0299818  	0.766447   	0.785126   	0.0300085  	7.12966	7.16759	7.12793	7.40178	7.61097	6.82345	7.23348	7.59305	7.42515	8.02067	7.14869	7.05505	7.17893	7.13538	7.17421	1          	5.62611e-06	3.94616e-06	0.942804   	0.0660679  	0.133069   	0.131867   	0.0660669  	2.36184	
3e-11      	7.2        	0.999994   	0.000197654	0.000402431	0.936499   	0.999994   	3.39878e-05	-0.000386925	0.936473   	0.999995   	-0.000255207	6.40549e-06	0.936502   	0.999995   	0.000111391	5.79504e-05	0.9365     	0.999995   	-0.000140011	2.64291e-05	0.936456   	0.999994   	2.88426e-05	-7.23311e-05	0.936485   	0.999994   	0.000129814	-0.000632824	0.936512   	0.999994   	-9.13881e-05	-0.000237164	0.936483   	0.999994   	-3.93928e-05	0.000843757	0.936491   	0.999994   	-0.000430851	-0.000215101	0.936475   	0.999994   	4.79527e-05	0.000332942	0.936488   	0.999994   	0.000375436	-5.02887e-05	0.936473   	0.999995   	-5.81033e-05	7.14998e-05	0.936495   	0.999994   	7.93384e-05	-0.000222943	0.936505   	0.999995   	1.15811e-05	9.98869e-05	0.936537   	0.0420703  	0.942982   	1.10201    	0.0420907  	0.0380127  	0.875274   	1.18674    	0.0380156  	0.0357029  	0.732884   	1.09297    	0.0356821  	0.0376288  	0.78445    	1.12405    	0.037619   	0.0341705  	0.802979   	1.11919    	0.0341631  	0.0344805  	0.835113   	1.2139     	0.0344068  	0.0356779  	0.892679   	1.06049    	0.0357118  	0.034875   	0.819877   	1.22693    	0.0348298  	0.0359232  	0.902467   	1.20438    	0.0359023  	0.0358719  	0.945122   	1.19653    	0.0358286  	0.0384609  	0.930376   	1.10326    	0.0385219  	0.0357343  	0.977294   	1.15578    	0.03574    	0.0348104  	0.888911   	1.02205    	0.034766   	0.0362096  	0.931137   	1.23125    	0.0361829  	0.0396497  	0.857467   	1.05102    	0.0396263  	8.84589	8.37827	7.94415	7.76091	7.69217	8.00972	8.11646	7.97414	7.956	8.60357	8.66253	8.06008	7.91386	7.92132	8.40004	1          	6.36619e-08	1.57989e-06	0.936486   	0.0859885  	0.128972   	0.129208   	0.0859891  	2.36009	
3.5e-11    	7          	0.999992   	-0.000354391	-3.7466e-05	0.928808   	0.999992   	0.000368541	4.77492e-05	0.928783   	0.999993   	-4.29209e-05	2.48026e-05	0.928793   	0.999992   	0.000133525	0.000210867	0.928786   	0.999992   	-0.00029796	-5.4701e-05	0.928776   	0.999992   	0.000181713	-0.000160068	0.928761   	0.999992   	0.000103886	-0.000119859	0.928746   	0.999993   	4.80485e-06	-6.16587e-06	0.928736   	0.999992   	-0.000188693	0.000124958	0.928794   	0.999992   	0.000250066	0.000226335	0.928755   	0.999993   	-0.000453553	-0.000495744	0.928758   	0.999993   	0.000217634	0.000225127	0.928721   	0.999993   	0.000449871	0.000354886	0.928756   	0.999993   	-0.000216561	-0.000221225	0.928739   	0.999993   	-0.00027902	-8.50082e-05	0.928735   	0.0436072  	0.984554   	1.68877    	0.0435836  	0.044591   	1.0923     	1.56052    	0.0446144  	0.049118   	1.01312    	1.26743    	0.0490956  	0.0511199  	1.03292    	1.60086    	0.0510481  	0.0452914  	1.0636     	1.59124    	0.0453429  	0.0462713  	1.02108    	1.7232     	0.0463514  	0.048055   	1.07018    	1.74801    	0.0480224  	0.0493573  	1.06872    	1.53801    	0.049319   	0.0470388  	0.986914   	1.8316     	0.0469151  	0.0462309  	0.940589   	1.68812    	0.0462022  	0.0482943  	0.858339   	1.4479     	0.0483299  	0.0503913  	1.06425    	1.40261    	0.0503122  	0.0508722  	1.08014    	1.32172    	0.0509165  	0.0441548  	0.853429   	1.56555    	0.0440901  	0.051592   	0.998506   	1.49703    	0.0515739  	8.53286	9.0728	9.64769	9.73182	8.61103	8.78187	9.56652	9.59358	9.04785	8.84733	9.39701	9.88521	10.0734	8.96125	9.67179	1          	-8.18996e-06	2.29324e-06	0.928756   	0.128696   	0.132157   	0.141946   	0.128696   	2.37794	
4e-11      	6.8        	0.999991   	-9.86922e-05	5.23625e-05	0.919219   	0.999991   	0.000242201	-0.000111862	0.919225   	0.999991   	-0.000152014	0.000105679	0.919229   	0.99999    	3.56311e-05	-7.42401e-05	0.919168   	0.999989   	0.000153535	0.000323078	0.919218   	0.999991   	-0.000191465	-0.000234458	0.919235   	0.99999    	0.000156068	0.000215182	0.919185   	0.99999    	-0.000274868	-0.000382712	0.919149   	0.99999    	0.000146748	0.000232684	0.919194   	0.99999    	0.000198648	-2.31708e-05	0.919217   	0.99999    	-3.20941e-05	-0.000343958	0.91917    	0.99999    	-0.000152005	0.00034028 	0.919155   	0.99999    	2.41881e-05	-0.00064012	0.919177   	0.99999    	0.000284314	0.00023418 	0.919221   	0.999991   	-0.000273362	0.000428393	0.9192     	0.0640556  	1.1956     	1.83938    	0.0640963  	0.0669284  	1.11524    	2.01844    	0.0669688  	0.0630556  	1.21863    	1.72715    	0.0630133  	0.0635036  	1.303      	1.99921    	0.0633888  	0.0624991  	1.31994    	2.35987    	0.0624707  	0.0641214  	1.10656    	2.07956    	0.0642243  	0.0658003  	1.18334    	2.16714    	0.0657585  	0.0626845  	1.11285    	2.17968    	0.0628351  	0.0593532  	1.09599    	2.46318    	0.0592167  	0.0650203  	1.4294     	2.10156    	0.0650536  	0.065325   	1.28764    	2.15141    	0.0651636  	0.0653386  	1.29382    	2.2195     	0.0652109  	0.0656005  	1.34066    	1.86361    	0.0655346  	0.0608032  	1.28391    	2.02771    	0.0607611  	0.0602828  	1.34454    	1.76707    	0.0602371  	10.9958	11.9372	10.9518	10.8606	10.3708	10.4832	10.7556	10.8366	10.2723	10.8126	11.6689	11.722	10.6435	10.154	10.6293	1          	4.44255e-06	8.10286e-06	0.919189   	0.190666   	0.133712   	0.138943   	0.190665   	2.36218	
4.5e-11    	6.6        	0.999983   	-7.616e-05 	-0.000290415	0.907334   	0.999984   	-0.000138581	0.000213344	0.907228   	0.999985   	0.000179436	5.82466e-05	0.90729    	0.999985   	0.000114285	-0.000382573	0.907241   	0.999985   	8.55637e-05	5.53233e-05	0.907243   	0.999987   	-0.00020636	0.000285517	0.907288   	0.999986   	0.000311389	-0.000878839	0.907294   	0.999985   	-0.000331596	0.000184913	0.907278   	0.999981   	-1.1557e-05	0.000696461	0.90727    	0.999986   	0.000161241	-0.000526996	0.907231   	0.999984   	0.000127881	0.000405477	0.907263   	0.999985   	-0.000326753	8.48308e-05	0.907268   	0.999986   	-0.000273259	-0.000327841	0.907226   	0.999985   	9.15716e-05	-0.000145888	0.907293   	0.999985   	0.000244114	0.000415873	0.907255   	0.088964   	1.81559    	3.79192    	0.0890142  	0.0881618  	1.94501    	3.26711    	0.0882573  	0.0835348  	1.5249     	3.44766    	0.0833088  	0.091131   	1.65282    	3.22161    	0.0912824  	0.0940315  	1.86843    	2.95502    	0.0940934  	0.0904967  	1.64878    	2.61031    	0.0904216  	0.0906794  	1.64114    	2.84135    	0.0905938  	0.0810475  	1.64092    	3.31196    	0.0811047  	0.0896995  	1.54016    	4.54086    	0.0897057  	0.0838532  	1.59978    	3.04428    	0.0837461  	0.0773839  	1.82369    	3.31986    	0.0773191  	0.0881944  	1.97193    	2.94399    	0.0881873  	0.0925461  	1.64597    	2.82052    	0.0925433  	0.0849104  	1.94298    	2.96998    	0.0844325  	0.0904365  	1.77774    	3.3122     	0.0901116  	13.3732	13.0779	12.401	13.4363	13.7787	13.3503	13.1899	11.9737	13.7692	12.367	12.0805	12.9529	13.4107	12.6758	12.9924	1          	-3.24726e-06	-1.01646e-05	0.907253   	0.301806   	0.136161   	0.144069   	0.301806   	2.11791	
5e-11      	6.4        	0.999976   	0.000560634	-0.000770647	0.892024   	0.999978   	0.000405468	0.000586085	0.892081   	0.999975   	-0.00100833	0.000107224	0.892142   	0.999975   	0.000945049	-0.0017559 	0.892078   	0.999977   	-0.000750664	0.0010772  	0.892089   	0.999972   	-0.000206657	0.000620892	0.892141   	0.99997    	0.000475276	0.000529551	0.89223    	0.999975   	-0.000643094	0.000312753	0.892056   	0.999971   	0.000221545	-0.000878001	0.892046   	0.999972   	2.30099e-05	-0.000472061	0.892031   	0.999976   	0.000100665	-0.000697485	0.89215    	0.999977   	-0.000161901	0.00110876 	0.892108   	0.999983   	1.78602e-05	-0.00109892	0.89212    	0.999981   	0.000457856	-0.000376014	0.892123   	0.99998    	-0.00045512	0.00157016 	0.892162   	0.128496   	1.8711     	5.5316     	0.128334   	0.127792   	1.94674    	4.98625    	0.127455   	0.129621   	2.03545    	5.90922    	0.129984   	0.125883   	2.26859    	5.19987    	0.125607   	0.127778   	2.00134    	5.22067    	0.127936   	0.125531   	2.01343    	6.92912    	0.125605   	0.134363   	2.07831    	7.43072    	0.134217   	0.127725   	1.75893    	6.14964    	0.127706   	0.138283   	2.2221     	6.9477     	0.13823    	0.142741   	1.86332    	7.02898    	0.143318   	0.132373   	1.79861    	5.78908    	0.131794   	0.121887   	2.0254     	5.13637    	0.122008   	0.132104   	2.1336     	3.17508    	0.132289   	0.123197   	1.89661    	4.15582    	0.123658   	0.127408   	2.01249    	3.82691    	0.127217   	15.4338	16.9906	16.059	16.8992	15.7823	15.8904	17.7304	16.6036	16.2705	16.9568	16.7063	15.3693	16.4672	16.2064	15.7778	1          	-1.25428e-06	-8.92212e-06	0.892084   	0.493115   	0.140564   	0.144944   	0.493111   	1.8863	
5.5e-11    	6.2        	0.999881   	0.000914144	0.00279786 	0.871458   	0.999927   	-0.00059908	0.0087231  	0.871532   	0.999814   	-0.000365273	-0.0115569 	0.872042   	0.99979    	0.000861564	0.0145625  	0.87169    	0.99983    	-0.000655582	-0.00484954	0.871877   	0.999902   	-0.000150813	-0.00971303	0.871452   	0.999878   	0.000900323	0.0109471  	0.87118    	0.999779   	-0.000929924	-0.0175115 	0.871599   	0.999895   	6.55427e-05	0.0066145  	0.87205    	0.999849   	-6.89764e-05	-0.0104526 	0.872138   	0.999924   	-0.000235506	-0.00732208	0.871277   	0.999747   	0.000349966	0.0178108  	0.871715   	0.999858   	-0.000678274	-0.013408  	0.871716   	0.999828   	0.000546858	0.0119837  	0.872214   	0.99994    	7.4083e-05 	0.00137002 	0.871216   	0.317773   	2.85761    	32.364     	0.311547   	0.426856   	2.73335    	8.00433    	0.427479   	0.244877   	3.33701    	33.278     	0.246953   	0.256021   	3.17933    	28.4717    	0.242267   	0.309207   	2.27963    	46.1613    	0.298194   	0.379942   	2.4802     	13.2147    	0.388236   	0.324549   	2.86011    	15.909     	0.328504   	0.242124   	1.95483    	18.6152    	0.23876    	0.247732   	3.20178    	22.2708    	0.246695   	0.237372   	3.68582    	25.9882    	0.242283   	0.331881   	3.20762    	11.7907    	0.337522   	0.276178   	2.84874    	25.8712    	0.260716   	0.3504     	3.41214    	12.5785    	0.342583   	0.291653   	2.60218    	28.0627    	0.280739   	0.319509   	3.15405    	14.9928    	0.316728   	32.3169	31.4879	30.4466	25.9067	29.9015	26.8578	25.1221	22.7045	26.2655	28.3152	24.9525	20.5405	29.6047	30.591	26.7671	1          	1.60624e-06	-1.27037e-06	0.871552   	1.54637    	0.143823   	0.13958    	1.54637    	10.7013	
6e-11      	6          	0.999802   	0.000368021	-0.0169691 	0.837193   	0.998895   	-0.000688863	0.0448426  	0.834353   	0.99957    	0.000293826	-0.0273053 	0.848757   	0.99928    	-0.000442397	0.0361957  	0.846595   	0.999921   	0.000120259	0.0067267  	0.840328   	0.998968   	0.000378985	-0.0435347 	0.833305   	0.999369   	-1.06131e-05	0.0323883  	0.832336   	0.999121   	-0.000279903	-0.0407174 	0.844556   	0.99989    	0.000262196	0.00875935 	0.843074   	0.99979    	0.00014728 	-0.0157876 	0.845792   	0.999482   	0.00065416 	-0.0280386 	0.8325     	0.998997   	-0.000810096	0.0436425  	0.84178    	0.998948   	0.000354933	-0.0443506 	0.837234   	0.99977    	2.72679e-05	0.01893    	0.849045   	0.9996     	-0.000433337	0.0252589  	0.833854   	4.29146    	2.61116    	12.4546    	4.18574    	2.26423    	2.99175    	24.6075    	2.13242    	0.790801   	2.64756    	13.9347    	0.828341   	0.836856   	2.9406     	15.8255    	0.919439   	3.86586    	2.39437    	13.4929    	3.82695    	2.16273    	2.57081    	20.6974    	2.03704    	2.77876    	2.36218    	27.0609    	2.57204    	1.1009     	2.43223    	11.7867    	1.13478    	2.03624    	2.19412    	18.397     	2.0575     	1.14056    	2.60324    	21.8714    	1.1887     	2.81885    	3.24391    	31.3243    	2.56955    	1.20068    	3.28443    	11.083     	1.2109     	1.61805    	3.02283    	16.1973    	1.52626    	0.929864   	3.11363    	11.73      	0.961107   	2.7498     	3.12526    	19.3475    	2.67862    	174.173	157.892	181.378	255.643	151.826	72.2588	52.2145	203.798	118.169	109.671	58.6912	153.795	122.274	140.137	59.1681	1          	-4.10353e-06	5.82029e-06	0.839566   	12.8921    	0.139857   	0.145764   	12.8921    	210.385	
6.5e-11    	5.8        	0.998232   	0.000505356	-0.0578917 	0.796585   	0.996819   	-0.000740512	0.0782441  	0.817017   	0.999726   	8.85075e-05	-0.021793  	0.817692   	0.999176   	0.000375955	0.0396764  	0.821447   	0.999063   	-0.00103289	0.0416708  	0.798516   	0.996619   	0.000634508	-0.0808042 	0.811352   	0.996842   	-0.000743545	0.0773596  	0.805358   	0.998615   	0.000472251	-0.0512686 	0.824409   	0.999618   	0.000250119	-0.0256683 	0.801361   	0.999908   	-4.05582e-05	0.0107711  	0.807092   	0.997488   	-0.00015987	-0.0691921 	0.799843   	0.998264   	0.000147425	0.0573363  	0.823472   	0.997544   	0.000303588	-0.0683208 	0.820678   	0.999961   	-0.000372911	0.00472664 	0.813119   	0.997772   	4.93332e-05	0.0651672  	0.796965   	1.25773    	2.62032    	20.3281    	1.11618    	1.91412    	2.83758    	28.8462    	2.88341    	1.59101    	3.29063    	6.44595    	1.54989    	0.696694   	2.56562    	7.26658    	0.659508   	1.92072    	2.40481    	14.907     	1.6929     	2.08743    	2.11732    	28.1837    	3.05495    	1.20936    	2.97163    	39.9348    	2.05538    	0.719515   	3.17059    	15.9359    	0.84174    	2.35097    	2.41854    	11.1441    	2.18933    	1.71913    	2.80533    	6.10957    	1.69513    	0.739766   	2.18991    	27.6607    	0.990276   	1.22801    	2.61382    	22.386     	1.51777    	1.72021    	2.35122    	30.6538    	2.48329    	2.51656    	2.91055    	4.3803     	2.50557    	0.985866   	2.83972    	23.3711    	1.06089    	80.9094	200.33	129.833	65.3526	139.569	210.495	115.463	88.917	165.662	130.533	53.3711	126.625	184.518	205.228	60.7553	1          	-1.55656e-05	3.61598e-06	0.809011   	2.32355    	0.144153   	0.144726   	2.32356    	20.9921	
7e-11      	5.6        	0.995646   	0.000551874	-0.0918663 	0.765801   	0.993853   	-0.000480294	0.110288   	0.801751   	0.999658   	1.39098e-05	-0.0242129 	0.782046   	0.99885    	0.000276535	0.0468059  	0.790747   	0.997071   	0.000715097	0.0747508  	0.762278   	0.993136   	-0.000990966	-0.116557  	0.79669    	0.992643   	0.00105626 	0.120124   	0.789227   	0.99745    	6.78605e-05	-0.0709327 	0.79922    	0.998544   	-0.00109951	-0.0513057 	0.761833   	0.999524   	-0.000867882	0.0271665  	0.765918   	0.992845   	0.000816113	-0.118269  	0.780215   	0.995919   	4.33155e-05	0.0897157  	0.80427    	0.994668   	0.000501451	-0.102862  	0.804468   	0.999911   	0.000286178	-0.000506813	0.773494   	0.994053   	-0.000872369	0.107693   	0.772079   	1.15544    	2.18691    	26.8365    	0.790304   	2.34234    	2.45636    	10.1786    	3.10237    	1.08948    	1.96981    	10.0546    	1.15987    	1.0226     	2.68859    	10.8806    	0.924814   	2.11258    	2.12677    	27.7239    	1.44191    	1.62662    	2.83283    	10.0168    	2.29129    	1.86995    	3.50182    	26.4173    	2.92176    	0.744524   	3.17829    	4.69379    	0.712571   	2.6878     	3.1464     	28.5784    	2.18281    	3.76806    	3.28594    	21.5392    	3.43472    	1.31251    	2.36007    	32.0934    	2.65999    	1.33752    	2.50625    	10.2265    	1.39365    	2.46935    	2.37978    	5.08212    	2.73124    	3.22784    	2.50427    	18.8783    	3.21016    	0.744578   	2.66619    	28.9972    	1.21471    	93.837	201.698	92.926	84.7487	167.994	151.595	171.538	69.1751	205.564	294.534	111.59	125.485	220.506	262.838	62.5918	1          	3.06791e-06	-3.00417e-07	0.780383   	1.36005    	0.136015   	0.143922   	1.36004    	8.69831	
7.5e-11    	5.4        	0.99047    	-0.000237557	-0.137467  	0.738789   	0.989049   	0.00112575 	0.147046   	0.795315   	0.999691   	-0.0010385 	-0.0225438 	0.73909    	0.998492   	0.00144411 	0.05336    	0.754446   	0.992851   	-0.000197888	0.11885    	0.727787   	0.987348   	-0.00117749	-0.157795  	0.791435   	0.986839   	-0.000364018	0.16112    	0.78282    	0.996389   	0.000157452	-0.083839  	0.769114   	0.996137   	0.000297108	-0.0873378 	0.72118    	0.998591   	-0.000283327	0.0524064  	0.719609   	0.986554   	0.000154037	-0.162907  	0.77019    	0.99355    	8.60235e-05	0.112606   	0.783835   	0.990414   	-0.000431041	-0.137457  	0.793193   	0.999903   	0.00083937 	-0.00961502	0.726515   	0.987944   	-0.000278536	0.154422   	0.754267   	4.94828    	2.44413    	5.73923    	5.17893    	2.65005    	3.22711    	18.7308    	4.4138     	11.483     	2.41801    	9.13495    	11.1404    	11.8093    	3.04564    	14.6152    	10.7474    	1.1857     	3.24842    	9.5839     	1.11346    	9.16464    	3.40477    	31.5969    	13.3425    	12.2489    	2.45779    	24.272     	15.3731    	7.13167    	2.81172    	17.6304    	6.15779    	2.63979    	2.47007    	6.04169    	2.34295    	5.89267    	3.21488    	4.07098    	5.97956    	8.92735    	2.88572    	19.1749    	10.1085    	1.72383    	2.501      	19.6095    	1.73609    	1.46682    	2.4591     	21.459     	1.89258    	6.364      	2.30879    	8.47442    	6.40955    	5.08602    	2.53706    	11.4232    	5.27826    	372.355	227.4	865.154	898.054	95.5745	720.212	966.475	534.25	189.648	436.266	702.877	140.161	126.361	467.238	384.839	1          	3.56438e-06	1.98689e-05	0.752411   	1.06674    	0.136319   	0.138452   	1.06674    	5.96038	
8e-11      	5.2        	0.981571   	-5.67822e-05	-0.19013   	0.717616   	0.975956   	0.000695067	0.217383   	0.795103   	0.998479   	-0.000674775	-0.0542725 	0.69506    	0.994495   	0.000622785	0.104514   	0.718036   	0.987441   	0.000629035	0.15749    	0.695475   	0.973063   	-0.00102716	-0.230196  	0.79491    	0.973236   	0.000689242	0.2295     	0.782486   	0.9899     	-0.00045612	-0.141263  	0.744627   	0.993747   	-0.00027933	-0.111308  	0.679905   	0.998227   	0.000486794	0.0583368  	0.675825   	0.97384    	-0.000249889	-0.226836  	0.763838   	0.984484   	-0.000190584	0.174937   	0.767534   	0.980096   	-0.000418968	-0.197964  	0.78433    	0.999913   	-0.000128916	-0.000764413	0.680917   	0.977374   	0.000602989	0.210814   	0.741555   	3.70441    	3.27127    	33.5867    	2.31215    	1.70768    	2.60284    	32.0601    	4.0965     	1.66846    	2.48711    	6.61762    	1.6784     	1.76002    	2.47978    	3.342      	1.67921    	1.84074    	2.8163     	12.027     	1.44735    	1.2156     	3.01058    	18.339     	2.72516    	2.23844    	2.18408    	16.545     	3.47033    	1.48496    	3.00688    	13.4282    	1.89234    	2.32369    	2.85321    	4.06367    	2.02133    	2.15379    	2.17841    	10.558     	1.97537    	2.01996    	1.79892    	19.7439    	2.22532    	1.79209    	2.30385    	21.2213    	3.01848    	2.6183     	2.29726    	27.0925    	4.4613     	1.66378    	2.42179    	13.7076    	1.63994    	1.5534     	2.49722    	29.9696    	1.05349    	272.564	138.166	122.957	135.005	125.533	106.016	176.022	119.65	166.938	148.434	161.501	146.357	199.772	112.009	128.281	1          	1.35851e-05	-2.31917e-06	0.724761   	0.896342   	0.140473   	0.142252   	0.896339   	4.7747	
8.5e-11    	5          	0.971292   	0.000237834	-0.237687  	0.689767   	0.958753   	0.00038432 	0.283754   	0.792193   	0.995521   	-0.000635813	-0.093118  	0.665593   	0.987937   	0.00149051 	0.153507   	0.694482   	0.981096   	-0.00186885	0.193237   	0.662041   	0.955415   	0.000147125	-0.294884  	0.791715   	0.955444   	-0.00101985	0.294678   	0.775119   	0.979153   	0.000505581	-0.201974  	0.72852    	0.991855   	0.000782683	-0.126883  	0.643365   	0.998551   	-5.13841e-05	0.052646   	0.639994   	0.958511   	-0.000544066	-0.284525  	0.750244   	0.971118   	0.000634168	0.237671   	0.755762   	0.964516   	-0.000226516	-0.263406  	0.779044   	0.999636   	0.000852176	0.0236969  	0.64572    	0.964348   	-0.000527807	0.264295   	0.721015   	2.51754    	2.24899    	6.08612    	1.59223    	1.79778    	2.53205    	35.8428    	5.22165    	1.64222    	1.86649    	21.8254    	1.57429    	2.665      	2.66828    	37.9303    	3.13195    	3.44134    	2.883      	5.89998    	2.79898    	1.78684    	2.46962    	30.1352    	5.95484    	3.45263    	3.35979    	35.6958    	7.44386    	1.66127    	2.94098    	48.1715    	3.07425    	1.75031    	2.33135    	8.64045    	2.36749    	1.61484    	2.57843    	7.70052    	1.69514    	1.77819    	2.29691    	33.9582    	3.73005    	1.74179    	1.94053    	52.4778    	5.24778    	2.66645    	2.75734    	40.9676    	6.67083    	2.44097    	2.89041    	10.9881    	2.44972    	1.64753    	3.913      	15.4185    	2.00326    	176.621	136.994	115.16	182.889	237.056	138.545	243.68	118.189	120.749	108.962	121.157	133.544	188.141	166.314	125.301	1          	5.38098e-06	7.66499e-06	0.697358   	0.764371   	0.1358     	0.146685   	0.764366   	4.00488	
9e-11      	4.8        	0.955264   	0.000397066	-0.295545  	0.66697    	0.940697   	-0.000644474	0.339129   	0.793289   	0.993344   	0.000315243	-0.114863  	0.63116    	0.982165   	0.000245157	0.187801   	0.667031   	0.971917   	-0.00155067	0.235055   	0.632476   	0.937899   	0.00106432 	-0.346741  	0.789449   	0.940014   	0.000278511	0.340979   	0.769932   	0.972315   	-0.00101767	-0.233476  	0.703848   	0.98701    	0.000798604	-0.160151  	0.610097   	0.996823   	-0.000368299	0.0780025  	0.601976   	0.939639   	-0.000205537	-0.341909  	0.740691   	0.961179   	0.000475231	0.275794   	0.743198   	0.947652   	0.000416377	-0.319196  	0.775514   	0.999645   	0.000345441	0.022485   	0.609019   	0.942952   	-0.000695724	0.332652   	0.706963   	3.0407     	2.80245    	10.2954    	5.04828    	1.77547    	2.68375    	7.97654    	2.17646    	3.61       	2.55238    	3.45366    	3.60861    	2.69013    	3.05156    	4.05872    	2.44815    	2.42086    	2.77699    	7.89338    	3.17989    	2.33135    	3.64359    	12.0058    	3.5776     	1.49427    	2.70778    	10.3145    	1.83566    	2.89862    	2.77626    	5.77422    	2.32693    	2.68134    	2.49894    	10.2811    	3.29559    	3.27851    	2.66591    	16.8906    	3.95428    	4.9349     	3.11929    	14.1937    	2.73418    	3.08163    	2.7697     	5.1948     	3.09344    	2.94988    	3.77259    	4.95701    	3.36048    	3.23247    	2.27163    	12.9324    	3.11637    	2.17438    	4.1233     	15.7357    	3.64716    	192.523	125.532	221.966	169.653	152.601	170.268	109.137	176.42	169.335	208.932	328.282	200.018	183.034	195.98	143.317	1          	1.70345e-06	1.30362e-05	0.670106   	0.70507    	0.145369   	0.141198   	0.705071   	2.87301	
9.5e-11    	4.6        	0.950399   	0.00103937 	-0.310898  	0.644227   	0.937576   	-0.00107662	0.347664   	0.785627   	0.992014   	0.000334   	-0.125746  	0.584818   	0.97997    	-0.00118255	0.198823   	0.62443    	0.967306   	0.000438113	0.253407   	0.602139   	0.935887   	0.000628867	-0.352159  	0.78474    	0.940991   	-0.000386389	0.338294   	0.765394   	0.97095    	0.00159603 	-0.238959  	0.663284   	0.984674   	-0.0013406 	-0.17401   	0.573463   	0.995968   	0.00135332 	0.0892317  	0.557568   	0.941311   	0.000461665	-0.337361  	0.734092   	0.961319   	-0.00149741	0.275267   	0.710215   	0.94699    	0.00141506 	-0.321164  	0.757152   	0.999786   	-0.00139711	0.0179086  	0.560397   	0.940686   	-0.000585209	0.339126   	0.69303    	4.64261    	2.37923    	4.45276    	4.58617    	1.83199    	3.1771     	6.72227    	1.80644    	5.53934    	2.69316    	3.33867    	4.91373    	8.62072    	2.4754     	7.12473    	8.23787    	3.4799     	2.25087    	4.92936    	3.09541    	2.82221    	2.62978    	8.81899    	2.0619     	6.5105     	2.99939    	6.07754    	4.71391    	11.8259    	3.61091    	9.1433     	11.1537    	1.93503    	2.74415    	6.03474    	1.73239    	2.03834    	2.96781    	2.40828    	2.14682    	8.21833    	3.43663    	6.45033    	5.05022    	5.70423    	3.31809    	7.27674    	6.85937    	1.23795    	3.46876    	3.56822    	1.10651    	2.86916    	2.21028    	4.37098    	2.8002     	3.53677    	3.17973    	5.80877    	2.52946    	268.277	121.982	302.031	452.039	200.999	183.319	385.083	645.817	119.505	116.45	470.611	320.421	83.8401	161.163	213.953	1          	-4.52454e-06	-1.47719e-05	0.643002   	0.651179   	0.13539    	0.144605   	0.651175   	2.8725	
1e-10      	4.4        	0.931411   	-0.00140734	-0.363779  	0.621212   	0.92062    	0.00073036 	0.390353   	0.780856   	0.989899   	0.000693215	-0.141451  	0.556119   	0.97415    	0.00112787 	0.225592   	0.599138   	0.95793    	-0.000134872	0.286824   	0.576379   	0.921232   	-0.000705084	-0.388925  	0.772922   	0.926451   	0.00030774 	0.37625    	0.744986   	0.96394    	-0.000149848	-0.265903  	0.642082   	0.980144   	-0.000344853	-0.198005  	0.549627   	0.994016   	0.00149239 	0.108783   	0.53279    	0.924351   	-0.00092907	-0.381424  	0.714985   	0.951514   	-0.00022985	0.307385   	0.691073   	0.935193   	0.00105714 	-0.353995  	0.746132   	0.999899   	-0.0027317 	0.00981277 	0.531483   	0.921208   	0.00104831 	0.388947   	0.671901   	2.91278    	3.27844    	6.40487    	1.99478    	1.66913    	3.32956    	8.28374    	3.05707    	2.21451    	2.92136    	2.61016    	2.12041    	4.3228     	3.59575    	5.4135     	3.27008    	3.90779    	3.09761    	3.07828    	3.21568    	2.28298    	3.06909    	5.83262    	2.82493    	1.95602    	2.92539    	10.2695    	1.2818     	6.78107    	3.13449    	5.01143    	5.36934    	6.82475    	3.15887    	4.00266    	7.24434    	2.1312     	2.16789    	3.39648    	2.13211    	3.09322    	2.10411    	6.93748    	2.97233    	4.28444    	3.00696    	8.41213    	2.64099    	3.12354    	2.71876    	8.14566    	2.65827    	4.4585     	2.03315    	3.55428    	4.45235    	4.94876    	2.64945    	5.4963     	4.55511    	155.634	103.919	122.435	225.38	199.102	124.405	101.659	333.98	351.143	117.659	154.374	218.015	172.457	237.003	262.78	1          	1.2661e-05 	9.26318e-05	0.615991   	0.603939   	0.139376   	0.14682    	0.60394    	2.60326	
1.05e-10   	4.2        	0.917413   	0.000455027	-0.397733  	0.592988   	0.902296   	0.000230024	0.430964   	0.772855   	0.983357   	-0.000842782	-0.18121   	0.534568   	0.963135   	0.000611707	0.26883    	0.578936   	0.951147   	-0.000781526	0.308573   	0.545536   	0.905461   	2.07532e-05	-0.424324  	0.762377   	0.913011   	-0.00198058	0.407825   	0.719504   	0.957772   	0.000589789	-0.287256  	0.625461   	0.975742   	0.00209184 	-0.218656  	0.523616   	0.99265    	-0.000486067	0.12053    	0.512288   	0.912869   	0.00046854 	-0.408141  	0.680943   	0.947872   	-6.75452e-05	0.318399   	0.672022   	0.922745   	-0.000230545	-0.385335  	0.734135   	0.999826   	0.00118129 	0.0148196  	0.510157   	0.901408   	-0.000687003	0.432832   	0.643232   	4.89654    	3.63296    	5.85475    	2.84566    	2.81671    	3.25484    	11.4114    	1.65755    	6.45014    	3.54246    	6.96408    	7.05281    	5.42996    	2.89344    	4.25926    	5.83707    	2.69197    	2.90828    	3.5623     	3.06822    	3.01784    	3.05187    	6.15626    	1.74065    	8.88697    	3.10925    	5.72799    	8.74702    	8.01582    	3.21752    	6.83981    	5.75403    	2.29012    	3.013      	2.92446    	1.96268    	4.61643    	2.97466    	3.74301    	5.04954    	4.12657    	2.84734    	6.51444    	4.95725    	2.17169    	4.37622    	11.7589    	3.7379     	1.71033    	3.0354     	3.51403    	1.95689    	2.32766    	3.05047    	3.62084    	2.32471    	2.88233    	2.60953    	7.37541    	2.89792    	215.963	143.042	296.513	257.08	127.003	153.684	408.742	392.758	125.478	223.931	183.252	108.1	98.9545	117.876	138.763	1          	-3.2442e-06	0.00012044 	0.589007   	0.572665   	0.145522   	0.146085   	0.572661   	2.55931	
1.1e-10    	4          	0.900417   	0.00025409 	-0.434851  	0.567971   	0.881633   	0.0007397  	0.471817   	0.763749   	0.975728   	-0.00141471	-0.218491  	0.513874   	0.9531     	0.00176486 	0.302435   	0.549111   	0.945055   	-0.000442003	0.326744   	0.518285   	0.895523   	-0.000986034	-0.444931  	0.751073   	0.905157   	0.000115538	0.424983   	0.701309   	0.954294   	-0.000245665	-0.298582  	0.591539   	0.969838   	0.00026656 	-0.243493  	0.501629   	0.986739   	-0.00172336	0.161892   	0.480841   	0.899042   	0.000549496	-0.437696  	0.663341   	0.946912   	0.00077051 	0.321215   	0.650076   	0.908832   	-0.000451128	-0.416994  	0.731633   	0.999862   	0.00193248 	0.0108085  	0.484251   	0.871134   	-0.000859751	0.490707   	0.616951   	2.5118     	3.08606    	7.86332    	3.39867    	3.62656    	3.556      	7.87294    	2.0381     	1.86794    	3.72351    	7.83827    	2.04375    	2.98063    	4.27034    	3.61135    	2.89267    	3.98708    	3.2572     	2.77199    	4.08141    	1.34906    	4.05922    	4.63292    	1.65494    	2.75104    	3.09629    	5.18426    	2.97909    	4.56118    	3.37542    	7.98536    	3.86999    	3.33798    	3.45255    	2.66636    	3.13096    	5.0462     	2.37824    	3.95779    	5.10294    	3.20062    	2.887      	11.4096    	4.60977    	3.29361    	3.61728    	10.4467    	2.29088    	6.28383    	3.46022    	17.4752    	12.0422    	1.87193    	3.14319    	4.1814     	1.87578    	7.76706    	3.41819    	17.4213    	3.26898    	108.62	162.976	89.8064	130.106	167.69	72.4568	130.811	201.533	160.597	208.146	142.446	144.45	297.185	88.187	339.063	1          	1.73201e-05	8.68566e-05	0.562043   	0.549509   	0.13822    	0.161418   	0.549514   	2.38711	
1.15e-10   	3.8        	0.88472    	0.000501387	-0.465937  	0.549868   	0.857289   	-0.000253478	0.514693   	0.752264   	0.964453   	-0.000216734	-0.264009  	0.491205   	0.945061   	-6.75222e-05	0.326659   	0.518891   	0.933055   	0.00211228 	0.359575   	0.488397   	0.886037   	-0.00143208	-0.463526  	0.74359    	0.897874   	0.000389016	0.44014    	0.680825   	0.955116   	-5.52411e-05	-0.29595   	0.562259   	0.958863   	-0.00051452	-0.283624  	0.476258   	0.981069   	-0.000271039	0.193318   	0.444176   	0.898854   	0.00121858 	-0.438017  	0.643515   	0.950791   	-0.00113873	0.309436   	0.621552   	0.89738    	0.00165466 	-0.441179  	0.72526    	0.999894   	-0.000125784	-8.03331e-06	0.45995    	0.837216   	-0.00197258	0.546741   	0.591078   	2.45813    	3.26454    	8.78012    	3.96813    	3.16174    	3.30041    	11.59      	1.38045    	2.6673     	3.16642    	3.04346    	2.62176    	5.18975    	3.70863    	4.05173    	4.58439    	2.37601    	3.27965    	1.85708    	2.23773    	2.4372     	3.43238    	7.05027    	3.98007    	3.22462    	3.10584    	7.48831    	4.47536    	1.88529    	2.53646    	7.84582    	1.64858    	3.12296    	3.17729    	2.89027    	2.83567    	4.05447    	3.654      	1.39388    	3.82487    	2.47737    	4.03011    	12.6922    	2.38914    	3.77752    	3.81249    	14.7403    	3.29691    	2.39849    	3.42192    	3.5728     	2.18074    	3.47425    	3.52841    	5.54086    	3.48874    	6.45556    	2.67216    	4.2286     	3.51602    	101.916	126.411	105.348	191.667	97.952	111.813	123.639	81.1153	129.979	157.847	108.52	152.195	107.605	144.21	251.026	1          	-1.99905e-05	-7.87947e-05	0.535052   	0.551368   	0.142303   	0.162223   	0.551365   	2.39998	
1.2e-10    	3.6        	0.853246   	-0.000201267	-0.521217  	0.525509   	0.841217   	-0.000215648	0.540607   	0.743479   	0.963112   	0.000699975	-0.26863   	0.467272   	0.936923   	0.000899293	0.349266   	0.475076   	0.921427   	0.00198561 	0.388381   	0.46432    	0.882951   	-0.00184311	-0.469368  	0.737139   	0.891972   	0.00240359 	0.451991   	0.663682   	0.961101   	-0.00076434	-0.275694  	0.535616   	0.938363   	-0.00273883	-0.345233  	0.444398   	0.977267   	-0.00057456	0.21159    	0.41851    	0.889191   	-0.00351794	-0.457363  	0.618718   	0.947076   	0.00393746 	0.320642   	0.596153   	0.890835   	-0.0005194 	-0.454225  	0.729578   	0.99992    	-0.000957405	-0.00128423	0.42176    	0.803979   	0.00142557 	0.594526   	0.562467   	4.26309    	3.87176    	11.3723    	2.62728    	1.78766    	6.42777    	4.84724    	2.06621    	2.54141    	4.02668    	6.66734    	2.11303    	2.26263    	5.41722    	3.00193    	2.14918    	2.52663    	3.47632    	1.88569    	2.34828    	1.27466    	5.03699    	4.87364    	1.51387    	3.24686    	3.64433    	3.26636    	2.69204    	3.44081    	3.90124    	10.5532    	1.88863    	6.9967     	3.10002    	4.8004     	3.65252    	2.64246    	4.19633    	1.86582    	2.38335    	3.54465    	4.30828    	7.85925    	4.444      	4.70786    	5.65756    	9.49936    	4.03391    	2.49594    	5.8069     	4.1592     	2.57633    	3.85438    	3.47512    	2.2131     	3.86096    	4.56258    	4.61142    	2.53767    	1.87031    	137.517	65.4964	100.07	84.3074	90.8378	55.6052	107.973	127.282	233.474	96.2741	117.608	161.79	108.99	136.325	150.254	1          	-6.76315e-06	0.000115057	0.507938   	0.547035   	0.142353   	0.201238   	0.547027   	2.79454	
1.25e-10   	3.4        	0.82413    	-0.00229456	-0.566282  	0.510349   	0.821475   	0.00283853 	0.570131   	0.730065   	0.95903    	-0.00202339	-0.283091  	0.44025    	0.921847   	0.00224388 	0.387394   	0.443869   	0.911019   	0.00101473 	0.412206   	0.433472   	0.876698   	-0.00206047	-0.480974  	0.728028   	0.880846   	-6.42613e-05	0.473291   	0.642193   	0.96158    	-0.000315337	-0.274292  	0.513041   	0.919086   	0.000547899	-0.39388   	0.417035   	0.972326   	-0.000449309	0.233286   	0.392148   	0.882824   	-0.000202832	-0.469609  	0.592821   	0.946203   	0.000599716	0.323411   	0.567993   	0.882842   	-0.000666055	-0.469586  	0.723752   	0.999896   	0.00187598 	-0.00500538	0.390719   	0.767955   	-0.000282375	0.640346   	0.5373     	3.5822     	3.2673     	5.58761    	5.68513    	5.7525     	3.65718    	5.09257    	1.50818    	3.0968     	3.03085    	1.38262    	2.91575    	3.33463    	2.98615    	1.0421     	2.6328     	3.29218    	3.07791    	1.31365    	2.74832    	1.40334    	4.51743    	1.84136    	1.2094     	3.05972    	5.61061    	1.99103    	1.84834    	1.6266     	4.75118    	1.80155    	1.42325    	3.30372    	3.04957    	1.12271    	2.63747    	2.01824    	3.82746    	0.964984   	1.84529    	1.91051    	4.0653     	2.09257    	1.72917    	2.98007    	4.84943    	1.59231    	2.64905    	2.12675    	4.3074     	5.43306    	3.57787    	3.37577    	4.24927    	1.27575    	3.36638    	6.56794    	3.39093    	3.59341    	1.84337    	124.162	172.696	101.954	103.081	98.2989	56.5181	93.006	59.6934	104.942	73.6182	68.265	93.9061	89.5657	113.942	191.386	1          	1.53818e-05	0.000136774	0.48077    	0.514172   	0.143108   	0.172601   	0.514174   	2.68718	
1.3e-10    	3.2        	0.793583   	0.000927041	-0.608376  	0.498664   	0.795203   	-0.000498223	0.606275   	0.714992   	0.951592   	5.96059e-05	-0.307159  	0.416844   	0.906098   	-0.00145486	0.422878   	0.410693   	0.895167   	-0.000287551	0.445578   	0.405145   	0.870284   	0.000986378	-0.492485  	0.719541   	0.867798   	-0.00119715	0.496827   	0.619285   	0.958312   	-3.74226e-05	-0.2855    	0.487339   	0.903038   	0.00175084 	-0.429362  	0.394689   	0.96865    	0.000191923	0.248008   	0.364201   	0.873876   	-0.000573137	-0.486025  	0.572086   	0.939922   	0.000458384	0.341206   	0.540171   	0.87355    	0.000428966	-0.48665   	0.716075   	0.999907   	-0.00023057	-0.00295087	0.362784   	0.726945   	-0.000501459	0.686593   	0.512128   	2.41897    	3.08249    	1.32447    	1.62579    	2.69457    	5.45741    	1.66188    	1.32936    	2.99937    	3.42751    	0.67247    	2.6857     	2.41436    	4.27695    	0.955249   	2.23752    	2.67583    	3.27472    	0.853469   	2.30302    	1.34253    	4.26178    	2.08104    	1.05439    	1.83268    	4.10877    	1.9656     	1.17015    	2.55833    	4.66374    	1.425      	2.56497    	2.85085    	3.83438    	0.816963   	2.22945    	3.67476    	4.64626    	0.732199   	3.47378    	2.11625    	4.95267    	2.30973    	1.48317    	2.52047    	5.99665    	1.58018    	2.80984    	1.62864    	6.35655    	1.91595    	1.51499    	2.46717    	3.61095    	1.12489    	2.47496    	3.10058    	4.84264    	1.06764    	1.58185    	71.2665	77.1257	83.3686	73.5507	80.4687	48.4804	56.8473	72.5872	89.1014	101.776	65.5293	73.3186	56.0161	72.9695	85.5302	1          	2.07837e-06	-5.4011e-05	0.453591   	0.498948   	0.147627   	0.164451   	0.498965   	2.38744	
1.35e-10   	3          	0.766383   	-0.000668949	-0.642276  	0.479106   	0.777825   	0.00099549 	0.628426   	0.701225   	0.941928   	-0.000942477	-0.335533  	0.389679   	0.885415   	0.000120197	0.464602   	0.380327   	0.878766   	0.00205777 	0.477035   	0.377519   	0.863545   	-0.00129614	-0.504193  	0.707797   	0.854801   	0.00336209 	0.518861   	0.59944    	0.95329    	-0.0019933 	-0.301846  	0.460607   	0.884648   	-0.00270547	-0.466061  	0.370787   	0.963439   	0.000218021	0.267491   	0.337717   	0.86475    	-0.00144681	-0.502105  	0.549491   	0.934431   	0.00147418 	0.355999   	0.511704   	0.866223   	-0.000671674	-0.499605  	0.705103   	0.999878   	0.00412967 	-0.00348608	0.330681   	0.68854    	-0.00208272	0.725114   	0.490315   	2.62978    	4.52917    	0.61825    	1.34011    	1.81617    	4.9248     	1.0487     	1.05187    	2.47778    	4.93104    	0.630033   	2.25025    	2.47284    	4.15551    	0.587054   	1.82993    	2.03293    	4.86569    	0.619608   	1.64641    	1.39093    	6.10757    	1.34841    	1.01771    	1.57604    	4.97246    	0.880775   	1.14831    	1.63844    	4.24425    	0.76197    	1.41908    	1.82637    	3.81144    	0.697907   	1.42475    	1.99354    	4.58623    	0.538997   	1.7603     	1.92003    	4.46227    	0.961855   	1.50947    	1.95281    	4.37868    	0.894341   	1.86904    	1.0832     	3.90392    	1.03452    	0.816407   	2.20414    	4.15457    	0.572089   	2.2088     	2.59073    	3.74862    	0.573752   	1.20485    	70.7511	54.0572	67.9894	61.9382	56.2654	43.5704	45.6809	46.32	53.8936	55.8025	53.7998	51.1136	38.0013	57.6983	68.7316	1          	-1.23748e-05	1.48065e-06	0.426443   	0.493879   	0.141428   	0.164249   	0.493875   	2.08261	
1.4e-10    	2.8        	0.735363   	0.00287136 	-0.677557  	0.458983   	0.761018   	0.000682867	0.648671   	0.686251   	0.931275   	-0.00525137	-0.363908  	0.363537   	0.860685   	0.00869522 	0.508832   	0.350724   	0.856741   	-0.00476684	0.515575   	0.351016   	0.856194   	-0.00188835	-0.516579  	0.695722   	0.840124   	0.00255819 	0.542308   	0.578693   	0.947738   	-0.00699002	-0.318638  	0.435792   	0.861896   	0.00409221 	-0.506783  	0.346743   	0.956016   	-0.00365107	0.292878   	0.308677   	0.852549   	-0.0019361 	-0.522555  	0.528744   	0.926732   	0.00442972 	0.375498   	0.486946   	0.858898   	-0.00146769	-0.512083  	0.693976   	0.999807   	0.00232077 	-0.00418814	0.299668   	0.643958   	0.000505513	0.764968   	0.468624   	1.98282    	4.84347    	0.517427   	1.04349    	1.75746    	5.56037    	0.820053   	0.89483    	2.58787    	6.33772    	0.59863    	2.37497    	2.05625    	4.81223    	0.525759   	1.52065    	2.14256    	2.8445     	0.395018   	1.52109    	1.33015    	6.2091     	0.751988   	1.00693    	1.80071    	4.74916    	0.652972   	1.33168    	1.6261     	7.26492    	0.765548   	1.46392    	1.61606    	6.24806    	0.39854    	1.23446    	1.49316    	4.12316    	0.389031   	1.37591    	1.72585    	4.21949    	0.611995   	1.29595    	1.75941    	6.31109    	0.601375   	1.56353    	0.992924   	4.93643    	1.06787    	0.841488   	1.92997    	6.03866    	0.55172    	1.93758    	1.98273    	4.5873     	0.557454   	0.834581   	47.8713	44.9198	58.6944	48.6591	51.0108	40.4206	42.4925	44.5697	43.4444	39.4984	42.52	44.2038	34.2313	48.0392	46.5896	1          	-5.30934e-05	-7.83693e-06	0.399285   	0.457262   	0.146864   	0.172935   	0.457264   	2.31001	
1.45e-10   	2.6        	0.702196   	-0.00508635	-0.711879  	0.440046   	0.743772   	0.00257069 	0.668365   	0.670824   	0.91802    	0.00139677 	-0.396214  	0.336498   	0.830879   	-0.00815797	0.556115   	0.323147   	0.828795   	-0.000311309	0.559256   	0.32434    	0.848638   	0.00451773 	-0.52887   	0.682799   	0.825605   	-0.00730299	0.564105   	0.558496   	0.941175   	0.00982598 	-0.337476  	0.410499   	0.834681   	-0.00148293	-0.550428  	0.322384   	0.94732    	0.00478026 	0.319811   	0.28326    	0.838023   	-0.000294561	-0.545463  	0.506797   	0.917385   	-0.00179323	0.397756   	0.460331   	0.850897   	-0.000405818	-0.52524   	0.681226   	0.999869   	-0.00113573	-0.00283398	0.268023   	0.596379   	0.000933991	0.802556   	0.449355   	1.61814    	3.75707    	0.376732   	0.936488   	1.37059    	6.4896     	0.791303   	0.97331    	1.67612    	5.10212    	0.394024   	1.43048    	2.30005    	5.382      	0.406668   	1.58321    	2.52557    	5.88307    	0.385937   	1.77121    	0.955378   	7.34594    	0.8514     	0.733351   	1.39742    	5.97381    	0.520669   	1.07615    	2.37351    	5.98164    	0.547326   	1.99309    	2.10731    	5.82248    	0.444694   	1.3822     	1.8607     	4.09999    	0.343441   	1.73217    	1.52545    	8.82459    	0.527155   	1.1313     	1.40782    	7.27222    	0.699965   	1.22584    	1.13879    	8.12749    	0.664331   	0.851767   	2.59621    	3.25667    	0.384739   	2.59518    	2.15761    	7.78505    	0.357995   	0.766518   	39.8984	35.442	39.9162	47.4406	52.1226	29.1751	36.2074	54.1885	46.3794	41.0614	36.1938	30.9489	32.2669	55.8774	50.0487	1          	1.73233e-06	2.34147e-05	0.372078   	0.457254   	0.140623   	0.166209   	0.457258   	2.08031	
1.5e-10    	2.4        	0.664989   	0.0130801  	-0.746647  	0.421143   	0.725874   	-0.00237563	0.687662   	0.654947   	0.901251   	-0.0111324 	-0.432563  	0.310314   	0.794529   	0.00694557 	0.606563   	0.297554   	0.791656   	-0.0193047 	0.610434   	0.298008   	0.840502   	0.00480262 	-0.541636  	0.669524   	0.809139   	-0.0112513 	0.587346   	0.538912   	0.932951   	0.000174675	-0.359452  	0.385767   	0.800538   	0.0210765  	-0.598555  	0.298304   	0.933814   	-0.0204794 	0.356531   	0.255773   	0.822075   	0.0120931  	-0.569148  	0.486579   	0.907071   	-0.00136287	0.420688   	0.435033   	0.842434   	0.0023584  	-0.53858   	0.667848   	0.999401   	0.0177444  	-0.00375778	0.237906   	0.541151   	-0.0143535 	0.84071    	0.431247   	1.402      	3.87151    	0.388408   	0.768613   	1.68792    	18.0933    	0.563292   	1.15481    	2.1468     	9.28712    	0.323803   	1.79853    	2.25795    	12.4859    	0.406967   	1.60791    	1.739      	4.04284    	0.298059   	1.08994    	1.42958    	13.6675    	0.669375   	1.02148    	1.49001    	10.3714    	0.498628   	1.13334    	2.06637    	11.1676    	0.46474    	1.78849    	1.99374    	6.74201    	0.291192   	1.36958    	1.78443    	5.52112    	0.288115   	1.57948    	1.93374    	4.49195    	0.435342   	1.27945    	1.41988    	8.50208    	0.537417   	1.24693    	1.08935    	19.7997    	0.750638   	0.899368   	2.49758    	9.63196    	0.346039   	2.54065    	2.05964    	4.29356    	0.300491   	0.804767   	31.0633	36.5217	41.5676	43.2812	36.0173	32.331	33.5787	41.3647	42.6204	37.3472	38.014	32.6681	29.2976	51.2426	43.6184	1          	5.53334e-06	3.6286e-06 	0.344816   	0.447993   	0.138377   	0.167418   	0.448008   	1.97189	
1.55e-10   	2.2        	0.622763   	0.0855563  	-0.775518  	0.405847   	0.700469   	-0.0913545 	0.705891   	0.638126   	0.880715   	0.0760607  	-0.466151  	0.287352   	0.742199   	-0.100072  	0.660759   	0.273503   	0.74755    	-0.090608  	0.654111   	0.278046   	0.827152   	0.08248    	-0.553531  	0.655187   	0.784657   	-0.0955723 	0.609405   	0.519813   	0.918328   	0.0915612  	-0.382135  	0.363525   	0.760341   	0.0579713  	-0.644575  	0.277329   	0.916661   	-0.0101015 	0.397856   	0.230874   	0.797308   	0.099386   	-0.591656  	0.468883   	0.887349   	-0.109593  	0.443772   	0.412034   	0.829569   	0.0835253  	-0.549993  	0.653559   	0.997995   	-0.0549403 	-0.00455879	0.209118   	0.480639   	-0.0993753 	0.868757   	0.417281   	1.78588    	113.529    	0.329394   	1.94615    	2.95966    	220.932    	0.573289   	1.33398    	2.34046    	20.6276    	0.388189   	2.36616    	2.10521    	37.7138    	0.404572   	2.00956    	2.14481    	80.4394    	0.336354   	3.03455    	3.20348    	224.044    	0.560678   	1.10479    	2.91911    	205.754    	0.518745   	1.64935    	2.00821    	60.3244    	0.56308    	2.55264    	2.99381    	46.5962    	0.339408   	2.56235    	2.72994    	13.862     	0.36728    	2.54124    	2.18691    	193.266    	0.48582    	2.23671    	2.31594    	125.866    	0.554369   	2.80186    	2.85798    	199.206    	0.712527   	0.854799   	2.53103    	8.52684    	0.325075   	2.82256    	1.74726    	154.382    	0.319444   	2.58149    	35.4736	45.5995	41.2871	38.1044	40.1468	52.644	45.9772	33.9901	50.1022	47.7549	37.2599	41.2066	45.8789	47.503	33.8276	0.999999   	-2.22921e-05	2.95107e-05	0.317379   	0.535526   	0.144523   	0.170611   	0.535522   	1.86635	
1.6e-10    	2          	0.563623   	0.385648   	-0.726537  	0.424995   	0.609415   	-0.372921  	0.696761   	0.630804   	0.857452   	0.228886   	-0.460002  	0.281232   	0.681371   	-0.316584  	0.658501   	0.269128   	0.654369   	-0.437514  	0.610912   	0.294845   	0.757061   	0.342904   	-0.552745  	0.646027   	0.691757   	-0.39629   	0.599583   	0.525143   	0.857705   	0.332951   	-0.38874   	0.360214   	0.701983   	0.309202   	-0.637425  	0.275272   	0.893808   	-0.108355  	0.432239   	0.216558   	0.716362   	0.387702   	-0.575909  	0.484727   	0.792969   	-0.408188  	0.447559   	0.40827    	0.771798   	0.321845   	-0.545848  	0.643292   	0.990923   	-0.124639  	-0.0346303 	0.195498   	0.396527   	-0.404139  	0.820714   	0.438762   	8.65125    	225.373    	2.3936     	33.19      	23.9874    	299.452    	6.32286    	5.1264     	6.36607    	11.0084    	1.73519    	6.84164    	3.3317     	27.0489    	0.955595   	4.43243    	10.7945    	149.291    	0.851765   	41.7237    	22.5534    	293.219    	1.72393    	3.9765     	9.66546    	275.939    	2.033      	18.4941    	3.01757    	62.7133    	0.795196   	5.69603    	8.62291    	81.1777    	1.55304    	12.3524    	3.14434    	23.5363    	0.718574   	3.49877    	2.09766    	254.725    	1.20631    	34.6423    	4.21923    	147.947    	1.20832    	12.9382    	10.0147    	222.823    	3.74817    	4.42538    	3.92293    	8.57572    	2.05097    	4.30986    	4.20352    	253.961    	1.29427    	38.5972    	125.813	248.843	88.6634	53.7932	151.842	210.794	107.301	40.4714	127.643	51.0895	35.6503	49.1038	98.6625	59.746	60.9967	0.999999   	-7.52045e-05	8.87011e-06	0.288243   	1.55576    	0.151794   	0.165199   	1.55576    	2.57397	
1.65e-10   	1.8        	0.50922    	0.578579   	-0.636287  	0.458881   	0.490479   	-0.579181  	0.650089   	0.646618   	0.812183   	0.356333   	-0.46115   	0.276282   	0.599979   	-0.5084    	0.616883   	0.278378   	0.54238    	-0.639947  	0.543542   	0.324161   	0.652902   	0.544104   	-0.525838  	0.661835   	0.551871   	-0.628624  	0.546644   	0.568573   	0.752774   	0.531478   	-0.38716   	0.377685   	0.621188   	0.527804   	-0.578122  	0.284927   	0.860885   	-0.248092  	0.442811   	0.205143   	0.593508   	0.603376   	-0.531275  	0.534994   	0.644753   	-0.627171  	0.435654   	0.436996   	0.687224   	0.509197   	-0.516892  	0.649251   	0.988437   	-0.131335  	-0.0715833 	0.178581   	0.314443   	-0.61565   	0.721624   	0.485971   	6.97958    	43.956     	6.14107    	12.6031    	18.109     	96.5724    	4.81317    	6.36062    	5.01922    	12.8025    	1.34896    	8.31809    	8.97912    	16.5228    	1.26631    	11.5275    	4.8723     	26.8758    	1.57102    	16.023     	22.2       	80.9304    	1.9436     	3.34453    	8.97231    	105.361    	1.86614    	25.2281    	4.12538    	37.8984    	2.11619    	17.0622    	3.53189    	22.5586    	1.99254    	7.14762    	4.26165    	9.69491    	1.30073    	4.8309     	5.65091    	102.863    	5.39503    	34.9756    	5.11031    	61.7343    	5.56909    	29.9556    	15.1245    	89.9467    	4.10865    	2.47147    	6.38598    	3.50672    	0.846757   	6.75237    	4.45228    	76.3739    	2.97331    	21.6119    	69.5496	152.985	62.0346	96.3324	59.8475	185.502	74.9025	49.7104	49.3933	54.5681	52.8154	51.9705	133.196	88.2493	48.0783	0.999999   	-4.97421e-05	-6.58106e-05	0.258378   	0.957657   	0.151144   	0.166302   	0.957641   	2.20678	
1.7e-10    	1.6        	0.456792   	0.656962   	-0.599525  	0.471135   	0.403214   	-0.665785  	0.627593   	0.646786   	0.790054   	0.408044   	-0.45709   	0.268131   	0.514821   	-0.59814   	0.613712   	0.276851   	0.474424   	-0.707187  	0.523902   	0.333664   	0.582825   	0.623642   	-0.520674  	0.66357    	0.441169   	-0.715831  	0.541052   	0.592955   	0.672788   	0.615206   	-0.410521  	0.390267   	0.563472   	0.614075   	-0.552177  	0.288946   	0.821821   	-0.347023  	0.450676   	0.193971   	0.509005   	0.687502   	-0.51776   	0.569462   	0.526352   	-0.720635  	0.450753   	0.453555   	0.617991   	0.601882   	-0.505459  	0.643252   	0.984497   	-0.141159  	-0.0991691 	0.160424   	0.259601   	-0.694832  	0.670445   	0.511915   	8.13037    	7.26458    	2.39966    	3.95003    	10.9123    	10.2135    	4.46149    	2.32578    	3.43042    	3.76398    	1.42712    	3.07337    	5.05711    	4.44173    	3.14444    	4.25573    	4.95297    	6.45062    	2.09608    	5.97566    	10.9814    	11.9018    	3.65663    	1.45079    	6.90898    	13.0614    	4.64315    	9.3429     	5.1337     	6.20732    	4.36478    	4.98702    	6.74977    	5.83717    	1.70255    	5.73106    	8.43778    	4.00924    	1.61832    	5.90644    	6.03476    	11.6893    	3.70615    	9.77228    	11.1453    	6.96569    	6.91783    	6.09744    	9.23365    	15.6962    	4.84603    	1.81359    	6.47814    	3.20449    	2.13244    	6.60421    	5.34091    	15.2741    	3.17787    	7.05481    	72.0168	95.7831	37.6124	43.7482	48.261	86.7189	60.4165	45.7033	56.9116	73.0644	50.2825	86.6497	72.3495	62.8935	47.1603	0.999999   	-6.49115e-05	9.32434e-05	0.229252   	0.601647   	0.147903   	0.157726   	0.601649   	1.72882	
1.75e-10   	1.4        	0.420725   	0.705836   	-0.569683  	0.474268   	0.326492   	-0.731858  	0.597871   	0.642535   	0.751913   	0.483391   	-0.447451  	0.254939   	0.445017   	-0.682149  	0.579102   	0.275111   	0.388242   	-0.752888  	0.530608   	0.339057   	0.520506   	0.684185   	-0.51065   	0.665676   	0.340988   	-0.776148  	0.530115   	0.607661   	0.606664   	0.675275   	-0.419049  	0.40283    	0.517085   	0.672215   	-0.529195  	0.286938   	0.777487   	-0.447099  	0.440037   	0.178512   	0.444966   	0.744909   	-0.496651  	0.59927    	0.414528   	-0.786638  	0.457208   	0.470068   	0.563508   	0.663525   	-0.491904  	0.637025   	0.981562   	-0.145161  	-0.116785  	0.138618   	0.203113   	-0.748084  	0.631559   	0.525942   	5.40771    	6.28785    	2.70348    	3.21706    	14.571     	8.08479    	9.13706    	3.6709     	6.26212    	4.75628    	4.38423    	5.64266    	10.2781    	5.21906    	7.91777    	3.90441    	15.3588    	3.9014     	3.80794    	2.57949    	5.4682     	10.9899    	6.17982    	4.59549    	10.4369    	10.4415    	5.27702    	3.96827    	6.55401    	9.10518    	5.34914    	9.2452     	8.28356    	2.92343    	3.52423    	3.0871     	13.0594    	5.49863    	11.7186    	17.7685    	22.6957    	14.8639    	7.43593    	12.1289    	7.32569    	9.28254    	6.20861    	8.33129    	7.05166    	7.61191    	6.41259    	2.85369    	5.17809    	4.74659    	2.45875    	5.34972    	6.93807    	8.12106    	2.89118    	4.12396    	43.7222	88.2518	43.2964	62.5725	88.0239	36.9827	72.2471	45.769	64.1594	83.8603	109.098	43.5915	46.7887	42.736	52.0979	0.999999   	-0.000131903	-0.000201205	0.20025    	0.545097   	0.140922   	0.160355   	0.545082   	1.81608	
1.8e-10    	1.2        	0.384387   	0.751138   	-0.536388  	0.48903    	0.257902   	-0.78007   	0.569656   	0.642815   	0.709915   	0.536394   	-0.455575  	0.226422   	0.464613   	-0.744058  	0.476785   	0.256114   	0.199879   	-0.813291  	0.54573    	0.372644   	0.470401   	0.74044    	-0.479818  	0.68237    	0.220175   	-0.817302  	0.532058   	0.633821   	0.512682   	0.737224   	-0.438572  	0.415303   	0.532798   	0.678947   	-0.504222  	0.302399   	0.685523   	-0.568768  	0.440138   	0.123411   	0.449495   	0.768556   	-0.454848  	0.629454   	0.294073   	-0.837042  	0.460406   	0.496179   	0.507589   	0.721393   	-0.470609  	0.633226   	0.968376   	-0.146257  	-0.188023  	0.126754   	0.130292   	-0.791768  	0.596533   	0.542554   	5.92104    	17.007     	3.21685    	10.4253    	26.5405    	6.41711    	10.0459    	3.9151     	15.0896    	11.2103    	9.68255    	28.1294    	18.1341    	13.9262    	22.6617    	12.6717    	9.06809    	49.1253    	16.1793    	52.8292    	9.16453    	18.3512    	3.17272    	7.68092    	24.9639    	17.2811    	34.5278    	40.1593    	39.162     	15.9199    	14.2727    	24.1957    	18.8148    	22.125     	5.63369    	29.8195    	21.3248    	23.2704    	15.7304    	20.492     	18.8388    	9.03196    	13.0311    	9.75384    	36.6308    	13.7751    	5.59702    	10.8893    	30.7481    	7.14736    	5.91697    	5.66456    	8.20934    	13.2279    	4.06056    	7.53627    	11.8257    	19.8245    	5.9805     	21.3056    	39.0882	107.605	63.6573	86.9324	36.8671	64.8271	104.228	153.903	121.667	68.9551	79.4829	162.793	145.397	58.9896	48.9837	0.999998   	-0.000254954	-2.38927e-05	0.171354   	0.469889   	0.143188   	0.161414   	0.469904   	1.87578	
1.85e-10   	1          	0.342702   	0.785677   	-0.51469   	0.504713   	0.207747   	-0.803297  	0.557775   	0.661913   	0.590593   	0.606278   	-0.529232  	0.199626   	0.322394   	-0.772278  	0.543149   	0.266342   	0.125331   	-0.868525  	0.47772    	0.371993   	0.424432   	0.774948   	-0.46813   	0.698562   	0.157615   	-0.814679  	0.557798   	0.675549   	0.407093   	0.740753   	-0.533266  	0.429745   	0.477595   	0.740559   	-0.471992  	0.305829   	0.568793   	-0.749548  	0.306269   	0.135369   	0.371622   	0.794809   	-0.479522  	0.646378   	0.218129   	-0.819638  	0.527073   	0.507758   	0.427852   	0.755271   	-0.496089  	0.633414   	0.987718   	0.00436817 	-0.0928876 	0.112487   	0.0806671  	-0.819659  	0.566908   	0.570973   	9.61898    	6.42686    	4.6143     	2.12413    	34.5216    	6.34891    	4.86409    	6.79975    	17.6819    	9.8059     	7.02307    	6.07424    	22.4461    	12.3303    	65.0034    	33.7738    	19.8144    	7.4926     	43.1728    	21.9866    	9.07736    	5.83544    	5.2831     	3.69756    	7.74136    	2.75192    	30.7722    	12.3052    	5.43022    	5.2149     	52.3488    	19.1343    	8.91806    	4.82313    	3.824      	4.37446    	25.692     	17.9538    	49.776     	15.7723    	8.00793    	4.92128    	10.8814    	4.05026    	17.0811    	26.7628    	105.331    	3.62328    	10.1514    	3.88421    	23.3392    	4.6701     	6.59032    	18.2741    	19.6507    	5.25452    	8.11636    	12.248     	5.02454    	7.85739    	63.0759	115.324	44.7652	36.9798	41.1444	31.1446	29.9697	35.7048	49.561	62.9988	40.9243	31.1366	31.0825	28.1153	26.1655	0.999998   	-1.18461e-05	0.000214141	0.142716   	0.445868   	0.131569   	0.154318   	0.445877   	1.82238	
1.9e-10    	0.8        	0.309666   	0.799045   	-0.51517   	0.504174   	0.112968   	-0.803491  	0.584047   	0.657388   	0.571653   	0.561227   	-0.59745   	0.197734   	0.102325   	-0.762056  	0.638129   	0.27533    	0.11121    	-0.890939  	0.439877   	0.362093   	0.393646   	0.779303   	-0.487399  	0.698952   	0.0798992  	-0.811144  	0.579084   	0.689472   	0.376234   	0.723723   	-0.578005  	0.443602   	0.404022   	0.786759   	-0.466009  	0.295219   	0.573551   	-0.805656  	0.135594   	0.137091   	0.335435   	0.79551    	-0.504389  	0.650988   	0.0904182  	-0.796036  	0.597936   	0.516171   	0.414831   	0.75205    	-0.511836  	0.628803   	0.958214   	0.182975   	0.159858   	0.0719183  	0.01995    	-0.839745  	0.542436   	0.564901   	7.10356    	4.51075    	3.36509    	3.0072     	24.98      	1.71324    	24.8529    	5.49882    	9.88284    	5.35246    	10.8655    	15.9978    	14.1129    	4.0131     	12.1635    	6.1849     	4.25129    	4.03973    	6.85914    	5.37202    	10.8183    	2.81548    	6.43229    	3.259      	17.849     	2.08539    	15.0647    	4.06149    	14.9213    	5.82564    	17.1163    	14.8703    	5.88867    	7.27423    	4.04485    	6.44906    	7.29018    	6.25206    	6.75638    	6.88982    	16.0756    	4.05298    	4.17187    	4.07174    	24.6342    	4.6259     	13.6029    	9.51554    	20.1904    	5.44473    	7.6845     	4.78389    	11.8732    	6.65771    	13.9593    	8.81942    	8.63185    	4.13133    	6.82952    	7.12736    	15.4549	60.7475	49.9098	20.5502	17.8674	23.9643	57.4713	54.6403	18.0823	33.9642	29.96	51.9061	51.8287	19.3098	33.4025	0.999996   	1.79116e-05	7.18129e-05	0.114201   	0.438578   	0.144092   	0.159776   	0.43855    	1.84135	
1.95e-10   	0.6        	0.243822   	0.826946   	-0.506232  	0.51896    	0.053316   	-0.807373  	0.587401   	0.668053   	0.520737   	0.527525   	-0.669736  	0.18352    	-0.00146001	-0.734724  	0.677535   	0.27895    	0.0839609  	-0.897701  	0.431835   	0.382809   	0.321089   	0.795275   	-0.513917  	0.705018   	0.03759    	-0.824044  	0.564984   	0.69936    	0.334321   	0.731736   	-0.59365   	0.430722   	0.284411   	0.85011    	-0.441621  	0.298647   	0.434177   	-0.886247  	0.155732   	0.149899   	0.280828   	0.812946   	-0.510017  	0.666989   	0.0119966  	-0.794876  	0.606442   	0.516147   	0.336042   	0.771177   	-0.54046   	0.625509   	0.682905   	0.468176   	0.536602   	0.0585088  	0.00889164 	-0.854329  	0.519274   	0.586041   	14.3497    	15.435     	4.91763    	11.0587    	16.2471    	2.22254    	9.91314    	4.44463    	5.08239    	12.3795    	2.72501    	6.44727    	5.7279     	9.83223    	7.84644    	5.7179     	14.8956    	18.0978    	2.66022    	17.9417    	21.4358    	4.61996    	10.0294    	3.21806    	23.1535    	6.50383    	7.5658     	4.49088    	7.71191    	8.11726    	6.21583    	8.14267    	13.0127    	17.925     	2.13645    	8.18188    	5.46085    	20.9297    	1.77188    	19.9646    	4.89489    	9.95197    	7.58264    	10.0888    	4.48771    	6.85898    	5.376      	3.03863    	15.339     	2.48127    	5.50571    	2.39703    	4.64965    	15.7834    	3.56204    	5.94767    	20.1298    	19.2168    	2.81021    	14.9372    	42.1193	31.5651	20.8291	22.1644	17.7921	37.6994	18.1216	19.359	27.4245	17.941	38.1724	24.6968	16.7804	14.1293	18.5228	0.999993   	7.86145e-05	7.56751e-07	0.08565    	0.453197   	0.144523   	0.165967   	0.453136   	1.58681	
2e-10      	0.4        	0.207987   	0.82672    	-0.522243  	0.533809   	-0.00819068	-0.783694  	0.62065    	0.6844     	0.385208   	0.48546    	-0.783809  	0.173993   	-0.0309272 	-0.676139  	0.735607   	0.285116   	0.00443739 	-0.890132  	0.454914   	0.403794   	0.24937    	0.785443   	-0.566015  	0.716697   	-0.0145041 	-0.806276  	0.590853   	0.712093   	0.251297   	0.711264   	-0.65612   	0.424558   	0.240029   	0.869674   	-0.430338  	0.305311   	0.220579   	-0.961357  	0.158979   	0.15347    	0.222878   	0.804054   	-0.550711  	0.678409   	-0.0219987 	-0.756035  	0.653757   	0.526041   	0.244133   	0.760029   	-0.602019  	0.629706   	0.440116   	0.583645   	0.668217   	0.0679768  	-0.0246712 	-0.839349  	0.542743   	0.610044   	12.3662    	8.95614    	14.7508    	5.35298    	14.8474    	4.31418    	43.6475    	10.9495    	3.94748    	9.74376    	7.19161    	11.1639    	5.12316    	7.01299    	12.8521    	12.591     	9.4743     	10.3514    	9.74135    	6.67719    	9.84028    	5.44112    	46.0093    	7.56004    	16.977     	6.47085    	43.3428    	5.4821     	6.47915    	5.31338    	27.3458    	22.5379    	8.7757     	13.0689    	2.85591    	8.5196     	5.3664     	18.3281    	3.33425    	18.5111    	12.7682    	12.3504    	27.9909    	3.08282    	11.5366    	3.16654    	37.7004    	22.8802    	6.24906    	3.72832    	26.5153    	10.3774    	4.60513    	12.6568    	5.0177     	4.56416    	5.56906    	8.51591    	13.8048    	4.30219    	14.022	15.6015	14.34	21.6332	27.0796	27.8454	14.6368	11.3601	11.817	17.128	34.2295	21.4561	13.206	11.3348	12.3091	0.999984   	0.000220504	0.000368962	0.0570418  	0.436046   	0.148539   	0.16308    	0.435994   	1.5947	
2.05e-10   	0.2        	0.17291    	0.803416   	-0.568984  	0.527625   	-0.0667696 	-0.733728  	0.675464   	0.690311   	0.237478   	0.423425   	-0.873465  	0.175877   	-0.0666537 	-0.605825  	0.792217   	0.298674   	-0.0690633 	-0.852733  	0.516656   	0.40551    	0.185617   	0.744191   	-0.640988  	0.719128   	-0.074792  	-0.760928  	0.643876   	0.71645    	0.182739   	0.660594   	-0.727605  	0.431869   	0.199425   	0.865154   	-0.459063  	0.294022   	0.0308716  	-0.977186  	0.205414   	0.150285   	0.182011   	0.767781   	-0.613716  	0.680024   	-0.0759255 	-0.697951  	0.711496   	0.536853   	0.181257   	0.715866   	-0.673586  	0.630622   	0.261244   	0.57563    	0.765571   	0.0726256  	-0.0821606 	-0.798937  	0.595062   	0.611478   	10.4621    	20.2812    	22.587     	3.97475    	8.60511    	25.1833    	65.9495    	9.75016    	3.87113    	7.74243    	12.3081    	15.3227    	3.39161    	11.9309    	14.9931    	13.5557    	11.5531    	18.0207    	14.8031    	6.69005    	9.22939    	30.3605    	55.0507    	4.58759    	11.1274    	34.4354    	41.9995    	2.80444    	4.04526    	14.4848    	26.2356    	13.9019    	8.85602    	12.9981    	6.0312     	10.6374    	5.27068    	5.71349    	4.00716    	6.03719    	9.74905    	26.0914    	34.2679    	1.40445    	6.6302     	18.2883    	34.4149    	8.3439     	7.18144    	24.3106    	59.7665    	13.6178    	4.20147    	6.06358    	7.76044    	2.87451    	8.05742    	18.9597    	38.8756    	1.73266    	13.3091	22.0634	27.9904	29.326	9.94702	25.1947	38.344	16.9573	16.9431	27.3686	26.0712	10.8059	14.6539	32.6769	16.6627	0.999939   	0.000145667	-1.45185e-05	0.0284759  	0.446835   	0.136678   	0.161859   	0.446805   	1.60911	
2.1e-10    	-0         	0.11014    	0.77782    	-0.618209  	0.503065   	-0.123547  	-0.686002  	0.716645   	0.706138   	0.161304   	0.425878   	-0.889836  	0.20425    	-0.14783   	-0.559716  	0.815019   	0.338233   	-0.108192  	-0.811988  	0.572766   	0.387178   	0.125534   	0.699897   	-0.702679  	0.727975   	-0.12514   	-0.714215  	0.688168   	0.716867   	0.140142   	0.613226   	-0.777015  	0.462189   	0.0952122  	0.870017   	-0.482375  	0.259124   	-0.0352682 	-0.98305   	0.170934   	0.128197   	0.12003    	0.731307   	-0.670981  	0.673541   	-0.131345  	-0.644872  	0.752615   	0.569446   	0.126229   	0.668554   	-0.732561  	0.652208   	-0.157009  	0.243463   	0.948739   	0.0861772  	-0.116572  	-0.753168  	0.646971   	0.600576   	11.382     	28.6439    	7.04391    	12.4324    	10.0372    	13.5054    	38.1937    	5.62644    	5.13361    	8.25878    	15.8207    	22.4578    	5.88313    	5.32317    	22.4051    	19.6433    	14.0166    	21.525     	3.70118    	12.1694    	16.1748    	18.0948    	35.9008    	2.93143    	18.8216    	18.0641    	33.8458    	2.07216    	7.20814    	3.31441    	33.691     	19.9407    	11.7219    	16.9506    	3.38829    	14.5473    	7.96351    	19.4617    	4.50665    	21.6782    	13.8294    	22.949     	18.6439    	3.61302    	7.02359    	5.44031    	37.1731    	19.62      	7.95285    	8.20639    	32.6823    	9.71071    	6.07337    	15.6045    	8.23219    	5.63068    	11.4782    	28.2887    	9.66018    	7.46381    	9.67966	21.709	23.361	18.0704	11.3421	28.5367	27.1492	10.3617	21.1981	23.7949	19.4939	9.62065	14.5754	26.0805	12.4405	0.0164627  	0.042014   	-0.0248104 	0.000360696	0.438476   	0.138342   	0.155717   	0.341825   	1.71065	
