#----------------------------------------------------------------------------------------------------------------------------------------------------------
# Output file for vampire simulation
#   time       : 2025-05-27 21:58:59     process id : 386932
#   hostname   : thor7.psi.ch
#   path       : /scratch/dossan_f/Na2BaMn(PO4)2/vampire_tripleUC_15mat_J2Ja_small_k0.035_Jnn0.11_Ba
#   version    : 6.0.0
#   githash    : 4c9651daecc86c3e6b6df0c8055fcd9e89fd900c
#----------------------------------------------------------------------------------------------------------------------------------------------------------
1e-11      	8          	0.999956   	0.000336422	-0.000158863	0.923661   	0.999724   	-0.000435847	0.00103284 	0.923681   	0.999773   	0.000185588	-0.00101509	0.923548   	0.999792   	-4.26606e-05	0.00120384 	0.923691   	0.999955   	-0.000359723	0.000141693	0.923519   	0.999704   	0.000276771	-0.00129219	0.923727   	0.999749   	-0.000330329	0.00132278 	0.923605   	0.999679   	0.000162643	-0.00142618	0.923599   	0.999971   	0.000157071	0.000162768	0.923681   	0.999849   	-2.30144e-05	-0.000469122	0.92345    	0.999853   	0.000377125	-0.000768291	0.923677   	0.999735   	-0.000313599	0.00105192 	0.923742   	0.999684   	0.000378106	-0.0012023 	0.923664   	0.999859   	-0.000335188	0.000978819	0.923704   	0.999853   	-0.000123129	0.000497405	0.923563   	49.4089    	1.01842    	0.879852   	48.1126    	56.844     	1.3092     	7.74447    	45.2543    	61.6885    	0.452969   	4.7988     	53.4701    	50.5782    	0.44404    	7.79009    	42.1567    	62.2577    	0.595664   	0.728173   	61.3834    	54.9472    	0.935956   	10.8359    	42.6414    	58.5683    	0.99731    	6.18836    	48.8095    	60.2381    	0.54145    	9.92477    	46.7248    	47.8638    	0.533332   	1.16138    	47.0264    	66.8859    	0.451957   	1.68408    	63.2942    	48.7762    	1.2011     	4.42195    	43.2471    	51.957     	0.837398   	9.7567     	40.5688    	57.2145    	1.05841    	10.9828    	43.8348    	49.3828    	0.405994   	5.39237    	44.224     	61.7435    	1.19426    	1.80701    	57.6096    	4918.47	6370.81	7390.94	5218.88	7475.8	6022.19	6683.81	7104.75	4705.87	8447.77	4833.48	5482.22	6451	4966.01	7316.26	1          	4.82311e-06	1.14485e-05	0.923565   	835.717    	0.117776   	0.121351   	835.713    	92507.3	
1.5e-11    	7.8        	0.999995   	-0.000316144	-0.000187091	0.919548   	0.999995   	-1.69142e-05	3.89821e-05	0.919521   	0.999995   	0.000295421	0.000165591	0.919567   	0.999995   	9.34787e-05	0.000116951	0.919539   	0.999994   	-2.51207e-05	2.99063e-06	0.919521   	0.999995   	-0.000133997	-0.000139372	0.919577   	0.999995   	-0.000133819	5.32833e-06	0.919523   	0.999995   	0.000292594	0.000211441	0.919519   	0.999995   	-0.000198412	-0.000223501	0.919521   	0.999995   	0.000263681	-2.49577e-05	0.919521   	0.999994   	-0.000229851	0.000428784	0.919503   	0.999995   	-4.05795e-05	-0.0004393 	0.919512   	0.999995   	-0.000137487	-0.000247347	0.919538   	0.999995   	0.000378739	0.000130565	0.919493   	0.999995   	-0.000232615	7.11468e-05	0.919537   	0.0306739  	0.427999   	0.497246   	0.0306621  	0.0292219  	0.460227   	0.482434   	0.0292293  	0.0284365  	0.484626   	0.501159   	0.0284294  	0.0309418  	0.411868   	0.546429   	0.0309414  	0.0287652  	0.492668   	0.529858   	0.0287597  	0.0298758  	0.436013   	0.536967   	0.0298895  	0.0276844  	0.414577   	0.556515   	0.0276357  	0.0297225  	0.416977   	0.504113   	0.0297119  	0.0283086  	0.41324    	0.550425   	0.0283143  	0.0301868  	0.432328   	0.484729   	0.030202   	0.0302476  	0.410434   	0.588566   	0.0302435  	0.0277827  	0.416134   	0.522862   	0.0277874  	0.0296491  	0.450888   	0.51185    	0.0296539  	0.0279797  	0.459442   	0.521738   	0.0279515  	0.0282245  	0.407177   	0.516693   	0.0282299  	5.3341	5.22736	5.13427	5.59483	5.53134	5.38989	4.97592	5.22245	4.98429	5.30983	5.41266	5.10422	5.42995	5.24518	4.96781	1          	-9.4049e-06	-5.99367e-06	0.919524   	0.0450697  	0.112616   	0.124132   	0.0450698  	1.93972	
2e-11      	7.6        	0.999994   	6.64854e-05	0.000305157	0.913578   	0.999994   	-0.00029378	-5.5886e-05	0.913618   	0.999994   	6.20704e-05	-0.000279616	0.913601   	0.999994   	0.000194363	-0.000214463	0.913621   	0.999994   	-0.000228061	4.24298e-05	0.913588   	0.999994   	-1.38e-05  	0.000141276	0.913586   	0.999994   	0.000267797	-3.84612e-05	0.913607   	0.999994   	-6.20606e-05	-0.000121967	0.913582   	0.999994   	-0.000206532	9.35357e-05	0.913613   	0.999994   	-2.86693e-05	-0.000141589	0.913596   	0.999994   	8.22086e-05	0.000167255	0.913576   	0.999995   	-9.72803e-05	-3.70229e-05	0.913585   	0.999994   	0.000114469	-6.79143e-05	0.913586   	0.999994   	-0.000107424	5.30777e-05	0.913616   	0.999994   	2.38137e-05	3.09085e-05	0.913659   	0.0308216  	0.530473   	0.604674   	0.0308436  	0.0344024  	0.48668    	0.625132   	0.0344093  	0.0332722  	0.488818   	0.550086   	0.0332809  	0.0317501  	0.510976   	0.551965   	0.0317583  	0.0333467  	0.486195   	0.623844   	0.0333487  	0.0323012  	0.472804   	0.620459   	0.0323089  	0.0323076  	0.477407   	0.602435   	0.0323239  	0.0364692  	0.503602   	0.577387   	0.0364711  	0.0325656  	0.500036   	0.553385   	0.0325825  	0.0331931  	0.514224   	0.489694   	0.0331881  	0.0337084  	0.464673   	0.560578   	0.0337036  	0.0335062  	0.437227   	0.479565   	0.0335066  	0.0316506  	0.489427   	0.565451   	0.0316567  	0.0343545  	0.462157   	0.541227   	0.0343572  	0.0360066  	0.506726   	0.649917   	0.0359849  	5.50093	5.79551	5.66017	5.38984	5.57603	5.62426	5.67459	6.02387	5.68089	5.62018	5.54105	5.56922	5.37232	5.63506	6.16797	1          	-1.51063e-05	-8.2039e-06	0.913595   	0.0550622  	0.121271   	0.118721   	0.0550632  	1.93638	
2.5e-11    	7.4        	0.999993   	1.00863e-05	-2.14941e-05	0.906825   	0.999994   	0.000225032	0.00045785 	0.906878   	0.999993   	-0.000325817	-0.000361583	0.906884   	0.999993   	0.000259479	0.000297379	0.906771   	0.999993   	-0.000334977	-0.000188475	0.906869   	0.999993   	0.000196731	-0.000129398	0.906864   	0.999992   	-0.000225393	-9.95092e-05	0.906889   	0.999993   	5.34834e-05	-4.22802e-05	0.906886   	0.999993   	0.000166576	0.000239514	0.906848   	0.999993   	-0.000130291	-0.000112018	0.906877   	0.999993   	-1.75804e-07	5.90624e-06	0.906889   	0.999993   	0.000153632	7.285e-05  	0.906853   	0.999993   	0.000250957	-0.00017391	0.906854   	0.999993   	-0.000276496	0.000133905	0.906888   	0.999994   	7.8196e-05 	3.09251e-05	0.906803   	0.0414918  	0.550351   	0.644098   	0.0414908  	0.0388416  	0.47008    	0.567206   	0.0388529  	0.0362412  	0.545382   	0.615202   	0.0362599  	0.0389546  	0.531026   	0.750924   	0.0389433  	0.0395745  	0.523718   	0.646157   	0.0395889  	0.0379591  	0.548453   	0.685209   	0.0379858  	0.0393451  	0.618798   	0.745197   	0.0393349  	0.0370139  	0.55917    	0.67134    	0.0369591  	0.0370502  	0.542971   	0.669617   	0.0370471  	0.0373804  	0.554088   	0.677374   	0.0373505  	0.0376     	0.588057   	0.642789   	0.0376065  	0.0401704  	0.56988    	0.648518   	0.0401617  	0.0406111  	0.582078   	0.584989   	0.0406121  	0.03921    	0.587542   	0.605917   	0.0391885  	0.0377166  	0.571159   	0.572098   	0.0377373  	6.50398	6.20872	5.62992	5.92846	5.95106	5.99744	5.93043	5.69894	5.43853	5.84858	5.61854	6.2976	6.18567	6.1986	5.77877	1          	6.73386e-06	7.30432e-06	0.906852   	0.0622313  	0.117345   	0.126474   	0.0622315  	1.84937	
3e-11      	7.2        	0.999992   	-0.000300517	4.91802e-05	0.899192   	0.999991   	0.000186865	-9.6368e-05	0.899137   	0.999991   	0.000127018	0.000158656	0.899131   	0.999992   	-0.000153028	-0.000164134	0.899186   	0.999992   	0.000286122	0.00021429 	0.899123   	0.999992   	-0.000153806	0.000104739	0.899158   	0.999992   	0.000280609	4.32463e-05	0.899197   	0.999992   	-0.00022188	0.000299376	0.899173   	0.999992   	1.20813e-05	-0.000386712	0.899148   	0.999992   	-1.61691e-05	-0.000355861	0.899146   	0.999992   	6.74101e-05	-0.000204932	0.899132   	0.999992   	-4.73453e-05	0.000533432	0.899138   	0.999992   	-0.00023413	6.86624e-05	0.899156   	0.999992   	0.000312301	-0.000129077	0.899158   	0.999992   	-0.000102191	7.95542e-05	0.89913    	0.0485933  	0.570227   	0.762365   	0.0486462  	0.0462285  	0.660929   	0.831415   	0.0461825  	0.0437795  	0.694525   	0.803273   	0.0437661  	0.0453486  	0.679729   	0.712019   	0.0453163  	0.0435273  	0.602019   	0.810176   	0.0435143  	0.04445    	0.603227   	0.768461   	0.0444335  	0.0459348  	0.596469   	0.757185   	0.0459291  	0.0472308  	0.610649   	0.712747   	0.0472329  	0.0471041  	0.597988   	0.732185   	0.0470976  	0.0451311  	0.648623   	0.781003   	0.0451361  	0.045452   	0.664976   	0.747603   	0.0455099  	0.0447248  	0.580401   	0.764906   	0.0447253  	0.0465485  	0.575356   	0.791445   	0.0465443  	0.0428426  	0.60589    	0.792614   	0.0428167  	0.0432162  	0.623169   	0.787975   	0.0431879  	6.7862	6.38499	6.44892	6.70246	6.36767	6.27203	6.35851	6.57406	6.62132	6.36861	6.46157	6.47408	6.62684	6.17415	6.25437	1          	2.87377e-06	1.42765e-05	0.899146   	0.0789013  	0.126409   	0.1265     	0.0789043  	1.91832	
3.5e-11    	7          	0.999991   	-6.15987e-05	0.00013711 	0.890353   	0.999991   	-0.000295742	-8.01372e-05	0.890242   	0.999991   	0.000278281	-0.000109877	0.890388   	0.999991   	-0.000382638	-0.000197891	0.890339   	0.99999    	0.000165329	0.00049542 	0.890361   	0.999991   	0.000199152	-0.000214113	0.890359   	0.99999    	2.45105e-05	0.000331376	0.890337   	0.999992   	0.000300489	-0.000180058	0.890276   	0.99999    	-0.000436635	-0.000251271	0.890443   	0.999992   	-9.21326e-05	9.1942e-05 	0.8904     	0.999991   	-7.29527e-05	0.000223544	0.890374   	0.999991   	0.000202602	-0.00037048	0.890328   	0.99999    	2.95387e-05	-0.000226652	0.890381   	0.99999    	0.00016098 	0.000535468	0.890337   	0.999991   	-0.000118467	-0.000266773	0.890299   	0.0503307  	0.64209    	0.898591   	0.0503867  	0.0545284  	0.712682   	0.850945   	0.0545716  	0.0509987  	0.708943   	0.881205   	0.0510142  	0.0539176  	0.619869   	0.889723   	0.0539281  	0.0538282  	0.722831   	0.894983   	0.0538851  	0.0549819  	0.634601   	0.831351   	0.054993   	0.0568789  	0.722496   	0.95571    	0.0568521  	0.0515499  	0.649282   	0.761747   	0.0515934  	0.0526404  	0.675944   	0.946093   	0.052648   	0.0522218  	0.669747   	0.720087   	0.0522284  	0.0524742  	0.693446   	0.884328   	0.0524402  	0.0532814  	0.641848   	0.850054   	0.0532475  	0.0507615  	0.75656    	0.864885   	0.0507305  	0.0534059  	0.739246   	0.905779   	0.053343   	0.0505466  	0.750705   	0.827334   	0.05052    	6.71071	7.19529	6.68844	7.30648	7.19427	7.19491	7.32357	7.0763	6.73769	6.87434	6.96931	7.00354	6.61034	6.73442	6.66504	1          	-6.61906e-06	-5.50208e-06	0.89034    	0.0931907  	0.1314     	0.125794   	0.0931915  	1.93114	
4e-11      	6.8        	0.999989   	0.000214557	0.000374663	0.880318   	0.99999    	-0.000289765	0.000285413	0.880281   	0.999989   	0.000294014	-0.00054872	0.880252   	0.999989   	-0.000220361	0.00062187 	0.880268   	0.999989   	-4.2656e-06	-0.000370043	0.880295   	0.999989   	0.000113612	-0.000311429	0.880285   	0.999989   	-3.26006e-05	-1.90435e-05	0.880262   	0.999988   	-0.000165665	-0.000348521	0.880231   	0.999988   	0.000212077	0.000323664	0.880233   	0.999989   	0.000116739	0.000236262	0.880259   	0.99999    	0.000245182	0.000100266	0.880262   	0.999989   	-0.000284408	-0.000295986	0.880254   	0.999988   	-0.000156025	0.000216999	0.880293   	0.999988   	-0.000300712	0.000182404	0.880343   	0.999988   	0.000318786	-0.000393676	0.880298   	0.0660947  	0.742002   	1.03805    	0.0661126  	0.0671351  	0.689324   	0.961208   	0.0671172  	0.0630177  	0.699342   	1.07504    	0.0631266  	0.0616732  	0.792815   	1.06645    	0.0616701  	0.063463   	0.847744   	1.00292    	0.0634299  	0.0655962  	0.830264   	1.00262    	0.0655953  	0.0680653  	0.778488   	1.02342    	0.0681731  	0.0612103  	0.774629   	1.13585    	0.0611985  	0.0613639  	0.889254   	1.15694    	0.0614035  	0.0645888  	0.76519    	1.03169    	0.0646582  	0.0708023  	0.739316   	0.972758   	0.0707462  	0.0617404  	0.923679   	0.971277   	0.0617201  	0.0613931  	0.790413   	1.12477    	0.0613955  	0.0622983  	0.862873   	1.11093    	0.0622503  	0.0642126  	0.797667   	1.2231     	0.064115   	8.29487	8.13259	7.71139	7.75769	7.60355	7.83497	8.21381	7.7157	7.65851	8.07907	8.73667	7.90852	7.4462	7.70354	7.5193	1          	4.07682e-06	3.60429e-06	0.880266   	0.110133   	0.132028   	0.136407   	0.110135   	1.79709	
4.5e-11    	6.6        	0.999986   	-0.000197359	-0.000322603	0.868671   	0.999988   	6.67261e-05	0.000142369	0.868749   	0.999985   	0.000201544	0.000201536	0.868753   	0.999987   	0.000497831	0.000311646	0.868741   	0.999987   	-0.000556478	0.000197871	0.868748   	0.999988   	4.0908e-05 	-0.00057064	0.868711   	0.999986   	-0.00011854	-0.000114617	0.868694   	0.999986   	0.000279214	-0.000375541	0.868732   	0.999988   	-0.000136145	0.000500074	0.868743   	0.999987   	7.31144e-05	-2.23815e-05	0.868814   	0.999987   	0.000415492	-0.000162482	0.868676   	0.999988   	-0.000517464	4.03659e-06	0.868751   	0.999987   	-0.000638691	-0.000256035	0.868718   	0.999988   	0.000188523	3.04375e-05	0.868839   	0.999987   	0.000427147	0.000293066	0.868731   	0.073559   	1.05619    	1.19753    	0.073473   	0.078502   	0.903642   	1.09302    	0.0784861  	0.0667073  	0.896082   	1.47938    	0.0667953  	0.0823138  	0.934676   	1.12393    	0.0823456  	0.0768901  	0.821501   	1.22101    	0.076789   	0.0784026  	0.776351   	1.09742    	0.0783074  	0.0806679  	0.969518   	1.24558    	0.0807404  	0.0783883  	0.963025   	1.27668    	0.0783993  	0.0760784  	0.876137   	1.10631    	0.0760037  	0.0735281  	0.891717   	1.26805    	0.0734197  	0.0743144  	0.817157   	1.27873    	0.0741927  	0.0709978  	0.786938   	1.21001    	0.0710299  	0.0755056  	0.930783   	1.1771     	0.0755229  	0.0762545  	0.844197   	1.17496    	0.0762733  	0.0783167  	0.903643   	1.21187    	0.0781976  	8.27577	8.44682	7.83607	9.36037	8.50817	9.01837	9.28826	8.72021	9.23151	8.08482	8.54305	8.36526	8.21228	8.60547	8.92318	1          	1.71979e-06	-9.58842e-06	0.868727   	0.131872   	0.129016   	0.12961    	0.131872   	1.71503	
5e-11      	6.4        	0.999984   	6.17153e-05	8.21497e-05	0.855582   	0.999985   	0.000151888	0.00059145 	0.855544   	0.999985   	-0.000161979	-0.000600503	0.855656   	0.999983   	2.91075e-05	-0.000165512	0.855592   	0.999985   	-5.61313e-05	0.000114598	0.855549   	0.999983   	-7.03547e-05	0.000113303	0.855522   	0.999985   	-0.000165166	0.000383237	0.855616   	0.999985   	0.000105413	0.000217832	0.855524   	0.999984   	1.89983e-05	-0.000556602	0.855579   	0.999986   	0.000312359	-0.000161597	0.85562    	0.999985   	-1.55012e-06	-0.000662872	0.855564   	0.999984   	-0.000276469	0.000914855	0.855529   	0.999985   	-0.000205264	-0.0004504 	0.855594   	0.999984   	-0.000362604	-2.90625e-05	0.855481   	0.999983   	0.000611159	0.000474053	0.855619   	0.0965025  	1.01109    	1.53877    	0.0965121  	0.091231   	1.00755    	1.30521    	0.0911958  	0.0934528  	1.06479    	1.25748    	0.0934887  	0.0942476  	0.981753   	1.61971    	0.0942541  	0.0864614  	0.999521   	1.37417    	0.0862953  	0.0882058  	1.11003    	1.56252    	0.0883248  	0.0927212  	0.933557   	1.42953    	0.0927559  	0.0836346  	0.852962   	1.44263    	0.0835886  	0.090429   	1.08246    	1.40297    	0.0903271  	0.0903109  	0.942831   	1.30556    	0.0902011  	0.0957756  	1.07452    	1.27945    	0.0956996  	0.0881951  	1.05822    	1.32876    	0.0882795  	0.0937692  	1.11124    	1.30328    	0.0936991  	0.0899343  	0.996088   	1.57842    	0.089599   	0.0944723  	1.10404    	1.49072    	0.094295   	9.74965	9.36611	9.57996	9.54742	8.90261	9.54575	9.64306	8.2558	9.38554	8.97891	9.40584	9.01393	9.66293	9.11234	9.86714	1          	-5.4918e-07	1.77011e-05	0.855558   	0.170261   	0.139573   	0.135185   	0.170262   	1.65294	
5.5e-11    	6.2        	0.99998    	-0.000529842	-0.000287482	0.840673   	0.999979   	0.00071061 	-0.000299703	0.840566   	0.999978   	-9.37629e-05	0.000533391	0.840568   	0.999982   	-0.000149697	-5.51903e-05	0.840562   	0.999977   	0.00054805 	8.25534e-05	0.840519   	0.999978   	-0.000422424	-8.45444e-05	0.840506   	0.999979   	0.000470768	-0.000392614	0.840564   	0.999978   	-0.000135126	-0.00044344	0.840532   	0.99998    	-0.000356218	0.000807979	0.840533   	0.999978   	-0.000478712	-0.000890687	0.84044    	0.999979   	0.000108433	0.000590554	0.84063    	0.99998    	0.000323487	0.000310023	0.840626   	0.99998    	-8.52166e-05	-0.000329715	0.840564   	0.999982   	-1.55139e-05	0.000890861	0.840557   	0.99998    	0.000106482	-0.000594541	0.840482   	0.118686   	1.18598    	1.85526    	0.118607   	0.11771    	1.18378    	1.89993    	0.117465   	0.106829   	1.38308    	1.95654    	0.106969   	0.1157     	1.29861    	1.40196    	0.115627   	0.116601   	1.33337    	2.1896     	0.116435   	0.111308   	1.32554    	2.05914    	0.111429   	0.110042   	1.15172    	1.97051    	0.109826   	0.117886   	1.2008     	2.13429    	0.117662   	0.110656   	1.12572    	1.80611    	0.110775   	0.11109    	1.39759    	1.86113    	0.11116    	0.101119   	1.24245    	1.98668    	0.100984   	0.111776   	1.23661    	1.82225    	0.111554   	0.102487   	1.28619    	1.81133    	0.102341   	0.104864   	1.21448    	1.43041    	0.104802   	0.116748   	1.21927    	1.80253    	0.116635   	11.1376	11.0935	10.7347	10.7706	10.7903	10.815	10.7034	11.0987	10.5184	10.3889	9.2271	10.3956	10.2397	10.3802	10.7245	1          	1.8481e-07 	-1.08852e-05	0.840537   	0.194465   	0.140142   	0.139043   	0.194468   	1.5288	
6e-11      	6          	0.999969   	0.000326973	0.000538578	0.823558   	0.999969   	-0.000488982	-0.000226805	0.823606   	0.999974   	8.78038e-05	-0.000236911	0.823648   	0.999975   	-0.000172782	-0.000981287	0.823603   	0.999973   	-1.70205e-06	-0.000477782	0.823585   	0.999974   	0.000118852	0.00134603 	0.823632   	0.999971   	-0.000823958	-0.00152231	0.823667   	0.999973   	0.000553359	0.000901646	0.823541   	0.999972   	0.000230097	0.000544818	0.823635   	0.999972   	-0.000480178	-0.000331702	0.823625   	0.999971   	-4.44304e-05	-0.000352415	0.823586   	0.999971   	0.000459057	0.000688999	0.823659   	0.999971   	-0.000622766	0.000824512	0.823561   	0.999974   	0.00174853 	-0.000214224	0.823575   	0.999971   	-0.00108725	-0.000632438	0.823614   	0.140739   	1.63033    	2.81123    	0.140565   	0.136783   	1.44539    	3.0419     	0.136625   	0.138093   	1.51196    	2.27303    	0.137715   	0.124636   	1.63771    	1.95111    	0.12465    	0.138592   	1.77828    	2.13083    	0.138959   	0.14626    	1.59351    	2.00352    	0.146434   	0.132386   	1.58923    	2.3681     	0.132668   	0.137272   	1.4198     	2.47729    	0.137127   	0.131746   	1.78758    	2.2344     	0.131441   	0.145517   	1.67068    	2.45033    	0.145689   	0.136059   	1.68377    	2.56696    	0.136348   	0.134302   	1.75119    	2.44977    	0.1343     	0.131309   	1.47562    	2.7177     	0.131295   	0.148966   	1.28077    	2.27234    	0.149065   	0.134051   	1.58819    	2.56055    	0.134178   	11.5506	11.2614	12.3612	11.0303	12.4345	11.6324	11.6483	11.9227	11.6051	12.1907	12.3124	11.9355	11.0917	12.5538	11.9028	1          	-1.31478e-05	-8.94705e-06	0.823583   	0.239392   	0.138727   	0.143648   	0.239393   	1.32701	
6.5e-11    	5.8        	0.999962   	4.36078e-05	-3.1506e-05	0.804618   	0.999962   	-0.000272933	0.00127874 	0.804597   	0.999957   	0.000280823	-0.00121319	0.804551   	0.999968   	0.00126792 	-0.000255638	0.804446   	0.999959   	-0.000592665	0.00148769 	0.804642   	0.999959   	-0.000618634	-0.00123907	0.804748   	0.999961   	-0.000359269	0.000154421	0.804445   	0.999967   	0.000282039	0.000996361	0.804695   	0.999955   	7.77513e-05	-0.00105879	0.804718   	0.999965   	6.69131e-05	-1.16438e-05	0.804577   	0.999967   	0.000160083	-0.000226015	0.804568   	0.999966   	-0.00018156	8.32056e-05	0.804631   	0.999965   	0.000400172	-0.000519791	0.804625   	0.999957   	0.000119284	0.000334506	0.804517   	0.999959   	-0.000513724	0.000135488	0.804621   	0.158874   	1.75616    	3.48922    	0.159443   	0.173917   	1.91233    	3.27369    	0.173267   	0.176257   	1.89105    	3.92829    	0.176439   	0.16856    	1.59047    	2.74532    	0.168909   	0.171599   	1.92299    	3.61423    	0.171082   	0.16473    	1.66936    	3.93319    	0.165439   	0.158401   	1.64359    	3.802      	0.158293   	0.161002   	1.77246    	2.80235    	0.16111    	0.154651   	1.98743    	4.17205    	0.153977   	0.17826    	1.85197    	3.07471    	0.177678   	0.168391   	1.85188    	2.66934    	0.168228   	0.176609   	2.06293    	2.71203    	0.177005   	0.166468   	1.9768     	2.81929    	0.166879   	0.166814   	1.96119    	4.07475    	0.166039   	0.17137    	1.81153    	3.90193    	0.171589   	13.0668	14.1353	13.9248	13.9137	13.6149	13.0984	13.6025	12.3924	13.0643	13.9842	13.1755	13.6503	12.7482	12.9333	13.6678	1          	1.07375e-05	-5.66225e-06	0.804569   	0.287856   	0.13703    	0.142697   	0.28786    	1.27004	
7e-11      	5.6        	0.999949   	-0.000213064	-0.00222826	0.783407   	0.999949   	0.000111028	0.000812441	0.783569   	0.999946   	7.23279e-05	0.00138631 	0.783484   	0.999942   	8.57557e-06	6.33219e-05	0.783402   	0.999939   	0.000351695	0.000433305	0.783366   	0.999941   	-0.000433948	-0.000535909	0.783445   	0.999935   	0.000815257	-0.00307083	0.783427   	0.999944   	-0.00115427	0.00305633 	0.783499   	0.999939   	0.000299708	2.46137e-05	0.783514   	0.999941   	0.000478878	-5.19424e-05	0.783705   	0.99993    	-0.000319539	0.000985772	0.783282   	0.999949   	-0.00019144	-0.00103508	0.783458   	0.999947   	-9.49639e-05	-0.000280991	0.783595   	0.999948   	-0.000170491	0.00107424 	0.783533   	0.999957   	0.000224318	-0.00089843	0.783319   	0.230095   	2.17671    	4.23992    	0.230142   	0.207791   	2.43072    	4.29387    	0.207922   	0.204213   	2.2644     	4.76351    	0.204521   	0.235098   	2.46152    	5.24236    	0.23471    	0.226061   	2.25341    	5.72542    	0.224793   	0.212764   	2.36928    	5.38821    	0.212645   	0.220715   	2.55312    	5.33363    	0.220073   	0.219963   	2.02412    	4.61997    	0.219024   	0.218013   	1.95433    	6.15516    	0.218672   	0.208211   	2.02315    	5.7685     	0.206776   	0.204608   	2.10208    	7.06422    	0.203611   	0.207451   	1.97767    	4.72287    	0.206963   	0.207336   	1.71083    	5.31166    	0.207577   	0.219411   	1.84334    	4.97553    	0.219746   	0.215228   	1.81589    	3.73721    	0.215667   	16.5534	14.8426	15.6326	16.6451	16.4509	15.2454	15.2488	16.6774	15.8913	14.7084	15.5137	14.31	15.9887	15.654	15.4335	1          	-1.44647e-05	-1.73341e-05	0.783423   	0.338874   	0.141432   	0.144535   	0.338869   	1.31384	
7.5e-11    	5.4        	0.999921   	-0.000393098	0.00327839 	0.760139   	0.999902   	0.000350614	0.00490158 	0.760493   	0.999876   	0.000148247	-0.00809158	0.759955   	0.999895   	0.000323396	0.00171736 	0.760094   	0.999922   	-0.000205567	2.39988e-05	0.760348   	0.999899   	-0.000237689	-0.00171965	0.760238   	0.999918   	-0.000253803	-0.000277529	0.76039    	0.9999     	-0.000490128	-0.0014981 	0.760007   	0.999891   	0.000844299	0.00185918 	0.760173   	0.999873   	0.0014712  	-0.000585901	0.760211   	0.999921   	-0.00172204	0.000401202	0.760282   	0.999913   	0.000244782	0.00011005 	0.760447   	0.999926   	0.000444007	-0.000977738	0.760244   	0.999905   	-0.000178595	0.00317445 	0.7601     	0.999919   	-0.000246367	-0.00215511	0.760257   	0.287356   	2.33813    	6.80408    	0.289337   	0.25581    	2.17883    	8.47934    	0.254589   	0.270769   	2.10936    	9.24532    	0.271563   	0.265432   	2.15386    	10.7582    	0.267611   	0.26677    	2.14572    	7.58995    	0.267058   	0.30252    	2.25661    	10.1339    	0.300788   	0.278341   	2.14414    	8.09846    	0.277611   	0.268348   	2.47594    	9.81435    	0.270425   	0.280055   	2.09386    	11.1831    	0.277323   	0.289044   	2.51065    	13.1376    	0.288076   	0.248946   	2.88759    	6.67626    	0.248337   	0.253029   	2.37045    	8.46191    	0.255861   	0.287159   	2.94793    	6.23096    	0.285646   	0.285606   	2.55687    	8.66012    	0.286186   	0.28271    	2.82988    	6.89293    	0.282833   	18.6945	17.1173	17.493	17.3421	17.979	19.7119	18.8127	17.1796	16.7962	17.6022	16.1911	16.2188	18.2846	18.3774	19.1011	1          	6.78609e-06	1.08934e-05	0.760153   	0.388923   	0.142164   	0.144988   	0.388925   	1.66325	
8e-11      	5.2        	0.999495   	0.00334831 	0.0255351  	0.735122   	0.998341   	-0.00222723	-0.049999  	0.734574   	0.999519   	-0.00107708	0.0243975  	0.735414   	0.999341   	0.00220929 	-0.0284522 	0.735247   	0.99973    	-0.00207636	-0.0170317 	0.734806   	0.998568   	-9.24678e-06	0.045336   	0.73501    	0.998557   	0.00068921 	-0.0434324 	0.735733   	0.998827   	-0.00199212	0.0366602  	0.734909   	0.999861   	0.00128657 	0.00698292 	0.734619   	0.999893   	-0.000872378	0.00287159 	0.735016   	0.998754   	0.000686544	0.0410992  	0.735365   	0.998467   	0.00013234 	-0.0440989 	0.73499    	0.998387   	0.00142564 	0.0455292  	0.734824   	0.999807   	-7.28255e-05	-0.00670318	0.735549   	0.999      	-0.00132461	-0.0387569 	0.734771   	0.41444    	3.51198    	16.6279    	0.396928   	0.408812   	2.73003    	44.331     	0.453773   	0.397766   	2.48846    	18.699     	0.375413   	0.41033    	3.06223    	26.1532    	0.402274   	0.365659   	3.38759    	10.8755    	0.376314   	0.463936   	2.62793    	44.1273    	0.429322   	0.437168   	3.51988    	54.5085    	0.459339   	0.363514   	3.45747    	54.4615    	0.408873   	0.377924   	4.4694     	8.71211    	0.377093   	0.40201    	3.35715    	8.54974    	0.404455   	0.418233   	3.27897    	43.2835    	0.413702   	0.473838   	2.92896    	62.077     	0.518997   	0.365692   	2.69014    	64.0605    	0.425308   	0.408274   	1.92217    	17.8918    	0.411943   	0.413817   	2.80402    	25.9253    	0.388313   	24.496	22.3982	22.773	22.1573	25.0666	23.0238	24.5281	22.6264	21.3033	24.3549	22.2077	27.6266	21.7922	23.5395	23.5377	1          	8.24087e-06	-5.83922e-06	0.734404   	0.561329   	0.135081   	0.138421   	0.561326   	6.28848	
8.5e-11    	5          	0.991088   	-0.000610728	0.129715   	0.714169   	0.979056   	-0.000655011	-0.19823   	0.716373   	0.997168   	0.00140049 	0.0702409  	0.70438    	0.993827   	0.000477473	-0.107316  	0.705015   	0.995568   	0.000242593	-0.0895241 	0.711351   	0.979931   	-0.00070068	0.194103   	0.717043   	0.981201   	0.000221834	-0.18633   	0.717852   	0.989994   	-0.000578215	0.136921   	0.707314   	0.998358   	0.000350674	0.0522946  	0.708165   	0.999681   	-0.00246235	-0.0212225 	0.706135   	0.98235    	-7.84618e-05	0.182491   	0.718103   	0.985645   	0.00272617 	-0.16337   	0.710492   	0.980704   	0.000538479	0.189437   	0.714116   	0.999458   	0.00150424 	-0.0254363 	0.704848   	0.985702   	-0.00189322	-0.163649  	0.717039   	0.955542   	2.78755    	48.7415    	2.32339    	1.35132    	2.90782    	118.105    	3.69203    	2.87689    	3.0744     	34.6732    	2.22477    	1.83992    	2.37048    	39.2905    	1.13459    	0.705207   	2.3914     	42.6731    	0.72253    	1.21915    	2.22634    	114.645    	4.76558    	1.0108     	2.56387    	139.175    	3.6315     	1.02962    	2.73738    	59.8599    	1.00143    	1.02689    	3.78924    	25.5648    	0.933507   	1.06988    	2.50298    	7.25379    	1.07291    	0.625906   	2.77885    	92.5026    	3.01093    	1.40417    	2.94127    	95.0018    	1.37792    	1.47569    	4.05664    	123.694    	1.55246    	1.41687    	3.78421    	19.2623    	1.30274    	1.04181    	4.1023     	86.884     	3.77536    	101.477	49.6481	57.2731	42.8361	44.2584	72.3178	57.6977	32.6278	47.3662	40.8272	54.8188	39.3443	26.4201	43.9743	96.5805	1          	3.04896e-05	1.47454e-06	0.703844   	3.03469    	0.138265   	0.140085   	3.0347     	125.362	
9e-11      	4.8        	0.98263    	0.00300271 	0.183776   	0.694951   	0.957918   	-0.000792268	-0.286248  	0.695451   	0.994202   	-0.00217613	0.106345   	0.673752   	0.987958   	-0.00224631	-0.154116  	0.675644   	0.989789   	-0.000478509	-0.140046  	0.690237   	0.957509   	0.00276798 	0.287392   	0.697835   	0.959761   	0.000425011	-0.279481  	0.700637   	0.97972    	0.00241393 	0.199969   	0.678056   	0.995834   	-0.00290169	0.0878534  	0.684777   	0.999502   	0.000847723	-0.023989  	0.679058   	0.965299   	-7.6085e-05	0.259623   	0.702348   	0.969897   	-0.000716407	-0.242846  	0.6827     	0.962275   	0.000794882	0.27117    	0.68969    	0.999104   	0.00156425 	-0.0388747 	0.6753     	0.97279    	-0.00229509	-0.229787  	0.699631   	1.20559    	3.09479    	30.8652    	1.20001    	0.990012   	3.30112    	23.5129    	4.17979    	0.675913   	3.38757    	8.8132     	0.795103   	1.15177    	3.20101    	6.05414    	1.41017    	1.38128    	2.39138    	33.6912    	1.33793    	1.07786    	2.79029    	29.9781    	3.77642    	0.946573   	2.28124    	39.7327    	3.45561    	1.36125    	2.50989    	5.34107    	1.56796    	0.845502   	2.52207    	27.0354    	0.769944   	1.61972    	3.36727    	17.2904    	1.52742    	1.10777    	2.8933     	41.4914    	3.40908    	1.25558    	2.90526    	14.1403    	1.9608     	1.62234    	2.79455    	24.4245    	3.48707    	1.45132    	2.62319    	11.0786    	1.56342    	1.26816    	2.57658    	44.9349    	2.80016    	45.8404	41.9181	27.7518	43.6316	62.0502	38.6196	43.9086	42.924	41.495	55.0163	49.5633	48.4259	60.3292	53.1336	51.9483	1          	1.18747e-05	2.07343e-05	0.672937   	0.739114   	0.140873   	0.140872   	0.739115   	17.9245	
9.5e-11    	4.6        	0.985065   	-0.00134077	0.170807   	0.66836    	0.957042   	0.000981349	-0.288799  	0.659481   	0.992705   	0.000472187	0.11887    	0.646853   	0.984596   	0.00234394 	-0.17307   	0.646344   	0.993063   	0.000122871	-0.116065  	0.66124    	0.958739   	-0.00231368	0.28302    	0.666115   	0.962931   	-0.000137512	-0.268727  	0.666358   	0.976123   	-0.000821963	0.216022   	0.649132   	0.99816    	0.00096086 	0.0586918  	0.657674   	0.999884   	-0.000142532	-0.003249  	0.655699   	0.967994   	-0.000526171	0.249883   	0.667642   	0.967472   	0.000733809	-0.251965  	0.650924   	0.960347   	-0.0020235 	0.278008   	0.654126   	0.99829    	-0.000206195	-0.0566621 	0.652062   	0.975737   	0.00211043 	-0.217783  	0.6688     	2.20537    	2.09912    	20.4277    	2.22809    	1.47949    	2.83942    	28.8543    	2.22529    	1.15242    	2.57087    	15.849     	1.32876    	1.14252    	3.19251    	24.9221    	1.77469    	1.65781    	2.50035    	14.2132    	1.67995    	1.33719    	3.21422    	31.4239    	1.98919    	1.00205    	2.60838    	24.5643    	1.94318    	2.23752    	2.39691    	20.0026    	1.20042    	2.89907    	2.61076    	8.18913    	2.94892    	1.72668    	3.06813    	7.17938    	1.74066    	1.2457     	3.24004    	25.072     	3.38972    	2.25597    	3.33831    	18.5423    	0.911093   	1.48662    	3.34148    	17.1815    	1.73538    	1.03286    	2.76101    	6.7737     	1.11063    	1.30342    	2.80718    	22.9097    	2.91698    	74.6334	52.3254	41.7216	38.496	54.3718	51.8797	36.0861	78.5966	88.5906	56.5264	44.2221	70.7474	48.1318	43.0969	46.6232	1          	8.93685e-06	1.676e-05  	0.643888   	0.545242   	0.136141   	0.144075   	0.545238   	8.46905	
1e-10      	4.4        	0.989635   	-0.00119224	0.142779   	0.631488   	0.962786   	0.00206857 	-0.26986   	0.628647   	0.991571   	-0.000913307	0.128671   	0.621718   	0.985643   	0.00114029 	-0.168315  	0.618825   	0.995563   	-0.00157345	-0.0922847 	0.629826   	0.966199   	0.000337912	0.257411   	0.630983   	0.969443   	-0.00119044	-0.244779  	0.63448    	0.978054   	0.000325139	0.207935   	0.621008   	0.999041   	0.000951267	0.0407684  	0.624829   	0.99977    	-0.000854667	0.0157688  	0.621982   	0.974284   	0.00148334 	0.22472    	0.634979   	0.97004    	-0.000669977	-0.242502  	0.624933   	0.965077   	-0.00167737	0.261647   	0.626647   	0.997276   	-0.00130825	-0.0718865 	0.622021   	0.981631   	0.00307466 	-0.18993   	0.63312    	1.04102    	3.64638    	6.67759    	1.31219    	1.49585    	2.6492     	6.06008    	1.12792    	1.41102    	3.13908    	6.50373    	1.5016     	1.67091    	2.83138    	4.63957    	1.82913    	1.65967    	3.29158    	11.2789    	1.93389    	2.84531    	2.42406    	6.41713    	3.16458    	1.73784    	2.57038    	9.44894    	2.37697    	1.88062    	2.73872    	4.41255    	1.8792     	1.30019    	2.90573    	7.75766    	1.30118    	1.97659    	2.51614    	6.26521    	1.98873    	1.72604    	2.62333    	8.46468    	1.13223    	2.30653    	3.25957    	5.6077     	2.14247    	1.65372    	2.14219    	4.64548    	1.48908    	2.11873    	3.04088    	7.97043    	1.84468    	1.63642    	2.76772    	10.3395    	1.01372    	34.8525	48.4713	46.6312	57.7423	56.6179	82.4795	56.3893	56.9305	45.8082	59.5367	55.1875	68.9715	54.0739	66.6137	52.6041	1          	3.28223e-06	-8.84987e-06	0.615551   	0.43217    	0.139042   	0.13822    	0.432171   	4.6334	
1.05e-10   	4.2        	0.991946   	0.00176818 	0.124173   	0.603599   	0.961496   	-0.0011447 	-0.274313  	0.602058   	0.98817    	-0.000554564	0.1518     	0.59227    	0.979837   	0.000709878	-0.198495  	0.592992   	0.997394   	-0.000958982	-0.066528  	0.60253    	0.96453    	0.000205052	0.263488   	0.602214   	0.971121   	-0.00085565	-0.237893  	0.603659   	0.972089   	0.000842041	0.234062   	0.593066   	0.999778   	0.000120652	0.00653801 	0.600099   	0.998444   	0.000880387	0.0529298  	0.59709    	0.977996   	-0.00110386	0.207658   	0.604396   	0.964842   	0.000254632	-0.262068  	0.596622   	0.960393   	0.000966125	0.278134   	0.599453   	0.994299   	-0.000402283	-0.105     	0.593571   	0.98472    	-0.000599168	-0.173185  	0.606082   	1.85292    	2.90063    	20.9782    	1.34266    	1.82128    	3.16138    	7.9725     	2.17831    	3.32445    	2.98709    	13.7032    	2.11267    	3.6994     	2.65835    	15.2116    	1.95236    	2.01677    	2.32536    	27.6507    	1.5523     	2.01987    	2.50082    	7.67194    	2.16683    	2.82777    	2.52454    	10.9976    	3.44427    	2.39188    	2.50426    	6.66167    	1.82195    	1.81213    	2.91483    	12.5737    	1.80422    	2.08716    	2.75168    	8.93784    	1.98595    	1.71836    	3.04987    	12.7732    	1.7455     	1.84811    	2.96211    	12.2917    	1.8445     	1.92293    	3.23264    	7.37211    	1.457      	1.88715    	3.44217    	9.56851    	1.84376    	2.17945    	3.83725    	9.12737    	1.98988    	51.3694	50.8787	89.1166	92.7199	58.8762	55.4509	78.0101	64.9722	55.0546	58.3738	50.8207	54.6235	52.9794	55.7288	62.4877	1          	4.69878e-06	-1.49105e-05	0.587603   	0.388217   	0.1432     	0.13497    	0.388215   	3.59635	
1.1e-10    	4          	0.992335   	0.000403195	0.122266   	0.588612   	0.945821   	0.00153746 	-0.324247  	0.575039   	0.978774   	-0.00212217	0.204426   	0.563802   	0.966313   	-0.000664208	-0.256919  	0.561504   	0.998157   	-0.00065448	-0.0562871 	0.585348   	0.951996   	0.00118764 	0.305392   	0.580823   	0.96178    	3.9239e-05 	-0.272882  	0.586378   	0.955133   	-0.000188062	0.295671   	0.564396   	0.999734   	0.000259944	-0.0138329 	0.576833   	0.996821   	9.08098e-05	0.0778783  	0.571826   	0.971287   	-0.00140966	0.237067   	0.586432   	0.947458   	0.00140822 	-0.319463  	0.57023    	0.944395   	0.000281929	0.328336   	0.572508   	0.988952   	0.00101554 	-0.147587  	0.568277   	0.983548   	-0.00130623	-0.179673  	0.586877   	3.88641    	2.99557    	9.44157    	4.34744    	2.33727    	3.48023    	6.18783    	1.89324    	2.41854    	3.16036    	3.76165    	2.25489    	1.6582     	2.98221    	5.23136    	2.03991    	1.52031    	2.8632     	16.0351    	1.5055     	1.90574    	3.12407    	13.084     	2.15953    	2.23924    	3.59053    	14.9278    	1.76011    	2.45326    	3.87249    	6.56298    	2.65683    	1.53038    	3.20522    	9.00495    	1.54605    	1.9306     	2.34117    	7.60987    	1.96317    	2.91991    	3.21838    	10.6189    	1.98306    	2.31295    	3.22624    	6.32215    	2.58138    	1.83673    	3.18439    	8.41529    	2.41079    	3.31379    	3.01182    	3.63223    	3.30956    	4.13746    	2.91203    	8.76126    	2.93091    	99.735	60.404	61.2086	48.0581	45.0262	51.811	57.8093	65.1614	42.8894	50.887	69.1232	61.6862	49.7289	78.236	100.667	1          	-7.10578e-06	-5.98523e-06	0.559938   	0.36717    	0.143259   	0.144467   	0.367167   	3.29223	
1.15e-10   	3.8        	0.992874   	-0.000304851	0.118108   	0.569319   	0.945131   	9.87499e-05	-0.325634  	0.538054   	0.978795   	0.000217122	0.203251   	0.535309   	0.964658   	-0.00271238	-0.261934  	0.532983   	0.998544   	0.00421742 	-0.0510626 	0.565227   	0.950842   	-0.00175299	0.309055   	0.545943   	0.962223   	0.000128651	-0.271425  	0.552808   	0.951708   	0.00178931 	0.305868   	0.53034    	0.999496   	-0.0020895 	-0.0262092 	0.561463   	0.995413   	0.000708133	0.0938704  	0.552893   	0.97557    	0.000601502	0.218742   	0.559264   	0.946049   	-0.00130943	-0.323276  	0.530363   	0.942956   	-0.000266697	0.332226   	0.533897   	0.988219   	0.000209483	-0.152306  	0.544601   	0.985373   	-2.24761e-05	-0.169456  	0.56426    	2.14567    	3.26795    	5.455      	2.08576    	2.94232    	3.07853    	17.7544    	2.31975    	1.59461    	4.08123    	16.334     	1.99769    	2.76131    	3.20607    	21.0982    	2.07107    	2.18597    	3.49573    	6.23229    	2.1311     	1.46425    	3.05728    	10.9015    	3.14754    	2.52829    	2.76399    	14.1162    	4.33268    	2.57438    	2.92942    	20.9191    	5.2466     	3.61534    	2.98349    	7.65048    	3.55678    	2.20045    	3.08179    	8.53443    	2.57812    	3.77946    	3.74579    	9.69256    	3.26376    	3.68711    	2.80697    	14.7083    	6.61434    	2.14403    	2.36879    	11.6383    	2.12252    	4.41446    	2.86203    	4.28749    	4.32986    	3.27665    	2.49348    	7.93753    	2.57164    	54.1252	67.0847	43.3626	65.05	51.9579	35.2134	59.2601	58.5528	80.8375	51.4979	86.1813	80.392	49.879	94.9953	77.6237	1          	-2.59317e-05	3.08623e-05	0.532563   	0.324899   	0.1414     	0.147857   	0.324895   	2.58976	
1.2e-10    	3.6        	0.991646   	-0.000518504	0.127814   	0.544603   	0.945291   	-0.00040501	-0.325494  	0.510272   	0.981004   	0.000992606	0.193261   	0.503411   	0.973302   	-0.000494577	-0.228816  	0.498472   	0.996803   	0.00103144 	-0.0776484 	0.537894   	0.953212   	-0.000586796	0.301486   	0.518938   	0.960159   	0.000323629	-0.278888  	0.527956   	0.960257   	0.00073008 	0.278456   	0.494085   	0.999706   	-0.00125953	0.0134626  	0.535032   	0.997993   	-0.000677458	0.059632   	0.520937   	0.971298   	-0.000833817	0.236999   	0.53801    	0.94945    	0.00150635 	-0.313313  	0.498858   	0.944757   	0.0012878  	0.327258   	0.504776   	0.991322   	-0.00096003	-0.130368  	0.512588   	0.982595   	-0.000183786	-0.185048  	0.540467   	1.65914    	3.4917     	6.31922    	1.83883    	9.11431    	2.87511    	8.50964    	7.05084    	7.48027    	3.72401    	4.77138    	8.33048    	4.11361    	2.76036    	6.83663    	5.02737    	8.79932    	4.34887    	6.49872    	8.67762    	10.587     	3.98776    	8.51415    	8.7167     	10.6875    	3.23668    	7.97618    	12.4115    	2.92641    	3.27686    	6.1082     	2.64906    	11.6064    	3.48105    	8.83165    	11.4511    	7.85849    	2.90223    	10.8292    	8.32741    	2.85367    	3.52527    	8.74479    	2.36403    	8.87375    	3.27334    	5.89984    	7.9869     	6.78827    	2.65156    	5.59953    	5.83561    	4.96684    	2.85823    	5.89974    	5.70518    	1.87673    	2.22961    	6.11204    	1.94387    	40.5241	151.295	133.121	79.1641	155.034	163.797	183.259	60.4709	198	133.988	58.8883	155.17	118.012	87.4059	41.9213	1          	-1.64759e-05	-6.85696e-05	0.50538    	0.312932   	0.140958   	0.144166   	0.312931   	2.31846	
1.25e-10   	3.4        	0.993245   	-0.00304535	0.114124   	0.512066   	0.949104   	0.00205009 	-0.31419   	0.495771   	0.978103   	0.00101292 	0.206471   	0.46612    	0.967935   	-0.00236916	-0.250254  	0.471973   	0.997937   	0.00244715 	-0.0586256 	0.496409   	0.955242   	-7.61261e-05	0.295411   	0.50536    	0.966414   	-0.00159845	-0.255727  	0.506649   	0.959289   	0.000221199	0.281773   	0.478615   	0.999418   	0.00153096 	-0.0171258 	0.486795   	0.996787   	-0.000379026	0.0758124  	0.478343   	0.974315   	-0.00177268	0.22374    	0.512235   	0.95083    	0.00209343 	-0.309231  	0.482919   	0.946637   	-0.0015648 	0.321757   	0.489504   	0.988026   	0.000920889	-0.152368  	0.473594   	0.985786   	0.000661633	-0.165976  	0.51083    	9.39918    	3.86195    	9.28393    	10.4222    	11.3997    	4.09979    	7.90218    	10.7067    	4.07609    	2.62756    	13.23      	3.97914    	10.4056    	3.74739    	10.1391    	13.1576    	10.1751    	4.22073    	14.6717    	11.0805    	2.54129    	3.54824    	2.99686    	2.37045    	7.18456    	3.61995    	17.3939    	10.4158    	6.35492    	4.01706    	5.83127    	7.14474    	2.40675    	3.94541    	18.0957    	2.3737     	3.93098    	3.08286    	13.6163    	4.18144    	3.8278     	3.28856    	16.0812    	4.92762    	2.73531    	3.38614    	3.66444    	2.41317    	5.99111    	3.25352    	4.13615    	4.40325    	3.21937    	2.1365     	11.3859    	2.59206    	3.37236    	3.76168    	16.0337    	4.31538    	141.944	180.839	69.212	157.861	160.675	46.9335	112.259	91.947	45.851	69.8372	67.3802	54.0386	102.338	56.5466	58.2624	1          	-1.43199e-05	-2.49571e-05	0.478343   	0.303132   	0.136944   	0.14811    	0.30313    	1.97134	
1.3e-10    	3.2        	0.996314   	-0.0015327 	0.0832197  	0.475651   	0.947173   	0.00274539 	-0.320163  	0.464409   	0.971396   	-0.00139924	0.236734   	0.453442   	0.961256   	0.000158448	-0.275042  	0.455372   	0.999487   	0.00119791 	-0.0253102 	0.471522   	0.953355   	-0.00131035	0.301206   	0.46725    	0.969288   	-0.00397924	-0.245024  	0.46836    	0.949518   	-0.00331288	0.313043   	0.45659    	0.997387   	0.00710318 	-0.0682633 	0.46794    	0.990598   	-0.00292697	0.134642   	0.455342   	0.982729   	0.00216335 	0.183173   	0.48018    	0.945867   	0.000779395	-0.323742  	0.456043   	0.941336   	-0.000337834	0.33666    	0.463708   	0.979027   	-0.00118866	-0.202032  	0.453554   	0.990469   	0.00164613 	-0.135846  	0.478068   	4.27304    	4.07626    	6.77836    	4.73487    	5.42292    	3.48057    	4.05037    	4.82163    	3.76805    	4.76887    	3.11801    	4.02944    	3.0068     	2.69763    	4.37935    	2.50813    	3.01028    	3.45645    	5.71617    	3.02163    	4.46858    	4.07006    	5.28192    	4.77625    	6.58201    	4.51182    	4.92588    	5.97343    	5.39825    	3.57564    	4.91509    	4.74176    	8.27058    	3.56204    	8.3192     	8.13125    	7.07171    	2.88336    	9.50828    	6.52749    	3.98218    	5.35533    	10.5719    	2.87778    	5.96147    	4.14774    	7.10879    	5.4302     	8.37179    	4.81434    	5.48194    	5.99756    	8.20775    	4.05884    	9.78383    	6.97089    	3.39849    	3.18014    	9.34226    	3.25787    	68.5667	76.4494	61.3458	46.0413	48.4913	61.8236	96.0302	77.306	113.338	87.9298	60.5586	78.9061	111.269	109.958	54.4004	1          	-1.52376e-06	-0.000110221	0.451425   	0.297845   	0.143126   	0.159257   	0.297846   	1.98901	
1.35e-10   	3          	0.998023   	0.00148717 	0.0600882  	0.44243    	0.946555   	-0.00626674	-0.321707  	0.427625   	0.967894   	0.00462051 	0.250252   	0.441279   	0.954765   	-0.0022374 	-0.29631   	0.439823   	0.999754   	-0.000919949	-0.00853659	0.449435   	0.945908   	0.0032006  	0.323426   	0.42768    	0.969591   	-0.00627929	-0.243549  	0.428251   	0.9513     	0.00242242 	0.307478   	0.435679   	0.996919   	0.00350254 	-0.0754602 	0.445356   	0.990396   	0.00269977 	0.135791   	0.437108   	0.9832     	0.00201218 	0.180343   	0.439152   	0.947557   	-0.00461176	-0.318556  	0.431948   	0.938677   	0.00525488 	0.342817   	0.438078   	0.974261   	-0.00289094	-0.222485  	0.434903   	0.991972   	-0.00230374	-0.124035  	0.442236   	3.95234    	3.1091     	3.81508    	3.79854    	11.5478    	3.31015    	9.74808    	14.8356    	5.5034     	4.62929    	6.02616    	5.01679    	4.40572    	3.54178    	8.59985    	3.69848    	4.07643    	3.30372    	5.69414    	4.02974    	6.61256    	4.58173    	7.70963    	6.22201    	4.55763    	3.71579    	7.62415    	5.28109    	4.10033    	4.16472    	5.65817    	4.16874    	4.16191    	3.11373    	6.5835     	4.39042    	4.82833    	4.13754    	9.67532    	4.9249     	8.59389    	3.4523     	13.5198    	8.98856    	6.51345    	3.31312    	11.4346    	8.66521    	7.0474     	3.66072    	19.8372    	3.10371    	3.5187     	5.38549    	22.4228    	4.76272    	9.16974    	4.46379    	9.47619    	10.3773    	58.1081	139.73	72.6073	58.3802	54.174	81.9687	55.0167	54.5667	57.5707	67.4305	104.177	74.7919	91.1822	48.0124	110	0.999999   	-5.26948e-06	-0.000197451	0.424561   	0.283165   	0.14375    	0.153191   	0.283165   	2.51308	
1.4e-10    	2.8        	0.996942   	0.000221265	0.0750159  	0.425988   	0.954582   	0.00281617 	-0.296856  	0.387823   	0.978087   	-0.00302054	0.205766   	0.407129   	0.971388   	-0.00118593	-0.235127  	0.393189   	0.998388   	0.00638427 	-0.0467808 	0.427942   	0.957197   	-0.00550454	0.288497   	0.400967   	0.970745   	0.00828917 	-0.238859  	0.409665   	0.959471   	-0.00509511	0.279917   	0.405345   	0.998124   	-0.00291701	-0.049681  	0.407316   	0.994766   	-0.000436218	0.0992033  	0.395957   	0.987336   	-0.000260349	0.157043   	0.422054   	0.96382    	0.00070882 	-0.265085  	0.396715   	0.941422   	-0.00241922	0.335729   	0.409222   	0.98045    	0.00264353 	-0.194568  	0.403659   	0.989197   	0.000277292	-0.144732  	0.416515   	7.92155    	2.95908    	6.03235    	7.59362    	4.96495    	3.82285    	6.00797    	4.39812    	13.4884    	3.88768    	12.6012    	12.1475    	5.06994    	4.38152    	14.4203    	5.1718     	3.95605    	3.24089    	16.2092    	3.90053    	3.83983    	3.84351    	3.99868    	2.84587    	8.22926    	5.37607    	4.66737    	8.69306    	4.80437    	5.79709    	11.0679    	3.42595    	11.6248    	4.01531    	19.9872    	12.8612    	12.2842    	4.61117    	6.25595    	13.0151    	4.21011    	5.75945    	3.78103    	4.08318    	14.0697    	5.77609    	4.66233    	11.3483    	13.6683    	5.72442    	8.24301    	9.57933    	5.17418    	6.08222    	9.43722    	5.66892    	8.00634    	6.01807    	3.71286    	7.66566    	80.9723	64.1741	140.327	55.993	52.7344	49.2783	86.5318	55.3589	119.399	115.714	46.8679	127.451	122.774	58.9248	80.1436	0.999999   	2.75626e-05	-0.000376266	0.397689   	0.283019   	0.145366   	0.168077   	0.283025   	2.05887	
1.45e-10   	2.6        	0.996125   	-0.00411881	0.0841837  	0.394293   	0.967577   	0.00446722 	-0.250959  	0.35597    	0.987636   	-0.000408632	0.154514   	0.379611   	0.981532   	-0.0027749 	-0.189396  	0.363513   	0.996018   	0.00605235 	-0.0838251 	0.390792   	0.962564   	-0.0037788 	0.269828   	0.380155   	0.973145   	0.00592341 	-0.228281  	0.386917   	0.968668   	-0.000301593	0.245986   	0.392999   	0.999015   	-0.00602597	-0.0327999 	0.355703   	0.995468   	0.00383648 	0.0912032  	0.366355   	0.984049   	-0.00606814	0.175896   	0.390138   	0.962328   	0.00265728 	-0.27016   	0.377693   	0.94105    	-0.0049319 	0.337524   	0.387724   	0.982752   	0.0053667  	-0.183462  	0.377318   	0.985436   	0.000334794	-0.168665  	0.382177   	6.09241    	5.15086    	5.59309    	6.36043    	8.48474    	5.13456    	7.45913    	10.2581    	4.39038    	3.49523    	7.11822    	4.16706    	10.5645    	3.99652    	6.38211    	10.7329    	7.70015    	5.52638    	9.11631    	7.77972    	3.30522    	5.62479    	4.97185    	3.85016    	9.1874     	4.41375    	10.8654    	10.9756    	13.2703    	5.01786    	10.5082    	9.30388    	5.23167    	6.16636    	5.53797    	5.26353    	14.1225    	3.91207    	6.57906    	14.3344    	8.68015    	7.15139    	4.18993    	9.02766    	7.52056    	5.44851    	9.51073    	8.22056    	4.86488    	4.56484    	3.72347    	5.41408    	6.0922     	4.16008    	3.64078    	6.04106    	3.77601    	4.02174    	2.86153    	3.30669    	54.2806	76.3429	50.4074	89.9562	69.469	43.8581	80.8007	121.545	48.6129	131.292	67.3336	66.0345	45.6265	60.0423	42.2371	0.999999   	2.34261e-05	-0.000521227	0.370733   	0.295605   	0.150965   	0.175351   	0.295606   	2.23084	
1.5e-10    	2.4        	0.997881   	-0.000817755	0.0538708  	0.360728   	0.957035   	0.00140227 	-0.289154  	0.353258   	0.968021   	-0.000298696	0.247806   	0.343549   	0.964825   	0.000462718	-0.261431  	0.344749   	0.997545   	0.00222888 	-0.0651195 	0.352908   	0.949538   	-0.00306375	0.312658   	0.36407    	0.954021   	-0.00299127	-0.298249  	0.331216   	0.954575   	0.00358374 	0.296836   	0.386686   	0.998413   	-0.0019189 	-0.047521  	0.346249   	0.994221   	0.00857368 	0.101626   	0.340413   	0.982597   	-0.000647693	0.184106   	0.364427   	0.955252   	-0.00736565	-0.294324  	0.349553   	0.932792   	0.00065041 	0.359411   	0.362993   	0.977997   	-0.00636614	-0.207023  	0.358383   	0.985617   	0.00581333 	-0.166593  	0.346693   	4.60538    	5.11095    	13.6766    	4.86024    	5.86775    	3.96515    	2.12655    	5.62248    	7.80781    	7.19177    	12.2325    	7.70404    	5.20683    	5.13112    	4.34287    	4.90089    	6.16317    	6.25682    	2.39498    	5.99626    	5.23639    	5.38426    	2.42643    	4.2935     	6.4406     	5.43832    	3.20801    	4.62809    	11.3441    	4.44579    	5.85507    	11.1257    	5.57439    	6.11592    	5.89129    	5.82989    	8.22908    	7.46078    	6.12248    	7.86582    	3.67795    	5.78218    	3.37656    	4.15559    	6.6212     	5.54841    	6.73339    	8.18665    	4.50178    	4.9217     	6.02971    	5.23324    	4.82681    	6.71492    	1.9761     	4.92555    	6.19783    	3.90363    	6.22756    	6.31927    	36.0251	44.0136	65.8527	43.8258	53.0701	44.74	50.1727	100.554	58.9733	69.4362	34.4435	54.9542	40.3116	45.7203	49.9904	0.999999   	-5.26019e-05	1.54365e-05	0.343536   	0.303824   	0.14866    	0.177192   	0.303812   	2.55002	
1.55e-10   	2.2        	0.999308   	0.00724241 	0.0230169  	0.345283   	0.9479     	-0.00392866	-0.317424  	0.336526   	0.941294   	-0.00402746	0.335473   	0.301756   	0.963385   	0.00671274 	-0.265954  	0.315746   	0.993887   	-0.00237435	-0.10534   	0.321887   	0.938782   	-0.00388852	0.343008   	0.345012   	0.940655   	0.00364409 	-0.337111  	0.320689   	0.92891    	0.000781309	0.368266   	0.339507   	0.997752   	-0.00545393	-0.0543236 	0.332479   	0.987586   	0.0124414  	0.152741   	0.311822   	0.97954    	-0.00810307	0.197415   	0.348161   	0.931234   	-0.00378027	-0.363202  	0.321385   	0.912586   	0.000373688	0.407593   	0.349154   	0.959632   	0.003404   	-0.278088  	0.330891   	0.986103   	-0.00377857	-0.160257  	0.31705    	4.00398    	8.21944    	2.02471    	3.97627    	5.71855    	5.58844    	3.23673    	5.8722     	6.13086    	7.00256    	5.17993    	4.54165    	6.28557    	5.84286    	4.36498    	4.6415     	5.09658    	7.26827    	4.94149    	5.30645    	11.3845    	7.65513    	3.78243    	9.69303    	5.42739    	10.8976    	5.90675    	5.61475    	8.42575    	4.8711     	9.86993    	4.52247    	6.46844    	10.6327    	6.92055    	6.18016    	3.6052     	8.84287    	3.92377    	3.93419    	8.67957    	14.3862    	4.93328    	9.1697     	5.62654    	7.12199    	1.91228    	4.95842    	10.739     	6.05566    	4.86588    	7.95554    	9.14291    	10.8707    	6.96636    	6.19389    	4.43981    	10.9209    	10.676     	5.41459    	37.0114	46.9186	39.5902	44.9598	38.362	69.6707	48.0441	65.5092	45.6514	29.9042	73.0653	42.8648	70.8658	50.5744	34.6115	0.999999   	-1.20711e-05	0.000140848	0.316141   	0.306088   	0.140535   	0.205855   	0.306084   	3.11097	
1.6e-10    	2          	0.996242   	0.0799403  	0.0099414  	0.33004    	0.930114   	-0.0661945 	-0.358884  	0.318118   	0.904042   	-0.0175448 	0.424331   	0.265838   	0.949182   	0.00832442 	-0.312955  	0.282138   	0.991696   	-0.0799012 	-0.0945139 	0.295966   	0.931367   	0.0631078  	0.357146   	0.32603    	0.915263   	-0.0868061 	-0.390764  	0.270419   	0.935904   	0.00859297 	0.350813   	0.314228   	0.997105   	0.0660465  	-0.0205652 	0.3245     	0.987272   	-0.0689894 	0.1387     	0.287628   	0.977517   	0.0857236  	0.18759    	0.317658   	0.937107   	-0.027134  	-0.345633  	0.28843    	0.920333   	0.0483192  	0.385732   	0.335058   	0.937639   	0.0402617  	-0.343105  	0.307878   	0.988819   	-0.105932  	-0.0909499 	0.271564   	3.00796    	8.92204    	3.11486    	3.22858    	4.03521    	13.7379    	3.69342    	2.85902    	4.67689    	15.9331    	2.10182    	4.80068    	6.43454    	6.41561    	2.58051    	6.50264    	2.75625    	8.61978    	2.9492     	2.80754    	5.92955    	7.90073    	4.06872    	6.26239    	8.94918    	11.1614    	2.82638    	6.94403    	6.07857    	7.80825    	1.83298    	5.75972    	5.41947    	9.06063    	2.16462    	5.33961    	4.67078    	9.22704    	2.07401    	4.40367    	5.02996    	10.5892    	10.3663    	5.12355    	6.62005    	6.03709    	8.66865    	6.81455    	8.17097    	14.8528    	4.73924    	5.33258    	4.47916    	10.1621    	5.07606    	4.47274    	10.8085    	14.9541    	9.11293    	13.04      	21.3574	27.9506	28.0111	31.6355	23.0724	28.4	41.0772	37.8147	38.9076	32.5778	36.5394	45.799	50.3473	28.3024	48.5493	0.999999   	-4.15885e-05	-0.000342202	0.288369   	0.30336    	0.145055   	0.166726   	0.303368   	3.24088	
1.65e-10   	1.8        	0.961611   	0.254364   	0.0126386  	0.318377   	0.906538   	-0.148994  	-0.390111  	0.28985    	0.870826   	-0.155873  	0.459631   	0.242505   	0.940184   	0.108613   	-0.314903  	0.261398   	0.942185   	-0.291364  	-0.110247  	0.272706   	0.911962   	0.16231    	0.370351   	0.303722   	0.84274    	-0.256315  	-0.460324  	0.24343    	0.916621   	-0.020689  	0.398097   	0.295568   	0.968215   	0.228838   	-0.0240155 	0.314205   	0.963731   	-0.211326  	0.14481    	0.273424   	0.94898    	0.248747   	0.16134    	0.30045    	0.93064    	-0.075679  	-0.353817  	0.248177   	0.893565   	0.102689   	0.434441   	0.331574   	0.868232   	0.17077    	-0.460218  	0.285984   	0.940136   	-0.317512  	-0.0522763 	0.250752   	3.6352     	117.061    	3.03769    	10.6242    	5.34939    	30.1761    	2.21748    	3.39603    	6.43747    	38.3346    	1.42826    	7.65935    	6.71813    	34.2878    	2.27047    	6.20197    	4.85294    	120.914    	1.90014    	5.91858    	5.18216    	44.3678    	2.12548    	4.12159    	7.95353    	87.7312    	2.27152    	19.9298    	5.41795    	6.50094    	1.91448    	5.45041    	6.08432    	96.8178    	1.6022     	2.63377    	14.7281    	52.9502    	2.28652    	25.3995    	7.91199    	103.433    	3.47417    	3.5772     	6.48725    	16.5297    	3.2188     	6.43216    	2.80693    	21.6728    	4.23749    	2.09161    	6.07828    	40.6193    	3.11754    	4.19067    	7.15075    	101.611    	4.61727    	28.315     	21.7284	24.0862	32.1418	41.472	24.9279	30.5715	45.1827	28.1329	30.1638	84.723	42.3913	29.2896	18.0051	32.046	37.0149	0.999998   	2.03364e-05	5.66185e-05	0.259914   	0.522843   	0.143233   	0.199878   	0.522803   	4.86485	
1.7e-10    	1.6        	0.821638   	0.566656   	0.032763   	0.326808   	0.842767   	-0.322071  	-0.428978  	0.267482   	0.803714   	-0.40013   	0.435389   	0.243914   	0.9221     	0.28588    	-0.253614  	0.263534   	0.716492   	-0.685712  	-0.0898614 	0.27802    	0.863994   	0.388221   	0.317241   	0.287855   	0.688568   	-0.606178  	-0.390305  	0.243948   	0.917048   	-0.0844322 	0.385406   	0.276079   	0.835907   	0.54359    	-0.0372838 	0.321841   	0.818216   	-0.542059  	0.171455   	0.287656   	0.835479   	0.529721   	0.141936   	0.315796   	0.891632   	-0.0723761 	-0.440354  	0.214649   	0.884268   	0.162059   	0.435845   	0.318777   	0.775082   	0.484069   	-0.396687  	0.269745   	0.734148   	-0.664607  	-0.117255  	0.270726   	7.52925    	27.6133    	5.20311    	9.52561    	9.39529    	8.57536    	4.42512    	6.96679    	9.23655    	21.6923    	3.14813    	6.40782    	6.55548    	25.9874    	4.46442    	10.1569    	13.8245    	55.5276    	7.02739    	8.72898    	5.9407     	10.749     	8.58071    	6.37235    	27.5632    	16.5686    	5.23012    	10.3943    	12.5297    	21.2586    	6.47028    	13.3876    	9.04397    	58.1409    	6.66698    	27.7003    	9.31513    	54.7841    	6.75292    	7.51111    	10.028     	19.2545    	3.23548    	19.9744    	3.98773    	17.7445    	10.3472    	3.21186    	8.25309    	8.42263    	7.26861    	3.80872    	15.8566    	40.0486    	12.3019    	9.5134     	25.984     	34.9105    	2.69298    	20.9089    	35.6481	38.2863	44.3154	27.8312	50.7437	29.5561	87.47	46.2193	45.7776	42.9628	54.6003	20.293	31.2842	66.0635	83.6939	0.999998   	6.89466e-05	0.000276907	0.230035   	0.564067   	0.134861   	0.167312   	0.564035   	4.1596	
1.75e-10   	1.4        	0.728683   	0.683651   	-0.000996264	0.359096   	0.755073   	-0.481649  	-0.436964  	0.233594   	0.695169   	-0.561564  	0.446395   	0.2359     	0.858994   	0.454707   	-0.231212  	0.250558   	0.506936   	-0.858784  	-0.0610945 	0.303579   	0.82187    	0.503084   	0.263414   	0.284274   	0.530118   	-0.750372  	-0.390379  	0.236931   	0.82933    	-0.262048  	0.486414   	0.263137   	0.714769   	0.691037   	-0.0998522 	0.361586   	0.584037   	-0.77782   	0.222738   	0.298187   	0.772708   	0.62612    	0.090729   	0.334437   	0.861856   	0.0974627  	-0.492666  	0.197081   	0.901562   	0.173462   	0.391143   	0.291252   	0.703915   	0.636595   	-0.310985  	0.303165   	0.458205   	-0.882404  	-0.0718633 	0.273472   	24.772     	32.1879    	15.7241    	50.0525    	24.1909    	14.0296    	17.3445    	15.4908    	4.6564     	7.98413    	6.25411    	6.23858    	8.14295    	5.79848    	3.87635    	4.91363    	9.85078    	18.0515    	5.89745    	16.3965    	3.97665    	13.7887    	5.77622    	5.81307    	19.6592    	7.1142     	7.78131    	12.8653    	17.8232    	14.4009    	22.589     	3.50722    	8.27752    	17.709     	7.28603    	11.203     	11.8876    	27.765     	17.1617    	16.7814    	9.09852    	9.20599    	20.213     	6.48487    	5.16294    	16.3674    	3.13769    	4.01425    	3.99431    	5.80435    	36.6676    	9.61326    	14.7635    	25.6559    	8.09044    	23.5702    	13.2992    	37.0927    	18.7187    	19.0387    	54.0002	53.9235	18.2225	19.2024	30.4586	19.1483	47.5092	33.7485	31.3279	41.7471	34.0819	27.599	16.9287	43.8432	40.6163	0.999997   	-0.000188633	0.000267494	0.200671   	0.395943   	0.140589   	0.180225   	0.395946   	2.46132	
1.8e-10    	1.2        	0.694148   	0.713508   	-0.0920803 	0.387351   	0.73436    	-0.56754   	-0.355818  	0.174445   	0.509729   	-0.744172  	0.423025   	0.233439   	0.754863   	0.587018   	-0.289876  	0.249687   	0.340947   	-0.936827  	0.04773    	0.318924   	0.807975   	0.549935   	0.204794   	0.270375   	0.425705   	-0.850925  	-0.29139   	0.216463   	0.739316   	-0.430902  	0.511694   	0.236759   	0.64414    	0.748804   	-0.149708  	0.383351   	0.428548   	-0.831857  	0.348254   	0.325666   	0.733987   	0.678584   	-0.00441327	0.340241   	0.725649   	0.226247   	-0.645232  	0.173591   	0.884984   	0.181808   	0.423728   	0.243128   	0.607989   	0.738944   	-0.2887    	0.316574   	0.353738   	-0.934074  	-0.0357391 	0.298732   	4.16179    	4.76971    	5.06375    	4.51317    	7.61237    	29.1193    	17.4439    	14.9438    	8.66212    	31.5509    	12.2266    	8.30383    	11.6914    	16.8255    	3.53526    	21.9289    	13.6632    	7.0003     	25.9069    	4.60964    	5.80692    	8.84577    	13.3038    	5.86634    	35.3495    	4.61356    	38.8451    	28.5919    	15.9303    	8.25901    	31.0823    	20.1822    	53.6598    	5.77855    	6.64809    	35.3622    	16.5582    	17.065     	11.8389    	10.2504    	15.3038    	3.45786    	2.95881    	12.1609    	5.57194    	14.0448    	8.06146    	8.47982    	11.0832    	16.5116    	9.36436    	10.2457    	10.2017    	15.3523    	4.00562    	19.2012    	5.50304    	3.76847    	4.30689    	3.047      	18.4601	21.2878	27.8487	23.7034	33.5875	26.0378	56.486	31.2615	89.1786	51.2477	31.8911	20.3339	27.5668	27.7901	15.3818	0.999997   	-1.18196e-05	5.35251e-06	0.171619   	0.324658   	0.138904   	0.158032   	0.324649   	2.47702	
1.85e-10   	1          	0.645592   	0.754245   	-0.116141  	0.388223   	0.688861   	-0.651867  	-0.285739  	0.130422   	0.372136   	-0.862418  	0.339511   	0.238984   	0.6678     	0.673146   	-0.315483  	0.247528   	0.173188   	-0.970422  	0.162786   	0.332054   	0.797419   	0.594127   	0.0955138  	0.258667   	0.188089   	-0.975478  	-0.0938216 	0.203418   	0.733987   	-0.544129  	0.401272   	0.196934   	0.618649   	0.768966   	-0.156863  	0.399698   	0.276692   	-0.879966  	0.384542   	0.337306   	0.698985   	0.711024   	-0.068033  	0.340471   	0.631317   	0.3493     	-0.688769  	0.153708   	0.8793     	0.132829   	0.45257    	0.203768   	0.559609   	0.777521   	-0.285272  	0.334034   	0.207506   	-0.977277  	0.0163649  	0.294364   	11.191     	7.60002    	4.9275     	10.0085    	11.8241    	14.9839    	11.988     	4.1716     	5.98049    	5.65933    	11.0461    	7.60734    	8.42538    	4.33719    	3.73881    	7.29634    	13.7512    	7.50548    	8.4652     	8.83771    	10.7725    	12.2551    	8.50027    	17.0383    	12.6098    	10.1846    	5.3121     	9.18392    	4.30816    	11.2174    	10.8907    	9.08993    	16.1449    	6.95633    	5.1171     	4.85104    	7.23707    	5.44117    	6.47699    	4.18684    	11.5652    	4.16263    	8.55614    	8.95518    	10.4485    	9.10291    	2.3936     	9.20867    	5.99575    	14.8853    	4.82212    	6.29009    	5.992      	8.27473    	3.68528    	6.88886    	5.54802    	6.05365    	9.21648    	5.91288    	16.962	17.4723	17.8493	18.2	37.4186	26.6788	26.7717	16.2369	21.9358	16.1095	15.9027	13.2772	22.6788	15.4358	18.4698	0.999995   	-5.65326e-06	-2.33092e-05	0.142953   	0.296963   	0.138636   	0.162045   	0.296966   	2.19219	
1.9e-10    	0.8        	0.648595   	0.758059   	-0.0637607 	0.374371   	0.464131   	-0.820832  	-0.321755  	0.103443   	0.252294   	-0.929402  	0.263973   	0.212758   	0.618165   	0.715831   	-0.322558  	0.228753   	0.0204909  	-0.987324  	0.152443   	0.319691   	0.785663   	0.60727    	0.109163   	0.247432   	0.00855358 	-0.996153  	-0.0551638 	0.192716   	0.67508    	-0.674612  	0.287001   	0.151758   	0.627772   	0.772156   	-0.0933033 	0.382619   	0.105595   	-0.942991  	0.312151   	0.304295   	0.705628   	0.707544   	-0.0197091 	0.333415   	0.592202   	0.399454   	-0.692882  	0.12653    	0.887218   	0.188753   	0.417436   	0.16881    	0.589762   	0.776236   	-0.219707  	0.319504   	0.0103623  	-0.99898   	0.000368856	0.280212   	6.33051    	5.83375    	5.11472    	8.12393    	3.33862    	4.86113    	3.34478    	3.30685    	6.50654    	6.01943    	7.22491    	5.70433    	7.01665    	8.39471    	2.70092    	10.1191    	10.5348    	3.29153    	6.29821    	3.26236    	4.60861    	9.28573    	3.73169    	4.1954     	15.185     	8.63279    	3.27526    	8.6375     	11.3526    	4.96327    	13.8925    	13.1295    	5.19201    	3.30162    	10.3513    	3.5472     	12.2693    	6.17602    	11.6518    	8.12021    	10.4114    	4.83887    	5.75377    	8.11207    	10.8153    	7.8569     	6.09718    	8.03909    	7.79566    	5.15201    	3.53443    	7.44345    	11.7003    	5.91993    	8.27655    	10.8327    	8.57377    	4.33171    	7.5861     	4.25611    	14.3493	10.9985	12.3235	12.2937	12.9033	13.3197	14.113	11.3329	13.2124	20.2793	17.3714	18.3448	12.2969	20.235	13.4697	0.999993   	0.000226026	5.40504e-05	0.114312   	0.306379   	0.143237   	0.153551   	0.306401   	2.1426	
1.95e-10   	0.6        	0.582354   	0.80989    	-0.0639013 	0.362653   	0.111402   	-0.909065  	-0.379832  	0.0982984  	0.172689   	-0.942821  	0.277603   	0.216215   	0.514072   	0.785989   	-0.337321  	0.201572   	-0.059064  	-0.986379  	0.148935   	0.327628   	0.719683   	0.68713    	0.0908332  	0.237622   	-0.0727629 	-0.995721  	-0.0267789 	0.207949   	0.572262   	-0.748436  	0.309673   	0.128356   	0.546304   	0.830569   	-0.102648  	0.366619   	0.0167263  	-0.970586  	0.233806   	0.298948   	0.614211   	0.78834    	0.0124162  	0.317691   	0.569693   	0.380509   	-0.718531  	0.10004    	0.841439   	0.245005   	0.474617   	0.137706   	0.519574   	0.823669   	-0.223615  	0.312266   	-0.079548  	-0.995936  	0.0128804  	0.291539   	4.07152    	4.91618    	7.37559    	4.26679    	11.5693    	7.34974    	4.19332    	5.85438    	12.3811    	6.59668    	6.64686    	4.61347    	12.4267    	8.7002     	10.1608    	13.0366    	5.90679    	4.56392    	8.83074    	3.38086    	7.79614    	8.92613    	5.13704    	11.8669    	7.36026    	7.34295    	4.98668    	7.82309    	10.9199    	13.3605    	8.0804     	3.31368    	5.2557     	6.81496    	12.4834    	7.674      	13.3416    	11.6066    	16.4304    	12.9244    	6.30331    	5.90262    	7.14776    	7.19012    	13.2242    	15.112     	4.18436    	18.1599    	16.7539    	10.033     	2.71851    	15.7377    	14.9486    	9.06089    	9.35212    	16.5816    	5.23508    	5.97857    	9.70921    	6.18416    	8.62895	14.0582	13.2745	12.2682	7.87299	12.7319	10.4571	11.6283	9.78505	10.8245	8.54164	14.4272	14.5381	15.329	9.30845	0.999987   	2.84515e-05	0.000307541	0.0856863  	0.32079    	0.140597   	0.155819   	0.320773   	2.07334	
2e-10      	0.4        	0.534112   	0.843927   	0.026024   	0.31681    	-0.243709  	-0.907217  	-0.329998  	0.119358   	0.205254   	-0.955473  	0.185843   	0.166223   	0.368851   	0.869052   	-0.318242  	0.135679   	-0.127379  	-0.990366  	-0.000229945	0.283022   	0.681187   	0.704455   	0.191448   	0.22919    	-0.248678  	-0.956231  	-0.145244  	0.211847   	0.726151   	-0.530936  	0.402867   	0.104742   	0.496903   	0.865597   	-0.0445935 	0.299357   	-0.0156056 	-0.994307  	0.08243    	0.240353   	0.567824   	0.815132   	0.101904   	0.285876   	0.267063   	0.0777546  	-0.925842  	0.0511916  	0.814352   	0.419089   	0.386207   	0.135897   	0.452056   	0.876258   	-0.154172  	0.239958   	-0.182186  	-0.980228  	-0.0614214 	0.271537   	11.778     	33.4526    	13.6785    	39.0703    	7.13461    	9.81648    	4.14654    	7.97395    	16.8372    	38.0213    	12.1169    	36.0207    	13.9014    	31.2976    	11.324     	42.5924    	9.92786    	54.2293    	19.3101    	57.7441    	4.69927    	12.6479    	7.36438    	7.46533    	4.93405    	22.6407    	5.41469    	20.2166    	9.6035     	21.7681    	7.61641    	5.20081    	10.8359    	58.0378    	12.9168    	63.8385    	8.58401    	45.8536    	23.6509    	51.0395    	4.86138    	35.8092    	8.64416    	25.7259    	6.98412    	12.5196    	10.5949    	13.0696    	12.2409    	16.4605    	5.81261    	11.1487    	19.7671    	46.5235    	22.8547    	64.0355    	5.27161    	28.2983    	11.6609    	27.8342    	7.42351	9.20476	10.5305	19.8568	16.7779	7.21569	7.95632	8.79625	7.49606	10.3252	8.13068	16.4615	7.17926	9.80921	11.6622	0.999971   	0.000306232	-0.000127253	0.0570801  	0.325316   	0.143296   	0.156711   	0.325303   	2.10182	
2.05e-10   	0.2        	0.565538   	0.822557   	0.0359365  	0.255656   	-0.61267   	-0.738101  	-0.256779  	0.114996   	0.0957521  	-0.981241  	0.153028   	0.128684   	0.193676   	0.908848   	-0.358358  	0.0954469  	-0.317098  	-0.947191  	-0.00180668	0.227709   	0.718186   	0.668201   	0.183576   	0.193264   	-0.487322  	-0.862645  	-0.114751  	0.187908   	0.779989   	-0.473821  	0.371062   	0.081226   	0.491011   	0.868789   	-0.0410367 	0.23214    	-0.18733   	-0.978943  	0.0528742  	0.188125   	0.635607   	0.763032   	0.0921379  	0.235587   	-0.642926  	0.0357932  	-0.68072   	0.0452     	0.880881   	0.349484   	0.293993   	0.11895    	0.406957   	0.903935   	-0.117732  	0.177888   	-0.416865  	-0.905345  	-0.0595439 	0.222355   	5.20406    	17.9851    	5.17486    	12.2137    	5.40983    	12.9258    	7.75409    	6.43218    	4.50118    	12.3968    	3.43239    	12.333     	5.99215    	10.7137    	3.7588     	12.5495    	6.34693    	13.5346    	3.20233    	10.3689    	6.06341    	9.93946    	6.07644    	5.87226    	5.67436    	12.8544    	9.94696    	8.47098    	6.45791    	11.3861    	6.98933    	4.83223    	6.27623    	15.1592    	3.94329    	10.9149    	4.80181    	24.5767    	8.70751    	23.66      	8.59381    	15.1168    	14.1378    	5.8149     	6.72145    	12.2797    	15.9493    	10.6092    	4.48453    	11.2788    	11.8911    	4.2058     	3.48879    	21.2758    	6.56657    	19.7267    	3.99052    	16.1995    	8.12606    	11.8873    	9.3933	7.41587	6.80212	8.4747	8.77936	5.97933	5.83112	7.49475	8.34646	6.9853	7.91522	10.7433	7.4735	6.80638	6.77358	0.999886   	-9.46767e-05	0.000167441	0.028542   	0.3102     	0.136266   	0.162554   	0.31022    	2.03275	
2.1e-10    	-0         	0.539136   	0.841144   	-0.00812468	0.24067    	-0.738092  	-0.619407  	-0.254103  	0.133211   	-0.237808  	-0.929383  	0.269963   	0.129636   	0.026084   	0.900804   	-0.411966  	0.0908619  	-0.503258  	-0.861695  	0.043707   	0.233812   	0.678539   	0.71428    	0.162857   	0.168138   	-0.629124  	-0.768327  	-0.108258  	0.200525   	0.426994   	-0.622911  	0.614541   	0.0636717  	0.457748   	0.884315   	-0.076872  	0.219343   	-0.408242  	-0.90094   	0.130898   	0.195439   	0.59639    	0.798692   	0.0640569  	0.220881   	-0.756401  	-0.00550035	-0.606625  	0.0682273  	0.78124    	0.439226   	0.422333   	0.0952268  	0.350343   	0.910671   	-0.203085  	0.165792   	-0.568547  	-0.821458  	-0.0198824 	0.234192   	3.53779    	10.6041    	3.66692    	6.92722    	8.30052    	11.2819    	5.35821    	11.4594    	6.43701    	6.56547    	7.55255    	8.2368     	9.92642    	9.19366    	9.50409    	12.9094    	4.97153    	7.75777    	6.07166    	5.27474    	7.87384    	12.4113    	4.10674    	15.7006    	6.93736    	7.88674    	4.66546    	10.2404    	13.1034    	11.0365    	6.7726     	7.65569    	5.41758    	8.91748    	7.02365    	8.08699    	11.5656    	10.2126    	8.20546    	11.1474    	5.42402    	11.7267    	5.74345    	10.7587    	16.0249    	10.5535    	7.86613    	4.75199    	12.9383    	9.49018    	7.22195    	11.552     	9.8694     	6.38868    	10.6182    	7.10099    	4.62641    	12.6001    	3.53523    	11.5485    	5.61234	6.45178	7.35549	6.64473	6.18826	6.45877	8.31507	6.13478	6.8865	8.14563	7.42125	7.32774	6.01639	8.27253	6.82313	-0.00912235	-0.00409502	-0.0105406 	0.000501888	0.316481   	0.149286   	0.160951   	0.220787   	2.04492	
