#----------------------------------------------------------------------------------------------------------------------------------------------------------
# Output file for vampire simulation
#   time       : 2025-05-27 19:31:12     process id : 371502
#   hostname   : thor7.psi.ch
#   path       : /scratch/dossan_f/Na2BaMn(PO4)2/vampire_tripleUC_15mat_J2Ja_small_k0.035_Jnn0.11_Ba
#   version    : 6.0.0
#   githash    : 4c9651daecc86c3e6b6df0c8055fcd9e89fd900c
#----------------------------------------------------------------------------------------------------------------------------------------------------------
1e-11      	8          	0.999959   	-5.55246e-05	-0.00054826	0.969354   	0.999929   	0.000690945	-3.09185e-05	0.969482   	0.998938   	-0.00119924	0.00108192 	0.96851    	0.999942   	0.000637937	-0.000624574	0.969743   	0.999362   	-5.71274e-05	0.00115136 	0.968605   	0.999649   	-0.00107644	-0.000154738	0.968859   	0.999918   	0.000603838	0.000135155	0.969098   	0.999025   	-0.00121842	0.0010736  	0.968571   	0.999965   	0.0001543  	-0.000577249	0.969609   	0.998978   	-0.000305207	0.00121497 	0.968442   	0.999922   	-0.000521591	-0.000490559	0.969171   	0.999963   	0.000541232	-0.000186195	0.96962    	0.999229   	-0.00171058	9.43718e-05	0.968642   	0.999972   	0.000322973	-0.000218782	0.969734   	0.999712   	0.00103068 	0.000374195	0.968855   	262.879    	0.764142   	4.08666    	258.499    	238.909    	7.43867    	0.608038   	230.367    	569.676    	7.51896    	5.92424    	476.34     	180.301    	4.07124    	5.13006    	172.722    	491.093    	0.614556   	4.80229    	452.647    	413.248    	6.36709    	1.34207    	391.352    	334.191    	3.34107    	0.797659   	327.702    	544.745    	7.49309    	7.75288    	462.325    	200.725    	0.6987     	5.04663    	196.465    	572.964    	0.756788   	6.26253    	499.524    	311.588    	3.11252    	2.61401    	304.354    	203.675    	3.53304    	1.55522    	199.06     	499.811    	12.8584    	1.03882    	437.973    	175.544    	1.98899    	3.19638    	172.053    	407.299    	4.04362    	1.09006    	391.292    	54914.5	44995.2	225821	22817.7	176663	131555	89492.4	209693	29606	226312	77868	30767.3	182726	21242.3	128553	1          	-3.49071e-05	-1.15571e-06	0.969028   	5179.01    	0.394248   	0.127099   	5178.68    	1.42158e+06	
1.5e-11    	7.8        	0.999998   	-0.000114333	-8.43724e-05	0.968475   	0.999998   	0.000127573	8.45593e-05	0.968476   	0.999998   	1.80355e-05	-1.19582e-05	0.968499   	0.999998   	6.92732e-05	5.09937e-05	0.968493   	0.999998   	-6.74676e-05	3.2493e-05 	0.968471   	0.999998   	1.94706e-05	-0.000108122	0.968477   	0.999998   	-0.000116678	-1.38237e-06	0.968496   	0.999998   	0.000127515	8.64281e-05	0.968485   	0.999998   	-5.34907e-05	-0.000102512	0.968465   	0.999998   	4.37897e-05	-0.000193208	0.968493   	0.999997   	-3.41882e-05	0.00031687 	0.968476   	0.999998   	5.18792e-06	-0.00013502	0.968491   	0.999998   	6.63254e-05	-9.41496e-05	0.968482   	0.999998   	3.5671e-05 	-6.77167e-05	0.968477   	0.999998   	-7.65168e-05	0.000120621	0.968472   	0.0135782  	0.664905   	0.752788   	0.0135713  	0.0136946  	0.637671   	0.728273   	0.0136861  	0.0137139  	0.656448   	0.740426   	0.013722   	0.0149978  	0.646427   	0.810857   	0.0149856  	0.0138239  	0.579852   	0.847476   	0.013851   	0.0144749  	0.611841   	0.684725   	0.0144735  	0.0149987  	0.696995   	0.723375   	0.015      	0.015688   	0.602719   	0.756958   	0.0156798  	0.0150057  	0.561377   	0.689812   	0.015003   	0.0138978  	0.611229   	0.800585   	0.013894   	0.0144754  	0.672457   	0.824571   	0.0144737  	0.0149967  	0.567421   	0.915762   	0.0149985  	0.0154037  	0.618549   	0.796654   	0.0153949  	0.0140823  	0.560244   	0.706579   	0.0140839  	0.0145047  	0.532889   	0.771281   	0.0145096  	6.28175	6.31707	6.3494	6.96405	6.48318	6.83283	6.67632	7.00004	6.75696	6.41623	6.55704	6.72036	7.08455	6.6166	6.35237	1          	3.34983e-06	-7.09813e-06	0.96848    	0.0299919  	0.119155   	0.130815   	0.0299923  	2.4026	
2e-11      	7.6        	0.999997   	0.000228432	7.92145e-05	0.965115   	0.999997   	-0.000216248	-8.49291e-05	0.965124   	0.999997   	-2.70355e-05	1.09441e-05	0.965113   	0.999997   	5.03936e-05	-0.00017625	0.96513    	0.999997   	-0.000182102	0.000179763	0.965127   	0.999997   	0.000107253	6.01734e-06	0.965119   	0.999997   	-7.10022e-06	0.0001433  	0.965101   	0.999997   	-1.33996e-05	-8.39801e-05	0.965138   	0.999997   	2.22812e-05	-0.000113461	0.965121   	0.999997   	-4.2145e-05	-0.000143054	0.965138   	0.999997   	4.05452e-05	2.3846e-05 	0.965114   	0.999997   	-1.05007e-06	6.81025e-05	0.965145   	0.999997   	3.56259e-05	0.000180846	0.965126   	0.999997   	0.000127321	7.57055e-05	0.965098   	0.999997   	-0.000160741	-0.00030599	0.965121   	0.0179187  	0.771426   	0.897359   	0.0179111  	0.0178869  	0.706025   	0.886837   	0.0178901  	0.0190501  	0.695209   	1.02937    	0.0190488  	0.0182214  	0.736263   	0.951941   	0.0181926  	0.0190727  	0.629297   	1.09247    	0.0190534  	0.0187253  	0.728863   	0.961513   	0.0187408  	0.0184643  	0.687233   	0.998028   	0.0184771  	0.0180715  	0.724327   	1.04055    	0.0180624  	0.0179921  	0.829479   	1.07299    	0.017957   	0.0192131  	0.74637    	0.959489   	0.0192297  	0.019377   	0.7121     	0.943947   	0.0193777  	0.0183896  	0.781206   	0.97895    	0.018389   	0.0186044  	0.752683   	1.02326    	0.0186343  	0.0186108  	0.756343   	0.944761   	0.0186521  	0.0175006  	0.678143   	0.942963   	0.0174999  	7.24281	6.98227	7.41291	7.47998	7.76755	7.35831	7.44609	6.92203	7.42057	7.50507	7.33946	6.99032	7.09019	7.06439	6.87137	1          	-2.53265e-06	-9.3218e-06	0.965119   	0.0458971  	0.131026   	0.129115   	0.0458982  	2.7299	
2.5e-11    	7.4        	0.999996   	0.000155696	-2.23784e-05	0.96094    	0.999996   	8.6228e-05 	0.000118062	0.960955   	0.999996   	-0.000217052	-9.76737e-05	0.960938   	0.999996   	-0.000238117	-0.000234493	0.960928   	0.999996   	9.35719e-05	-0.000159403	0.960919   	0.999996   	0.000191622	0.000334996	0.960942   	0.999996   	-0.000176536	-0.000257574	0.960944   	0.999996   	4.12433e-05	0.000265297	0.960939   	0.999996   	0.000147989	1.19368e-05	0.960947   	0.999997   	-6.98922e-05	9.81716e-05	0.960951   	0.999997   	0.000142361	-0.000208239	0.96093    	0.999997   	-4.32875e-05	0.000187965	0.960941   	0.999996   	-0.000171403	-0.000122438	0.960956   	0.999996   	3.59129e-05	-8.64354e-05	0.960937   	0.999996   	0.000142477	0.000263458	0.960938   	0.0228944  	0.88958    	1.3162     	0.0229388  	0.0237612  	0.922091   	1.32149    	0.0237667  	0.0233836  	0.972132   	1.20063    	0.0234284  	0.0230543  	0.902429   	1.22371    	0.0230198  	0.0223012  	0.989433   	1.24712    	0.0223168  	0.0244554  	0.817254   	1.23081    	0.0244741  	0.0221366  	0.910157   	1.19867    	0.0221272  	0.0253851  	0.812384   	1.30544    	0.025382   	0.0229724  	0.776069   	1.34805    	0.0229546  	0.0241734  	0.789474   	1.21644    	0.0241807  	0.0241207  	0.73967    	1.10299    	0.0241129  	0.023986   	0.821744   	1.09686    	0.0239721  	0.0235436  	0.937793   	1.30408    	0.0235505  	0.0232623  	0.935611   	1.16745    	0.0232838  	0.0241364  	0.902264   	1.3697     	0.0241513  	7.92604	7.64472	7.86483	8.42999	7.94666	8.4515	7.74675	8.59919	8.08474	8.28021	8.38203	8.43746	7.7941	8.08357	8.1478	1          	8.05619e-06	6.08416e-06	0.960937   	0.0714009  	0.134201   	0.132998   	0.0714005  	2.84114	
3e-11      	7.2        	0.999995   	-0.000112883	-6.37687e-05	0.955608   	0.999995   	0.000337085	-0.000185248	0.955602   	0.999995   	-0.000217027	0.000219104	0.955587   	0.999996   	0.000106655	8.25298e-06	0.955599   	0.999995   	-0.000159976	-0.000306047	0.955612   	0.999996   	7.34226e-05	0.000259192	0.955593   	0.999996   	-8.13821e-07	0.000204878	0.955605   	0.999995   	-1.24242e-05	-0.00025108	0.955603   	0.999995   	-8.62373e-06	6.05905e-05	0.955609   	0.999995   	-0.000310289	0.000566061	0.955558   	0.999994   	0.000380238	-0.000589277	0.955578   	0.999996   	-0.00011528	3.69926e-05	0.955586   	0.999995   	5.25628e-05	0.000302846	0.955567   	0.999996   	3.14095e-05	-0.000624335	0.955595   	0.999995   	-1.93042e-05	0.000299168	0.955616   	0.0332328  	1.11045    	1.65473    	0.0331882  	0.0347544  	1.07599    	1.76033    	0.0346867  	0.0370449  	0.911929   	1.91313    	0.0371063  	0.0336393  	1.04353    	1.54396    	0.0336194  	0.0325844  	1.204      	1.56743    	0.032604   	0.0355236  	1.1639     	1.35474    	0.0355632  	0.0340848  	0.89816    	1.60517    	0.0340613  	0.0337304  	1.15652    	1.71595    	0.0337704  	0.0330704  	0.941125   	1.95164    	0.0330568  	0.0315991  	1.13515    	1.96638    	0.0315235  	0.0314677  	1.27358    	1.83599    	0.0314219  	0.03475    	1.0708     	1.4887     	0.0346787  	0.0332311  	1.08602    	1.75145    	0.0332763  	0.0318021  	0.948929   	1.48288    	0.0318108  	0.0330182  	1.08594    	1.60657    	0.0330674  	9.29121	9.72515	10.61	10.147	10.1283	10.266	10.261	9.67305	10.1227	8.85281	9.29118	9.57166	9.80798	9.28665	9.37339	1          	1.65093e-06	-4.17662e-06	0.95559    	0.114819   	0.134797   	0.142011   	0.114818   	3.06719	
3.5e-11    	7          	0.999992   	6.04805e-05	0.000660128	0.948486   	0.999994   	-9.57972e-05	2.06262e-05	0.948547   	0.999994   	4.8105e-05 	-0.000607836	0.948534   	0.999993   	-7.50264e-05	0.000330546	0.948538   	0.999994   	0.000272905	-0.000534868	0.948534   	0.999993   	-0.000190923	0.000191893	0.948558   	0.999993   	6.61932e-05	-0.000487752	0.948502   	0.999992   	2.57618e-05	0.000337915	0.948567   	0.999993   	-5.7368e-05	0.000149102	0.948565   	0.999992   	8.55386e-05	-0.000779674	0.948534   	0.999993   	0.000307584	0.000665515	0.948566   	0.999993   	-0.000431064	8.08084e-05	0.948551   	0.999994   	-0.000200718	-8.12516e-05	0.94853    	0.999993   	8.82015e-06	0.000403036	0.948571   	0.999992   	0.000167596	-0.000389976	0.948565   	0.0464045  	1.30559    	2.96135    	0.0463462  	0.0484773  	1.52665    	2.08645    	0.0483901  	0.0470762  	1.42231    	2.11485    	0.0470133  	0.0478499  	1.45251    	2.40096    	0.0477974  	0.0467811  	1.12257    	2.19507    	0.0468249  	0.0501584  	1.58402    	2.58848    	0.0501914  	0.0478505  	1.25057    	2.64271    	0.0476775  	0.0427589  	1.22356    	3.23374    	0.0428142  	0.0435509  	1.31298    	2.7011     	0.0436167  	0.0466228  	1.45187    	2.83818    	0.0466678  	0.0488104  	1.34371    	2.46611    	0.0487426  	0.0445581  	1.25755    	2.55392    	0.0445042  	0.0472184  	1.45882    	2.16391    	0.0472588  	0.0510299  	1.48923    	2.43591    	0.0511557  	0.044647   	1.65769    	2.71949    	0.0446188  	11.4807	11.6891	11.1101	12.6558	11.6866	12.7227	11.6195	10.9567	11.0327	10.9934	12.1196	11.1226	12.111	12.7754	11.1253	1          	-5.33611e-07	-2.78419e-06	0.948537   	0.192566   	0.134316   	0.147508   	0.192567   	3.04269	
4e-11      	6.8        	0.999989   	-0.00013303	0.000272331	0.938789   	0.999989   	-0.000258136	0.000731999	0.938838   	0.999991   	0.000346103	-0.000970472	0.938777   	0.999988   	-7.40293e-05	0.000728729	0.938791   	0.999987   	-0.000294154	-1.58444e-05	0.938827   	0.99999    	0.000343174	-0.000655439	0.938802   	0.999988   	0.000165482	-0.000253382	0.938816   	0.999987   	4.27695e-05	0.000890088	0.938811   	0.999988   	-0.000171154	-0.000565683	0.938828   	0.999987   	-4.30705e-05	-0.000134001	0.938748   	0.999989   	-0.000245441	0.000419214	0.938778   	0.999987   	0.000319221	-0.000335766	0.93882    	0.99999    	0.000277376	-5.43869e-05	0.938835   	0.999989   	-0.000465942	0.000498411	0.938787   	0.999988   	0.000179185	-0.000466815	0.938786   	0.0725582  	1.66999    	4.52533    	0.0726859  	0.0795064  	1.46708    	4.58143    	0.0793458  	0.0854896  	1.74095    	2.95459    	0.0854339  	0.0739496  	1.75888    	4.96394    	0.0738576  	0.071833   	2.54225    	4.90951    	0.0714803  	0.0773103  	1.95779    	3.70696    	0.0770494  	0.0814366  	1.77001    	4.96508    	0.0810483  	0.0762537  	1.65262    	5.62678    	0.0758705  	0.0726666  	1.87388    	4.72914    	0.0725831  	0.0855358  	2.39333    	4.9497     	0.0857132  	0.0818534  	1.91148    	4.28292    	0.0815742  	0.0759135  	1.82872    	5.51558    	0.0752888  	0.0809908  	2.14511    	3.79448    	0.0811221  	0.0754556  	1.99604    	3.96916    	0.0753173  	0.0823494  	1.89272    	4.83738    	0.0822295  	14.286	14.8913	16.0347	14.74	14.4637	14.6806	15.3188	15.7754	14.7467	16.1194	15.5928	13.8671	14.9375	14.394	15.0002	1          	-7.93833e-07	5.91713e-06	0.938791   	0.407524   	0.141885   	0.136326   	0.407524   	2.8043	
4.5e-11    	6.6        	0.999947   	-3.07467e-05	0.00729093 	0.923655   	0.99996    	0.000341679	-0.00410829	0.923636   	0.999952   	-0.000268797	-0.00321755	0.923557   	0.999957   	-0.000753013	0.00379104 	0.923622   	0.999953   	-0.00013244	-0.00589235	0.923689   	0.999963   	0.000843157	0.00211621 	0.92356    	0.999958   	3.38779e-05	-0.00357857	0.923709   	0.999963   	8.29394e-05	-0.00130121	0.923471   	0.99996    	-7.29541e-05	0.00486524 	0.923558   	0.999953   	-0.000186214	-0.0037823 	0.92342    	0.999925   	0.000875023	0.00566357 	0.923616   	0.99995    	-0.000634488	-0.00185842	0.923625   	0.999944   	-4.4149e-05	0.00473687 	0.923706   	0.999963   	-4.68154e-05	0.000275701	0.923455   	0.999959   	4.90176e-05	-0.0049826 	0.923475   	0.230276   	1.97464    	12.764     	0.225868   	0.285737   	2.9547     	14.3038    	0.281272   	0.226507   	2.39508    	21.2362    	0.223593   	0.231592   	2.46275    	17.2417    	0.229588   	0.232175   	2.76677    	13.4505    	0.230885   	0.242594   	2.86243    	16.0492    	0.240796   	0.282518   	2.57468    	17.1472    	0.272499   	0.237486   	2.47198    	17.536     	0.234919   	0.207998   	2.2757     	13.0461    	0.206666   	0.261195   	3.06345    	18.8017    	0.259022   	0.232412   	2.57577    	29.7582    	0.221613   	0.232816   	2.96511    	23.3079    	0.232376   	0.216724   	3.07694    	21.2944    	0.209052   	0.231957   	3.36692    	16.8184    	0.230539   	0.222782   	2.67492    	12.8549    	0.221153   	29.3532	27.9866	28.0502	22.1724	23.6329	29.084	30.0145	25.1944	27.382	31.0752	28.3869	27.4725	26.7644	26.2487	28.3006	1          	3.79519e-06	1.35744e-06	0.923541   	1.82976    	0.138505   	0.142117   	1.82976    	6.1263	
5e-11      	6.4        	0.999032   	0.000754395	0.0429071  	0.895351   	0.999483   	-0.000213573	-0.0272123 	0.881847   	0.999677   	-0.000490248	-0.0157955 	0.901315   	0.999712   	0.00040932 	0.00968881 	0.897322   	0.999005   	-0.00119173	-0.042316  	0.899344   	0.999376   	0.000789704	0.0331375  	0.882116   	0.999206   	-0.000190563	-0.0391347 	0.88355    	0.999907   	0.000564478	-0.00247749	0.893537   	0.999084   	-0.000365027	0.0408017  	0.901789   	0.999286   	0.000192564	-0.0360265 	0.90385    	0.999045   	-0.000133847	0.0429255  	0.886486   	0.999928   	-2.69976e-05	-0.00605433	0.88833    	0.999779   	0.000212842	0.0148469  	0.884425   	0.999486   	0.000460538	0.0283091  	0.903193   	0.999002   	-0.000652822	-0.0436622 	0.890748   	2.07096    	2.93687    	21.3267    	1.88028    	8.48882    	2.20826    	71.8476    	9.12338    	1.17056    	2.20073    	101.509    	1.31519    	1.51601    	2.32889    	123.006    	1.60896    	1.30034    	3.05608    	48.1502    	1.04511    	8.75867    	3.3271     	34.3705    	9.17951    	7.72228    	2.3346     	11.4957    	7.51486    	2.24792    	2.58301    	43.6551    	2.24849    	0.800722   	2.46377    	41.2023    	0.814176   	0.65972    	2.60838    	31.5614    	0.760453   	5.82593    	3.22775    	13.5728    	5.53085    	4.17291    	2.39984    	24.9019    	4.21807    	6.84621    	2.40493    	53.5747    	6.98703    	0.787448   	2.04238    	57.656     	0.963454   	3.81228    	2.27114    	20.317     	3.5502     	182.37	342.367	598.255	403.449	317.795	344.234	292.994	178.746	482.536	653.673	157.027	127.71	243.47	674.997	124.944	1          	7.53201e-06	-1.562e-06 	0.892344   	29.5117    	0.138833   	0.150907   	29.5117    	310.23	
5.5e-11    	6.2        	0.995767   	-0.000701726	0.0902562  	0.863678   	0.999885   	0.000768618	-0.0135855 	0.851482   	0.997049   	-3.22766e-05	-0.0755527 	0.877417   	0.997899   	0.000861142	0.0638725  	0.873393   	0.995054   	-6.8201e-05	-0.0981064 	0.870298   	0.999363   	-0.000782127	0.0348186  	0.849017   	0.998412   	-0.000495048	-0.0554596 	0.850113   	0.998853   	-8.80222e-05	-0.0468265 	0.867258   	0.994798   	0.000613114	0.100369   	0.875529   	0.995058   	-0.000143295	-0.0981586 	0.878023   	0.997131   	-0.000751454	0.0749392  	0.853972   	0.999638   	0.000838062	0.0256375  	0.861307   	0.999968   	0.000359241	-0.00581103	0.855419   	0.995898   	-0.000534277	0.0891321  	0.879303   	0.996231   	9.24772e-05	-0.0855677 	0.858472   	1.16937    	2.8488     	69.3472    	0.871328   	11.0629    	2.60548    	7.95811    	11.2506    	9.26905    	2.82887    	40.7473    	6.774      	5.30935    	2.20462    	25.3463    	4.13962    	4.51027    	2.34926    	54.431     	2.20365    	16.1721    	2.14691    	12.6008    	16.9347    	12.3341    	2.30307    	22.2045    	13.8695    	1.05432    	2.27184    	21.8494    	0.938318   	11.0068    	2.08666    	67.806     	6.29116    	12.4515    	3.13682    	48.8237    	8.45283    	4.8752     	2.08607    	26.0028    	6.2827     	2.55163    	2.68018    	12.9532    	2.61526    	6.07429    	1.897      	5.42643    	6.08055    	12.5007    	2.0697     	54.5952    	8.65889    	2.14337    	2.42882    	46.988     	3.36294    	134.989	1872.03	1434.06	827.175	661.367	2698.26	2052.17	117.681	1734.57	1952.44	813.751	396.967	1009.87	1951.35	349.563	1          	-3.64863e-06	-1.98114e-06	0.862054   	4.54214    	0.13898    	0.145356   	4.54215    	26.3936	
6e-11      	6          	0.991308   	0.000524419	0.131376   	0.837708   	0.99981    	-0.00012932	0.0131818  	0.841015   	0.989341   	-0.000458924	-0.144479  	0.83921    	0.991658   	0.0009812  	0.127841   	0.83936    	0.98894    	-0.000728408	-0.148068  	0.838146   	0.999732   	-0.000279955	0.0204475  	0.8405     	0.998617   	-0.000226213	-0.0518691 	0.840187   	0.994014   	0.00050442 	-0.108296  	0.83984    	0.987083   	-0.000256697	0.159844   	0.838523   	0.986749   	-0.000297784	-0.161738  	0.838401   	0.996588   	-0.000220788	0.0821506  	0.839832   	0.996712   	0.000501523	0.0798201  	0.840041   	0.998713   	0.000805818	-0.0488168 	0.840742   	0.987474   	-0.000546664	0.15711    	0.838814   	0.994071   	-0.000261012	-0.108427  	0.838584   	1.41942    	2.7686     	7.75182    	0.999077   	15.4114    	2.50743    	44.7223    	15.8852    	11.2666    	2.46097    	66.3914    	5.19643    	4.92877    	2.92321    	55.8657    	2.18899    	4.44078    	2.18939    	12.8625    	2.86223    	14.2172    	2.50229    	23.5551    	13.587     	10.8946    	2.22549    	13.6635    	10.1025    	2.13443    	2.76763    	44.4442    	2.01658    	10.0393    	2.19503    	20.5025    	6.15876    	13.0448    	2.46747    	30.1702    	7.74637    	6.78275    	2.84108    	10.7519    	6.01221    	3.50293    	2.05826    	43.3015    	4.83202    	8.81905    	2.65343    	41.7406    	10.1989    	14.169     	2.60015    	39.2665    	8.20227    	2.09395    	2.88948    	11.921     	1.77346    	206.695	2452.92	1664.96	694.104	638.609	2224.02	1719.85	294.462	1474.46	1959.44	1075.74	511.5	1356.27	2145.69	324.357	1          	-5.50262e-06	4.5798e-06 	0.833849   	2.62895    	0.137716   	0.143574   	2.62895    	11.3508	
6.5e-11    	5.8        	0.986035   	-0.000326495	0.166327   	0.81407    	0.999006   	-0.000340487	0.0440723  	0.83142    	0.977054   	0.000752956	-0.212792  	0.803679   	0.981511   	-0.0011447 	0.191266   	0.808286   	0.981582   	0.000396903	-0.190904  	0.80695    	0.999978   	0.000689174	-0.000440671	0.833072   	0.999024   	0.000157798	-0.04328   	0.830216   	0.986175   	-8.13027e-05	-0.165508  	0.815755   	0.9774     	-7.31767e-05	0.211232   	0.802733   	0.974923   	-0.000130477	-0.222424  	0.800593   	0.996041   	-0.000551075	0.0882819  	0.825988   	0.991446   	0.000661796	0.130213   	0.822407   	0.995972   	0.000215296	-0.0893967 	0.827591   	0.974887   	-0.000522708	0.222483   	0.80123    	0.991584   	0.000295343	-0.129238  	0.82009    	1.05965    	2.91741    	12.6803    	1.50688    	4.39059    	2.4205     	7.57601    	4.34723    	6.05583    	2.39126    	13.2214    	4.0206     	4.06031    	2.57653    	7.2422     	2.76479    	1.45211    	2.98598    	7.6577     	1.1559     	2.73783    	2.9193     	6.75756    	2.73432    	2.79724    	3.03682    	13.9449    	2.54369    	2.4266     	2.40752    	10.8149    	1.56655    	1.68115    	2.791      	11.2392    	1.27336    	2.60598    	2.6128     	7.88406    	2.28508    	4.71593    	2.67226    	20.0295    	3.75307    	2.77435    	2.38654    	13.9569    	1.82182    	1.83465    	2.22985    	8.75245    	2.12368    	5.68417    	2.52016    	14.4929    	2.92935    	2.48903    	3.20322    	9.62712    	2.78977    	146.964	653.689	832.844	536.727	196.492	439.395	438.13	318.384	213.931	349.593	724.94	404.676	265.542	752.194	378.634	1          	1.51333e-06	1.45752e-06	0.806178   	1.97147    	0.142367   	0.146669   	1.97146    	7.12045	
7e-11      	5.6        	0.983268   	-0.000111225	0.181961   	0.786488   	0.99924    	0.000524359	0.0379167  	0.816067   	0.974262   	-0.000419567	-0.22531   	0.767195   	0.978662   	-5.87543e-05	0.205369   	0.775772   	0.977838   	3.22285e-05	-0.209222  	0.774999   	0.99996    	4.31916e-05	0.00399363 	0.819198   	0.998838   	-0.00121046	-0.0476627 	0.817662   	0.984287   	0.00133766 	-0.176443  	0.786617   	0.973242   	-0.00011572	0.229711   	0.765783   	0.970489   	-0.000255068	-0.241059  	0.76227    	0.99527    	0.000812679	0.0969125  	0.811018   	0.990776   	-0.000544081	0.135248   	0.796741   	0.995991   	-3.48085e-05	-0.0889086 	0.808198   	0.97119    	0.000460028	0.238204   	0.761814   	0.990114   	-0.000462518	-0.140034  	0.799344   	3.06058    	2.32575    	11.481     	2.06032    	3.28299    	2.52934    	14.7797    	3.0467     	1.77883    	3.20811    	6.24933    	2.05083    	1.66114    	2.59591    	5.60308    	1.20363    	2.73976    	2.61088    	8.12578    	2.20969    	2.85781    	2.40038    	11.6836    	2.87938    	2.25715    	2.76538    	8.1217     	2.36818    	1.57917    	2.54183    	6.26504    	1.22581    	2.84846    	3.06125    	2.74767    	2.44799    	3.23346    	2.93123    	5.15579    	3.60606    	1.29341    	2.83631    	6.65769    	1.40372    	2.72708    	2.78608    	10.8366    	2.11787    	3.14808    	3.00139    	16.5311    	2.30039    	2.87687    	2.69609    	6.98994    	3.57179    	0.777235   	2.71949    	10.5427    	0.768853   	391.827	480.333	231.375	229.2	341.767	398.716	333.427	206.406	358.464	406.599	199.154	365.789	435.304	357.346	114.115	1          	-9.04538e-07	4.41384e-06	0.778754   	1.62257    	0.142767   	0.139558   	1.62256    	5.24428	
7.5e-11    	5.4        	0.977176   	-0.000287992	0.212235   	0.758377   	0.999424   	0.000533661	0.0327943  	0.802622   	0.967366   	-0.00027109	-0.253308  	0.735297   	0.974089   	-0.000724003	0.226073   	0.747291   	0.970689   	0.000620535	-0.240124  	0.744551   	0.99985    	0.000131137	0.0135842  	0.803885   	0.998478   	5.18205e-06	-0.0533743 	0.798986   	0.980451   	-0.000268878	-0.196625  	0.760494   	0.966337   	0.000330569	0.257091   	0.735852   	0.963008   	0.00012977 	-0.269359  	0.72924    	0.994072   	-0.000983853	0.107813   	0.790454   	0.988932   	0.000852063	0.148038   	0.775179   	0.995916   	-0.000339383	-0.0897855 	0.792275   	0.963159   	0.000104806	0.268874   	0.727881   	0.98633    	0.000233193	-0.16439   	0.775086   	1.35841    	2.1551     	13.3397    	1.38296    	2.6999     	2.61497    	13.5037    	2.9169     	3.09163    	2.25417    	4.10636    	2.82401    	2.40958    	2.37052    	4.5863     	1.82995    	1.59316    	2.59623    	16.3518    	2.22477    	2.63109    	2.98224    	20.9722    	2.52071    	3.20585    	2.34779    	36.6034    	2.58435    	2.52601    	1.95619    	7.41399    	1.65514    	2.25878    	2.03619    	16.8121    	4.30279    	3.00635    	3.09242    	8.38236    	4.05253    	4.10662    	2.72261    	35.5976    	2.84654    	2.51311    	2.60942    	15.917     	2.24591    	1.22867    	2.67786    	15.3088    	1.18758    	3.12397    	2.61754    	3.61889    	3.82802    	3.19445    	2.32572    	21.1789    	1.6912     	170.174	371.816	367.93	289.581	202.962	353.369	408.442	310.598	291.715	383.848	513.425	320.305	170.311	373.43	404.212	1          	4.40578e-06	-1.49178e-05	0.75151    	1.40681    	0.141799   	0.135779   	1.40681    	4.21319	
8e-11      	5.2        	0.972354   	0.000952769	0.233345   	0.72896    	0.998822   	8.46768e-05	0.0477263  	0.785554   	0.957101   	-0.00112634	-0.28964   	0.710043   	0.966308   	0.000277201	0.257249   	0.722757   	0.965004   	-0.000641243	-0.262148  	0.715305   	0.999968   	0.00033311 	0.0022522  	0.784405   	0.998979   	-0.000342147	-0.0443973 	0.775697   	0.9743     	-0.000154423	-0.225115  	0.737872   	0.959993   	0.000513968	0.279948   	0.707675   	0.954447   	-0.00103283	-0.298294  	0.700095   	0.995119   	0.000980032	0.0983721  	0.767099   	0.983311   	-5.36948e-05	0.181733   	0.754407   	0.993657   	0.000730577	-0.112138  	0.775338   	0.952163   	-0.00023858	0.305503   	0.698989   	0.984771   	-0.000486739	-0.173663  	0.748704   	2.15943    	2.57191    	10.0547    	1.6055     	2.15135    	3.33681    	11.8076    	2.11404    	3.28598    	2.67773    	8.71084    	4.193      	1.96291    	2.28952    	9.22444    	1.37375    	2.74479    	2.6375     	4.74943    	2.72895    	2.60087    	2.35277    	9.15047    	2.61726    	4.05597    	2.51896    	11.1963    	4.3646     	2.69325    	3.05871    	7.70115    	2.5529     	2.57199    	2.39383    	4.55168    	2.8471     	3.32295    	2.97349    	5.68026    	3.98002    	2.88422    	2.98251    	8.25052    	2.88649    	3.10782    	2.66075    	9.81673    	2.14439    	2.29715    	2.71336    	10.3677    	1.83054    	2.89123    	3.23785    	7.07881    	4.82952    	2.61629    	2.07716    	9.24806    	1.684      	250.151	253.868	399.283	227.983	324.882	302.944	470.828	310.136	300.313	395.862	341.162	353.36	275.559	324.983	319.584	1          	-2.96062e-06	-1.55553e-06	0.724393   	1.19585    	0.138416   	0.148378   	1.19586    	3.39641	
8.5e-11    	5          	0.968416   	-0.000113236	0.249225   	0.69648    	0.999015   	-0.000753044	0.0436252  	0.764821   	0.954473   	0.00097568 	-0.298173  	0.684513   	0.964359   	-0.000729496	0.264506   	0.696682   	0.960618   	0.000829652	-0.277779  	0.685337   	0.999949   	-0.000111471	0.00705031 	0.761564   	0.999382   	0.000105629	-0.034264  	0.75195    	0.970595   	-3.96499e-05	-0.24062   	0.71045    	0.958215   	-5.58434e-05	0.285942   	0.67915    	0.953085   	0.00042287 	-0.3026    	0.671939   	0.997047   	0.000901419	0.0760164  	0.739007   	0.978226   	-0.00128745	0.207373   	0.730836   	0.991844   	0.000323041	-0.127296  	0.754739   	0.948529   	0.000205698	0.316447   	0.672481   	0.985578   	-0.000524075	-0.16897   	0.716112   	6.24804    	2.43312    	7.3864     	7.03571    	2.35978    	2.66533    	9.38873    	2.16312    	3.36766    	2.36167    	7.64116    	2.2863     	1.63206    	3.02944    	4.77299    	2.00409    	3.74476    	2.87116    	4.04907    	3.00388    	2.40279    	2.24783    	7.36131    	2.40042    	1.02752    	2.80964    	8.44526    	0.995017   	3.79355    	2.93723    	4.03962    	3.14538    	3.42808    	3.04835    	7.2971     	4.57105    	2.2981     	2.58755    	7.54266    	3.44035    	3.62406    	2.94234    	17.5393    	3.47901    	5.58568    	3.05198    	7.8146     	4.55407    	3.50822    	3.68282    	3.64384    	3.10291    	3.95911    	2.52813    	18.1368    	2.08034    	10.1132    	2.64781    	14.2763    	13.0117    	650.093	286.839	367.6	183.014	389.318	280.83	130.337	395.683	366.215	250.654	399.147	590.265	382.33	423.749	1075.18	1          	9.19534e-07	-2.78723e-05	0.697322   	1.10918    	0.141447   	0.148539   	1.10918    	3.5448	
9e-11      	4.8        	0.96257    	-0.00049305	0.270946   	0.658654   	0.99932    	0.000252913	0.0361696  	0.743257   	0.952386   	0.000219059	-0.304808  	0.665855   	0.95791    	0.000555267	0.286952   	0.67683    	0.952753   	-0.000617847	-0.303658  	0.656561   	0.999953   	6.64919e-05	0.00564139 	0.736819   	0.999404   	-0.000714023	-0.0332008 	0.728679   	0.967111   	0.000380741	-0.254267  	0.686429   	0.953351   	0.000386714	0.301726   	0.648924   	0.949729   	0.00033331 	-0.312979  	0.637686   	0.997606   	0.000501602	0.0686732  	0.7101     	0.975722   	-0.000788471	0.218906   	0.714478   	0.991334   	8.14035e-05	-0.131184  	0.74054    	0.946329   	0.000675048	0.323115   	0.647611   	0.984863   	-0.00075942	-0.17306   	0.67433    	2.44334    	2.85549    	3.23128    	2.02922    	1.07578    	3.37912    	5.7922     	1.07603    	2.5705     	2.50086    	4.29309    	1.72098    	3.28813    	3.36491    	5.42978    	2.30494    	2.32087    	2.70152    	4.34413    	1.96138    	1.60756    	4.17264    	6.63979    	1.6116     	1.93717    	2.73605    	12.5304    	1.85333    	2.75765    	2.60583    	3.6879     	2.44223    	2.68728    	2.09539    	9.07275    	2.47173    	1.16645    	2.42017    	6.06547    	1.98619    	1.62497    	3.34853    	7.03914    	1.41428    	1.48694    	2.43197    	5.14913    	1.32136    	1.90256    	3.33759    	4.73501    	1.64654    	1.84771    	2.78309    	5.08687    	2.01308    	2.39238    	2.96085    	10.5803    	2.20084    	251.427	114.317	280.354	349.89	226.286	166.774	199.306	270.134	269.365	119.235	187.364	155.062	211.414	188.431	241.941	1          	4.82873e-07	-5.49807e-05	0.670305   	0.97956    	0.136067   	0.145368   	0.979562   	3.20058	
9.5e-11    	4.6        	0.944073   	0.000662886	0.329125   	0.629608   	0.999683   	9.08195e-05	0.0199807  	0.734552   	0.939358   	-0.000786092	-0.342845  	0.640036   	0.949268   	0.00053931 	0.314329   	0.656794   	0.936358   	-0.000326399	-0.350952  	0.628162   	0.99978    	-0.000266241	0.0181719  	0.718083   	0.999022   	-0.000707256	-0.0422759 	0.706775   	0.961501   	-0.000133058	-0.274604  	0.659242   	0.943351   	0.000896719	0.331709   	0.625218   	0.941122   	0.000341211	-0.337899  	0.610118   	0.996559   	-4.3722e-05	0.080538   	0.686186   	0.973489   	-0.000211251	0.228418   	0.690678   	0.991512   	-0.00117939	-0.128991  	0.72561    	0.932869   	0.000887268	0.360103   	0.619376   	0.977895   	0.000416955	-0.207774  	0.647141   	8.89583    	3.35101    	41.0359    	1.93525    	8.72191    	3.44395    	36.8092    	8.15652    	3.64541    	3.17182    	4.55038    	2.93223    	2.21578    	3.64868    	10.5292    	4.17186    	3.50171    	3.33193    	4.4347     	2.88699    	5.08578    	4.24228    	14.1161    	5.35054    	3.68315    	2.56189    	23.8369    	3.1903     	4.57346    	2.87088    	10.0556    	2.42468    	3.44141    	2.21683    	5.21853    	3.59246    	2.62732    	2.97325    	13.4217    	5.48965    	9.0839     	3.26021    	52.094     	6.30175    	4.95483    	3.66003    	15.6099    	2.18631    	9.05044    	3.23854    	37.9226    	5.35962    	2.02548    	2.60938    	7.25612    	2.03091    	8.81597    	3.34763    	66.142     	3.76988    	727.888	828.533	335.193	214.251	291.705	482.675	354.128	393.334	314.79	256.319	880.602	461.692	878.282	193.463	781.86	1          	-7.4727e-06	-1.87266e-05	0.643317   	0.977789   	0.139319   	0.153381   	0.977786   	3.00963	
1e-10      	4.4        	0.925929   	0.000698881	0.377622   	0.601622   	0.999968   	-0.000205317	-0.00383928	0.717836   	0.932338   	-0.000423702	-0.361485  	0.615676   	0.94708    	-0.000738653	0.320925   	0.624338   	0.929866   	-0.00115166	-0.3678    	0.601337   	0.99957    	0.0016089  	0.0285763  	0.698681   	0.998361   	-0.00170612	-0.0568704 	0.679274   	0.959434   	0.00120355 	-0.281834  	0.638411   	0.933892   	0.000674358	0.357485   	0.597769   	0.92963    	-7.78876e-05	-0.368409  	0.590772   	0.994515   	0.000652478	0.104291   	0.646979   	0.972572   	-0.000571367	0.232447   	0.675276   	0.9928     	0.000173763	-0.11951   	0.70742    	0.92429    	-0.000851228	0.381554   	0.599009   	0.970256   	0.000665465	-0.241891  	0.611215   	2.67908    	3.34082    	2.61392    	2.09159    	3.03131    	4.11514    	4.06294    	3.02149    	2.68613    	2.74301    	5.23855    	1.52665    	2.67268    	2.85404    	2.65016    	2.40469    	2.85783    	3.07233    	4.4592     	2.15246    	3.71839    	3.23438    	3.32927    	3.80243    	1.94367    	2.46488    	2.97604    	1.85169    	3.17253    	3.08962    	3.26848    	2.39502    	1.61633    	2.92653    	3.01886    	1.88271    	3.14819    	3.0657     	4.19561    	3.29993    	6.33049    	2.71068    	5.6666     	6.25462    	3.52258    	3.68237    	6.20878    	2.95874    	3.72945    	4.50993    	5.46585    	3.27536    	8.45811    	3.10635    	5.23147    	4.82158    	4.81389    	3.66065    	9.13433    	6.5653     	224.34	246.794	237.829	229.681	247.561	305.83	163.576	260.863	145.902	276.585	517.264	330.976	296.828	720.912	371.839	1          	1.43765e-07	-9.59128e-05	0.616338   	0.894466   	0.136707   	0.161364   	0.894462   	3.05578	
1.05e-10   	4.2        	0.912542   	-0.00121367	0.408926   	0.575097   	0.999729   	0.00104863 	-0.0220012 	0.696155   	0.929307   	-0.000172068	-0.369237  	0.5886     	0.938247   	-0.000695708	0.345894   	0.595358   	0.924425   	0.000765371	-0.381282  	0.577853   	0.999772   	-7.781e-05 	0.0203008  	0.675002   	0.998154   	0.000745256	-0.0603379 	0.656753   	0.955786   	-0.000424446	-0.293974  	0.609308   	0.927302   	-0.000454862	0.374242   	0.571514   	0.923985   	0.00151226 	-0.382356  	0.566511   	0.99515    	-0.000542728	0.0980911  	0.613124   	0.968479   	-0.000875578	0.248961   	0.655116   	0.992017   	-0.000318181	-0.125945  	0.686868   	0.919935   	-0.00028471	0.392014   	0.575477   	0.968729   	0.000720041	-0.248003  	0.574949   	3.17374    	2.39763    	1.5082     	2.25866    	0.850239   	4.18452    	4.71561    	0.864607   	2.22551    	2.97167    	2.84261    	2.14272    	2.45459    	2.87038    	2.45695    	2.1005     	2.30181    	3.50035    	2.63304    	1.71325    	1.42023    	3.5298     	2.79947    	1.42853    	1.91237    	4.13811    	2.51977    	1.93981    	2.97139    	3.53334    	3.08528    	3.39059    	1.78262    	2.72039    	2.50132    	1.32685    	1.72858    	3.64659    	1.68551    	1.65162    	2.25902    	2.67604    	3.93694    	2.30135    	1.84702    	4.42188    	4.94432    	1.98545    	2.58061    	3.64103    	2.11256    	2.36272    	2.09378    	3.06006    	1.52047    	1.8704     	1.9896     	3.03745    	2.92695    	1.67285    	241.668	82.9476	175.188	172.729	184.584	123.223	155.917	218.696	142.128	144.117	170.401	156.985	201.812	161.776	159.587	1          	-1.54705e-05	1.09123e-05	0.589272   	0.88945    	0.140667   	0.164076   	0.889454   	2.592	
1.1e-10    	4          	0.895284   	-0.000610735	0.44542    	0.551203   	0.999434   	-1.45817e-05	-0.0329915 	0.678924   	0.919122   	0.000538885	-0.39391   	0.559917   	0.927907   	0.00028169 	0.372748   	0.566358   	0.914233   	0.000372661	-0.405085  	0.551974   	0.999817   	-0.000585252	0.0176872  	0.656592   	0.997819   	-0.000943996	-0.0655835 	0.631736   	0.950102   	-6.62813e-06	-0.311858  	0.580829   	0.918082   	0.000964494	0.396307   	0.549476   	0.915288   	-0.00138696	-0.402722  	0.545601   	0.995137   	0.00196488 	0.0981683  	0.582636   	0.963502   	-0.000627288	0.267601   	0.630656   	0.990907   	-0.000153053	-0.134406  	0.665212   	0.911617   	-0.000512539	0.410981   	0.55182    	0.966037   	0.000651378	-0.25829   	0.542927   	2.62647    	4.59584    	1.29613    	1.87651    	1.30248    	4.40527    	2.00149    	1.32864    	2.04488    	3.7197     	1.33116    	2.07906    	2.02933    	3.14289    	1.44281    	1.76574    	2.22109    	6.26473    	1.55809    	1.76592    	1.39392    	5.34699    	1.92283    	1.39278    	1.95785    	4.84687    	2.20648    	1.89168    	2.2104     	3.83646    	1.56553    	2.06619    	1.82744    	4.24833    	1.92799    	1.59098    	2.48102    	3.53055    	2.02215    	2.16287    	1.64918    	3.82558    	2.88402    	1.62931    	1.71861    	4.03478    	2.75056    	1.58729    	1.57795    	3.82722    	1.52903    	1.48512    	1.98336    	2.62671    	1.71736    	1.47208    	3.34112    	4.15888    	1.41723    	3.39695    	186.612	103.479	150.217	146.558	157.786	114.28	140.495	156.239	133.731	178.18	122.138	127.348	117.465	150.859	206.013	1          	-2.30157e-05	3.0931e-05 	0.562232   	0.831806   	0.140846   	0.160841   	0.831807   	2.68449	
1.15e-10   	3.8        	0.873178   	0.000940181	0.487354   	0.52413    	0.999034   	-0.000793388	-0.0435143 	0.662717   	0.907897   	6.11772e-06	-0.419129  	0.535088   	0.915419   	0.000691069	0.402426   	0.537764   	0.904296   	-0.00178479	-0.426841  	0.528005   	0.999892   	0.0008755  	0.012866   	0.635972   	0.997368   	9.15954e-05	-0.0721255 	0.609539   	0.944174   	-0.000455575	-0.32935   	0.554102   	0.905912   	0.000302021	0.423414   	0.523675   	0.90448    	-3.67484e-07	-0.426462  	0.521512   	0.995202   	-0.000893764	0.0975532  	0.555231   	0.957875   	0.000763686	0.287107   	0.606807   	0.99008    	-0.0011281 	-0.140377  	0.645172   	0.90046    	0.000803966	0.434892   	0.526991   	0.961075   	0.000694898	-0.276195  	0.512158   	2.19358    	2.82341    	0.772947   	1.7086     	1.21136    	3.95769    	1.33407    	1.19223    	1.61505    	3.51494    	1.12901    	1.32416    	2.34885    	3.93604    	1.19791    	1.79636    	2.52569    	3.25893    	0.985181   	2.07011    	1.59083    	4.879      	1.59092    	1.59876    	1.1817     	4.77125    	1.77259    	1.18752    	2.35882    	4.71846    	1.20619    	2.02509    	2.26917    	2.56837    	1.03182    	1.95338    	1.59084    	2.75662    	0.916171   	1.16545    	1.76247    	4.28572    	1.16233    	1.78058    	1.06282    	3.77788    	1.38447    	0.959486   	1.27213    	3.2314     	1.42168    	1.17063    	1.62682    	2.74194    	0.750045   	1.53267    	1.80512    	2.96223    	0.991125   	1.53764    	145.511	90.1075	117.453	148.637	151.137	108.476	87.1402	152.456	146.702	105.889	115.853	80.6264	91.4582	110.979	129.477	1          	-6.75243e-06	-4.1525e-06	0.535184   	0.787055   	0.141396   	0.162361   	0.787064   	2.58141	
1.2e-10    	3.6        	0.850556   	-0.0010657 	0.525832   	0.499688   	0.998566   	0.00037218 	-0.0531391 	0.645006   	0.895565   	0.000657489	-0.444867  	0.508392   	0.901787   	1.57406e-06	0.432119   	0.511178   	0.891237   	6.12961e-05	-0.453471  	0.503051   	0.999929   	2.86785e-05	0.0101339  	0.615477   	0.997054   	-0.000115928	-0.0763685 	0.587465   	0.936716   	0.000199915	-0.349993  	0.525436   	0.893659   	-7.64956e-05	0.448664   	0.499669   	0.891844   	0.00135588 	-0.452282  	0.497595   	0.995007   	-0.00103533	0.0995134  	0.527191   	0.952171   	-0.000320881	0.305493   	0.583911   	0.989048   	-9.07594e-05	-0.147454  	0.625502   	0.887753   	-0.000796992	0.460259   	0.502406   	0.955715   	0.000977246	-0.294179  	0.481134   	2.05102    	3.07088    	0.71316    	1.44334    	1.12116    	4.64847    	1.09755    	1.11884    	2.4669     	3.32951    	0.911531   	1.99734    	2.28922    	3.24288    	0.700543   	1.73314    	2.17312    	3.79231    	0.81798    	1.80108    	1.53027    	3.36846    	1.36527    	1.5222     	0.851895   	4.3188     	1.27916    	0.829403   	1.88539    	4.92862    	0.903941   	1.61077    	1.83201    	4.82359    	0.908984   	1.58667    	1.95923    	3.13013    	0.867935   	1.70542    	1.67559    	4.10818    	0.983486   	1.6035     	1.37808    	3.45278    	1.07297    	1.13044    	1.53814    	3.61181    	1.64595    	1.46169    	1.73969    	3.4662     	0.773189   	1.42674    	2.01403    	3.86536    	1.00836    	1.92051    	124.805	76.9744	141.791	137.584	128.127	102.517	63.5855	111.187	112.127	118.8	97.2046	85.0087	94.0739	99.339	117.025	1          	6.4239e-06 	-1.33183e-06	0.508161   	0.769981   	0.140781   	0.155395   	0.769986   	2.23159	
1.25e-10   	3.4        	0.825237   	-0.000650135	0.564734   	0.474425   	0.998263   	0.000280852	-0.058507  	0.628258   	0.880113   	0.000183477	-0.474698  	0.482511   	0.885084   	-0.00121472	0.465363   	0.483912   	0.876591   	-0.000710754	-0.481168  	0.479824   	0.999942   	0.00163768 	0.00785308 	0.594838   	0.996694   	-0.00135117	-0.0808459 	0.564587   	0.927657   	0.002666   	-0.373343  	0.498239   	0.878701   	-0.00123532	0.477304   	0.476183   	0.877476   	-0.000832728	-0.479545  	0.474991   	0.994615   	0.00164597 	0.103296   	0.499514   	0.945863   	-0.000827103	0.324478   	0.559871   	0.988123   	0.00021043 	-0.153481  	0.604541   	0.873788   	-0.000390591	0.486229   	0.478163   	0.949165   	0.000154   	-0.314679  	0.451032   	2.13716    	3.15146    	0.537434   	1.62088    	1.17808    	5.01653    	1.07343    	1.14022    	2.00311    	3.54357    	0.675564   	1.53841    	1.92349    	3.29809    	0.737347   	1.34549    	2.27496    	3.67114    	0.611217   	1.71424    	1.35069    	4.6982     	1.1475     	1.34261    	1.51963    	5.36285    	1.08624    	1.50003    	1.88393    	3.66516    	0.781596   	1.57473    	2.64232    	3.33718    	0.718792   	2.11146    	2.02094    	3.9953     	0.769655   	1.65933    	1.89504    	4.76       	0.749574   	1.85864    	1.93367    	4.64223    	0.884296   	1.72385    	1.34186    	5.50669    	1.18585    	1.28111    	1.40463    	4.67187    	0.579812   	1.1248     	1.71999    	3.19927    	0.711378   	1.51504    	113.001	76.5214	108.517	102.813	116.44	77.8973	84.9715	98.7933	141.686	117.177	100.284	105.07	76.9987	82.1413	97.2633	1          	-9.2567e-06	2.42007e-07	0.481125   	0.730299   	0.141563   	0.160077   	0.7303     	2.27984	
1.3e-10    	3.2        	0.795322   	0.00251426 	0.606116   	0.450117   	0.997857   	-0.00233008	-0.0650141 	0.611073   	0.862839   	0.000368432	-0.505403  	0.457082   	0.866458   	6.41259e-05	0.499157   	0.4573     	0.859759   	-0.00211642	-0.510605  	0.455315   	0.999949   	0.00177129 	0.00595186 	0.575087   	0.996328   	-0.000926515	-0.0852169 	0.541986   	0.917736   	-0.000786527	-0.397101  	0.470837   	0.862269   	0.00178797 	0.506376   	0.452332   	0.859932   	-0.00156237	-0.510324  	0.451069   	0.994046   	0.00207123 	0.108536   	0.471696   	0.939474   	-0.000544372	0.342541   	0.53772    	0.986929   	0.000383134	-0.160945  	0.583755   	0.857654   	4.13512e-05	0.514137   	0.454455   	0.941338   	-0.000541909	-0.337307  	0.420989   	1.77858    	4.16923    	0.564921   	1.2756     	0.997223   	4.96619    	0.957333   	0.974833   	1.89716    	4.11835    	0.552343   	1.35417    	2.08004    	5.15318    	0.540529   	1.52351    	1.92578    	4.94791    	0.522257   	1.18974    	1.01586    	5.79268    	1.05375    	1.01544    	1.56325    	5.48709    	0.882131   	1.52435    	1.65192    	4.19566    	0.614996   	1.34299    	1.56356    	3.8962     	0.587699   	1.29824    	1.61914    	4.58885    	0.546463   	1.22877    	1.60914    	5.74549    	0.621732   	1.59953    	1.26212    	3.96651    	0.86177    	1.10514    	1.3405     	6.66308    	0.763008   	1.29541    	1.68757    	5.33722    	0.412686   	1.35066    	1.7247     	5.35044    	0.477274   	1.49972    	92.7482	61.1197	93.4552	96.1185	91.8753	61.6203	83.457	87.9489	81.5409	86.1746	88.1612	69.6902	70.3631	86.5888	88.4477	1          	-1.61861e-05	1.14758e-05	0.454078   	0.714555   	0.143234   	0.157299   	0.714553   	2.15242	
1.35e-10   	3          	0.762569   	-0.00309494	0.646825   	0.427351   	0.997504   	0.000461716	-0.0701545 	0.592827   	0.842253   	0.00245789 	-0.538999  	0.431899   	0.844719   	0.000485678	0.53512    	0.431208   	0.841068   	0.00122827 	-0.540866  	0.431803   	0.999959   	-0.00128722	0.00336424 	0.554389   	0.995787   	0.00177678 	-0.0912471 	0.519237   	0.90574    	-0.00068729	-0.423665  	0.444654   	0.841812   	-0.00137553	0.539679   	0.429129   	0.841156   	0.0037118  	-0.540682  	0.428885   	0.993411   	-0.00290045	0.11414    	0.444018   	0.931946   	-0.000560109	0.362495   	0.513919   	0.985879   	-0.00012846	-0.167294  	0.562994   	0.838772   	-0.00179634	0.544398   	0.430859   	0.931329   	0.00224855 	-0.364057  	0.391441   	1.99592    	4.55872    	0.369808   	1.24438    	1.12814    	6.66235    	0.59761    	1.124      	1.71661    	4.14314    	0.355862   	1.19845    	1.48499    	5.11441    	0.390812   	1.16964    	1.42645    	3.14008    	0.432389   	0.984008   	1.20002    	6.28134    	0.56964    	1.20327    	1.37697    	6.30026    	0.595771   	1.36684    	1.34855    	8.29356    	0.492413   	1.09361    	1.47946    	5.00448    	0.390256   	1.08227    	1.50883    	5.46783    	0.364196   	1.07915    	1.26946    	5.76274    	0.451584   	1.29248    	1.22734    	5.67453    	0.497993   	1.09181    	1.19452    	5.05468    	0.516773   	1.17449    	1.35462    	4.58206    	0.345264   	1.00247    	1.49224    	3.50708    	0.397954   	1.25115    	90.0762	56.5866	76.9307	68.8441	65.4039	61.5934	69.6145	65.1858	65.3469	72.7697	62.3948	59.4059	61.2991	66.0831	69.1967	1          	1.94459e-05	-1.76159e-05	0.427043   	0.696761   	0.144282   	0.168295   	0.696757   	2.2849	
1.4e-10    	2.8        	0.723773   	-0.00208303	0.689957   	0.404241   	0.997216   	0.000729144	-0.0741801 	0.575426   	0.818313   	0.00147589 	-0.574698  	0.407507   	0.819894   	-0.0012792 	0.572378   	0.406326   	0.817695   	0.00374323 	-0.575507  	0.408135   	0.999937   	-0.00223753	0.00263388 	0.533964   	0.995255   	0.00694241 	-0.0965813 	0.496255   	0.892074   	-0.00127139	-0.451776  	0.41908    	0.818206   	-0.00685818	0.574734   	0.405822   	0.818923   	0.00408145 	-0.573759  	0.406461   	0.992596   	-0.00422537	0.120965   	0.41596    	0.923994   	0.000167742	0.382256   	0.491159   	0.984488   	-0.000787864	-0.175138  	0.542127   	0.815675   	-0.00295465	0.57837    	0.407499   	0.919289   	0.00407756 	-0.393378  	0.363069   	1.67152    	4.63845    	0.256368   	0.861893   	0.918493   	5.50807    	0.546644   	0.907902   	1.44698    	3.77912    	0.305556   	1.00637    	1.23655    	7.62991    	0.291312   	0.908213   	1.58756    	7.40331    	0.382935   	1.15151    	1.14097    	9.88147    	0.539248   	1.14249    	1.28416    	6.79084    	0.482653   	1.28186    	1.30582    	5.13428    	0.327997   	1.0878     	1.39419    	8.41443    	0.306391   	0.961678   	1.51636    	7.15492    	0.293802   	1.00814    	1.66551    	5.26579    	0.434252   	1.60652    	1.46002    	8.29399    	0.452061   	1.22295    	1.26339    	9.76232    	0.547083   	1.21965    	1.57639    	7.50331    	0.286623   	1.08419    	1.61375    	5.57796    	0.335468   	1.35195    	70.0104	44.2983	62.9621	53.9947	68.2577	49.6251	53.3424	53.3597	60.5243	66.4168	67.9368	62.6343	60.1999	68.4389	68.9638	1          	-7.83484e-06	-2.08228e-05	0.399996   	0.683809   	0.140055   	0.164789   	0.683804   	1.84376	
1.45e-10   	2.6        	0.679389   	-0.0136176 	0.733518   	0.382289   	0.99691    	0.00856064 	-0.0772763 	0.557465   	0.789987   	0.000892979	-0.613002  	0.383866   	0.790732   	-0.00100359	0.612037   	0.382292   	0.790294   	0.0146253  	-0.612357  	0.385282   	0.999869   	-0.0101327 	0.00222399 	0.512986   	0.994704   	0.00962381 	-0.101355  	0.473344   	0.875486   	0.00180088 	-0.483117  	0.393151   	0.79186    	-0.0137379 	0.61031    	0.383299   	0.792151   	0.0111108  	-0.610029  	0.384046   	0.991381   	-0.0098595 	0.129554   	0.389275   	0.914979   	-0.00120803	0.403377   	0.468018   	0.983125   	-0.00242569	-0.182623  	0.521455   	0.789715   	-0.00605016	0.613365   	0.385475   	0.902924   	0.0115384  	-0.429327  	0.334051   	1.57509    	8.28389    	0.244005   	0.841803   	0.971097   	12.1859    	0.471472   	0.949523   	1.48807    	6.33015    	0.243491   	1.00895    	1.59106    	6.37579    	0.259913   	1.09412    	1.91519    	10.5574    	0.274168   	1.24154    	1.18805    	12.6869    	0.396488   	1.19421    	1.17069    	13.9506    	0.397994   	1.16443    	1.43792    	5.3254     	0.340887   	1.13356    	1.40156    	13.1132    	0.29264    	0.974151   	1.632      	10.4843    	0.272386   	1.06763    	1.26766    	13.4287    	0.314928   	1.22636    	1.59015    	6.45266    	0.372618   	1.36644    	1.36374    	8.88079    	0.494093   	1.33078    	1.89627    	3.77209    	0.28384    	1.27482    	1.82598    	9.21241    	0.258473   	1.44313    	59.9643	45.9021	55.1356	61.8992	69.0056	52.1474	47.7487	56.0551	53.8058	59.8566	49.7482	59.4106	53.8052	68.0074	70.1558	1          	8.5212e-06 	-6.14343e-06	0.372937   	0.665204   	0.137366   	0.163435   	0.665198   	2.03732	
1.5e-10    	2.4        	0.629471   	0.0237591  	0.775977   	0.362137   	0.996109   	-0.0290787 	-0.0800929 	0.53802    	0.756664   	0.0148906  	-0.653471  	0.360952   	0.757295   	-0.0146171 	0.652767   	0.359264   	0.757883   	-0.00964142	-0.651758  	0.362753   	0.999423   	0.0205221  	0.00213715 	0.491555   	0.993939   	-0.00972395	-0.105997  	0.449984   	0.85473    	0.0211782  	-0.518356  	0.368272   	0.760477   	-0.011063  	0.648908   	0.361659   	0.761259   	0.0244383  	-0.647702  	0.362627   	0.989799   	0.00791231 	0.138588   	0.363108   	0.903758   	-0.0276205 	0.426787   	0.444      	0.980685   	0.0327822  	-0.19166   	0.499608   	0.758076   	-0.0228188 	0.651533   	0.364025   	0.882924   	-0.0216612 	-0.467431  	0.307195   	1.91758    	43.7749    	0.249215   	1.02309    	1.28499    	46.8479    	0.463616   	1.21795    	1.56093    	8.16087    	0.228393   	0.991683   	1.52236    	6.88348    	0.246906   	0.92331    	1.37664    	30.3206    	0.240624   	0.860427   	1.2679     	56.2694    	0.436251   	1.17268    	1.11343    	48.8588    	0.382926   	1.09684    	1.46454    	12.2744    	0.272901   	1.1043     	1.41118    	19.0618    	0.278734   	0.900432   	1.87331    	14.5619    	0.282564   	1.00433    	1.53926    	43.4034    	0.31332    	1.51274    	1.8316     	19.1169    	0.34474    	1.48032    	1.03737    	35.6357    	0.372787   	0.922722   	1.44867    	12.2056    	0.256825   	0.893754   	1.63143    	44.7551    	0.223511   	1.40097    	62.0463	46.2534	55.386	52.798	49.6287	45.4236	44.5167	54.7386	52.1793	62.56	53.1035	61.8567	42.3237	54.798	56.5302	1          	-1.42058e-06	8.88805e-06	0.345749   	0.694009   	0.145806   	0.165011   	0.694034   	1.85824	
1.55e-10   	2.2        	0.558763   	0.286581   	0.77351    	0.360718   	0.977801   	-0.186547  	-0.0817123 	0.514017   	0.724366   	-0.0447804 	-0.687367  	0.341488   	0.722898   	0.00792103 	0.690592   	0.336884   	0.7        	-0.272825  	-0.654497  	0.359684   	0.973907   	0.217823   	0.0040566  	0.469898   	0.965684   	-0.225675  	-0.108692  	0.433792   	0.828273   	0.0572341  	-0.556981  	0.342335   	0.710896   	0.213878   	0.66602    	0.351033   	0.717135   	-0.138351  	-0.680494  	0.343219   	0.95446    	0.248284   	0.143734   	0.353093   	0.885787   	-0.101776  	0.451841   	0.416006   	0.966303   	0.150971   	-0.20518   	0.472231   	0.71769    	0.0809891  	0.690118   	0.344252   	0.820689   	-0.30674   	-0.472563  	0.302895   	5.44446    	323.932    	1.00516    	27.5181    	17.4886    	193.455    	0.771531   	4.229      	2.81182    	27.8454    	1.32754    	1.42949    	3.83375    	12.0704    	1.73844    	1.55893    	3.43175    	316.901    	0.750903   	25.3647    	13.5866    	274.897    	1.09898    	1.94749    	5.1743     	283.039    	0.872161   	4.50967    	1.64293    	16.042     	0.996864   	1.27475    	1.77829    	215.795    	0.658735   	9.75123    	3.31375    	130.521    	0.75455    	1.68432    	3.08694    	285.085    	0.907621   	23.685     	4.50306    	45.141     	1.66906    	2.96243    	11.2197    	91.3308    	0.773141   	4.5793     	2.75541    	78.4501    	0.644512   	1.71157    	6.56165    	295.216    	0.564305   	42.1036    	159.21	311.731	105.927	121.24	116.385	252.83	95.2192	51.9089	67.8401	84.9843	97.3316	97.8963	209.188	85.5037	191.735	1          	-3.57866e-05	4.43784e-05	0.317305   	2.47816    	0.150235   	0.162992   	2.47812    	4.25981	
1.6e-10    	2          	0.487699   	0.492263   	0.720541   	0.373714   	0.926944   	-0.365162  	-0.0818726 	0.481696   	0.71601    	-0.0572645 	-0.695584  	0.327266   	0.715371   	-0.0528615 	0.6962     	0.320642   	0.627942   	-0.48646   	-0.606895  	0.375264   	0.884836   	0.464085   	0.00911178 	0.45086    	0.878872   	-0.461423  	-0.114558  	0.423397   	0.80486    	0.162676   	-0.570272  	0.324127   	0.652748   	0.391373   	0.648091   	0.353095   	0.664005   	-0.276378  	-0.694349  	0.33085    	0.862344   	0.480698   	0.155559   	0.35319    	0.863912   	-0.205718  	0.459435   	0.392651   	0.935736   	0.273504   	-0.222192  	0.437457   	0.679152   	0.157548   	0.716675   	0.329951   	0.727481   	-0.518202  	-0.44912   	0.316537   	5.25768    	29.9273    	1.50498    	8.1336     	13.8796    	43.0468    	1.24174    	3.17767    	4.7216     	3.82137    	1.05674    	2.25486    	5.59411    	19.9231    	1.65616    	2.19566    	4.2197     	34.2915    	2.19965    	8.5439     	16.3061    	89.7003    	1.34591    	2.35327    	9.76521    	81.3394    	1.26635    	3.99783    	3.82976    	15.1411    	1.54499    	2.77475    	4.00314    	32.0171    	0.907383   	8.44303    	3.09141    	19.9042    	0.59738    	2.90692    	4.20699    	44.3291    	1.4201     	6.87073    	3.98794    	9.41522    	1.88043    	2.55042    	8.10279    	10.1061    	1.2019     	5.38704    	2.86579    	9.06758    	0.736897   	1.85609    	4.61694    	23.7835    	0.598465   	12.3711    	121.759	226.827	120.911	123.584	111.194	271.182	156.663	86.0217	97.5789	77.1952	79.6554	90.3404	142.494	69.5005	104.444	1          	-4.08967e-05	6.82535e-06	0.287842   	1.24711    	0.146536   	0.165543   	1.24711    	2.1755	
1.65e-10   	1.8        	0.423917   	0.579555   	0.695831   	0.375201   	0.880569   	-0.467518  	-0.0759356 	0.453236   	0.696729   	-0.0561296 	-0.714923  	0.313574   	0.687287   	-0.0996079 	0.719357   	0.305254   	0.567772   	-0.585174  	-0.578697  	0.383206   	0.795451   	0.605631   	0.00419668 	0.439145   	0.802598   	-0.584322  	-0.118079  	0.414823   	0.764164   	0.228555   	-0.602871  	0.304542   	0.597738   	0.475641   	0.645199   	0.352616   	0.607192   	-0.350362  	-0.712968  	0.317453   	0.795513   	0.581114   	0.170982   	0.348325   	0.841301   	-0.256769  	0.475446   	0.364552   	0.908751   	0.336456   	-0.246501  	0.403295   	0.624184   	0.201506   	0.754682   	0.31461    	0.669206   	-0.596595  	-0.442796  	0.319847   	4.51665    	6.30225    	2.18717    	2.6048     	10.4287    	9.2288     	1.77504    	4.17838    	5.23455    	5.24536    	1.30517    	2.19817    	4.03171    	4.23499    	1.24865    	2.33196    	5.35781    	15.0523    	1.65876    	7.37925    	10.2423    	19.6241    	1.41969    	3.35126    	5.98654    	21.6327    	1.53912    	3.74844    	3.45988    	9.32814    	1.06759    	3.05483    	2.87968    	7.1039     	0.819322   	3.11683    	3.81606    	5.22612    	1.05363    	2.27228    	2.39694    	8.12747    	1.11407    	2.65877    	3.86384    	7.05412    	1.33239    	2.24315    	8.35718    	6.33156    	1.3353     	5.18908    	4.84484    	3.95424    	0.898292   	1.86846    	3.37314    	6.09115    	1.3786     	5.31302    	82.2706	153.896	104.268	79.6524	105.086	146.126	91.0072	68.1853	56.6956	84.4581	50.1925	72.1398	129.025	89.1033	61.7844	1          	1.83199e-05	1.61522e-05	0.258885   	0.991868   	0.134527   	0.167294   	0.991843   	2.0579	
1.7e-10    	1.6        	0.357092   	0.645235   	0.675263   	0.374755   	0.830915   	-0.551908  	-0.0691818 	0.429101   	0.670179   	-0.0594015 	-0.739656  	0.298404   	0.655843   	-0.134707  	0.742552   	0.289238   	0.514054   	-0.650968  	-0.558385  	0.387754   	0.703328   	0.710566   	0.00460924 	0.42725    	0.720699   	-0.682648  	-0.119727  	0.409109   	0.710418   	0.300758   	-0.635992  	0.287747   	0.543855   	0.535208   	0.646215   	0.350457   	0.550393   	-0.405619  	-0.729575  	0.306723   	0.717934   	0.669501   	0.190094   	0.341795   	0.812676   	-0.315735  	0.489552   	0.338961   	0.86871    	0.409942   	-0.277638  	0.36827    	0.57167    	0.227084   	0.788274   	0.301669   	0.615079   	-0.656325  	-0.43667   	0.321066   	3.89996    	4.93724    	1.7628     	2.58071    	7.34531    	5.37246    	1.70034    	2.97183    	3.54838    	3.50575    	1.56932    	1.7066     	3.53209    	6.43321    	1.59225    	2.37101    	6.59549    	5.92903    	1.69637    	4.84794    	11.9835    	11.542     	2.3921     	2.1119     	4.61375    	10.4865    	2.54164    	4.16078    	4.4656     	5.67614    	1.57447    	1.94612    	3.79709    	5.05722    	1.69814    	3.43335    	5.08754    	3.78062    	1.31352    	2.24554    	7.18928    	6.27767    	1.58992    	7.36182    	5.78711    	4.14773    	1.39707    	3.61264    	9.36778    	3.96979    	2.99001    	7.17631    	4.04834    	4.27827    	1.56732    	2.57642    	5.11058    	6.51032    	1.93209    	5.80297    	62.8105	106.6	62.9876	51.8744	97.3264	149.694	72.907	66.5407	62.4065	84.8038	92.5231	77.2713	127.082	76.266	73.9745	0.999999   	0.000127882	-3.81795e-05	0.229957   	0.846306   	0.140889   	0.161092   	0.846315   	1.85915	
1.75e-10   	1.4        	0.299498   	0.696758   	0.651639   	0.375132   	0.766671   	-0.638611  	-0.0648088 	0.40458    	0.6435     	-0.057739  	-0.763066  	0.282402   	0.61284    	-0.193249  	0.765941   	0.276208   	0.462218   	-0.700523  	-0.543549  	0.386774   	0.602028   	0.798272   	-5.60384e-05	0.421789   	0.643339   	-0.753765  	-0.133104  	0.410364   	0.636945   	0.362709   	-0.680003  	0.273503   	0.467882   	0.582164   	0.66473    	0.352043   	0.498741   	-0.449564  	-0.740792  	0.299594   	0.622993   	0.749432   	0.222755   	0.333638   	0.78166    	-0.376335  	0.497031   	0.314041   	0.824034   	0.468859   	-0.317567  	0.333537   	0.502573   	0.263931   	0.823104   	0.2926     	0.562043   	-0.700799  	-0.438947  	0.320858   	5.75389    	5.4768     	1.65376    	4.04655    	6.98244    	3.74937    	3.53554    	4.11296    	4.00413    	3.78267    	3.3901     	3.34101    	5.40919    	5.00902    	1.84524    	2.04746    	4.0022     	3.6733     	3.09739    	2.31363    	8.68184    	11.2496    	5.05611    	6.53677    	4.99562    	13.371     	3.54335    	9.18956    	6.97845    	4.81396    	1.76718    	5.37914    	6.6413     	5.45235    	5.5594     	5.45325    	6.88108    	4.69562    	1.79383    	2.47405    	16.9921    	8.33565    	4.91323    	8.42747    	6.85503    	4.84653    	4.78347    	5.68271    	10.1032    	2.70573    	3.691      	6.04598    	3.34709    	4.47304    	2.16083    	2.81544    	8.17287    	5.89308    	2.93243    	6.65416    	66.7905	79.2848	54.3699	58.6561	50.4435	82.1242	61.9907	73.7737	67.7254	102.897	169.945	73.5082	96.9854	44.9943	75.2868	0.999999   	-6.34e-05  	-1.27534e-06	0.200947   	0.820932   	0.144558   	0.176317   	0.820936   	1.80236	
1.8e-10    	1.2        	0.253781   	0.744691   	0.616504   	0.379823   	0.683959   	-0.727573  	-0.0402415 	0.401092   	0.56783    	-0.0211991 	-0.822058  	0.260944   	0.554081   	-0.255922  	0.790311   	0.265223   	0.414637   	-0.751566  	-0.512557  	0.35864    	0.525047   	0.848223   	-0.0548367 	0.415424   	0.589784   	-0.78659   	-0.178045  	0.419682   	0.558635   	0.426032   	-0.711039  	0.262797   	0.345319   	0.594529   	0.72313    	0.352643   	0.472784   	-0.507457  	-0.717307  	0.298504   	0.413629   	0.853179   	0.297395   	0.350124   	0.763562   	-0.491983  	0.397576   	0.304543   	0.600997   	0.6491     	-0.440356  	0.322879   	0.466374   	0.26685    	0.842641   	0.312105   	0.493377   	-0.784459  	-0.36678   	0.359602   	18.1018    	51.1519    	2.87833    	27.3619    	3.85981    	109.464    	3.77784    	53.4785    	14.0562    	20.1506    	0.929109   	5.59375    	26.263     	36.8134    	7.3889     	4.69285    	17.6991    	64.7739    	45.4782    	106.808    	35.2983    	16.639     	54.4513    	4.66907    	47.1421    	13.254     	77.8574    	40.0015    	15.1851    	7.44625    	3.76035    	7.55493    	96.1033    	16.7099    	65.9784    	3.40667    	84.2313    	9.21204    	39.3027    	5.66839    	228.546    	361.028    	99.3179    	184.436    	48.6272    	296.018    	231.121    	62.0167    	225.86     	578.734    	200.944    	202.671    	73.0823    	7.1053     	50.5734    	92.2274    	70.9902    	551.249    	68.4748    	400.468    	124.35	45.0514	89.0701	187.912	109.477	128.06	266.934	71.8351	333.228	618.312	1255.36	241.938	996.782	460.58	339.077	0.999999   	2.25263e-05	9.63258e-05	0.171953   	0.754103   	0.143619   	0.17014    	0.754103   	7.94001	
1.85e-10   	1          	0.172371   	0.793411   	0.582852   	0.393752   	0.56238    	-0.825855  	-0.0349676 	0.409519   	0.532076   	0.0372541  	-0.843741  	0.252866   	0.461363   	-0.344847  	0.811901   	0.235357   	0.438697   	-0.78259   	-0.432179  	0.360587   	0.388751   	0.917246   	-0.077524  	0.414589   	0.508798   	-0.836396  	-0.203345  	0.448177   	0.459465   	0.53768    	-0.705623  	0.277413   	0.208716   	0.596629   	0.773654   	0.360401   	0.537546   	-0.489357  	-0.684366  	0.29224    	0.219744   	0.932236   	0.287197   	0.409343   	0.578024   	-0.75965   	0.292418   	0.317927   	0.403837   	0.772635   	-0.489365  	0.38003    	0.293444   	0.232324   	0.923491   	0.31404    	0.442254   	-0.855014  	-0.268088  	0.414027   	21.0037    	41.9441    	9.22452    	18.9927    	11.7853    	6.96935    	9.91798    	3.24931    	30.0475    	55.6071    	1.20891    	12.4149    	49.6961    	104.691    	26.7141    	18.6934    	199.768    	96.8866    	75.079     	24.7997    	65.0368    	17.015     	18.5838    	16.988     	4.50218    	15.7437    	3.61516    	10.0085    	8.31189    	93.7625    	21.001     	75.8888    	11.5123    	56.3261    	21.5579    	8.42546    	23.4359    	60.1915    	7.25208    	2.26311    	6.42715    	12.3808    	2.80517    	12.635     	36.2433    	80.7143    	7.19564    	16.8758    	32.3971    	11.4665    	24.6074    	46.6858    	91.2155    	78.1723    	64.8514    	8.94996    	33.1099    	31.1525    	24.3009    	6.167      	239.309	69.6699	254.294	113.082	406.516	141.376	36.092	97.2494	133.261	190.855	47.1021	163.255	138.717	210.144	72.6619	0.999998   	1.50276e-05	0.000248081	0.143348   	0.721429   	0.179408   	0.155609   	0.721421   	3.12231	
1.9e-10    	0.8        	0.0902923  	0.775258   	0.624843   	0.382732   	0.494243   	-0.868303  	-0.0400809 	0.404489   	0.441335   	0.160601   	-0.881823  	0.254848   	0.354858   	-0.523054  	0.774056   	0.246777   	0.48817    	-0.733007  	-0.473299  	0.334052   	0.228981   	0.97059    	-0.0709743 	0.398452   	0.436096   	-0.875238  	-0.208697  	0.43516    	0.295051   	0.634845   	-0.713537  	0.308077   	0.181281   	0.501695   	0.844971   	0.357907   	0.471566   	-0.421647  	-0.773725  	0.280087   	0.153441   	0.944878   	0.288931   	0.401801   	0.464136   	-0.817392  	0.340562   	0.322641   	0.304609   	0.824222   	-0.476883  	0.373512   	0.171167   	0.119806   	0.977377   	0.313793   	0.438728   	-0.835583  	-0.33035   	0.402221   	8.31351    	5.51495    	7.74929    	2.98226    	7.53738    	4.81722    	2.82503    	6.39111    	18.6805    	13.4227    	8.87058    	2.78755    	22.1085    	14.5859    	1.21574    	11.8922    	6.12275    	17.732     	2.26431    	12.4116    	24.6559    	4.2287     	2.4676     	6.48933    	9.1638     	10.1342    	4.25298    	9.76165    	12.819     	19.3001    	8.53254    	16.6081    	14.0092    	34.9994    	14.2036    	2.69545    	10.6463    	20.1401    	4.66578    	5.44312    	6.49105    	10.6588    	2.78293    	10.5641    	21.1603    	6.94941    	4.00095    	16.386     	12.875     	7.97307    	4.44073    	4.83418    	9.67679    	24.3148    	4.6033     	4.17551    	2.66068    	9.56201    	2.65931    	5.09543    	28.0314	57.9584	80.0477	70.4935	37.5657	74.1551	36.6371	43.8581	53.6859	62.4912	35.502	103.151	44.5717	50.0509	23.4533	0.999997   	0.000309822	-0.000236308	0.114799   	0.715901   	0.140233   	0.169254   	0.71592    	1.76728	
1.95e-10   	0.6        	0.0795607  	0.749911   	0.656      	0.377954   	0.418183   	-0.908249  	0.00466234 	0.407108   	0.225872   	0.276906   	-0.932476  	0.271726   	0.334711   	-0.578565  	0.742679   	0.272977   	0.42187    	-0.708363  	-0.565339  	0.308081   	0.0853941  	0.994482   	-0.0589926 	0.387942   	0.383414   	-0.904132  	-0.18813   	0.418762   	0.142042   	0.69513    	-0.704407  	0.327338   	0.1584     	0.431903   	0.887091   	0.341476   	0.346052   	-0.340406  	-0.873537  	0.269279   	0.0548966  	0.951444   	0.302597   	0.393898   	0.413392   	-0.836478  	0.35922    	0.342651   	0.151753   	0.874536   	-0.460188  	0.384912   	0.158266   	-0.00206173	0.986334   	0.314236   	0.387897   	-0.851481  	-0.352595  	0.384569   	14.7982    	38.9332    	4.02298    	13.2555    	6.63254    	4.60107    	3.39532    	4.75758    	21.0507    	48.1635    	8.81701    	12.2588    	20.2451    	25.5816    	7.45598    	13.3709    	7.5172     	62.8134    	6.64685    	57.4636    	9.00823    	19.6916    	3.42096    	20.8619    	3.84733    	24.0529    	3.77115    	23.3776    	6.31118    	18.2651    	3.68861    	13.457     	9.06822    	54.1077    	2.6832     	11.8965    	12.6123    	24.0163    	4.54711    	10.5526    	6.25812    	10.1219    	2.15337    	9.76552    	14.317     	10.82      	4.47144    	15.5022    	10.902     	10.6119    	5.91116    	9.26892    	19.565     	46.4876    	4.98983    	4.96555    	10.2774    	24.2394    	5.23554    	30.5575    	47.0742	32.1136	74.8817	23.2232	25.6745	25.7647	21.5182	34.4763	28.8175	72.873	30.9064	49.3388	34.8148	30.9065	27.7453	0.999996   	1.1919e-05 	-6.14402e-05	0.0860536  	0.755542   	0.149291   	0.154239   	0.755522   	1.75821	
2e-10      	0.4        	0.0710451  	0.741642   	0.666452   	0.348933   	0.321261   	-0.946445  	0.0219579  	0.402441   	0.0794366  	0.41348    	-0.906079  	0.271181   	0.277104   	-0.650914  	0.706056   	0.296876   	0.284225   	-0.680516  	-0.674539  	0.278873   	0.0137313  	0.998896   	-0.0390314 	0.391878   	0.293069   	-0.937909  	-0.184289  	0.401307   	0.0328311  	0.764615   	-0.642896  	0.333259   	0.152075   	0.383579   	0.910365   	0.30964    	0.194232   	-0.23108   	-0.952523  	0.245468   	0.0235337  	0.950721   	0.308273   	0.381366   	0.321582   	-0.88032   	0.3476     	0.352192   	0.0508381  	0.921689   	-0.38394   	0.390567   	0.184927   	-0.138636  	0.97179    	0.294026   	0.270987   	-0.879521  	-0.389887  	0.352905   	25.522     	4.73249    	5.58605    	5.82633    	17.2629    	22.1615    	2.20316    	12.8164    	5.76067    	31.2829    	7.17058    	2.65635    	2.77149    	43.5536    	3.21799    	21.106     	27.6592    	9.87182    	3.69234    	13.4455    	22.709     	20.9471    	2.50327    	21.5346    	17.1623    	11.6345    	2.1144     	6.27584    	5.03954    	42.1531    	5.26942    	17.7717    	14.8978    	19.0548    	5.19256    	8.96592    	8.84387    	31.6164    	8.63095    	18.4455    	20.3658    	9.29578    	3.79535    	8.05715    	7.16102    	45.7471    	4.74249    	25.843     	12.4193    	45.2908    	6.47411    	40.107     	13.1695    	44.1326    	9.41379    	4.698      	38.8502    	7.47924    	6.43106    	12.7117    	64.7414	27.713	30.4954	18.9603	24.7001	30.6372	17.8056	21.9285	26.4623	25.4764	64.6588	35.1444	17.7442	20.403	19.218	0.999991   	0.000116522	3.14004e-05	0.057199   	0.83886    	0.146812   	0.148342   	0.838864   	1.74051	
2.05e-10   	0.2        	0.0771727  	0.771772   	0.630143   	0.325687   	0.191214   	-0.979111  	0.0660187  	0.419679   	-0.0604371 	0.533258   	-0.842871  	0.2795     	0.199317   	-0.717693  	0.666827   	0.322476   	0.0832955  	-0.658968  	-0.74637   	0.268674   	-0.012163  	0.999351   	-0.0189993 	0.417294   	0.151863   	-0.974752  	-0.161598  	0.407523   	-0.0567426 	0.829998   	-0.554427  	0.359185   	0.169721   	0.345411   	0.922037   	0.278664   	-0.000493134	-0.0754186 	-0.995881  	0.236403   	0.00821235 	0.956283   	0.291271   	0.38202    	0.210957   	-0.91527   	0.342667   	0.383913   	-0.0223488 	0.954035   	-0.298247  	0.412354   	0.196056   	-0.273681  	0.940303   	0.276696   	0.115637   	-0.903747  	-0.411039  	0.34175    	38.5955    	7.67318    	9.59245    	10.2847    	14.9554    	7.92064    	6.56971    	5.57155    	15.1743    	20.8303    	6.77768    	3.72787    	7.14155    	23.9971    	5.40546    	18.7117    	39.0569    	11.4646    	7.53221    	17.2243    	32.0616    	7.43491    	11.7941    	7.16725    	30.0136    	6.50994    	4.70311    	4.91541    	5.49209    	31.5672    	4.17245    	20.8267    	26.4567    	18.1812    	7.6124     	8.99454    	16.2442    	31.0704    	9.1376     	10.9248    	23.9278    	4.23642    	5.19806    	4.42065    	8.07624    	25.0114    	4.53827    	20.5701    	8.68842    	16.9666    	8.52069    	14.0417    	22.2321    	31.7883    	11.8892    	4.02321    	32.5346    	7.08013    	5.25907    	10.4747    	26.3574	18.5492	22.2274	23.2221	28.7503	18.1837	20.1932	19.1241	16.984	19.6201	27.1131	21.4308	17.1145	17.8296	22.9421	0.999961   	9.71398e-05	0.000279845	0.028502   	0.73947    	0.150545   	0.153638   	0.739474   	1.79464	
2.1e-10    	-0         	0.0703125  	0.80706    	0.585162   	0.300776   	0.0727055  	-0.991328  	0.108437   	0.437413   	-0.17491   	0.617878   	-0.765981  	0.293013   	0.151251   	-0.772313  	0.616421   	0.334745   	-0.113523  	-0.624031  	-0.772016  	0.262781   	-0.054066  	0.998359   	0.00468175 	0.430911   	0.0294595  	-0.991141  	-0.128322  	0.412967   	-0.131686  	0.869995   	-0.474602  	0.373999   	0.164723   	0.337545   	0.925888   	0.240227   	-0.195195  	0.0211557  	-0.979761  	0.237461   	0.00348666 	0.96583    	0.258279   	0.383545   	0.107648   	-0.931582  	0.34679    	0.406489   	-0.0877607 	0.97001    	-0.22622   	0.42962    	0.196904   	-0.366864  	0.908411   	0.257194   	-0.0376391 	-0.911875  	-0.407961  	0.344553   	22.7709    	8.29783    	10.9537    	4.01652    	8.66499    	19.8087    	5.33545    	19.9811    	14.8186    	8.99819    	7.64559    	6.31532    	13.8951    	13.1623    	6.25882    	8.73408    	31.1744    	3.59661    	7.1598     	4.0606     	13.0845    	19.4774    	5.94211    	18.4122    	9.19025    	16.8072    	6.03434    	15.1917    	8.78627    	22.2027    	8.17154    	15.8597    	24.6163    	5.02271    	7.8309     	6.39995    	19.4292    	6.35345    	8.67126    	6.78132    	12.6819    	13.6406    	5.78539    	10.5631    	8.04826    	25.5305    	7.89753    	25.3386    	6.84211    	22.7897    	5.10786    	22.6577    	19.4547    	7.65261    	11.543     	8.07209    	14.415     	11.2003    	5.97593    	7.23342    	23.4588	14.353	26.0959	21.6395	14.9574	15.8292	19.7238	17.7459	15.496	16.3614	23.1537	17.706	14.4143	18.6396	22.9044	0.0237191  	0.010027   	-0.0562655 	0.000295866	0.661262   	0.152171   	0.152814   	0.54708    	1.69658	
