#----------------------------------------------------------------------------------------------------------------------------------------------------------
# Output file for vampire simulation
#   time       : 2025-05-28 00:26:45     process id : 402316
#   hostname   : thor7.psi.ch
#   path       : /scratch/dossan_f/Na2BaMn(PO4)2/vampire_tripleUC_15mat_J2Ja_small_k0.035_Jnn0.11_Ba
#   version    : 6.0.0
#   githash    : 4c9651daecc86c3e6b6df0c8055fcd9e89fd900c
#----------------------------------------------------------------------------------------------------------------------------------------------------------
1e-11      	8          	0.999992   	0.000169855	4.28912e-05	0.885045   	0.999992   	1.37539e-05	-9.50951e-05	0.884971   	0.999993   	-0.000188103	0.000169801	0.884965   	0.999993   	-7.08205e-05	3.90419e-05	0.885032   	0.999993   	1.95392e-05	-0.000128432	0.885057   	0.999993   	9.06627e-05	8.45264e-05	0.885016   	0.999992   	0.000119104	3.9418e-05 	0.885076   	0.999992   	-0.000183093	-9.76061e-05	0.884937   	0.999992   	0.000181415	6.94534e-05	0.885057   	0.999993   	-0.000178446	8.67606e-06	0.885021   	0.999988   	1.73327e-05	0.000275619	0.884954   	0.999991   	0.000136788	-0.000324407	0.885043   	0.999992   	-0.000151438	6.3345e-05 	0.885007   	0.999992   	-1.1381e-05	-4.17001e-05	0.884941   	0.999991   	0.000222649	5.68389e-07	0.885074   	20.0869    	0.368593   	0.415678   	20.0729    	19.7551    	0.360978   	0.38724    	19.7481    	19.7008    	0.33522    	0.394422   	19.6959    	19.4538    	0.326246   	0.389156   	19.4496    	18.8931    	0.317974   	0.372301   	18.8827    	19.8771    	0.350098   	0.378052   	19.8722    	19.6429    	0.340178   	0.427401   	19.634     	20.0271    	0.355683   	0.432297   	20.0254    	19.324     	0.358997   	0.383762   	19.3148    	20.6503    	0.334956   	0.400709   	20.6489    	20.0737    	0.361791   	0.436764   	19.9835    	18.7064    	0.322427   	0.386743   	18.6586    	19.8448    	0.347415   	0.384358   	19.8227    	19.598     	0.336622   	0.423541   	19.5966    	19.7545    	0.334839   	0.403335   	19.7276    	1643.38	1596.07	1589.13	1575.2	1513.62	1627.5	1588.09	1639.59	1553.85	1718.21	1638.45	1459.15	1611.85	1575.77	1598.1	1          	1.24971e-05	6.67064e-06	0.885007   	294.867    	0.111352   	0.115055   	294.866    	23854.2	
1.5e-11    	7.8        	0.999992   	-0.000132891	-0.000104723	0.879201   	0.999993   	0.000365585	-9.49857e-05	0.879213   	0.999993   	-0.000177704	9.33251e-05	0.879161   	0.999992   	0.000239153	-3.59402e-06	0.879136   	0.999992   	6.54995e-05	-4.62185e-06	0.879134   	0.999992   	-0.000140529	-6.29559e-05	0.879205   	0.999993   	-0.000328004	-0.000246085	0.879231   	0.999992   	8.25307e-05	1.42166e-05	0.879184   	0.999992   	0.000153009	0.0001826  	0.87919    	0.999992   	0.000316359	0.00019963 	0.879228   	0.999992   	-0.000281042	5.6911e-06 	0.879148   	0.999992   	3.5702e-06 	-0.000148545	0.879232   	0.999992   	-4.8942e-05	-0.000171365	0.879138   	0.999992   	4.44504e-05	0.000121652	0.879182   	0.999993   	8.18732e-05	1.65585e-05	0.879226   	0.0449458  	0.354351   	0.420515   	0.0448994  	0.0393038  	0.339702   	0.394391   	0.039302   	0.0381673  	0.309721   	0.425971   	0.0381922  	0.0410292  	0.352789   	0.404192   	0.0410222  	0.0357307  	0.391819   	0.412889   	0.0357443  	0.0362272  	0.363921   	0.411079   	0.036219   	0.0396742  	0.33902    	0.39237    	0.0396934  	0.0365686  	0.360758   	0.469672   	0.0365609  	0.0356965  	0.346714   	0.400511   	0.0357045  	0.0401245  	0.387022   	0.370259   	0.0401585  	0.0369534  	0.393557   	0.379704   	0.036961   	0.0417042  	0.373507   	0.396751   	0.0417196  	0.0369333  	0.366881   	0.39768    	0.0369416  	0.0359059  	0.336854   	0.414162   	0.0358995  	0.0392155  	0.336354   	0.3774     	0.0392016  	5.32196	4.73862	4.86688	4.85127	4.31558	4.41238	4.83936	4.46896	4.37018	4.85951	4.38756	5.03502	4.48993	4.31885	4.66735	1          	1.62034e-05	-1.35697e-05	0.879181   	0.0487804  	0.115764   	0.107968   	0.048783   	1.65126	
2e-11      	7.6        	0.999991   	-0.000186598	-2.35645e-05	0.871931   	0.999991   	-6.43429e-05	-0.000184383	0.871902   	0.999991   	9.24874e-05	0.000232467	0.871922   	0.999992   	-0.000122561	2.28023e-05	0.871851   	0.999992   	0.00014535 	5.08547e-05	0.871917   	0.999992   	-0.000150515	-6.98985e-06	0.871876   	0.999991   	1.11061e-05	1.19059e-05	0.871863   	0.999991   	-9.13887e-05	-0.000203905	0.871895   	0.999991   	0.000145865	9.54736e-05	0.871912   	0.999992   	-0.000147285	0.000181493	0.871894   	0.999992   	-0.00019466	0.000209112	0.871948   	0.999991   	0.00030466 	-0.000309858	0.871895   	0.999991   	-5.11787e-05	-0.000323368	0.871936   	0.999992   	0.000115831	0.000220125	0.871836   	0.999991   	-0.000157172	6.91162e-05	0.871894   	0.0404094  	0.394837   	0.448605   	0.0404453  	0.0416796  	0.436079   	0.418944   	0.0416937  	0.0425475  	0.423072   	0.408902   	0.0425035  	0.0455669  	0.368611   	0.430446   	0.0455585  	0.0456831  	0.388877   	0.415366   	0.0456736  	0.0435937  	0.384045   	0.399349   	0.0435726  	0.0425219  	0.411428   	0.443894   	0.0425245  	0.0428011  	0.407435   	0.453068   	0.0428391  	0.0437272  	0.382129   	0.452677   	0.0437424  	0.0442156  	0.371516   	0.438382   	0.0442174  	0.0446942  	0.392219   	0.420507   	0.0447223  	0.0430161  	0.378414   	0.470439   	0.0430369  	0.0431773  	0.416371   	0.437013   	0.0432001  	0.0418032  	0.402674   	0.426648   	0.0418191  	0.0419999  	0.371191   	0.47378    	0.0420147  	4.44814	4.58423	4.69781	5.02523	5.05195	4.81935	4.8144	4.88432	5.07608	4.98217	5.02336	4.72608	4.72727	4.53928	4.68715	1          	-2.33823e-05	2.7459e-06 	0.871891   	0.0582429  	0.111423   	0.111262   	0.0582416  	1.71734	
2.5e-11    	7.4        	0.999991   	0.000202976	-0.000236176	0.863909   	0.999991   	-0.00024447	0.000120699	0.86393    	0.999992   	0.000173027	0.000143509	0.863818   	0.99999    	-3.2607e-05	-0.000164123	0.863844   	0.99999    	5.28714e-05	0.000315263	0.863949   	0.99999    	-6.95144e-05	1.92775e-05	0.863854   	0.99999    	9.97676e-05	0.000327789	0.863898   	0.999991   	-0.000151875	-0.00028175	0.863907   	0.999991   	2.28002e-05	-0.000194203	0.863912   	0.999991   	6.10708e-05	1.99568e-05	0.863895   	0.999991   	-0.000134369	0.0002855  	0.863864   	0.999991   	-1.60113e-06	-0.000275043	0.863869   	0.99999    	7.46353e-05	0.000155232	0.863941   	0.999991   	-0.000153224	-0.000174728	0.863867   	0.99999    	-0.000111039	9.95694e-05	0.863959   	0.0466683  	0.427937   	0.460744   	0.0466538  	0.0490267  	0.408259   	0.469298   	0.0490467  	0.0464013  	0.387709   	0.426262   	0.0463968  	0.0488322  	0.443371   	0.480645   	0.0488385  	0.0450488  	0.402647   	0.548118   	0.045097   	0.049929   	0.463263   	0.487776   	0.0499768  	0.0469179  	0.425109   	0.508108   	0.0469176  	0.0493137  	0.450843   	0.456053   	0.0492864  	0.0485087  	0.358367   	0.48684    	0.048513   	0.0460022  	0.427902   	0.455501   	0.0459959  	0.0476509  	0.390918   	0.462449   	0.0476487  	0.0499606  	0.39733    	0.496873   	0.0499426  	0.049588   	0.477047   	0.480843   	0.0495483  	0.0505664  	0.433339   	0.468433   	0.0505591  	0.0463109  	0.451275   	0.46499    	0.0463152  	4.79905	5.17295	4.97016	5.169	4.57452	5.31373	5.00974	5.23217	5.19143	4.83084	5.10206	5.15194	4.97397	5.17529	5.00634	1          	-1.40753e-05	1.07412e-05	0.863886   	0.0625803  	0.117871   	0.118523   	0.0625815  	1.64219	
3e-11      	7.2        	0.999989   	0.000286676	0.000502427	0.85502    	0.999989   	0.000310373	-0.0005747 	0.855048   	0.99999    	-0.000655557	-7.86156e-05	0.855016   	0.999989   	0.000116781	0.000204012	0.855023   	0.999989   	-0.000222439	-0.000560944	0.855018   	0.999989   	5.1686e-05 	0.000366174	0.855002   	0.99999    	-1.03526e-05	-6.05381e-05	0.855058   	0.999989   	0.00027005 	-0.000318733	0.85503    	0.999989   	-0.000342167	0.000302881	0.855109   	0.99999    	-0.000201962	0.000374737	0.854979   	0.999989   	-3.60427e-05	-0.000651212	0.854984   	0.99999    	8.22735e-05	0.000107645	0.8551     	0.999989   	-0.000117163	-0.000340693	0.854984   	0.999989   	-1.98571e-05	0.000291874	0.854994   	0.99999    	0.000138385	3.36418e-05	0.855061   	0.0557407  	0.470274   	0.535688   	0.0557933  	0.0533806  	0.467941   	0.551141   	0.0532904  	0.0554524  	0.470547   	0.497448   	0.0554723  	0.054092   	0.501352   	0.52676    	0.0540813  	0.052953   	0.45486    	0.560527   	0.0529046  	0.0504616  	0.473902   	0.519469   	0.050463   	0.0540225  	0.446941   	0.519563   	0.0540916  	0.0534017  	0.448934   	0.592579   	0.0534041  	0.05       	0.489282   	0.553899   	0.0500016  	0.0573841  	0.425407   	0.554643   	0.0573333  	0.0565696  	0.45529    	0.524454   	0.0565792  	0.0527227  	0.409678   	0.520576   	0.0527322  	0.0553241  	0.485518   	0.551304   	0.0553935  	0.0522729  	0.471137   	0.603327   	0.0523218  	0.0546426  	0.442376   	0.53795    	0.0546663  	5.441	5.31396	5.39466	5.20296	5.40981	4.96984	4.84476	5.13001	5.06686	5.85812	5.48808	5.28497	5.23517	5.255	5.33144	1          	-2.33354e-05	-2.68355e-05	0.855019   	0.0741792  	0.125256   	0.120348   	0.0741787  	1.62137	
3.5e-11    	7          	0.999989   	-0.000114026	-5.73352e-05	0.845229   	0.999989   	7.81141e-05	-0.00010033	0.845298   	0.999988   	-0.000131119	2.52994e-06	0.84517    	0.999988   	3.50369e-06	0.000143428	0.845247   	0.999988   	-0.000112664	9.9412e-05 	0.845309   	0.999988   	7.75518e-05	-0.000140468	0.845176   	0.999988   	0.000155157	0.000239093	0.845235   	0.999988   	0.000144479	-0.00076126	0.845293   	0.999988   	-0.000252068	0.000526978	0.845257   	0.999989   	-0.000338592	4.36669e-05	0.845308   	0.999989   	0.000314951	3.00665e-05	0.845301   	0.999989   	-9.48127e-05	-0.000182661	0.845206   	0.999988   	-0.000219923	8.05776e-05	0.845209   	0.999987   	1.5784e-05 	-0.00047921	0.84527    	0.999989   	0.000139672	0.000473834	0.845255   	0.0584767  	0.503403   	0.547904   	0.0585137  	0.065357   	0.53052    	0.523152   	0.0653234  	0.0578857  	0.49729    	0.571893   	0.0578905  	0.064403   	0.481268   	0.610267   	0.0643908  	0.0595184  	0.525013   	0.580658   	0.0595486  	0.0572396  	0.506293   	0.621835   	0.0572685  	0.0600774  	0.47245    	0.635371   	0.0600446  	0.0607269  	0.457808   	0.585653   	0.0607274  	0.0612219  	0.473945   	0.582323   	0.0612237  	0.0570827  	0.453166   	0.538442   	0.0571206  	0.0624769  	0.486122   	0.513081   	0.0625202  	0.0588789  	0.522674   	0.532211   	0.058846   	0.0655711  	0.481212   	0.598863   	0.065531   	0.0608039  	0.543911   	0.630847   	0.06082    	0.0575013  	0.500441   	0.531397   	0.0574549  	5.61249	5.94328	5.30336	5.79711	5.39475	5.2268	5.49608	5.36936	5.48677	5.1814	5.62014	5.31468	6.03472	5.55199	5.51406	1          	-2.22778e-05	-5.42351e-06	0.845241   	0.0772311  	0.117279   	0.126817   	0.0772279  	1.53656	
4e-11      	6.8        	0.999987   	0.00023594 	0.000510683	0.834455   	0.999987   	-0.000317401	-7.8703e-05	0.834412   	0.999986   	1.17825e-05	-0.00053782	0.834465   	0.999986   	9.62878e-05	0.000157308	0.834493   	0.999987   	-0.000651892	-0.000325599	0.834456   	0.999986   	0.00052883 	0.000174692	0.834462   	0.999986   	-0.000115472	-0.000578235	0.834458   	0.999986   	9.73495e-05	0.000385455	0.834514   	0.999988   	-1.08676e-05	0.000153367	0.834444   	0.999987   	-9.72248e-05	-4.6517e-05	0.834479   	0.999987   	0.000295264	-0.000286922	0.834413   	0.999987   	-0.000226061	0.00036358 	0.834499   	0.999986   	0.000163094	-0.000384439	0.834506   	0.999986   	-6.14142e-05	0.000554563	0.834479   	0.999986   	-0.000248372	-0.000113932	0.834447   	0.0675262  	0.553833   	0.579814   	0.0675221  	0.072451   	0.515521   	0.606429   	0.0725282  	0.0695385  	0.54228    	0.688756   	0.0695236  	0.0689483  	0.608445   	0.627399   	0.0689589  	0.0653977  	0.600362   	0.54456    	0.0653841  	0.0722912  	0.572456   	0.634926   	0.0722502  	0.071864   	0.496712   	0.711629   	0.0719106  	0.0696867  	0.563287   	0.719481   	0.0696368  	0.0727528  	0.467917   	0.647944   	0.072743   	0.0715055  	0.568169   	0.615052   	0.0715289  	0.0692642  	0.50483    	0.673752   	0.0692844  	0.0676597  	0.525846   	0.626679   	0.0677086  	0.0691971  	0.553208   	0.682117   	0.0691298  	0.0718819  	0.509413   	0.702526   	0.0719137  	0.0683899  	0.571142   	0.672667   	0.0683451  	5.80517	6.15104	6.01536	5.96737	5.65096	6.21727	6.21576	6.23405	6.28577	6.262	5.95982	5.84832	5.9063	6.09509	5.82904	1          	-2.00417e-05	-3.44077e-06	0.834454   	0.0909928  	0.120527   	0.121645   	0.0909929  	1.56711	
4.5e-11    	6.6        	0.999985   	-3.86375e-05	-0.000726289	0.822547   	0.999984   	-0.000197962	0.000462002	0.822554   	0.999985   	0.000189213	0.000231617	0.82269    	0.999987   	-0.000207934	-1.25189e-05	0.8227     	0.999985   	0.000238628	2.2929e-05 	0.822589   	0.999985   	-0.000108077	-0.000130331	0.822545   	0.999984   	0.000186485	-0.000138494	0.822667   	0.999985   	0.000400046	0.00037761 	0.822584   	0.999986   	-0.000551543	-0.000363164	0.822508   	0.999985   	0.000352406	4.72544e-05	0.822628   	0.999985   	-0.000354247	-8.91521e-05	0.822578   	0.999985   	6.60691e-05	7.004e-05  	0.822584   	0.999985   	-1.91669e-06	-0.000169885	0.822625   	0.999984   	-0.00024122	7.67471e-05	0.822604   	0.999985   	0.00021075 	-3.84416e-06	0.822614   	0.0757215  	0.651944   	0.675674   	0.0756765  	0.0764737  	0.626536   	0.742009   	0.0765829  	0.0796979  	0.611983   	0.651742   	0.0797546  	0.0772877  	0.582124   	0.578815   	0.0772049  	0.0773397  	0.616906   	0.669378   	0.0773737  	0.0865496  	0.624738   	0.71822    	0.0864327  	0.0837545  	0.65531    	0.699762   	0.0838219  	0.0879543  	0.686343   	0.601731   	0.088032   	0.0761961  	0.663841   	0.57099    	0.0761811  	0.0766301  	0.66812    	0.66331    	0.0766253  	0.0798759  	0.603116   	0.691222   	0.0799079  	0.0772136  	0.646485   	0.63514    	0.0771946  	0.0819682  	0.585355   	0.757      	0.0819662  	0.0762026  	0.551057   	0.80386    	0.0762478  	0.0746836  	0.612885   	0.670428   	0.074766   	6.38063	6.18295	6.34477	6.30597	6.30454	6.60615	6.50248	7.19992	6.04551	6.18075	6.3659	6.43922	6.43816	6.12277	6.04226	1          	-3.95165e-06	-2.30371e-05	0.822589   	0.0951883  	0.118279   	0.129282   	0.0951883  	1.376	
5e-11      	6.4        	0.999983   	0.000258828	-6.60845e-06	0.809478   	0.999983   	9.83564e-05	-0.000206177	0.809595   	0.999982   	-0.000399724	0.000110651	0.809609   	0.999981   	-0.000534705	-0.000256897	0.809484   	0.999984   	0.000593677	0.000339188	0.809583   	0.999983   	-1.46621e-05	-0.000206637	0.809501   	0.999984   	4.9853e-05 	0.000433249	0.809482   	0.999984   	0.000407962	-0.000438023	0.809513   	0.999982   	-0.000511479	4.64474e-05	0.809655   	0.999983   	0.000406029	-0.000115789	0.809515   	0.999981   	-0.000230406	-0.000241419	0.809547   	0.999983   	-0.000117845	0.000356551	0.809656   	0.999981   	-0.000367275	0.000475989	0.809498   	0.999984   	0.000213774	-0.000148504	0.809641   	0.999984   	0.000193366	-0.000248069	0.809551   	0.093269   	0.633261   	0.781636   	0.0931754  	0.0901071  	0.648996   	0.747437   	0.0901659  	0.0946184  	0.705056   	0.823089   	0.0945834  	0.0966251  	0.709908   	0.852009   	0.0966303  	0.090178   	0.619171   	0.713344   	0.0901953  	0.0920948  	0.610686   	0.814249   	0.0921017  	0.0991615  	0.6511     	0.705382   	0.099145   	0.0932587  	0.628245   	0.741303   	0.0932492  	0.0924878  	0.68871    	0.788562   	0.09238    	0.0838948  	0.667764   	0.799306   	0.08387    	0.0881148  	0.64026    	0.932188   	0.0881422  	0.0866446  	0.643036   	0.795216   	0.086581   	0.091321   	0.709658   	0.86413    	0.0911995  	0.0905896  	0.624663   	0.748976   	0.0905846  	0.0976354  	0.536866   	0.781116   	0.097633   	6.8715	6.8102	6.98634	7.39046	6.7778	6.978	7.37762	6.69206	6.88325	6.3945	6.65066	6.48927	6.81513	6.7685	7.20753	1          	3.00754e-06	-7.03511e-06	0.80954    	0.110297   	0.127594   	0.126723   	0.110297   	1.38741	
5.5e-11    	6.2        	0.99998    	-0.000286358	3.96212e-05	0.795268   	0.99998    	0.000218232	-1.98417e-05	0.795205   	0.999981   	-8.06589e-05	-4.60133e-05	0.79529    	0.99998    	0.000145496	0.000131176	0.795211   	0.999981   	-0.000429532	0.000338289	0.795288   	0.99998    	0.000181827	-0.000528628	0.795148   	0.999979   	0.00048472 	-0.00023659	0.795224   	0.999979   	-8.97234e-05	-4.58538e-05	0.795211   	0.999979   	-0.000387814	0.00032115 	0.795275   	0.999981   	-0.000102343	-0.000768252	0.795319   	0.999981   	2.86281e-06	4.12631e-05	0.795261   	0.99998    	0.000101379	0.000584199	0.795232   	0.999981   	-4.13956e-05	0.000137445	0.795299   	0.99998    	0.000254476	-6.0667e-05	0.795247   	0.999981   	-7.72036e-05	-0.00012598	0.795149   	0.0999205  	0.772874   	0.879883   	0.0998294  	0.110613   	0.787591   	0.877879   	0.11059    	0.106433   	0.769954   	0.778679   	0.106348   	0.0970076  	0.655892   	0.994424   	0.0970104  	0.103646   	0.633992   	0.867166   	0.103497   	0.110146   	0.663593   	0.94025    	0.11013    	0.109682   	0.675335   	0.986948   	0.109652   	0.10598    	0.724691   	0.996308   	0.106016   	0.104701   	0.67255    	1.03952    	0.104684   	0.109262   	0.730445   	0.771087   	0.109278   	0.109096   	0.644894   	0.870346   	0.10902    	0.0986964  	0.762755   	0.842463   	0.0986896  	0.111043   	0.663321   	0.889658   	0.111138   	0.0995149  	0.69635    	0.901822   	0.0997145  	0.103276   	0.695206   	0.856044   	0.103363   	7.01435	7.7638	7.25524	7.11702	7.37703	7.4541	7.8387	7.2933	7.30511	7.56044	7.50894	6.97927	7.27408	7.12302	7.14152	1          	-7.0964e-06	-1.59507e-05	0.795226   	0.125127   	0.130936   	0.1294     	0.125125   	1.42371	
6e-11      	6          	0.999978   	-0.000204169	-0.000253933	0.779496   	0.999977   	0.000468856	-0.000364656	0.779788   	0.999978   	-0.000303971	0.000748161	0.779632   	0.999977   	6.65362e-05	9.00507e-07	0.779615   	0.999977   	0.000577875	-0.000910644	0.779594   	0.999977   	-0.000577831	0.000722147	0.779641   	0.999977   	-3.56894e-05	0.000207516	0.779631   	0.999975   	0.000368676	0.000146467	0.779555   	0.999976   	-0.000501393	-0.000267759	0.779573   	0.999977   	-2.49528e-05	0.000141233	0.779672   	0.999977   	0.000589961	-0.00026711	0.779632   	0.999978   	-0.000635383	9.99786e-05	0.779593   	0.999976   	0.000622144	0.00105135 	0.779697   	0.999976   	-0.000202463	-0.000715965	0.779693   	0.999979   	-0.000445557	-0.000428905	0.779624   	0.121007   	0.763686   	0.955478   	0.121015   	0.122027   	0.815239   	1.01328    	0.121979   	0.123229   	0.735874   	1.00167    	0.123084   	0.116122   	0.830193   	1.00292    	0.115985   	0.117206   	0.817091   	0.969639   	0.117265   	0.115739   	0.828098   	0.960004   	0.115848   	0.129931   	0.780187   	1.02799    	0.129933   	0.117892   	0.853837   	1.07184    	0.117837   	0.130881   	0.888583   	0.977831   	0.130698   	0.125051   	0.764771   	1.00432    	0.124851   	0.120826   	0.809242   	0.994259   	0.120768   	0.119435   	0.87155    	0.856024   	0.119387   	0.11975    	0.865357   	0.942157   	0.119764   	0.128031   	0.833931   	1.00243    	0.12805    	0.112044   	0.739259   	0.929573   	0.1121     	7.77809	7.82129	7.95107	7.88987	7.34579	7.56483	8.78455	7.75258	8.50282	8.18153	7.73308	7.70776	7.63458	8.18257	7.26746	1          	-1.57328e-05	-6.07967e-06	0.779611   	0.140292   	0.130278   	0.131778   	0.140295   	1.28497	
6.5e-11    	5.8        	0.999973   	-0.000285286	0.000756024	0.762517   	0.999975   	0.00034794 	-0.000368616	0.762489   	0.999973   	-6.09458e-05	-0.00033937	0.762706   	0.999972   	-0.000100063	0.000145772	0.762619   	0.99997    	0.000139997	0.000953274	0.762664   	0.999968   	-3.77078e-05	-0.000968578	0.762663   	0.999973   	-9.02452e-05	-0.000170287	0.762676   	0.999971   	-0.000404814	7.76267e-05	0.762711   	0.999971   	0.000527488	0.000226052	0.762609   	0.999973   	0.000541006	0.000328489	0.762553   	0.999975   	-0.000353556	1.17798e-05	0.762561   	0.999975   	-0.000243791	-0.000400117	0.762736   	0.999973   	-0.000142943	1.85873e-05	0.762559   	0.999972   	0.000138293	-0.000114336	0.762668   	0.999973   	5.58255e-05	4.66045e-05	0.762677   	0.136475   	0.912632   	1.06334    	0.136501   	0.147583   	0.923987   	0.970059   	0.147674   	0.139219   	0.777316   	1.21801    	0.139165   	0.133129   	1.02855    	1.09598    	0.133022   	0.138554   	0.947447   	1.30176    	0.138386   	0.13565    	1.05444    	1.29316    	0.135528   	0.151269   	0.819561   	1.21658    	0.15147    	0.147202   	0.890915   	1.30319    	0.147231   	0.138856   	0.90093    	1.24808    	0.139042   	0.148628   	0.960162   	1.06514    	0.148479   	0.135509   	0.827414   	1.03063    	0.135362   	0.144425   	0.83971    	1.06122    	0.144704   	0.134203   	0.871309   	1.12087    	0.134249   	0.138623   	0.892696   	1.21032    	0.138718   	0.140286   	0.917987   	1.09763    	0.140355   	8.24479	8.87523	8.18554	7.99269	7.97642	8.23706	8.94206	9.07309	8.84833	9.00241	8.09423	8.83413	8.16902	8.38476	8.28136	1          	1.92993e-06	1.34604e-05	0.762606   	0.157386   	0.126292   	0.136792   	0.157385   	1.29704	
7e-11      	5.6        	0.999965   	0.000290399	0.000311214	0.744433   	0.999965   	-0.000565907	0.00047561 	0.744196   	0.999968   	8.77074e-05	-0.000919338	0.744352   	0.999969   	-0.000385505	-3.42415e-05	0.74428    	0.999968   	0.000118008	0.000802152	0.744233   	0.999969   	0.000356513	-0.000784447	0.744335   	0.999968   	-0.000308512	-0.000383536	0.744489   	0.999969   	0.000106587	0.000483466	0.744047   	0.99997    	0.000198602	-0.000196415	0.744264   	0.999965   	2.7607e-05 	0.000301327	0.744345   	0.999966   	0.00101964 	0.000308384	0.744242   	0.999968   	-0.00100638	-0.000569326	0.744276   	0.999972   	0.00024109 	-0.00020555	0.744295   	0.999971   	0.000318115	0.000294523	0.744365   	0.999973   	-0.000643524	-0.000162878	0.744168   	0.161107   	1.04722    	1.47205    	0.161497   	0.158334   	1.12512    	1.34196    	0.158291   	0.163769   	1.02824    	1.22526    	0.163858   	0.164346   	0.989035   	1.25225    	0.16456    	0.154321   	1.08954    	1.14454    	0.154201   	0.162109   	0.949361   	1.26008    	0.162172   	0.166323   	0.855287   	1.39613    	0.166337   	0.161263   	0.942718   	1.29405    	0.161153   	0.163565   	0.862112   	1.28174    	0.163429   	0.159311   	1.0225     	1.50756    	0.159406   	0.15989    	1.07927    	1.29144    	0.159982   	0.154604   	1.01713    	1.21789    	0.154431   	0.165894   	0.859559   	1.16355    	0.165942   	0.169398   	0.860692   	1.19533    	0.169277   	0.171482   	0.73879    	1.17999    	0.171411   	9.17832	9.16549	9.19505	8.97191	8.86582	8.85116	9.07429	8.87828	9.21343	8.73681	8.73685	8.93904	9.27517	9.53934	9.17378	1          	-9.41478e-06	-1.8527e-05	0.744265   	0.174553   	0.13576    	0.137236   	0.174552   	1.24145	
7.5e-11    	5.4        	0.999969   	-0.000360869	0.000278412	0.724484   	0.999964   	0.000765747	-0.000819932	0.724621   	0.999958   	-0.000465582	0.00063334 	0.724626   	0.999964   	0.000610148	-0.000147469	0.724618   	0.999961   	-0.000322823	-0.000203635	0.724607   	0.999959   	-0.000268471	0.000312975	0.724539   	0.999957   	6.24547e-05	-0.000647783	0.724545   	0.999964   	-0.000431534	0.000231529	0.724696   	0.999963   	0.000391027	0.00024906 	0.724645   	0.999962   	-8.74502e-05	-0.000525371	0.724604   	0.999962   	0.000135069	-0.000255348	0.724544   	0.999964   	-0.000113739	0.000827343	0.724606   	0.99996    	-0.000679441	0.000484513	0.724668   	0.999964   	-0.000125273	-0.000161557	0.724559   	0.999961   	0.000753212	-0.000388654	0.724712   	0.200541   	0.958257   	1.14488    	0.200386   	0.182914   	0.964032   	1.45762    	0.183021   	0.185468   	1.05927    	1.74183    	0.185059   	0.185751   	1.00246    	1.44245    	0.18568    	0.178206   	1.11108    	1.50138    	0.178348   	0.178372   	1.18778    	1.5601     	0.17841    	0.198877   	1.15335    	1.73185    	0.198928   	0.189384   	1.02421    	1.40982    	0.189531   	0.193815   	1.05733    	1.41603    	0.193591   	0.185209   	1.04271    	1.49278    	0.184724   	0.185213   	1.15372    	1.42766    	0.185004   	0.197439   	1.02781    	1.35972    	0.197162   	0.175829   	1.13584    	1.56007    	0.175949   	0.200567   	1.03799    	1.43111    	0.200365   	0.179215   	1.07122    	1.51967    	0.17916    	10.0283	9.50202	9.81992	9.79417	9.21227	9.83965	10.4178	10.0971	10.2791	9.26393	9.70946	10.3613	9.64399	10.3534	9.56489	1          	-9.2011e-06	-8.77053e-06	0.724578   	0.176533   	0.137266   	0.138687   	0.176535   	1.1846	
8e-11      	5.2        	0.999949   	-0.00125526	0.000231797	0.703584   	0.999952   	0.000689496	1.48765e-05	0.703583   	0.999953   	0.000552291	-0.000221585	0.703687   	0.999955   	-0.000635665	-0.000820879	0.703646   	0.999949   	0.000426867	0.000909613	0.70378    	0.999949   	0.000173157	-0.000204051	0.703431   	0.999961   	0.000274173	0.000235507	0.703554   	0.999954   	-0.000235423	7.43112e-05	0.70367    	0.999954   	-0.000115323	-0.00015731	0.703588   	0.999955   	0.000377205	0.000497839	0.703606   	0.999953   	-6.64937e-06	0.000393215	0.703503   	0.999951   	-0.000445839	-0.000853126	0.70362    	0.999957   	-0.000328175	0.00017087 	0.70352    	0.999961   	-8.10246e-05	0.000823188	0.703737   	0.999955   	0.000474519	-0.00087728	0.703413   	0.21649    	1.29327    	1.92817    	0.215925   	0.203153   	1.22547    	1.83522    	0.203476   	0.213004   	1.22209    	1.7985     	0.21335    	0.22236    	1.28216    	1.5852     	0.222715   	0.21248    	1.32575    	1.8767     	0.212521   	0.211639   	1.31523    	1.91821    	0.211658   	0.236934   	0.992639   	1.51097    	0.236931   	0.221856   	1.07376    	1.85426    	0.221775   	0.222341   	1.02639    	1.88999    	0.222632   	0.220441   	1.31143    	1.52462    	0.220154   	0.206792   	1.33421    	1.63246    	0.20709    	0.206845   	1.17975    	1.90844    	0.207374   	0.209069   	1.35321    	1.4178     	0.208932   	0.207358   	1.11113    	1.3704     	0.207321   	0.214753   	1.27203    	1.5521     	0.214792   	10.5167	9.94315	9.88256	11.0589	10.1325	10.5335	11.2553	10.8132	11.0665	10.1953	10.1521	10.2795	10.0449	10.1367	10.47	1          	-9.22006e-06	1.45146e-05	0.703562   	0.192816   	0.134732   	0.135938   	0.192815   	1.06919	
8.5e-11    	5          	0.999941   	0.00101364 	-0.00135953	0.681389   	0.999941   	-0.0010511 	0.00187237 	0.681158   	0.999943   	2.79014e-05	-0.000361142	0.681496   	0.999948   	-0.000194913	0.00109075 	0.681252   	0.999937   	-0.000525902	0.000114451	0.681375   	0.999944   	0.0008685  	-0.00115316	0.68141    	0.999944   	-0.000379822	0.00102009 	0.681144   	0.999938   	0.000353177	5.4647e-05 	0.681378   	0.999943   	0.000128347	-0.000940983	0.681379   	0.999944   	6.65203e-05	0.000120737	0.681064   	0.99995    	0.000309079	0.000511886	0.681291   	0.999946   	-0.000406283	-0.00068489	0.68155    	0.999942   	-0.000350064	0.000535286	0.681341   	0.999948   	0.000349042	-1.46032e-05	0.681374   	0.999937   	3.41904e-05	-0.00033484	0.681287   	0.262675   	1.42213    	2.01639    	0.262526   	0.258177   	1.61259    	1.79237    	0.257893   	0.23823    	1.64119    	1.74392    	0.238167   	0.267908   	1.26546    	1.83568    	0.267491   	0.242476   	1.76289    	2.01446    	0.243042   	0.266432   	1.41793    	1.88814    	0.266043   	0.23088    	1.24073    	2.07044    	0.23085    	0.252995   	1.30218    	2.42002    	0.253833   	0.225556   	1.38385    	2.02926    	0.225166   	0.273896   	1.57737    	1.75069    	0.274097   	0.241941   	1.20829    	1.75851    	0.242181   	0.250608   	1.28401    	1.91258    	0.250719   	0.2379     	1.40678    	2.03423    	0.238802   	0.293634   	1.26507    	1.82262    	0.292677   	0.256506   	1.49544    	2.27318    	0.256495   	11.5352	11.5893	10.891	12.5247	10.175	12.0193	10.5945	10.8721	9.97551	12.4499	10.9078	11.2016	10.8352	12.6483	11.6853	1          	1.59823e-05	3.15488e-05	0.681287   	0.204104   	0.133868   	0.142483   	0.204105   	1.1232	
9e-11      	4.8        	0.999937   	0.000648305	1.80322e-05	0.658228   	0.999929   	0.000350476	-0.000591444	0.657642   	0.999935   	-0.000957875	0.000639145	0.657988   	0.999929   	7.08838e-05	0.000130742	0.658006   	0.999925   	0.000799274	-3.27555e-05	0.657754   	0.999921   	-0.000917816	-0.000192027	0.658155   	0.999924   	0.000333676	-0.00145171	0.657866   	0.999933   	-0.000278016	0.00139619 	0.658192   	0.999932   	-3.45222e-05	-3.32613e-05	0.657933   	0.99993    	-0.000413049	0.000331002	0.657951   	0.999938   	-0.000624193	0.00092325 	0.65801    	0.999939   	0.000906598	-0.00141911	0.657982   	0.999934   	0.000480882	0.0006647  	0.658131   	0.999928   	0.000695362	-0.000642695	0.658089   	0.999939   	-0.00119091	9.51939e-05	0.657849   	0.290341   	1.32174    	2.19781    	0.290325   	0.316089   	1.29821    	2.62655    	0.316289   	0.275645   	1.34149    	2.2539     	0.274897   	0.296305   	1.47958    	2.50844    	0.296431   	0.29906    	1.52719    	2.64656    	0.298434   	0.291542   	1.69584    	2.71116    	0.291036   	0.296385   	1.86912    	2.28882    	0.296208   	0.305385   	1.6159     	2.0774     	0.305364   	0.307272   	1.57429    	2.24907    	0.307662   	0.300465   	1.5914     	2.30055    	0.301367   	0.292418   	1.30745    	2.11367    	0.291365   	0.306561   	1.37086    	1.949      	0.305794   	0.292426   	1.58711    	2.0552     	0.291764   	0.275106   	1.51062    	2.48269    	0.275205   	0.30466    	1.23895    	2.12127    	0.304652   	11.974	13.5006	11.6563	12.7428	12.4097	12.1545	11.907	12.8659	12.6294	12.8762	12.1334	12.0756	12.0874	11.1875	11.735	1          	-8.36747e-06	-1.09514e-05	0.65794    	0.209345   	0.14187    	0.140523   	0.209344   	1.04344	
9.5e-11    	4.6        	0.999915   	0.00084513 	0.000567901	0.633554   	0.999909   	-0.000106691	0.000899401	0.633589   	0.99992    	-0.000647997	-0.0015479 	0.633645   	0.999908   	-0.000405252	0.00228012 	0.633433   	0.999912   	-4.31594e-05	-0.00337722	0.633718   	0.999918   	0.000525729	0.00109182 	0.633643   	0.999921   	0.000349005	0.00179561 	0.63361    	0.999895   	-0.000314161	-0.00378496	0.633588   	0.99992    	-0.000217029	0.00192158 	0.633628   	0.999926   	0.00112711 	-0.00012609	0.633545   	0.999929   	-0.000166828	0.00095789 	0.633254   	0.999928   	-0.000900797	-0.000840735	0.633904   	0.999917   	0.000663433	0.000475895	0.633489   	0.999916   	-0.000452977	0.00273277 	0.633604   	0.999924   	-0.000318004	-0.00320211	0.633698   	0.327376   	1.749      	2.63288    	0.328607   	0.371271   	1.78418    	2.90424    	0.37136    	0.322733   	2.03333    	2.02152    	0.32294    	0.369241   	2.22977    	2.40367    	0.369312   	0.366647   	1.6557     	2.61308    	0.36548    	0.361178   	1.45409    	2.77606    	0.361593   	0.353716   	1.66676    	2.36166    	0.354156   	0.388298   	2.04273    	3.00155    	0.388251   	0.342714   	1.5478     	2.47717    	0.341357   	0.344165   	1.56992    	2.20568    	0.344188   	0.335457   	1.57195    	2.09898    	0.334759   	0.35849    	1.56142    	2.11262    	0.360016   	0.375538   	1.73314    	2.54897    	0.375788   	0.36677    	1.56029    	2.61494    	0.366992   	0.382439   	1.34131    	2.35091    	0.382787   	12.1928	14.0341	13.0923	14.0227	13.7723	13.8334	13.6246	14.2582	12.8489	12.9536	13.1231	13.4984	13.6949	14.0142	14.9248	1          	-4.16904e-06	-1.10013e-05	0.633541   	0.203899   	0.137956   	0.137905   	0.203898   	1.05727	
1e-10      	4.4        	0.999897   	0.00135268 	-9.76369e-05	0.608472   	0.99989    	-0.0014015 	0.000275007	0.608236   	0.999919   	-9.69735e-06	-0.000203546	0.608366   	0.999889   	-0.000339357	0.00118496 	0.608258   	0.999904   	0.000464446	-0.00215913	0.608244   	0.999897   	-0.000170653	0.00113006 	0.608469   	0.999901   	0.000777927	0.000131547	0.608532   	0.999891   	0.000184513	0.00109171 	0.607998   	0.999881   	-0.000869161	-0.00119028	0.608497   	0.999886   	-0.00066344	-0.00209608	0.60835    	0.999889   	0.000457298	0.0017987  	0.608653   	0.999871   	0.000189744	0.000360588	0.608014   	0.99991    	0.00101778 	0.00297517 	0.608373   	0.999898   	0.000113685	0.00148165 	0.608058   	0.999897   	-0.00114508	-0.00440639	0.608591   	0.431895   	2.0382     	2.84645    	0.431617   	0.399922   	2.16096    	3.02691    	0.401847   	0.394723   	1.49962    	2.37998    	0.394769   	0.392142   	1.80884    	3.43445    	0.391645   	0.405113   	1.7638     	2.72183    	0.404961   	0.418259   	1.77362    	3.09727    	0.418829   	0.396558   	1.84775    	2.8787     	0.396605   	0.422199   	2.23095    	2.91372    	0.422753   	0.402198   	1.75179    	3.88815    	0.400134   	0.415959   	1.95971    	3.37863    	0.416081   	0.371663   	2.01889    	3.22488    	0.373944   	0.45378    	1.81124    	4.34062    	0.455425   	0.424419   	1.73053    	2.34782    	0.423748   	0.443412   	1.91009    	2.88731    	0.444744   	0.390176   	1.53233    	2.90912    	0.389798   	14.2951	14.3285	13.5716	13.9556	13.9494	14.8793	14.3545	14.7934	14.0466	14.323	12.9136	15.0009	14.7353	15.0262	13.8359	1          	-2.82058e-06	1.85237e-05	0.608277   	0.211134   	0.135963   	0.142214   	0.211127   	1.12126	
1.05e-10   	4.2        	0.999869   	0.00170403 	-0.00183884	0.582324   	0.999894   	-0.00226658	0.00222079 	0.582621   	0.999886   	0.000402641	-0.000479681	0.582138   	0.99987    	0.000724602	0.00398615 	0.582391   	0.999861   	-0.00100617	-0.0011056 	0.58229    	0.99988    	0.000247713	-0.00293698	0.582305   	0.99987    	-0.00176399	0.00107352 	0.582096   	0.999889   	0.000418395	-0.00307923	0.582517   	0.999858   	0.0014565  	0.00197184 	0.582416   	0.999868   	-0.000660325	0.000374388	0.582702   	0.999864   	0.000422058	0.00136622 	0.582282   	0.999852   	0.000437874	-0.00183428	0.582021   	0.999891   	-0.000267291	0.002126   	0.58243    	0.999883   	0.00139241 	-0.000913514	0.582498   	0.999861   	-0.00102693	-0.00112604	0.582177   	0.486027   	1.97278    	3.61305    	0.486007   	0.457665   	1.78544    	2.63695    	0.458239   	0.503928   	1.65739    	3.31837    	0.503752   	0.46294    	2.22635    	3.0803     	0.462486   	0.435701   	2.09418    	3.92011    	0.439058   	0.460835   	2.0991     	2.94503    	0.462437   	0.484168   	1.99916    	3.59745    	0.48355    	0.503736   	1.67092    	2.98849    	0.503749   	0.459348   	1.95343    	4.12358    	0.458012   	0.530571   	2.25597    	3.52062    	0.530097   	0.50827    	1.74286    	4.13453    	0.506828   	0.470169   	1.70817    	4.68484    	0.472442   	0.517569   	2.10119    	2.57925    	0.519571   	0.454644   	1.83111    	3.24262    	0.454427   	0.481734   	1.6887     	4.33576    	0.479243   	15.3422	14.3338	14.9895	14.8012	13.8452	14.0349	15.1709	16.4176	14.9532	16.5824	15.7742	15.0863	15.7888	14.1346	15.2055	1          	1.60838e-05	-1.54497e-05	0.582274   	0.208404   	0.140683   	0.141493   	0.208404   	1.05911	
1.1e-10    	4          	0.9998     	-0.00128752	-0.00171689	0.555511   	0.999796   	8.91593e-05	0.00485495 	0.555739   	0.999815   	0.00129181 	-0.00313176	0.556108   	0.999816   	-0.000106477	0.00203209 	0.55566    	0.999854   	0.000735651	-0.00193696	0.555881   	0.999818   	-0.000518363	-0.000165355	0.55579    	0.999839   	-0.00107154	0.000822525	0.555848   	0.99982    	-0.000337769	-0.00152667	0.555584   	0.999809   	0.00130919 	0.000457137	0.55583    	0.999855   	-2.88361e-05	-0.00338956	0.555924   	0.999857   	0.000797922	0.000515929	0.555428   	0.999854   	-0.000781606	0.00278443 	0.555854   	0.99982    	0.00111571 	-0.00520773	0.555729   	0.999832   	0.00124734 	0.00370127 	0.555806   	0.999843   	-0.00243185	0.00166524 	0.555808   	0.641583   	2.13683    	5.70921    	0.640256   	0.599965   	1.88254    	5.77082    	0.599385   	0.634338   	2.02522    	5.13403    	0.629529   	0.569099   	2.43414    	4.79455    	0.565738   	0.557855   	2.37668    	3.36145    	0.559401   	0.58138    	2.51788    	4.72502    	0.580555   	0.579821   	2.12841    	4.25164    	0.577171   	0.563984   	2.22548    	4.91213    	0.565093   	0.562835   	2.98827    	4.60886    	0.566998   	0.596402   	2.50995    	3.03945    	0.594411   	0.527273   	2.23321    	3.42287    	0.52492    	0.541054   	2.12887    	3.52645    	0.539174   	0.617202   	1.96156    	4.65449    	0.61662    	0.692841   	2.61656    	3.78592    	0.692027   	0.606565   	2.77487    	3.29575    	0.607925   	18.2741	16.8985	18.2232	16.3604	15.1403	16.1291	16.9019	16.299	16.2918	17.0088	15.2128	15.0391	17.9642	18.9724	17.4317	1          	1.58916e-06	-1.57733e-05	0.555672   	0.206543   	0.147247   	0.139418   	0.206541   	1.24177	
1.15e-10   	3.8        	0.999829   	-0.00123829	0.00306902 	0.528749   	0.999809   	-0.000768834	0.00177046 	0.528512   	0.999763   	0.00217414 	-0.00476638	0.528966   	0.999821   	-0.00383978	0.00337222 	0.52878    	0.99981    	0.00330832 	-0.00575302	0.528928   	0.99981    	0.000379604	0.00196753 	0.528354   	0.999785   	-0.000700152	-0.000612642	0.528662   	0.999833   	0.00174833 	-0.000371786	0.528959   	0.999798   	-0.00124309	0.000959025	0.528652   	0.999775   	0.00170234 	-0.00418741	0.52862    	0.999783   	-0.000250042	0.00225914 	0.528784   	0.999805   	-0.00141891	0.00184325 	0.528568   	0.999744   	0.00145881 	-0.00164075	0.529113   	0.999756   	-0.000195678	0.00343852 	0.528521   	0.999814   	-0.0012182 	-0.00181083	0.528621   	0.74593    	2.41385    	3.53796    	0.745999   	0.664862   	2.2978     	4.50135    	0.663369   	0.708328   	3.04245    	5.00755    	0.710777   	0.643376   	2.00362    	3.97494    	0.642078   	0.714713   	2.19162    	3.87101    	0.714816   	0.695684   	2.43134    	4.35391    	0.695455   	0.718683   	2.17186    	5.57331    	0.716563   	0.671243   	2.01745    	3.94938    	0.671252   	0.650846   	2.72926    	4.4909     	0.647483   	0.713244   	2.4316     	5.28338    	0.702278   	0.70683    	2.50624    	5.23119    	0.705093   	0.768023   	2.48997    	4.44203    	0.770227   	0.655298   	2.84512    	6.33006    	0.657105   	0.694143   	2.92393    	5.66875    	0.694983   	0.735962   	2.57767    	4.02838    	0.738072   	19.0435	17.1568	17.5236	16.6912	18.1786	17.3193	18.9945	16.7931	17.1591	18.3512	18.0632	19.6119	17.0198	17.4299	18.8712	0.999999   	-7.15452e-06	-3.40902e-05	0.528612   	0.223026   	0.139251   	0.143083   	0.223025   	1.2885	
1.2e-10    	3.6        	0.999748   	0.000190744	-0.00182921	0.501777   	0.999744   	0.0010023  	0.000596391	0.50147    	0.999734   	-0.00126214	0.00107732 	0.50076    	0.99977    	0.00345838 	0.000243277	0.501768   	0.999749   	-0.00155925	0.000588508	0.501189   	0.999728   	-0.00197953	-0.000770086	0.501118   	0.999715   	0.000547363	0.00477341 	0.501382   	0.999713   	-0.000564228	-0.00426184	0.501323   	0.999771   	-0.000173673	-0.000757276	0.501297   	0.999769   	0.00179037 	-0.00459772	0.501485   	0.999711   	-0.000514336	-0.000297176	0.501399   	0.999747   	-0.00131178	0.00498948 	0.501285   	0.999725   	-0.00180648	0.000841485	0.501417   	0.999752   	-8.57094e-05	-0.000621708	0.501194   	0.999803   	0.00203269 	-9.81611e-06	0.50128    	0.848626   	3.2073     	4.92856    	0.852118   	0.844065   	2.98123    	5.28766    	0.839128   	0.859593   	2.88394    	5.67564    	0.856459   	0.851176   	2.57893    	4.67808    	0.848765   	0.787247   	2.49775    	5.58918    	0.787925   	0.857839   	2.34527    	6.41356    	0.86198    	0.76898    	2.21251    	6.64465    	0.768517   	0.837591   	2.70781    	6.28722    	0.839485   	0.804646   	2.52563    	4.87478    	0.802431   	0.774843   	2.98845    	4.10183    	0.772686   	0.753189   	2.6926     	6.67847    	0.752675   	0.790698   	2.81656    	4.95961    	0.795039   	0.725355   	1.78738    	7.07261    	0.725981   	0.814173   	2.07499    	5.96176    	0.820642   	0.920769   	2.20819    	4.1199     	0.920751   	19.7895	19.2286	19.1983	18.9536	17.8884	20.175	16.9318	18.7402	18.2919	17.4107	17.4021	18.6667	16.5432	17.8373	20.2173	0.999999   	-1.488e-05 	-9.34149e-06	0.501215   	0.218892   	0.143755   	0.14126    	0.218888   	1.27524	
1.25e-10   	3.4        	0.999644   	0.0019541  	-0.00476376	0.474432   	0.999644   	-0.00309672	0.00175003 	0.47343    	0.999736   	0.00100908 	0.00291804 	0.47339    	0.999691   	0.000549724	-0.00420483	0.473549   	0.999644   	0.00037919 	0.00361579 	0.473997   	0.999741   	-0.00113284	0.000503411	0.473503   	0.999668   	0.00142877 	-0.00424772	0.473105   	0.999772   	0.000714603	0.00108304 	0.474491   	0.999733   	-0.00211652	0.00320717 	0.473583   	0.999739   	-0.00176106	0.00235254 	0.474195   	0.999713   	-0.00399568	-0.00519503	0.473554   	0.999708   	0.00577956 	0.00265383 	0.473352   	0.999761   	-0.000414927	-0.00569176	0.473425   	0.999648   	0.00108174 	-0.00349533	0.474169   	0.999672   	-0.000848664	0.00919521 	0.473431   	1.13522    	3.58404    	6.36128    	1.13792    	1.11472    	2.88384    	7.24249    	1.12539    	1.03061    	3.27757    	4.21052    	1.02294    	1.00986    	2.95862    	5.74871    	1.02075    	1.01156    	3.92062    	6.19097    	1.00287    	1.03007    	3.23445    	4.23376    	1.02705    	1.15117    	2.56414    	6.73903    	1.15481    	1.05253    	2.55463    	4.00434    	1.04044    	0.964203   	2.52401    	4.964      	0.959871   	1.10131    	2.90025    	4.52878    	1.0965     	1.0315     	2.77943    	4.8909     	1.02577    	1.0026     	3.15181    	4.7061     	1.00396    	0.972163   	2.03777    	4.39793    	0.973614   	0.99385    	2.66963    	7.32697    	0.989414   	0.913155   	2.45305    	5.79241    	0.911859   	23.3474	22.3947	20.1039	19.7846	19.8678	19.9393	22.6795	20.2053	19.5286	22.1326	20.4773	19.5276	19.2118	20.3047	18.0841	0.999999   	-3.00918e-05	-2.99427e-05	0.473566   	0.209544   	0.138247   	0.141073   	0.209545   	1.3757	
1.3e-10    	3.2        	0.999546   	0.00035961 	-0.0118034 	0.446863   	0.999572   	-0.00136591	0.00636896 	0.445475   	0.999643   	0.0009405  	0.00532898 	0.445498   	0.999641   	-0.00230553	-0.00317718	0.445557   	0.999579   	-0.000529574	0.0126363  	0.446206   	0.999606   	0.00282857 	-0.00925728	0.4463     	0.999469   	-0.00176902	0.00387833 	0.446558   	0.999564   	-0.000818934	-0.00175433	0.446158   	0.999465   	0.00262104 	-0.00228849	0.445368   	0.999593   	-0.00268254	0.00119751 	0.44601    	0.999605   	0.000136578	-0.000992029	0.445711   	0.999678   	0.00236467 	-0.000306208	0.446216   	0.999574   	0.00319007 	-0.000548892	0.444913   	0.999674   	-0.00347011	-0.00352631	0.446557   	0.999581   	0.000330118	0.00400692 	0.44637    	1.24461    	2.79583    	7.12079    	1.25157    	1.10545    	2.90892    	7.49164    	1.09889    	1.1434     	3.49087    	5.261      	1.13741    	1.16976    	3.30668    	5.70123    	1.17518    	1.19096    	3.07721    	5.67       	1.19109    	1.21457    	2.85266    	6.05037    	1.21427    	1.22845    	2.64644    	10.7789    	1.22975    	1.26569    	3.43878    	7.71782    	1.2744     	1.28628    	3.02891    	10.5696    	1.3159     	1.29826    	2.80389    	7.51522    	1.29088    	1.08959    	2.50213    	7.62519    	1.09928    	1.31965    	2.31397    	5.88502    	1.32469    	0.992247   	2.69922    	8.04047    	0.98945    	1.15132    	3.28637    	4.78995    	1.15349    	1.11241    	3.13546    	7.4412     	1.11815    	21.644	19.2988	20.25	19.8807	20.2645	21.1986	21.255	22.1372	22.2488	22.8282	18.9441	22.6043	18.1877	19.7016	19.8535	0.999999   	-1.21428e-05	-2.59663e-05	0.4458     	0.21015    	0.139109   	0.143909   	0.210145   	1.45384	
1.35e-10   	3          	0.999651   	0.00114887 	-0.00263344	0.41772    	0.999539   	-0.000950011	-0.0111398 	0.417789   	0.999471   	7.88214e-05	0.013712   	0.419133   	0.99948    	-0.000539083	-0.00457865	0.418318   	0.999599   	0.00228691 	-0.00303983	0.418543   	0.999577   	-0.00206676	0.00767196 	0.417847   	0.999544   	-0.000700029	-0.00549393	0.417704   	0.999546   	-0.000309644	0.00241451 	0.418721   	0.999454   	0.00127504 	0.00322917 	0.418288   	0.999501   	-0.00140174	0.0013855  	0.418976   	0.999494   	-0.00119234	0.00183907 	0.417278   	0.999527   	0.00252297 	-0.0033116 	0.418323   	0.999438   	-0.00320294	0.00441984 	0.418039   	0.999462   	0.00609831 	-0.00416554	0.418121   	0.999597   	-0.00267756	-0.000272966	0.418495   	1.46316    	3.48707    	4.30228    	1.47327    	1.07147    	2.99463    	5.95187    	1.05326    	1.1927     	3.77979    	6.05618    	1.17791    	1.38329    	2.51182    	8.98427    	1.38861    	1.21945    	2.81952    	6.07013    	1.21943    	1.42385    	3.60376    	5.23789    	1.43236    	1.32843    	3.29799    	6.66187    	1.35488    	1.34927    	3.9858     	6.21827    	1.35123    	1.19529    	3.22797    	8.96726    	1.20588    	1.51636    	3.90211    	7.38224    	1.5362     	1.55438    	3.76068    	7.53021    	1.54036    	1.45384    	3.92748    	6.5817     	1.46769    	1.52606    	2.79844    	9.59525    	1.55701    	1.68847    	2.70141    	8.80446    	1.68589    	1.28018    	2.62159    	6.41087    	1.28316    	22.5483	18.1643	18.3012	20.3825	19.046	21.2075	20.1281	20.7818	17.1843	22.7266	22.2765	21.6114	21.3185	24.5915	19.0605	0.999999   	2.52694e-05	-1.5675e-07	0.418021   	0.205097   	0.138301   	0.146655   	0.205094   	1.79291	
1.4e-10    	2.8        	0.999309   	-0.000974494	-0.0135896 	0.389296   	0.99934    	4.01282e-05	0.00242545 	0.39141    	0.999427   	0.000624772	0.0112619  	0.390528   	0.999421   	0.000725238	0.00650118 	0.3908     	0.999406   	-1.77657e-05	0.00525973 	0.390664   	0.999458   	-0.00056977	-0.0115736 	0.389746   	0.999341   	0.00517772 	0.00329411 	0.390267   	0.999399   	-0.00280934	-0.00656161	0.390581   	0.99947    	-0.00229614	0.00313962 	0.390294   	0.999556   	-0.00177021	-0.00470864	0.390043   	0.999327   	-0.00143835	-0.000950125	0.38988    	0.999532   	0.00313488 	0.00562382 	0.391236   	0.999339   	-0.0029021 	0.00704708 	0.391127   	0.999515   	0.00158825 	-0.000169727	0.390584   	0.999199   	0.00152124 	-0.00689379	0.389756   	1.34878    	3.80937    	7.86684    	1.34095    	1.56554    	3.32788    	9.70097    	1.59259    	1.88572    	2.85484    	7.13607    	1.86804    	1.66017    	3.59985    	7.38303    	1.65706    	1.76002    	3.64319    	7.83914    	1.80248    	1.81195    	3.31592    	5.96993    	1.80449    	1.79522    	3.64211    	8.94106    	1.7942     	1.95298    	4.35977    	6.98148    	1.9627     	1.62699    	3.11856    	7.12371    	1.61462    	1.65572    	2.78574    	5.63932    	1.63945    	1.65939    	2.52218    	10.6982    	1.68431    	1.59673    	2.96569    	5.85261    	1.58953    	1.69426    	3.07022    	9.39463    	1.69619    	1.62914    	2.77946    	6.72728    	1.62567    	1.64216    	2.73785    	12.4918    	1.65415    	17.8202	20.6528	23.6453	21.5508	22.8893	22.443	22.6052	24.3613	20.8106	21.4712	21.8474	19.7297	23.1427	20.1244	20.8746	0.999999   	1.21524e-06	9.25976e-06	0.390181   	0.208633   	0.139918   	0.134081   	0.208631   	1.62233	
1.45e-10   	2.6        	0.999324   	0.00754742 	0.0053957  	0.361922   	0.999043   	-0.00386136	0.0166402  	0.363634   	0.999016   	-0.0037098 	-0.0223218 	0.36282    	0.999248   	-0.00421925	0.0115268  	0.362441   	0.999338   	-0.00120156	-0.011171  	0.363037   	0.99943    	0.00509457 	-0.000456712	0.362685   	0.999246   	-0.000559625	-0.00193011	0.362718   	0.999093   	-0.00103186	-0.0145382 	0.363123   	0.999192   	0.00158108 	0.0170638  	0.362453   	0.998972   	0.00258353 	-0.0212984 	0.363813   	0.999279   	-0.000347396	-0.00634826	0.361462   	0.99887    	-0.0021212 	0.0271629  	0.363097   	0.998361   	0.00199359 	-0.0389657 	0.36137    	0.998406   	0.00152025 	0.0359773  	0.362658   	0.999421   	-0.00348337	0.00288957 	0.364555   	2.21332    	2.99525    	7.7328     	2.23302    	2.05833    	3.75099    	10.1192    	2.10097    	2.05624    	3.15119    	9.19837    	2.05476    	2.02983    	3.95159    	7.50868    	2.03242    	2.04512    	3.55124    	6.63858    	2.04764    	1.78977    	3.15664    	6.29586    	1.79484    	1.77935    	2.87455    	9.82927    	1.75261    	1.77266    	3.08498    	10.6705    	1.87123    	1.87352    	2.9165     	8.30213    	1.87362    	1.68055    	4.01199    	9.62921    	1.67892    	1.95921    	3.04528    	8.79557    	1.97836    	2.06795    	3.4104     	9.51169    	2.07745    	2.18199    	3.49259    	11.3462    	2.23129    	1.94175    	3.43009    	12.6061    	1.95381    	1.91194    	3.25903    	6.52545    	1.92659    	22.6704	22.4091	23.088	22.4524	23.0797	19.3823	19.3681	19.536	20.7514	19.122	21.0227	21.4949	23.218	22.6135	20.481	0.999999   	-1.3469e-05	-2.25618e-05	0.362453   	0.201946   	0.144291   	0.139246   	0.20194    	1.49892	
1.5e-10    	2.4        	0.99877    	-0.00308286	0.0119056  	0.335334   	0.999073   	0.00273668 	-0.00923712	0.33565    	0.999097   	0.000509454	-0.00273169	0.334406   	0.99918    	0.00042627 	0.00266743 	0.335099   	0.999183   	0.00238845 	-0.00339975	0.334985   	0.999091   	-0.00245984	0.000875891	0.335167   	0.999347   	-0.00269865	0.00126801 	0.335131   	0.999262   	-0.000791568	-0.00799866	0.335161   	0.999308   	0.00295591 	0.00700758 	0.33477    	0.999385   	-0.00805143	-0.00817983	0.336305   	0.998999   	0.00178092 	0.00504282 	0.334491   	0.998992   	0.00605656 	0.00275128 	0.334368   	0.998976   	-0.0041642 	0.00511382 	0.333302   	0.99909    	0.00478246 	0.00377398 	0.335461   	0.999005   	-0.000628041	-0.00847133	0.336453   	2.62993    	2.94584    	13.7947    	2.63413    	2.57294    	3.05959    	9.65218    	2.52463    	3.03068    	3.89312    	9.06758    	3.03185    	2.41088    	2.88581    	8.90722    	2.39865    	2.24253    	3.31719    	8.38267    	2.24607    	1.99028    	3.44501    	9.65105    	1.98145    	2.47843    	4.04045    	5.31773    	2.45888    	2.00934    	3.17587    	7.06779    	2.02403    	2.45906    	3.31139    	6.26362    	2.45083    	2.44042    	2.82999    	5.19356    	2.44594    	2.82574    	3.36745    	10.8498    	2.81814    	2.55251    	3.09683    	11.1198    	2.55773    	2.79402    	3.82717    	10.5572    	2.80667    	2.66916    	3.40616    	9.58181    	2.69691    	2.12738    	3.91397    	10.0975    	2.14063    	23.2394	23.0785	26.2078	21.9607	19.7601	18.4859	22.8318	18.8231	22.7707	20.9596	25.0858	24.8007	22.8266	24.4474	19.9703	0.999999   	-2.54805e-05	-1.09885e-06	0.334777   	0.196581   	0.140674   	0.142549   	0.196578   	1.64513	
1.55e-10   	2.2        	0.998675   	0.00119771 	-0.0128075 	0.308313   	0.998744   	0.00625873 	0.0103462  	0.307679   	0.998826   	-0.0070541 	0.00251837 	0.306574   	0.998989   	0.00456194 	-0.00823735	0.308431   	0.998594   	-0.00342982	0.0124197  	0.307061   	0.998806   	-0.0013503 	-0.0036322 	0.307045   	0.998669   	0.00288666 	0.0017427  	0.307198   	0.998851   	-0.00511605	0.0115487  	0.306537   	0.998344   	0.00220898 	-0.0120687 	0.309019   	0.998377   	-0.00582658	0.00402763 	0.30687    	0.998815   	0.00191929 	-0.0105932 	0.307065   	0.9987     	0.00364521 	0.00626708 	0.308709   	0.998367   	0.00330913 	-0.0240842 	0.306157   	0.998136   	0.00382677 	0.0162582  	0.308161   	0.998999   	-0.00711699	0.00777992 	0.30843    	2.56047    	2.87724    	12.3208    	2.54959    	2.33974    	2.8273     	11.6156    	2.34284    	2.48733    	3.28705    	10.5271    	2.45311    	3.13089    	3.3795     	8.45796    	3.12283    	2.18319    	3.56888    	12.5532    	2.19684    	2.28104    	3.87691    	10.5428    	2.27802    	2.84724    	3.79181    	12.3156    	2.8393     	2.56751    	3.57559    	9.40135    	2.57586    	2.67126    	3.48473    	15.9996    	2.70097    	3.00371    	3.13667    	16.2985    	3.01845    	2.12573    	2.84709    	10.8735    	2.13035    	3.07495    	3.36874    	12.3664    	3.11233    	2.28172    	3.00071    	13.1065    	2.28449    	2.36693    	3.0453     	18.1312    	2.39741    	2.72181    	2.45573    	9.21168    	2.7638     	19.5563	17.9257	18.0928	23.0205	18.539	17.9696	22.2341	19.8998	21.6333	21.9586	16.8926	21.6306	16.9207	18.1724	20.1277	0.999998   	-1.54054e-06	4.44343e-05	0.307138   	0.192817   	0.13949    	0.14856    	0.192822   	1.55083	
1.6e-10    	2          	0.998955   	0.00331847 	-0.00281975	0.280263   	0.998695   	-0.00407676	0.0153721  	0.280493   	0.9987     	0.000837225	-0.0118888 	0.279082   	0.998353   	-0.00224499	0.0284682  	0.28156    	0.998598   	-0.00214609	-0.0167595 	0.279103   	0.998568   	0.00398318 	-0.0117995 	0.279391   	0.998765   	-0.00267112	-0.0104684 	0.280305   	0.99898    	0.00103543 	-0.0162289 	0.278883   	0.998281   	0.00171749 	0.0270959  	0.280759   	0.998635   	-0.000389103	-0.0280233 	0.279168   	0.998781   	0.00524589 	0.0182995  	0.278948   	0.999139   	-0.00515084	0.0101385  	0.281575   	0.998636   	0.00073959 	-0.0168565 	0.278629   	0.998677   	-0.000784082	0.0232021  	0.281238   	0.998324   	-0.000375502	-0.00687396	0.280179   	3.48823    	3.03226    	7.42248    	3.47739    	2.57563    	3.38391    	8.49247    	2.53002    	3.43531    	4.02736    	8.30291    	3.43963    	2.65685    	3.41873    	9.22432    	2.627      	3.36449    	3.46805    	9.25401    	3.41575    	4.02355    	3.86098    	9.8121     	4.0474     	3.92708    	4.53675    	7.43493    	3.97545    	3.70353    	3.25179    	5.61296    	3.67176    	3.35012    	4.03606    	9.68256    	3.36359    	2.71268    	3.25421    	6.52333    	2.72502    	3.53019    	3.85645    	6.60862    	3.54377    	3.26149    	2.91214    	5.23702    	3.275      	2.96313    	3.83748    	8.30481    	2.89549    	3.06134    	2.75388    	7.9825     	3.0671     	2.65836    	3.77419    	12.9699    	2.67339    	19.0464	16.5569	18.8686	16.7958	21.2624	24.4194	24.0683	22.1611	19.8833	16.1708	21.9503	21.2569	16.0857	19.5508	17.968	0.999998   	-2.63642e-05	6.33215e-05	0.279601   	0.201411   	0.13441    	0.146568   	0.2014     	1.56895	
1.65e-10   	1.8        	0.99779    	-0.00456763	0.038743   	0.251321   	0.998367   	0.00300682 	0.0220565  	0.253303   	0.99623    	0.00170257 	-0.0603076 	0.25348    	0.996484   	-0.00239788	0.0538685  	0.253394   	0.997067   	0.00203922 	-0.0369761 	0.254052   	0.998547   	8.62298e-05	-0.0166067 	0.250718   	0.998338   	-0.00370524	0.0174936  	0.254683   	0.997507   	0.00297413 	-0.0423709 	0.250456   	0.997678   	0.00101283 	0.0237336  	0.252726   	0.997694   	-0.00557502	-0.0278211 	0.254786   	0.997486   	0.00413176 	-0.0168305 	0.251213   	0.997577   	0.00153537 	0.0456713  	0.252175   	0.997232   	0.00527532 	-0.0548557 	0.252773   	0.995912   	-0.00695712	0.0683194  	0.251439   	0.998249   	0.00143115 	-0.0127104 	0.254263   	3.97545    	3.0792     	8.80475    	4.00937    	2.64964    	2.86772    	8.50545    	2.6096     	3.22437    	3.42108    	12.498     	3.10376    	3.32249    	3.78163    	13.2232    	3.31474    	2.5448     	3.44321    	15.301     	2.57165    	3.13833    	3.68431    	7.09158    	3.1906     	3.77896    	4.22414    	8.37044    	3.80661    	4.16669    	3.76186    	8.89869    	4.01135    	4.04749    	3.24168    	13.6091    	4.12665    	3.07368    	3.12413    	12.8495    	3.14589    	3.34757    	3.33945    	15.6732    	3.24083    	3.47127    	3.05148    	8.24775    	3.47942    	3.21248    	3.18943    	6.97155    	3.11543    	3.83033    	3.41501    	10.5236    	3.74073    	2.9345     	3.6071     	10.2351    	2.92722    	17.846	14.7393	16.4001	16.0209	12.9596	16.1206	18.5728	20.5006	19.0192	16.459	17.5714	16.0056	15.9142	18.4546	14.6499	0.999998   	-2.08431e-06	8.76041e-05	0.252082   	0.181736   	0.14104    	0.145548   	0.181734   	1.57992	
1.7e-10    	1.6        	0.996858   	0.000674181	0.0349096  	0.223706   	0.997945   	0.00259509 	-0.00624665	0.224847   	0.997267   	-0.00374679	-0.0279169 	0.226867   	0.997365   	-0.000816884	0.0259001  	0.224549   	0.996658   	0.0113337  	-0.0304605 	0.2255     	0.997062   	-0.0111435 	0.00585867 	0.225464   	0.996998   	0.0165676  	-0.0300283 	0.224524   	0.997615   	-0.00591313	-0.0057406 	0.227336   	0.996482   	-0.0105775 	0.037729   	0.223812   	0.996529   	-0.00456651	-0.0442043 	0.225087   	0.99691    	-0.000834521	0.0451804  	0.226899   	0.998066   	0.005524   	-0.00173156	0.223579   	0.998135   	-0.00237169	0.00438143 	0.225482   	0.997526   	0.00305135 	0.0350913  	0.225454   	0.997674   	-0.000679069	-0.0388042 	0.224145   	5.14247    	3.45681    	12.6422    	5.02614    	4.73553    	3.41251    	9.87506    	4.76609    	3.65034    	3.5518     	12.0092    	3.71317    	3.26293    	4.56048    	10.2224    	3.17684    	3.33974    	4.01327    	14.5444    	3.43219    	3.52803    	3.79657    	14.8583    	3.46813    	4.47315    	3.6486     	12.1326    	4.59552    	4.58928    	4.47662    	11.2861    	4.65902    	4.38365    	4.35303    	13.3162    	4.26467    	4.17292    	4.25849    	11.8131    	4.12364    	3.84171    	3.86632    	9.65087    	3.71617    	3.98852    	3.27958    	8.92939    	3.9167     	3.73763    	4.03997    	7.97783    	3.67699    	4.03643    	3.78388    	8.1841     	3.92155    	4.73055    	3.54357    	6.72417    	4.8387     	18.739	18.2993	14.0937	14.2732	14.3403	13.1422	17.3742	16.7297	17.7367	15.9452	16.3138	14.6883	13.7592	15.6387	17.2768	0.999997   	-1.61335e-05	-4.81187e-05	0.224537   	0.193355   	0.136421   	0.145398   	0.193353   	1.62529	
1.75e-10   	1.4        	0.996604   	-0.000426683	0.0471565  	0.200125   	0.996925   	0.0117839  	0.0208056  	0.195261   	0.993271   	-0.0117573 	-0.0686277 	0.197926   	0.991244   	-0.00306143	0.0925889  	0.199307   	0.994718   	0.00509785 	-0.0701364 	0.197007   	0.996615   	-0.00228093	-0.0238507 	0.197957   	0.997842   	0.00592559 	-0.00826188	0.197689   	0.994532   	0.00541497 	-0.0622364 	0.19986    	0.994688   	-0.0120244 	0.0714722  	0.195845   	0.995779   	0.00465972 	-0.0578158 	0.198626   	0.996482   	-0.00635316	0.0179245  	0.196094   	0.995844   	0.000958069	0.0399806  	0.19832    	0.995509   	0.000594283	-0.0269878 	0.197996   	0.994862   	0.00143384 	0.0541909  	0.198688   	0.997329   	-0.00297488	-0.0265285 	0.196416   	4.81294    	2.49507    	9.18015    	4.72514    	5.33387    	3.16178    	10.5251    	5.36376    	4.59895    	4.12064    	17.9421    	4.82094    	3.75848    	3.0048     	20.2206    	4.1874     	3.17246    	3.77096    	10.2557    	3.20485    	3.53374    	4.06479    	11.3761    	3.42007    	4.47019    	3.68545    	6.84843    	4.44028    	3.66814    	3.90781    	13.6428    	3.35741    	5.02262    	4.50898    	8.62784    	5.01985    	3.30759    	4.54401    	8.39511    	3.358      	3.22362    	4.7504     	11.8064    	3.23598    	3.56372    	4.95031    	11.8779    	3.44013    	4.40317    	4.35028    	16.313     	4.34998    	4.30073    	4.69147    	13.7994    	4.18414    	3.72185    	2.97766    	8.35593    	3.66907    	14.0352	14.9743	13.0567	11.6313	9.78461	11.9389	12.5221	11.6395	14.8128	10.0892	10.4483	10.4136	14.1254	12.7091	12.1859	0.999996   	-3.91741e-05	-3.28444e-05	0.196913   	0.182866   	0.138106   	0.148184   	0.182867   	1.63183	
1.8e-10    	1.2        	0.993741   	-0.00438307	0.0156109  	0.169154   	0.992616   	0.00982502 	-0.0263021 	0.17016    	0.996008   	-0.00600815	0.0105478  	0.171081   	0.994108   	-0.00675674	-0.035577  	0.169584   	0.995706   	0.00287301 	0.0180547  	0.168782   	0.991221   	0.00419087 	0.0180042  	0.172372   	0.992088   	0.00161117 	0.0134169  	0.170829   	0.993168   	0.0041519  	0.0349524  	0.1687     	0.995079   	-0.00727384	-0.046969  	0.171398   	0.996089   	0.00554194 	0.0288666  	0.168433   	0.992746   	-0.0103738 	-0.027871  	0.169636   	0.992374   	0.00381986 	-0.00125453	0.172617   	0.995415   	-0.00735759	-0.00112029	0.169133   	0.996936   	-0.00253891	-0.0127942 	0.169905   	0.994527   	0.0098944  	0.0144794  	0.170749   	4.36156    	4.42835    	18.3123    	4.4743     	4.21353    	3.55082    	22.3252    	4.16017    	4.28237    	4.88737    	9.72313    	4.20927    	2.90942    	3.4308     	16.0257    	2.9713     	3.35106    	3.78763    	11.4898    	3.42493    	3.78681    	4.35718    	28.7128    	3.84617    	3.73501    	4.77089    	24.8953    	3.89402    	4.63922    	4.2101     	19.0219    	4.91301    	5.15138    	3.39121    	10.8065    	5.18802    	4.10572    	4.60315    	8.17755    	4.14432    	3.44203    	3.71152    	21.5713    	3.43018    	3.70365    	4.62442    	24.6874    	3.71293    	4.08303    	3.54225    	13.3848    	4.14857    	3.72634    	3.89334    	7.19371    	3.72533    	2.46022    	4.51871    	15.3344    	2.38064    	9.84946	9.61188	9.59284	6.88372	9.09068	9.44708	9.8735	10.2834	11.5724	9.54946	8.70121	9.87138	8.86156	9.41402	7.29285	0.999995   	-0.000105967	-2.84258e-05	0.169165   	0.192322   	0.147354   	0.148868   	0.192301   	1.63542	
1.85e-10   	1          	0.993615   	0.0101901  	0.057168   	0.142967   	0.990454   	0.00346269 	-0.0366975 	0.142394   	0.990526   	-0.0135542 	-0.0216067 	0.142105   	0.986985   	0.00273439 	-0.00146016	0.143212   	0.991915   	-0.0116272 	-0.0623808 	0.140978   	0.988253   	0.00818552 	0.0626832  	0.144374   	0.99115    	0.00415805 	-0.0771578 	0.141781   	0.992577   	-0.000240317	0.00692397 	0.145476   	0.993255   	-0.00427155	0.0738784  	0.139714   	0.994069   	-0.00394143	-0.0441504 	0.144378   	0.992808   	-0.00163979	0.0758779  	0.141766   	0.992904   	0.00573639 	-0.0308847 	0.140518   	0.993179   	0.00326124 	0.0306943  	0.143017   	0.993286   	-0.00793046	0.0457037  	0.140683   	0.993152   	0.00414478 	-0.0759939 	0.143023   	2.78758    	4.30074    	8.00574    	2.79826    	4.39845    	4.27777    	18.7776    	4.36315    	3.39488    	5.69201    	18.4573    	3.59427    	3.6313     	3.00026    	31.1277    	3.5613     	3.08079    	4.93395    	10.6201    	3.13262    	3.74838    	4.52673    	22.1615    	4.11832    	6.05664    	3.40297    	11.7667    	6.27606    	4.69099    	3.95164    	16.3308    	4.76954    	4.21483    	3.1992     	6.55427    	4.0287     	3.75679    	3.55632    	9.8225     	3.82566    	4.75437    	3.42565    	7.66389    	4.71789    	4.21022    	5.23627    	11.5206    	4.22355    	3.71422    	4.12077    	12.6401    	3.75249    	3.62122    	4.22112    	10.2086    	3.70434    	3.24567    	3.68668    	6.81127    	3.34931    	6.16937	7.11309	7.70273	6.86769	6.01536	8.33917	8.66136	7.45598	7.96867	6.86339	7.90172	6.61477	7.09285	7.30045	6.90581	0.999993   	6.50002e-05	-0.000111846	0.141264   	0.192693   	0.139797   	0.14693    	0.192692   	1.66201	
1.9e-10    	0.8        	0.992089   	0.00101648 	0.0308892  	0.112996   	0.989941   	0.00775277 	0.00971388 	0.115154   	0.991361   	-0.0100581 	-0.0389432 	0.11462    	0.989666   	-0.00281439	0.0326959  	0.115063   	0.991231   	-0.00144208	-0.0225633 	0.11287    	0.990694   	0.00544341 	-0.0132609 	0.114992   	0.989673   	-0.0144614 	-0.00609101	0.114199   	0.991518   	0.0206085  	-0.0303419 	0.113067   	0.99222    	-0.006058  	0.0386232  	0.115473   	0.993204   	-0.00358216	0.00919525 	0.111741   	0.99133    	0.0215592  	0.000551259	0.115289   	0.991379   	-0.0156413 	-0.0128281 	0.115443   	0.990952   	-0.00232488	-0.006572  	0.117387   	0.993362   	0.00418801 	0.0028326  	0.113285   	0.992378   	-0.0025936 	0.00149667 	0.111675   	5.61487    	3.3552     	8.87075    	5.66516    	4.79992    	3.45402    	13.8153    	4.92912    	5.64879    	4.9453     	7.97167    	5.53159    	4.94036    	3.6966     	12.7833    	4.89025    	4.63767    	4.71805    	9.19188    	4.61839    	5.51646    	2.87282    	12.5359    	5.40399    	4.91414    	4.48336    	12.6078    	4.92814    	3.6144     	2.80082    	10.1149    	3.67638    	4.21662    	4.65967    	7.54003    	4.31874    	3.27962    	3.96693    	7.21949    	3.46787    	3.74077    	4.04269    	10.344     	3.71993    	3.54462    	3.56001    	10.5981    	3.41364    	4.95003    	4.40673    	11.0983    	4.73018    	5.7758     	3.85436    	7.18889    	5.85797    	4.53018    	3.25452    	8.71804    	4.42578    	6.35281	6.80586	7.28573	5.92841	7.01434	6.70783	7.19245	5.54865	6.30736	5.3468	5.29455	5.50704	6.66311	6.42043	6.88338	0.999989   	-5.95677e-05	-4.9798e-05	0.113236   	0.18536    	0.138475   	0.140588   	0.185367   	1.55022	
1.95e-10   	0.6        	0.963259   	0.0122314  	0.197467   	0.0865273  	0.982961   	-0.0108585 	-0.0684054 	0.0873496  	0.974176   	-0.000455534	-0.13022   	0.0883188  	0.980895   	0.0179078  	0.044272   	0.0874865  	0.961762   	-7.31348e-05	-0.213652  	0.0876467  	0.969734   	-0.0199268 	0.165576   	0.0878956  	0.975479   	-8.3805e-05	-0.144716  	0.0882088  	0.982552   	-0.00417875	-0.0275947 	0.0863428  	0.970177   	0.00455228 	0.176083   	0.0869868  	0.977462   	-0.00895451	-0.156335  	0.0906222  	0.966855   	0.0174756  	0.184813   	0.0844378  	0.989163   	-0.00487779	-0.0164103 	0.0859114  	0.985165   	0.0343566  	0.0564499  	0.0864638  	0.972803   	-0.020479  	0.136578   	0.0845906  	0.972814   	-0.0101636 	-0.181922  	0.0902349  	3.60648    	4.0297     	11.7167    	3.58843    	5.32545    	3.79213    	9.81041    	4.90975    	4.57412    	3.72421    	13.3368    	4.58677    	3.92948    	5.31239    	13.1939    	4.50889    	4.62599    	4.73241    	9.78041    	4.71581    	3.92877    	3.29248    	12.3905    	3.9066     	4.50096    	4.11441    	9.49255    	4.52945    	4.07613    	5.83411    	10.2888    	4.03495    	3.26084    	5.08405    	8.52238    	3.3315     	5.05014    	4.03604    	6.6315     	5.10899    	4.79486    	3.93169    	9.60816    	4.72087    	3.62403    	3.56048    	6.51623    	3.64252    	4.60926    	4.59598    	7.35169    	4.49458    	4.07119    	4.04406    	12.1616    	4.07339    	5.08771    	3.37733    	7.42501    	5.0671     	3.88742	4.75812	4.934	4.78257	5.45178	5.49098	4.6463	4.80569	4.80699	5.35013	4.5714	4.02457	5.59869	3.99145	5.30073	0.99998    	2.97557e-05	6.99834e-05	0.0850811  	0.189474   	0.143997   	0.1429     	0.189428   	1.41296	
2e-10      	0.4        	0.961047   	-0.0168397 	0.0652667  	0.0571449  	0.971405   	0.0254893  	-0.0461363 	0.0609115  	0.963346   	-0.0104704 	-0.0233679 	0.0584261  	0.956417   	-0.0255053 	0.0120739  	0.0606555  	0.967245   	0.0102811  	-0.0447037 	0.0580284  	0.960384   	0.00593759 	0.0321227  	0.0585283  	0.969819   	0.00790359 	-0.0723203 	0.0578856  	0.962959   	-0.0104367 	-0.0652293 	0.0597386  	0.963873   	-0.00216604	0.131154   	0.0586753  	0.952136   	0.00130568 	-0.190469  	0.0599849  	0.971699   	-0.0132865 	0.0819926  	0.0606421  	0.959544   	0.0147508  	0.118777   	0.0567129  	0.969317   	0.000232338	0.000303716	0.0595354  	0.954848   	0.0228881  	0.130578   	0.0577029  	0.960245   	-0.0252924 	-0.107921  	0.0599905  	4.42505    	4.42081    	10.7565    	4.45974    	3.70154    	3.22281    	8.97327    	3.35724    	3.48999    	4.06772    	11.8827    	3.63239    	4.18092    	3.78611    	16.1318    	3.96461    	5.05653    	4.97261    	8.23416    	4.98901    	3.37199    	3.58459    	13.5045    	3.44731    	3.48106    	3.78097    	7.65102    	3.34792    	3.98806    	3.48168    	12.4072    	4.09972    	3.84992    	3.15066    	8.31263    	3.8522     	3.84356    	4.14217    	9.33864    	4.16353    	3.76978    	4.55909    	6.8349     	3.69559    	4.62911    	4.02525    	9.841      	4.9547     	4.00138    	4.74799    	9.45891    	4.19769    	3.21295    	4.91079    	10.3598    	3.25593    	3.75283    	4.60002    	11.8781    	4.82032    	3.69008	3.35442	3.47119	3.84362	4.05045	3.48231	4.05727	3.61232	4.06043	4.10773	3.48406	3.61439	4.06766	3.97334	4.48828	0.999954   	0.000166055	-5.94018e-05	0.0567739  	0.192682   	0.143152   	0.144716   	0.192695   	1.53555	
2.05e-10   	0.2        	0.861766   	0.0508324  	-0.179589  	0.0348089  	0.83545    	-0.0165588 	-0.0708832 	0.0330417  	0.84296    	-0.0374317 	0.20034    	0.0327232  	0.884756   	0.0216418  	-0.166328  	0.0358436  	0.833764   	0.000919183	0.134408   	0.0296143  	0.831026   	-0.0145814 	0.0272448  	0.0351611  	0.838238   	-0.0382558 	0.0852884  	0.0317135  	0.868134   	-0.0235781 	0.137441   	0.0312691  	0.900187   	0.0425011  	-0.180967  	0.0346934  	0.843489   	0.0107069  	0.221351   	0.0326314  	0.87592    	-0.00457481	-0.135859  	0.0331481  	0.879286   	0.0180831  	-0.0981893 	0.0320002  	0.883041   	-0.0263886 	0.0172763  	0.0344454  	0.871106   	0.0630078  	-0.247311  	0.0341037  	0.810947   	-0.0332466 	0.205434   	0.0318511  	5.34038    	3.99936    	12.3682    	5.10566    	4.81174    	3.99912    	18.119     	5.46963    	4.85306    	4.42989    	11.9532    	5.843      	4.15068    	3.97285    	11.0754    	3.93684    	3.95985    	3.65775    	12.8034    	4.51054    	3.78991    	4.23265    	20.965     	3.99247    	3.65889    	3.7837     	16.0193    	4.15999    	4.84503    	3.431      	10.563     	4.57565    	5.56823    	2.66286    	7.78839    	5.03884    	4.69405    	4.51276    	10.8723    	4.53013    	4.67818    	3.97397    	10.9446    	4.51927    	5.06427    	3.95417    	8.31865    	4.27913    	4.96694    	3.27092    	15.3351    	5.67227    	3.77756    	3.62458    	8.89641    	3.67337    	4.39384    	3.55355    	17.6992    	5.72762    	3.22883	3.11669	3.27694	3.09724	3.40465	3.28128	3.37994	3.35041	3.03507	3.02912	3.14021	2.84466	3.12458	3.2132	3.17546	0.999815   	-0.000108757	-0.000483356	0.0284129  	0.186348   	0.142133   	0.145378   	0.186114   	1.68161	
2.1e-10    	-0         	-0.116181  	0.236748   	0.136451   	0.0163354  	0.0186631  	-0.0859151 	0.0387797  	0.0176303  	0.10905    	-0.0916566 	-0.0649209 	0.0179084  	-0.0325792 	0.182829   	0.0966967  	0.0151514  	-0.0214773 	-0.125278  	0.143443   	0.0167315  	0.0472652  	-0.0925332 	-0.146219  	0.0173495  	0.0139406  	0.00143514 	0.132843   	0.01608    	0.0622224  	-0.113377  	-0.242351  	0.0152461  	-0.0885979 	0.106836   	-0.0215901 	0.017314   	0.153062   	-0.0136326 	-0.159154  	0.0166908  	-0.175307  	-0.0804303 	-0.0792589 	0.0178012  	0.0376689  	0.104089   	0.310633   	0.0154027  	0.0367328  	-0.0307817 	-0.073927  	0.0175149  	-0.225568  	0.09426    	0.260616   	0.0176852  	0.197283   	-0.0882307 	-0.19451   	0.0178774  	4.2876     	3.9015     	11.8192    	4.06994    	3.65083    	4.95552    	15.7631    	4.41586    	4.64025    	4.155      	15.7879    	4.84477    	4.82964    	4.31181    	8.05247    	3.069      	4.58407    	2.85676    	13.3667    	3.26942    	4.85545    	4.1682     	13.6926    	4.21922    	4.09584    	3.56715    	11.81      	3.98704    	3.89914    	5.6333     	6.67598    	2.5935     	5.39489    	5.01822    	12.4673    	3.93127    	4.1255     	4.15372    	11.8245    	3.68527    	4.65788    	5.07926    	13.2344    	3.39185    	4.47818    	3.77711    	7.83484    	2.81188    	3.76275    	4.23242    	16.2259    	4.74602    	4.59836    	4.66597    	12.3017    	5.85867    	3.86233    	4.4127     	13.5903    	3.84149    	2.92177	3.41944	3.20417	3.08182	2.89486	2.92279	3.01419	3.05312	2.92293	3.18657	2.85014	3.21466	2.942	3.01891	3.1749	0.00587855 	0.0109408  	0.02039    	0.000617874	0.18589    	0.138289   	0.146143   	0.101418   	1.66297	
