#----------------------------------------------------------------------------------------------------------------------------------------------------------
# Output file for vampire simulation
#   time       : 2025-05-27 20:00:46     process id : 374540
#   hostname   : thor7.psi.ch
#   path       : /scratch/dossan_f/Na2BaMn(PO4)2/vampire_tripleUC_15mat_J2Ja_small_k0.035_Jnn0.11_Ba
#   version    : 6.0.0
#   githash    : 4c9651daecc86c3e6b6df0c8055fcd9e89fd900c
#----------------------------------------------------------------------------------------------------------------------------------------------------------
1e-11      	8          	0.999884   	-0.000389249	0.000492097	0.959183   	0.999703   	-0.000823986	0.000445287	0.959004   	0.999906   	0.000637203	-0.000563374	0.959524   	0.999578   	-0.000823392	0.00069565 	0.958976   	0.999904   	0.000340451	-0.000382828	0.9593     	0.999994   	0.00021686 	-9.15259e-05	0.959424   	0.99987    	-0.00034626	-9.79916e-05	0.959023   	0.999964   	0.00021738 	-0.000548804	0.959505   	0.999812   	-0.000224842	0.000576675	0.959118   	0.999884   	0.000409141	-0.0012461 	0.959415   	0.999944   	-4.22896e-06	0.000564474	0.959242   	0.999639   	-0.000962962	0.000947973	0.958989   	0.999965   	0.000559445	-6.65886e-05	0.95943    	0.999586   	-0.00104625	0.000658536	0.95905    	0.999896   	5.30208e-05	-0.000523022	0.959198   	207.714    	1.56739    	2.00022    	201.326    	248.67     	2.30577    	1.83875    	239.385    	147.604    	3.01911    	5.44652    	139.745    	260.236    	2.88149    	4.20469    	238.506    	188.367    	0.836987   	4.56528    	182.023    	157.898    	0.71467    	0.62639    	157.671    	236.952    	1.06662    	0.970426   	233.866    	146.663    	1.75644    	1.56819    	143.893    	223.334    	1.55496    	2.53365    	213.654    	164.592    	1.98057    	7.20435    	155.306    	189.082    	0.649893   	2.20627    	185.584    	253.431    	3.53148    	2.49284    	237.374    	158.077    	2.28557    	0.772635   	155.612    	253.153    	4.83221    	3.89393    	228.065    	201.734    	0.543781   	4.49204    	195.336    	44004	60601.6	22084	64904.6	36513.3	25764.6	55841	21855.3	49807.8	27593.1	36745	62009.5	25530.9	61535.6	41435.1	0.999999   	-7.5288e-05	5.90707e-07	0.959195   	3006.24    	1.13675    	0.128369   	3005.14    	613179	
1.5e-11    	7.8        	0.999997   	4.89382e-05	6.51465e-05	0.957592   	0.999997   	2.81639e-05	4.65464e-05	0.957614   	0.999997   	-7.13001e-05	-0.000159468	0.957616   	0.999997   	-0.000174554	0.000123696	0.957605   	0.999997   	-9.0486e-05	-3.21795e-05	0.95761    	0.999997   	0.000250881	-6.72685e-05	0.957617   	0.999997   	-0.000267727	-7.52482e-06	0.957613   	0.999997   	0.000430941	3.02662e-05	0.957604   	0.999997   	-0.000156988	1.39101e-05	0.957612   	0.999997   	-7.85218e-05	0.00017931 	0.957621   	0.999997   	0.000200776	2.92717e-05	0.957607   	0.999997   	-0.000130445	-0.000265622	0.957622   	0.999997   	1.89909e-05	-0.000139875	0.957608   	0.999997   	-6.09569e-05	0.000140159	0.957605   	0.999997   	5.36218e-05	4.44053e-06	0.957617   	0.0167099  	0.597042   	0.731229   	0.0167094  	0.0189713  	0.558545   	0.698126   	0.0189581  	0.0172919  	0.564411   	0.665056   	0.0173277  	0.0191756  	0.529283   	0.72313    	0.0191633  	0.0192619  	0.545153   	0.688907   	0.0192572  	0.0179082  	0.553759   	0.77061    	0.0178918  	0.0174128  	0.590972   	0.673389   	0.0174321  	0.0182484  	0.533667   	0.661083   	0.0182379  	0.0194771  	0.589108   	0.694119   	0.0194528  	0.0166777  	0.563227   	0.659924   	0.0166628  	0.0173344  	0.530371   	0.721856   	0.0173399  	0.02035    	0.575955   	0.699955   	0.0203392  	0.0196159  	0.570871   	0.736398   	0.0196204  	0.0171889  	0.573926   	0.850518   	0.0171837  	0.0188141  	0.575105   	0.777466   	0.0188106  	5.64321	6.25469	5.70977	6.33219	6.41472	6.04822	6.13842	6.03839	6.31531	5.97808	5.81887	6.65511	6.62053	5.94673	6.3501	1          	9.36419e-08	-2.61273e-06	0.957608   	0.0350898  	0.121547   	0.127542   	0.0350905  	2.20487	
2e-11      	7.6        	0.999996   	0.000109897	-1.86759e-05	0.953524   	0.999997   	-7.75955e-05	-3.41775e-05	0.953511   	0.999996   	-1.05948e-05	7.7468e-05 	0.953524   	0.999996   	-0.000115448	1.44085e-05	0.953539   	0.999996   	-2.53138e-05	2.55372e-05	0.953541   	0.999997   	7.37379e-05	-9.77756e-05	0.953529   	0.999997   	0.000234906	5.04439e-05	0.953565   	0.999996   	-0.000110974	0.000150885	0.953545   	0.999996   	-0.000132295	-0.000214758	0.953531   	0.999997   	-9.64502e-05	0.000231837	0.953506   	0.999997   	-2.61199e-05	-0.000214144	0.95352    	0.999997   	0.000131762	-4.48073e-05	0.953534   	0.999997   	6.41283e-05	0.000227925	0.953501   	0.999996   	-5.05087e-05	-0.000179908	0.953525   	0.999997   	2.8361e-05 	-9.92594e-05	0.953535   	0.0203228  	0.623709   	0.891363   	0.0203356  	0.0221112  	0.623759   	0.750867   	0.0220996  	0.0225657  	0.619114   	0.920504   	0.02256    	0.023124   	0.640504   	0.871038   	0.0231086  	0.0200469  	0.713665   	0.76288    	0.0200377  	0.023686   	0.609183   	0.849018   	0.0237155  	0.0222337  	0.646689   	0.778015   	0.022208   	0.0241717  	0.616569   	0.940856   	0.0241486  	0.0214809  	0.643788   	0.811808   	0.0214902  	0.0229315  	0.634765   	0.791634   	0.0229146  	0.0236263  	0.60299    	0.770935   	0.0236307  	0.0214311  	0.613177   	0.721539   	0.0214419  	0.0204198  	0.593289   	0.851205   	0.0204151  	0.024429   	0.61199    	0.897825   	0.0244407  	0.0222149  	0.5894     	0.793854   	0.0222261  	6.50944	6.55027	7.00617	7.15911	6.75936	7.00556	7.03579	7.14729	6.73897	7.19122	7.22449	6.39989	6.49524	7.43635	6.54639	1          	-1.72194e-07	-8.34048e-06	0.953525   	0.0500389  	0.12927    	0.128437   	0.0500398  	2.51017	
2.5e-11    	7.4        	0.999996   	-8.17913e-05	0.000371042	0.948628   	0.999996   	-7.19113e-05	-0.000210441	0.948617   	0.999996   	0.000128145	-0.000219189	0.948596   	0.999996   	-1.16356e-05	-0.000258744	0.948618   	0.999995   	4.37782e-05	-0.000416971	0.948589   	0.999995   	-3.4844e-05	0.000621847	0.948619   	0.999996   	6.21174e-05	-0.000152986	0.948616   	0.999995   	-0.000214945	0.000202796	0.9486     	0.999996   	0.000164612	-6.46677e-05	0.948616   	0.999995   	-8.76707e-05	-0.000347251	0.948592   	0.999996   	0.000160036	0.000280075	0.948623   	0.999996   	-5.08374e-05	0.000114322	0.948599   	0.999996   	0.000214685	-0.000141542	0.948612   	0.999995   	7.79921e-05	-0.000176707	0.948601   	0.999996   	-0.000243928	0.000236896	0.948591   	0.0267196  	0.8076     	0.949999   	0.026712   	0.0300366  	0.826803   	0.985908   	0.0300441  	0.027941   	0.755322   	1.05997    	0.0279602  	0.0284555  	0.673816   	1.13268    	0.0284548  	0.0260494  	0.842981   	1.02213    	0.0260805  	0.0294636  	0.823855   	0.976106   	0.029419   	0.029602   	0.767877   	1.08875    	0.0295442  	0.0266772  	0.884406   	1.0803     	0.0266631  	0.0302177  	0.753008   	0.93139    	0.0302094  	0.0293947  	0.648313   	1.23371    	0.029404   	0.0288929  	0.654672   	1.02862    	0.0288661  	0.0268962  	0.72119    	1.10252    	0.0269458  	0.0301853  	0.770986   	0.944278   	0.0301766  	0.0276074  	0.767321   	1.13536    	0.0276004  	0.0262036  	0.777068   	1.05467    	0.0262077  	7.34466	7.90527	7.54303	7.49205	7.18577	7.72184	7.68956	7.11102	7.90749	7.33504	7.73409	7.05887	8.06498	7.76787	7.01888	1          	3.58414e-06	-1.07717e-05	0.948604   	0.0727717  	0.132428   	0.135717   	0.0727726  	2.57716	
3e-11      	7.2        	0.999995   	-0.000126386	-0.000150705	0.942559   	0.999995   	7.02623e-05	0.00052253 	0.942567   	0.999995   	5.12711e-05	-0.000381261	0.942593   	0.999995   	2.53161e-05	-0.000365385	0.942578   	0.999995   	-0.000295911	-0.000144176	0.942585   	0.999994   	0.000287665	0.000503447	0.942562   	0.999994   	-0.000145987	-0.000241271	0.942569   	0.999995   	0.000214511	0.000144784	0.942581   	0.999995   	-8.57654e-05	0.0001219  	0.942581   	0.999994   	4.25961e-06	0.000297156	0.942557   	0.999994   	0.00013914 	-0.000853299	0.942562   	0.999994   	-0.000104925	0.000505054	0.942569   	0.999994   	-0.000105081	-9.73161e-05	0.942563   	0.999994   	0.000166246	0.00011004 	0.942615   	0.999995   	-1.86629e-05	-1.75127e-05	0.942579   	0.0371501  	1.035      	1.16005    	0.0371029  	0.0387991  	1.04339    	1.05372    	0.0387846  	0.0370865  	0.875981   	1.33272    	0.0370885  	0.0347021  	0.931143   	1.2516     	0.0346847  	0.0338077  	0.925045   	1.08493    	0.0337696  	0.0324091  	1.00636    	1.29673    	0.032402   	0.0375838  	1.02601    	1.292      	0.0375874  	0.0329587  	0.874416   	1.19865    	0.0328894  	0.0333051  	0.918147   	1.2895     	0.0333023  	0.0338327  	1.052      	1.29941    	0.0338614  	0.0353523  	0.980673   	1.46805    	0.0354877  	0.0355471  	1.00537    	1.23664    	0.0354762  	0.037227   	1.07291    	1.32577    	0.0372015  	0.0359067  	0.96274    	1.32338    	0.0359808  	0.034587   	0.968203   	1.14969    	0.0345952  	8.61556	8.75234	9.06612	8.49886	8.20498	7.84147	8.43901	7.88714	8.21135	8.37283	8.08275	8.64558	9.02608	8.79916	8.39476	1          	5.06203e-06	-3.07251e-06	0.94257    	0.0966027  	0.12736    	0.138552   	0.0966031  	2.63312	
3.5e-11    	7          	0.999993   	1.93444e-05	0.000203326	0.935023   	0.999994   	-0.000193862	7.7004e-05 	0.935018   	0.999993   	0.000176566	-0.000282919	0.935015   	0.999991   	0.000182687	-0.000702296	0.935026   	0.999992   	-0.000177247	0.000388668	0.93509    	0.999993   	1.5166e-05 	0.000225197	0.935056   	0.999993   	3.95921e-05	-0.000201129	0.935044   	0.999993   	-3.69502e-05	-0.000151733	0.935055   	0.999993   	-1.89869e-05	0.000378575	0.934998   	0.999993   	0.000171146	-0.000931858	0.93505    	0.999994   	-0.000223609	0.000418456	0.935006   	0.999993   	4.47178e-05	0.000463781	0.935032   	0.999993   	1.01889e-05	1.93064e-05	0.935049   	0.999993   	-0.000341626	0.000214176	0.935048   	0.999994   	0.000295983	-0.000198862	0.935057   	0.0481342  	1.22405    	1.60491    	0.0481076  	0.0489093  	1.1173     	1.48447    	0.0488124  	0.0495289  	1.2596     	1.64596    	0.0494735  	0.0455684  	1.27943    	2.10673    	0.0455652  	0.0449931  	1.22042    	1.83919    	0.044988   	0.0441159  	1.01682    	1.79584    	0.0440789  	0.0481204  	1.16454    	1.55846    	0.0481141  	0.051669   	1.16723    	1.60864    	0.0516706  	0.04674    	1.15871    	1.80315    	0.0468102  	0.0469654  	0.976911   	1.83415    	0.0468708  	0.0497014  	0.895547   	1.57687    	0.0497039  	0.0484408  	0.994859   	1.81453    	0.0485047  	0.0440826  	1.20815    	1.75321    	0.0440485  	0.044553   	1.17628    	1.49626    	0.0445766  	0.0448707  	0.946799   	1.53624    	0.0448924  	10.1566	9.90394	10.5681	9.61958	9.59539	9.64164	10.5168	10.6873	10.437	9.56917	10.4644	10.0286	9.6102	9.94381	8.76668	1          	-2.4646e-06	-5.31514e-06	0.935031   	0.139363   	0.131841   	0.134707   	0.139362   	2.54534	
4e-11      	6.8        	0.999991   	-0.000279817	0.000562416	0.925495   	0.999991   	0.000353496	0.00046406 	0.925513   	0.99999    	-7.55528e-05	-0.00106027	0.925531   	0.99999    	0.000375595	-5.79781e-05	0.92554    	0.999991   	-0.000119687	0.000174488	0.925547   	0.99999    	-0.000270038	-0.000110598	0.925486   	0.999988   	-2.98044e-05	-0.000721192	0.92548    	0.99999    	-4.79444e-05	9.51353e-06	0.925515   	0.99999    	5.22363e-05	0.000661805	0.925574   	0.999992   	-9.46534e-06	-0.00014699	0.925564   	0.999989   	-7.50903e-05	3.60942e-05	0.925568   	0.999991   	0.000110909	4.03359e-05	0.925538   	0.999991   	-0.000401614	-0.000335666	0.925544   	0.99999    	0.000566343	0.000445818	0.92553    	0.99999    	-0.000186256	-8.50641e-05	0.925574   	0.063014   	1.38139    	2.13062    	0.0629053  	0.0692749  	1.25319    	2.12446    	0.0692741  	0.0646359  	1.28792    	2.55452    	0.0646492  	0.0660769  	1.30298    	2.76334    	0.0659377  	0.0683722  	1.2541     	2.39819    	0.0684865  	0.0667911  	1.59199    	2.45946    	0.0666741  	0.066324   	1.24093    	3.26758    	0.0662676  	0.0614694  	1.45028    	2.56759    	0.0614235  	0.0587995  	1.2388     	2.60426    	0.0588351  	0.0573502  	1.08832    	2.24797    	0.057308   	0.0700611  	1.43341    	2.8642     	0.0699692  	0.0718954  	1.278      	2.33219    	0.0719837  	0.0691976  	1.51425    	2.17997    	0.0693582  	0.0614819  	1.43271    	2.56091    	0.0614801  	0.0663501  	1.52497    	2.53653    	0.0663869  	11.2257	13.2712	12.1346	11.9811	12.5496	12.5245	12.4978	12.1554	11.4284	10.8975	12.0764	12.5867	12.8752	10.9393	11.8482	1          	-2.41081e-06	-8.19318e-06	0.925524   	0.226078   	0.128016   	0.145501   	0.226076   	2.45536	
4.5e-11    	6.6        	0.999979   	0.000170235	0.000346101	0.913192   	0.999981   	-9.99687e-06	0.000461418	0.913201   	0.999978   	-0.000176139	-0.000831448	0.913161   	0.999982   	0.000133374	0.00123579 	0.913153   	0.999985   	0.000577869	-0.000802777	0.913192   	0.999983   	-0.000746306	-0.000477143	0.913224   	0.999985   	-0.000669989	0.00081526 	0.913221   	0.999985   	0.000171903	-0.000285576	0.91323    	0.999983   	0.000524573	-0.000549651	0.913185   	0.999982   	0.000264771	0.000757078	0.913184   	0.999983   	-5.27473e-05	-0.00144827	0.913194   	0.999984   	-0.000215757	0.000699364	0.913251   	0.999981   	-5.18199e-05	-0.00201509	0.913203   	0.999985   	0.000244506	0.00145795 	0.913256   	0.99998    	-0.00012907	0.000616538	0.913224   	0.0992273  	2.04744    	6.03949    	0.0993359  	0.0943583  	1.90671    	5.3125     	0.0940657  	0.1027     	1.64514    	6.71312    	0.102616   	0.100535   	1.90653    	4.59738    	0.100803   	0.0950878  	1.90568    	3.74875    	0.0949896  	0.0850451  	2.00998    	4.22967    	0.0853081  	0.091349   	1.96684    	3.62909    	0.0917743  	0.103925   	1.865      	3.85028    	0.103717   	0.107542   	1.92411    	4.38385    	0.107679   	0.0951198  	1.98132    	4.6186     	0.0948534  	0.0955564  	2.17868    	4.07691    	0.0959724  	0.0907546  	1.87053    	4.25112    	0.0905009  	0.0949828  	2.31423    	4.37243    	0.0944774  	0.0972171  	1.9421     	3.56582    	0.0969055  	0.100838   	2.02896    	5.69697    	0.100798   	15.6418	15.0548	15.008	15.744	15.0572	13.5022	15.4629	15.4891	15.2106	14.7968	14.141	15.5658	14.6637	14.7676	14.9221	1          	2.36282e-06	-1.39215e-06	0.913189   	0.376867   	0.136808   	0.14423    	0.376864   	2.08981	
5e-11      	6.4        	0.999948   	-5.73459e-05	-0.00285543	0.896662   	0.999939   	-0.000601297	0.00114858 	0.896782   	0.999969   	0.000708375	0.00175642 	0.896603   	0.999964   	-0.00030163	-0.00235926	0.896836   	0.999926   	-9.73181e-05	0.00495454 	0.896814   	0.999933   	0.00038963 	-0.00256906	0.896602   	0.999929   	5.62223e-05	0.00760336 	0.896633   	0.999963   	0.000129038	-0.00043586	0.896701   	0.999932   	-0.000179774	-0.00714981	0.896708   	0.999964   	0.000159558	0.00395571 	0.896626   	0.999917   	-0.000251271	-0.00765707	0.896645   	0.999946   	3.82116e-05	0.00368018 	0.89659    	0.999949   	0.000134654	-0.00454244	0.896714   	0.999977   	0.000367374	-0.000518027	0.896583   	0.999946   	-0.000502901	0.00509394 	0.896818   	0.163785   	2.48716    	15.2418    	0.164151   	0.178797   	2.90317    	19.45      	0.176413   	0.155962   	2.95161    	7.68361    	0.155959   	0.164044   	2.84717    	9.41342    	0.16191    	0.179753   	2.14557    	20.833     	0.175771   	0.192471   	2.61608    	21.103     	0.190403   	0.17526    	2.06509    	13.5296    	0.175671   	0.157221   	2.77923    	10.7193    	0.156938   	0.174281   	2.3489     	13.3872    	0.169991   	0.158188   	2.06301    	8.28401    	0.158237   	0.194861   	2.53149    	17.2636    	0.195902   	0.172025   	2.07751    	15.2769    	0.166786   	0.180671   	3.08621    	12.131     	0.180693   	0.184646   	3.78091    	4.70796    	0.183878   	0.16127    	2.64709    	12.5494    	0.159557   	20.611	21.4222	20.0846	20.1777	20.6442	22.2237	19.9604	19.4867	20.4391	19.6963	22.2984	20.1192	19.5859	22.8202	20.9456	1          	-5.44551e-07	7.11141e-06	0.89664    	0.835042   	0.146351   	0.149233   	0.835037   	2.2946	
5.5e-11    	6.2        	0.997408   	0.00076896 	-0.0666707 	0.87378    	0.995365   	0.000240483	0.0890629  	0.869248   	0.999676   	-0.000948744	-0.022002  	0.868468   	0.999111   	9.78999e-05	0.0366882  	0.868098   	0.998426   	-0.000112299	0.0520825  	0.873413   	0.99531    	1.96626e-05	-0.0889461 	0.869832   	0.995357   	-0.00091564	0.0869286  	0.870827   	0.998214   	0.000528691	-0.0509345 	0.868198   	0.999266   	0.000387165	-0.036122  	0.872691   	0.999797   	-4.61791e-05	0.0167032  	0.871436   	0.99573    	0.000689252	-0.0819143 	0.872065   	0.997201   	-0.00071711	0.0656001  	0.868039   	0.995984   	0.00115023 	-0.0816571 	0.868145   	0.999944   	-0.000939662	0.00452341 	0.869469   	0.996345   	-0.000220286	0.0764714  	0.873768   	0.702873   	2.60229    	126.015    	0.621142   	3.33176    	2.75261    	224.161    	1.00045    	1.78033    	2.87293    	25.1443    	1.65129    	1.90407    	3.46536    	70.9422    	1.48081    	0.90874    	3.40589    	72.4671    	0.616578   	2.51629    	2.65594    	247.813    	0.816162   	2.01682    	2.73662    	294.767    	1.01754    	1.73238    	3.29529    	165.232    	1.03223    	0.725361   	2.16631    	26.2006    	0.579375   	0.687868   	2.73108    	19.5041    	0.650086   	1.46447    	2.82922    	314.506    	1.30293    	3.15136    	2.6552     	219.366    	1.42768    	3.99133    	3.14321    	228.602    	1.44009    	0.968609   	4.14679    	11.6855    	0.965972   	0.76948    	3.07163    	251.979    	0.930683   	180.343	55.271	53.8433	50.0489	130.76	51.62	33.6247	42.1191	107.575	144.388	66.348	61.3784	77.3824	104.56	118.542	1          	-1.55842e-06	-7.88995e-06	0.868359   	18.7195    	0.145039   	0.147618   	18.7195    	253.194	
6e-11      	6          	0.998117   	8.45096e-05	-0.0561108 	0.846798   	0.988177   	0.0002823  	0.153052   	0.840981   	0.99486    	-0.000383782	-0.0969486 	0.837592   	0.992646   	-0.000763448	0.117839   	0.837842   	0.999373   	0.000444678	0.0233871  	0.844532   	0.989971   	0.000286153	-0.140954  	0.842515   	0.991345   	-0.000285575	0.130635   	0.844994   	0.990127   	0.000550421	-0.138319  	0.839528   	0.999496   	-0.00021659	0.00727511 	0.841461   	0.998832   	0.000628896	-0.0391002 	0.839625   	0.993398   	0.000319778	-0.113286  	0.84607    	0.988178   	-0.000984593	0.152592   	0.840406   	0.987181   	0.000439382	-0.159178  	0.840581   	0.99708    	0.000485957	0.0696078  	0.838876   	0.995754   	-0.000903663	0.089422   	0.84702    	1.82676    	2.78545    	100.655    	3.50991    	4.28505    	2.49269    	12.111     	5.65955    	1.56803    	3.50879    	133.8      	0.799888   	1.34691    	2.4894     	121.64     	1.38343    	1.91954    	2.55475    	114.338    	2.56686    	2.94833    	2.29881    	12.8937    	3.42783    	2.59037    	2.58813    	24.5314    	1.77648    	1.22052    	3.3689     	80.9312    	1.82994    	2.49656    	2.94062    	152.622    	2.31363    	3.62735    	2.79678    	126.927    	2.39195    	1.07479    	2.96003    	50.8385    	0.945966   	1.83834    	3.00949    	34.7653    	3.92804    	3.20539    	2.67724    	21.6921    	5.46341    	3.14114    	2.43916    	155.359    	1.20156    	0.680698   	2.54068    	77.5737    	1.81575    	179.099	455.118	157.691	122.779	160.498	338.516	321.069	95.9946	233.03	340.37	129.763	197.546	348.305	286.179	73.6047	1          	-4.71276e-07	-2.63555e-06	0.836563   	3.67517    	0.134541   	0.142712   	3.67517    	34.7983	
6.5e-11    	5.8        	0.999815   	-0.000754168	-0.00972378	0.820835   	0.979239   	-3.05797e-05	0.202492   	0.830561   	0.979836   	0.000802999	-0.198922  	0.805364   	0.975594   	-0.000479257	0.218881   	0.807873   	0.999149   	0.000525744	-0.0379486 	0.815623   	0.984478   	9.87649e-06	-0.175311  	0.833132   	0.990318   	0.000563272	0.138605   	0.834619   	0.973655   	-0.000450274	-0.227394  	0.81232    	0.996138   	-7.45353e-05	0.0857813  	0.808935   	0.991439   	-0.00118879	-0.129298  	0.804934   	0.995222   	0.000768885	-0.0972121 	0.83126    	0.974184   	0.000383712	0.22533    	0.819123   	0.976314   	-0.000252796	-0.216073  	0.825169   	0.985782   	0.000753732	0.166971   	0.803792   	0.99848    	-0.000459454	0.0536302  	0.826624   	0.733394   	2.6793     	39.8862    	0.731385   	1.45374    	2.62351    	11.4068    	1.69242    	2.41656    	2.76282    	48.1266    	0.899965   	2.44058    	2.9352     	41.6357    	0.837274   	1.11731    	2.31669    	37.5659    	1.0052     	3.0419     	2.49407    	8.34379    	2.96542    	3.89549    	2.15403    	6.85217    	3.44079    	2.4038     	2.29595    	40.7465    	1.52362    	2.14193    	2.50896    	49.4371    	1.16436    	3.85964    	2.54       	44.1777    	1.4999     	3.82017    	2.81091    	9.57844    	3.19173    	1.6438     	2.66721    	27.3945    	2.0847     	1.12455    	2.49773    	17.7012    	2.00521    	3.92848    	2.45108    	47.6209    	1.29812    	1.9827     	2.41458    	22.5035    	1.62848    	83.8007	157.352	215.999	211.842	116.882	336.357	431.831	201.678	215.783	373.563	437.151	132.384	101.961	381.014	224.92	1          	9.15877e-06	7.94168e-06	0.807756   	1.95477    	0.139866   	0.141415   	1.95478    	12.246	
7e-11      	5.6        	0.999805   	-0.000166252	0.0153088  	0.799027   	0.970252   	-0.000128724	0.241986   	0.817275   	0.963114   	0.000306059	-0.2688    	0.775893   	0.956428   	0.000866206	0.291725   	0.78273    	0.996821   	-2.72484e-05	-0.0781039 	0.788881   	0.978835   	-0.000823547	-0.204462  	0.821392   	0.987292   	0.00107452 	0.158525   	0.821039   	0.954561   	-2.15687e-05	-0.297826  	0.791628   	0.99053    	-0.00100786	0.136143   	0.780244   	0.982017   	0.000429889	-0.188058  	0.773497   	0.99435    	-0.00036709	-0.105544  	0.816877   	0.957171   	-4.96832e-05	0.289345   	0.801475   	0.962215   	0.00112522 	-0.272154  	0.810243   	0.972331   	-0.000102166	0.233178   	0.772744   	0.998752   	-0.00102906	0.0485409  	0.809225   	1.34187    	2.16634    	21.0146    	1.487      	1.29897    	2.55995    	5.70758    	1.18905    	0.887829   	2.5579     	20.1614    	1.7511     	1.2924     	2.93535    	16.8344    	0.9796     	1.45159    	2.63764    	33.8217    	2.33675    	1.06204    	2.36869    	9.7823     	1.48302    	0.807286   	2.23025    	17.2103    	1.1823     	1.40212    	2.32894    	13.5873    	1.11048    	1.84809    	2.48111    	43.4244    	3.69116    	1.6865     	2.24262    	38.0722    	3.91427    	0.968776   	2.46682    	17.2037    	0.891584   	2.12129    	2.73801    	11.7341    	1.33153    	2.1521     	2.95746    	7.33015    	1.43962    	1.29915    	2.36704    	27.5041    	3.47769    	1.32277    	2.53454    	18.0433    	1.11696    	132.477	132.453	77.1655	104.574	139.723	126.282	83.3958	125.537	184.638	152.047	103.462	212.179	203.566	118.036	144.181	1          	3.94676e-06	1.75843e-06	0.779693   	1.36259    	0.137961   	0.142753   	1.36259    	6.8253	
7.5e-11    	5.4        	0.998297   	0.000235272	0.0571986  	0.781717   	0.963144   	0.000485579	0.26882    	0.798259   	0.940019   	-0.000715019	-0.340955  	0.751944   	0.932996   	0.00115693 	0.359781   	0.757526   	0.991422   	-0.000623723	-0.130247  	0.771656   	0.975991   	-0.000480688	-0.217549  	0.803576   	0.987562   	0.000893676	0.156983   	0.804174   	0.932134   	-0.000943246	-0.362023  	0.767775   	0.979469   	9.88609e-05	0.201379   	0.761859   	0.964959   	0.000548905	-0.262223  	0.753373   	0.995908   	-0.000637398	-0.0900415 	0.801834   	0.937987   	0.000137053	0.346582   	0.778938   	0.948674   	-0.0002829 	-0.316171  	0.789889   	0.951122   	0.000718678	0.308571   	0.750322   	0.99974    	-0.000369963	0.0204843  	0.793284   	0.904814   	2.92438    	15.6977    	1.06078    	5.16735    	2.95792    	8.56822    	3.4627     	7.08934    	2.58899    	9.4909     	4.50413    	3.37391    	2.59494    	5.70695    	1.86632    	1.61311    	1.90796    	13.6816    	1.09797    	4.37987    	2.2067     	13.7656    	3.44036    	4.00068    	2.89759    	7.92377    	3.3985     	2.19459    	3.45713    	4.63358    	1.51354    	2.81758    	3.10306    	7.70506    	1.91118    	3.30263    	2.98365    	8.09127    	2.24834    	3.0077     	2.74961    	5.92117    	2.97786    	1.39769    	1.88706    	6.30392    	1.08444    	2.43424    	2.67387    	5.31549    	2.6574     	5.14742    	2.60847    	14.5393    	2.86587    	1.88814    	3.02119    	11.3429    	1.86033    	93.2677	468.955	628.345	284.653	154.184	398.168	371.793	187.529	252.674	271.92	297.337	131.884	221.901	428.721	187.52	1          	1.3042e-05 	9.2473e-06 	0.752031   	1.10654    	0.13927    	0.147126   	1.10653    	5.0844	
8e-11      	5.2        	0.996881   	0.000146632	0.0780422  	0.758279   	0.959693   	-0.000238552	0.280867   	0.786825   	0.922985   	0.000151369	-0.384781  	0.718155   	0.915355   	-0.000120258	0.402591   	0.729421   	0.986362   	0.000491309	-0.164219  	0.742328   	0.975374   	-0.000405358	-0.220335  	0.793598   	0.988012   	-0.000502156	0.153866   	0.795027   	0.916756   	0.00028893 	-0.399373  	0.74397    	0.970256   	0.000286638	0.24177    	0.727927   	0.952754   	-0.000178444	-0.303607  	0.717983   	0.996385   	0.000376784	-0.0842678 	0.788217   	0.926681   	-0.000200818	0.375762   	0.760159   	0.942418   	0.000751659	-0.33437   	0.773773   	0.936258   	-0.000323115	0.351255   	0.715787   	0.99995    	-0.000423456	0.00546874 	0.774452   	2.31287    	2.67524    	15.3729    	2.01705    	1.62392    	2.43233    	11.8059    	1.19903    	1.16189    	2.37225    	2.49948    	0.963403   	1.22684    	2.59845    	3.55667    	1.7059     	3.42139    	2.69821    	11.7813    	2.45199    	2.27246    	3.23143    	10.0003    	1.33216    	2.77144    	4.30924    	17.8525    	1.93353    	2.3585     	3.04175    	3.66027    	1.36528    	3.36696    	3.22918    	14.0453    	2.30789    	1.46671    	2.50027    	7.99727    	2.11969    	0.819461   	3.01682    	13.8487    	1.09049    	1.27469    	2.94253    	5.61414    	1.13024    	1.22797    	2.3737     	3.94949    	1.31293    	1.66179    	2.37902    	2.49142    	1.65671    	1.38679    	2.38629    	7.23367    	1.39659    	194.309	151.481	100.671	105.479	264.765	211.375	254.181	195.74	271.234	119.9	84.0304	114.411	112.772	136.873	128.561	1          	5.58264e-06	8.61839e-06	0.724617   	0.959224   	0.135214   	0.150824   	0.959221   	4.11037	
8.5e-11    	5          	0.994182   	0.000399213	0.10699    	0.739973   	0.956984   	-0.000202544	0.289948   	0.767265   	0.901852   	-0.000249029	-0.431986  	0.689882   	0.896892   	0.000334466	0.442177   	0.7001     	0.979401   	-0.000201661	-0.201577  	0.719343   	0.976626   	-0.000147134	-0.214622  	0.777899   	0.990527   	0.0012463  	0.136763   	0.781886   	0.903528   	-0.00146407	-0.428432  	0.714217   	0.95859    	0.000157427	0.284607   	0.701178   	0.937022   	0.000107631	-0.349138  	0.690117   	0.997865   	-0.000491364	-0.0641521 	0.776641   	0.916622   	0.00049437 	0.399663   	0.731334   	0.934936   	-0.00019685	-0.35471   	0.751182   	0.917834   	0.00094318 	0.396853   	0.685475   	0.999887   	-0.000689542	-0.0113797 	0.760738   	1.75353    	3.02071    	16.5419    	1.81179    	2.12618    	3.81952    	10.8676    	1.70763    	3.05229    	2.80546    	2.30031    	2.49821    	3.53193    	2.43502    	3.52427    	2.32846    	1.3004     	2.64477    	14.0899    	1.41512    	2.82156    	2.59579    	16.2063    	2.37069    	2.76952    	2.97533    	17.7396    	2.21227    	3.34738    	2.40064    	7.07315    	3.29749    	1.8571     	2.74414    	8.75984    	1.55162    	2.29786    	2.87855    	6.55026    	1.64421    	3.85663    	2.60929    	17.5789    	3.35016    	2.73122    	2.62597    	7.19774    	3.57915    	3.29417    	2.2369     	7.61311    	3.41098    	2.55652    	1.9875     	6.22125    	1.39681    	3.99419    	2.5437     	10.2186    	4.01904    	148.084	171.583	231.622	258.352	104.074	238.379	235.468	239.563	153.624	177.588	316.85	210.407	265.202	192.734	313.387	1          	2.93804e-06	1.62105e-05	0.697353   	0.852894   	0.146379   	0.139905   	0.852896   	3.48055	
9e-11      	4.8        	0.994277   	4.56197e-06	0.106311   	0.727766   	0.944607   	-0.000402666	0.328067   	0.752899   	0.873824   	0.000440935	-0.486139  	0.659262   	0.864573   	-0.000398411	0.502394   	0.668849   	0.975327   	7.25312e-05	-0.220504  	0.698692   	0.970834   	0.00030291 	-0.239501  	0.773468   	0.987986   	-8.41957e-05	0.154281   	0.778986   	0.875773   	-0.000287501	-0.482587  	0.687438   	0.948823   	0.000448018	0.315711   	0.673146   	0.924913   	-0.000262608	-0.380075  	0.659145   	0.996751   	-0.000802752	-0.080013  	0.770519   	0.895902   	0.0011388  	0.444165   	0.706275   	0.919018   	-0.000370292	-0.394107  	0.729116   	0.89802    	0.000478894	0.439868   	0.654663   	0.999939   	-1.99183e-05	-0.005038  	0.752783   	2.63814    	2.83998    	10.7977    	2.6425     	2.74401    	2.74923    	8.57091    	2.23804    	3.09526    	2.58631    	6.24868    	1.92211    	5.14281    	2.60857    	5.86549    	1.96269    	4.39738    	3.24787    	8.54856    	3.28778    	2.41423    	3.00585    	14.6622    	3.54001    	4.74869    	3.24319    	8.67575    	5.33504    	4.99425    	2.11226    	8.68894    	1.59495    	3.48563    	2.53631    	3.44598    	2.99562    	4.10766    	2.76527    	4.06171    	2.95534    	4.97929    	2.84053    	8.3495     	4.48536    	2.61429    	2.99181    	5.04398    	1.91423    	1.86047    	2.95664    	7.44917    	1.76912    	2.42503    	2.62266    	3.93329    	1.457      	2.44707    	2.54207    	10.0136    	2.45882    	191.218	207.105	211.059	349.153	303.034	194.239	359.968	341.81	241.821	278.421	367.042	181.705	145.7	166.619	187.914	1          	8.23757e-06	-9.60184e-06	0.6702     	0.766734   	0.139018   	0.146598   	0.766738   	3.22739	
9.5e-11    	4.6        	0.993329   	0.00024068 	0.114952   	0.715784   	0.935541   	-0.000542915	0.353116   	0.732869   	0.845856   	0.000353458	-0.533312  	0.630418   	0.838224   	-0.000726545	0.545276   	0.643795   	0.968316   	-0.00124702	-0.249532  	0.673164   	0.969238   	0.00172466 	-0.245972  	0.761413   	0.987309   	-0.00173908	0.158526   	0.769212   	0.855672   	0.00110865 	-0.517459  	0.662081   	0.938381   	0.000937357	0.345488   	0.642558   	0.914985   	-0.00170521	-0.403393  	0.631568   	0.995804   	0.000276146	-0.0909181 	0.76177    	0.876685   	0.00120725 	0.480947   	0.67601    	0.901174   	5.03655e-05	-0.433308  	0.698716   	0.882722   	0.000575291	0.469804   	0.626366   	0.999916   	-0.000502419	0.0073141  	0.747123   	2.9709     	3.45599    	6.6363     	3.12224    	5.63183    	3.44177    	4.40899    	4.58113    	4.40169    	2.66969    	4.94305    	2.23177    	1.77971    	2.37791    	2.66373    	1.75038    	8.87501    	2.16273    	5.54803    	6.4853     	4.45174    	2.86112    	5.73477    	3.28203    	1.55628    	2.47331    	9.31363    	1.31071    	4.01035    	2.60718    	2.6086     	3.1131     	5.17362    	2.46505    	4.41228    	4.54329    	4.65347    	2.93875    	2.4879     	3.273      	3.64033    	3.42533    	11.6796    	4.19529    	4.25574    	2.73138    	7.07212    	2.24154    	4.03018    	2.15181    	11.5987    	3.18392    	4.72939    	2.37264    	4.39927    	3.80134    	7.30675    	2.35245    	12.3145    	7.32852    	209.01	361.483	281.6	127.396	560.129	324.372	120.325	254.575	311.858	297.773	256.512	271.131	249.493	297.535	502.683	1          	-4.05877e-06	9.59623e-06	0.643136   	0.726646   	0.145489   	0.151201   	0.726644   	3.05811	
1e-10      	4.4        	0.989563   	-9.46396e-05	0.143748   	0.694271   	0.932077   	-0.000592998	0.362157   	0.721115   	0.810185   	0.000797856	-0.586079  	0.604775   	0.807051   	-0.000267511	0.590427   	0.621581   	0.953411   	0.000152873	-0.301103  	0.644214   	0.97164    	0.000203423	-0.235893  	0.753843   	0.986655   	-0.000885744	0.162548   	0.7609     	0.829132   	0.000438293	-0.55896   	0.640678   	0.923088   	0.000597568	0.384462   	0.612926   	0.898964   	4.43984e-06	-0.437942  	0.60389    	0.994839   	0.00070082 	-0.101042  	0.753121   	0.851429   	-0.000827965	0.524396   	0.652854   	0.883171   	-0.000496945	-0.468971  	0.678818   	0.858351   	0.000216799	0.513008   	0.598397   	0.999929   	0.000221249	0.00938039 	0.735671   	1.49217    	2.72272    	8.77744    	1.8        	4.12718    	3.47419    	3.87819    	2.63227    	5.29418    	2.90783    	3.91461    	2.74426    	2.90167    	3.3546     	1.55707    	2.11265    	10.2819    	3.28848    	23.5648    	4.1049     	5.52938    	3.87726    	28.1198    	2.11996    	1.30648    	2.57043    	9.25312    	1.31333    	3.87788    	3.06599    	4.44231    	1.65994    	3.74607    	3.03008    	4.34541    	2.78696    	2.64167    	3.36281    	2.52474    	2.53915    	1.93549    	2.61541    	8.61854    	2.13259    	2.56834    	2.5263     	4.07495    	1.6419     	2.70593    	2.9101     	4.34816    	1.98768    	3.33573    	2.49081    	2.08483    	3.36043    	3.94075    	3.1582     	3.55907    	3.95073    	98.6201	242.786	300.26	177.321	595.935	363.11	93.6606	225.715	214.167	157.062	128.435	156.873	166.684	199.826	247.746	1          	-1.72246e-06	3.43367e-05	0.616131   	0.65871    	0.135646   	0.153037   	0.658717   	2.63932	
1.05e-10   	4.2        	0.975585   	-0.000754441	0.217967   	0.665617   	0.944873   	-0.00014946	0.326342   	0.704702   	0.776918   	0.000997924	-0.629513  	0.583133   	0.788219   	0.000661218	0.615307   	0.603518   	0.925458   	0.0014666  	-0.378544  	0.606074   	0.980733   	-0.00175015	-0.194757  	0.744717   	0.987455   	0.000102499	0.157649   	0.748787   	0.808581   	-0.000129512	-0.588325  	0.620993   	0.904717   	6.6228e-06 	0.42591    	0.580419   	0.880801   	-0.000908022	-0.473401  	0.574172   	0.994314   	0.0012443  	-0.105925  	0.745783   	0.827369   	-0.000739913	0.561576   	0.628367   	0.87703    	0.000312832	-0.47992   	0.655531   	0.828699   	6.28361e-05	0.559628   	0.571513   	0.999674   	-0.000193693	-0.0162578 	0.719658   	14.8314    	4.40334    	60.4921    	5.62341    	10.3614    	4.61668    	70.5139    	3.4108     	4.89457    	3.38902    	2.74454    	2.33245    	5.13194    	2.72503    	2.67959    	1.49503    	8.85766    	3.14703    	12.2474    	4.72279    	1.79015    	3.72248    	25.6508    	1.72507    	0.793456   	3.33943    	6.93874    	0.941506   	2.77026    	2.54161    	2.21119    	1.27525    	2.51485    	3.06212    	2.59648    	1.35905    	2.2108     	3.21587    	2.65849    	1.95678    	1.1198     	3.0752     	12.3415    	1.44515    	3.11877    	2.15847    	4.58055    	1.53557    	8.73877    	2.7381     	39.844     	2.21215    	3.86104    	3.331      	1.41315    	3.01989    	3.1083     	3.72985    	42.464     	2.93654    	753.536	584.085	254.293	259.157	419.358	115.299	57.5435	152.066	130.49	120.49	80.9531	162.046	456.143	213.529	174.786	1          	7.67287e-07	3.19965e-05	0.589135   	0.640945   	0.145167   	0.155896   	0.640947   	2.39408	
1.1e-10    	4          	0.970288   	0.000542129	0.241652   	0.641105   	0.943131   	-3.11272e-06	0.332223   	0.686165   	0.744267   	-0.000552315	-0.667818  	0.561854   	0.762932   	0.00136276 	0.64641    	0.586724   	0.907164   	-0.00134604	-0.420683  	0.570672   	0.981023   	-4.26682e-05	-0.193703  	0.734501   	0.987393   	0.00103652 	0.158051   	0.733417   	0.7871     	-0.00107778	-0.61673   	0.600342   	0.887718   	-0.000216673	0.460301   	0.550979   	0.87206    	-0.000101256	-0.489288  	0.547878   	0.994819   	-0.000886396	-0.101282  	0.719084   	0.820665   	0.0011431  	0.571272   	0.600583   	0.877125   	-0.0013489 	-0.480161  	0.622387   	0.815517   	0.000225877	0.578596   	0.542054   	0.999566   	0.00102079 	-0.0282431 	0.69912    	5.14316    	4.3346     	8.44934    	4.11671    	3.57294    	4.52442    	9.76558    	3.51647    	2.29201    	2.81185    	2.85891    	1.73821    	3.99026    	3.18962    	1.76412    	2.03252    	3.30404    	2.6318     	2.52053    	2.58782    	1.81222    	3.35293    	5.87399    	2.06709    	1.50261    	4.33446    	5.09084    	1.70178    	3.19444    	3.79315    	3.97632    	1.28519    	2.76054    	3.30911    	1.97404    	2.49794    	3.02989    	3.08056    	3.56804    	2.13842    	3.66034    	3.86525    	5.64742    	4.0057     	3.36866    	3.25918    	8.31649    	1.96446    	4.98348    	3.34162    	7.2256     	6.92689    	5.35809    	3.38046    	5.58779    	3.51115    	2.01877    	3.63858    	4.20128    	2.04877    	259.467	188.472	119.36	190.923	161.977	99.2655	90.7295	154.905	139.979	149.091	189.5	177.261	214.05	250.801	112.622	1          	3.79896e-06	0.000127625	0.562125   	0.622842   	0.146981   	0.157952   	0.622843   	2.64906	
1.15e-10   	3.8        	0.96357    	0.00156008 	0.267253   	0.614185   	0.940327   	0.000169953	0.340123   	0.65974    	0.717744   	-0.00194747	-0.696245  	0.548215   	0.731339   	-0.00157564	0.681964   	0.567203   	0.888621   	-0.000472036	-0.458519  	0.542066   	0.980715   	0.00166741 	-0.195257  	0.722378   	0.985966   	0.00025786 	0.166766   	0.720261   	0.756109   	0.000833709	-0.654377  	0.579916   	0.870291   	-0.00138272	0.492457   	0.524399   	0.859091   	0.000518379	-0.511735  	0.522689   	0.993919   	-0.000664038	-0.109827  	0.698833   	0.799937   	0.000284986	0.600013   	0.576675   	0.857873   	-0.000385872	-0.513741  	0.590672   	0.797877   	1.84784e-05	0.60275    	0.518743   	0.999749   	0.000274808	-0.020271  	0.684883   	2.80751    	3.97613    	4.96172    	2.4981     	3.4383     	3.17358    	5.38022    	1.85836    	4.32162    	3.05603    	1.17482    	2.87376    	2.70425    	3.10605    	0.760874   	1.64457    	3.45395    	4.77738    	1.94747    	2.58944    	1.48417    	5.71198    	2.60532    	1.40447    	1.17467    	3.10608    	4.40598    	1.37978    	3.85615    	2.60628    	1.88414    	1.42038    	3.223      	2.75061    	1.31812    	2.33721    	3.2253     	2.92921    	2.06435    	2.6355     	1.94026    	3.61644    	3.43317    	1.88686    	4.05247    	3.12401    	2.00417    	2.71854    	2.11603    	4.05787    	5.14223    	1.26636    	2.63673    	3.04218    	1.24782    	1.68108    	1.98848    	4.75028    	5.14927    	1.97476    	124.108	142.995	198.175	130.613	148.695	80.9108	66.5875	172.214	141.536	137.906	99.2299	167.443	101.403	125.845	104.455	1          	-5.17352e-06	6.41084e-06	0.535061   	0.599408   	0.138896   	0.192607   	0.599402   	2.57644	
1.2e-10    	3.6        	0.958045   	0.00070424 	0.286422   	0.588733   	0.933674   	0.000393433	0.357964   	0.634968   	0.685483   	-0.00121098	-0.728032  	0.535354   	0.698298   	0.000779143	0.715745   	0.549505   	0.868232   	-0.00231766	-0.496059  	0.512833   	0.979812   	0.0010735  	-0.199761  	0.709283   	0.984474   	0.000306613	0.175361   	0.708326   	0.721519   	-0.000607908	-0.692325  	0.559083   	0.850645   	0.000266638	0.52564    	0.497689   	0.84363    	0.001324   	-0.536836  	0.499437   	0.992779   	-0.000967856	-0.119689  	0.680151   	0.772837   	2.84776e-05	0.634532   	0.553087   	0.835683   	0.000287184	-0.549108  	0.563643   	0.774481   	-0.000119953	0.632494   	0.496251   	0.999882   	-0.000159608	-0.0127206 	0.668632   	2.44383    	4.34881    	3.91726    	1.83161    	2.04154    	5.62763    	4.2318     	1.29151    	3.02858    	3.22459    	1.00361    	1.96934    	3.00903    	3.47112    	0.865971   	1.2695     	2.22859    	4.03979    	1.01224    	1.65572    	0.910952   	5.40128    	1.96236    	1.06957    	0.951659   	5.65629    	1.23902    	0.964223   	2.18107    	4.68017    	1.07007    	0.937196   	2.50784    	4.83284    	0.745425   	2.05758    	1.98372    	3.66681    	1.09837    	1.35904    	1.25425    	4.30685    	2.45048    	1.27264    	2.60613    	3.67439    	1.56595    	1.3458     	2.90409    	5.42627    	1.70324    	1.69357    	4.77102    	4.02169    	0.934117   	2.31233    	1.88661    	5.32448    	2.32893    	1.89594    	90.8549	88.685	127.781	124.437	91.2023	49.7687	47.7228	94.2681	103.628	86.0462	62.3789	114.208	124.691	191.912	89.183	1          	6.61236e-06	-7.59809e-05	0.507991   	0.556266   	0.145492   	0.15394    	0.55626    	2.28835	
1.25e-10   	3.4        	0.950808   	-0.00137941	0.309638   	0.562063   	0.928179   	-0.000942269	0.372008   	0.611516   	0.651578   	0.00267203 	-0.758521  	0.522003   	0.662604   	-0.00381495	0.748908   	0.531864   	0.841961   	0.00192409 	-0.539466  	0.483379   	0.97966    	0.00156324 	-0.200515  	0.697715   	0.982823   	-0.00237063	0.184401   	0.694676   	0.681927   	0.00342041 	-0.731358  	0.538878   	0.829005   	-0.000487292	0.559178   	0.47401    	0.822865   	-4.24727e-05	-0.568159  	0.474224   	0.991847   	0.0031956  	-0.127148  	0.663209   	0.743478   	-0.00381732	0.668691   	0.531127   	0.813006   	0.0023471  	-0.582157  	0.536684   	0.74447    	-0.000125223	0.667579   	0.473836   	0.999892   	-0.00191585	-0.0119978 	0.65339    	2.66748    	4.37607    	1.68949    	2.44711    	2.25848    	5.78976    	1.76704    	1.76696    	2.83615    	3.29941    	0.618514   	1.38689    	2.25152    	3.04847    	0.920458   	1.14043    	2.28491    	2.68368    	0.734729   	1.69622    	1.24188    	4.46113    	1.78932    	1.08354    	1.28399    	4.1694     	1.29711    	1.21955    	2.89277    	2.99811    	0.762315   	1.35047    	2.11094    	2.34754    	0.883022   	1.70491    	1.92229    	3.33321    	0.917154   	1.54773    	1.20408    	4.649      	1.74677    	1.26988    	2.50613    	2.96012    	0.894517   	1.3519     	2.20798    	5.39523    	1.0248     	1.43857    	2.10083    	3.53626    	0.771469   	1.10454    	1.53145    	4.74904    	2.03627    	1.52677    	90.079	89.6026	111.263	88.6804	84.0452	58.8782	58.1984	106.051	82.0066	74.1435	54.2276	96.1557	79.9512	78.6414	67.5171	1          	4.71977e-06	-3.94812e-05	0.480906   	0.531033   	0.143363   	0.159216   	0.531034   	2.3033	
1.3e-10    	3.2        	0.943373   	-0.00261501	0.331617   	0.537342   	0.921114   	0.00152117 	0.389213   	0.587532   	0.614373   	0.00102863 	-0.788958  	0.508586   	0.624274   	-0.000718737	0.781136   	0.515389   	0.812465   	0.000242678	-0.582894  	0.456195   	0.979167   	0.000345189	-0.202874  	0.683511   	0.981568   	-0.000157183	0.190947   	0.681364   	0.640013   	-0.000599133	-0.768307  	0.520378   	0.801912   	0.00118413 	0.597332   	0.449259   	0.797419   	0.0011593  	-0.603323  	0.450521   	0.99094    	-0.00226573	-0.134061  	0.645539   	0.710372   	0.00170279 	0.703768   	0.510944   	0.78436    	-0.000520516	-0.620223  	0.511044   	0.713126   	0.000363151	0.700942   	0.453212   	0.999941   	0.000199314	-0.00648426	0.636881   	1.83805    	3.46829    	0.834501   	1.51309    	1.82845    	3.21117    	1.07288    	1.37317    	2.07004    	3.63681    	0.477234   	0.84164    	2.21684    	4.79007    	0.724686   	1.16392    	2.49428    	4.92248    	0.678295   	1.64154    	1.05974    	6.52755    	1.53678    	1.10122    	1.22715    	5.0279     	1.58736    	1.17367    	2.37244    	3.63612    	0.578116   	1.10274    	1.97911    	4.56316    	0.716642   	1.21492    	2.62508    	4.0575     	0.791376   	1.67641    	1.06553    	4.36256    	1.41603    	1.04786    	2.29288    	3.17057    	0.613055   	1.23082    	2.18441    	4.51296    	0.776318   	1.2725     	2.70043    	4.34154    	0.55247    	1.40426    	1.6241     	5.50767    	1.57266    	1.62325    	67.5581	64.3561	74.8072	76.157	86.9917	44.4438	46.0262	83.1645	73.6136	85.2717	45.1181	77.9428	72.202	88.1737	63.9628	1          	1.23631e-05	1.31468e-05	0.453812   	0.550356   	0.136678   	0.166846   	0.550357   	2.01039	
1.35e-10   	3          	0.935773   	-0.00253579	0.352467   	0.51248    	0.913246   	0.00181169 	0.407273   	0.565246   	0.57263    	0.000476191	-0.819748  	0.494673   	0.580879   	0.000527495	0.813924   	0.498943   	0.779782   	-0.000883516	-0.625935  	0.42961    	0.978089   	5.07313e-05	-0.208044  	0.670261   	0.979968   	0.00578298 	0.198927   	0.668374   	0.592117   	-0.0037008 	-0.805778  	0.50206    	0.772293   	-0.00440953	0.635137   	0.426033   	0.76963    	0.00277087 	-0.638369  	0.427811   	0.989984   	-0.0062499 	-0.140834  	0.62674    	0.674246   	0.00507509 	0.738423   	0.490866   	0.757429   	-0.00286043	-0.652827  	0.488914   	0.671095   	-0.00229379	0.741286   	0.430799   	0.999947   	0.00396143 	-0.00536058	0.620094   	1.51612    	4.55561    	0.68238    	1.32978    	1.76036    	6.77297    	1.02419    	1.61614    	1.90101    	4.4254     	0.449778   	0.658875   	2.2628     	4.10501    	0.454236   	0.722706   	2.5517     	4.71574    	0.587602   	1.67715    	0.813763   	5.05306    	1.17531    	0.807628   	1.236      	4.9335     	0.955392   	1.25436    	2.88815    	3.72407    	0.395632   	0.903259   	1.87366    	5.0818     	0.411008   	1.28905    	2.45468    	4.59081    	0.47872    	1.3301     	1.32072    	4.13358    	1.01591    	1.25702    	1.6278     	4.06943    	0.580865   	0.880003   	1.94273    	4.61709    	0.598811   	1.09642    	2.17922    	3.56073    	0.440612   	1.01394    	1.08507    	4.48943    	1.00966    	1.08532    	50.1565	55.5902	62.8919	68.6835	72.6756	37.5593	48.57	78.2534	59.4461	76.8027	45.3058	50.8714	60.2915	68.7465	42.45	1          	-2.36619e-05	5.51529e-06	0.42673    	0.548766   	0.143193   	0.170488   	0.548765   	2.17895	
1.4e-10    	2.8        	0.928116   	0.00135888 	0.372148   	0.48783    	0.903718   	-0.000553906	0.428003   	0.541589   	0.529842   	-0.000884031	-0.84803   	0.481522   	0.534776   	-0.000682913	0.844926   	0.484165   	0.740957   	0.0043655  	-0.671383  	0.404153   	0.976973   	-0.00206568	-0.213181  	0.655983   	0.978632   	0.00176309 	0.205438   	0.653521   	0.54036    	-0.00251767	-0.841357  	0.484882   	0.738383   	0.000218427	0.674213   	0.404349   	0.735625   	0.00249687 	-0.677251  	0.405589   	0.989176   	-0.00382179	-0.146427  	0.608677   	0.63389    	0.00268924 	0.773331   	0.471987   	0.724122   	0.000344016	-0.689565  	0.465289   	0.626671   	0.00275579 	0.779155   	0.411671   	0.999938   	-0.00217352	-0.00509734	0.603133   	1.6227     	5.03396    	0.537369   	1.45357    	1.37394    	6.47306    	0.590708   	1.1667     	2.60491    	3.63343    	0.378476   	0.64377    	2.09553    	4.49985    	0.263647   	0.688079   	1.8726     	6.72351    	0.35517    	1.1182     	0.687235   	6.47353    	0.744813   	0.667692   	0.998575   	6.35274    	0.752493   	1.01128    	2.00521    	4.97241    	0.322142   	0.646803   	1.70948    	7.38524    	0.396492   	0.937304   	1.64673    	5.71776    	0.388863   	0.948602   	1.04654    	5.56054    	0.851812   	1.01847    	1.66516    	5.59367    	0.362466   	0.659707   	1.78416    	6.09013    	0.45842    	1.02034    	2.06353    	5.97502    	0.276562   	0.766125   	0.927802   	7.032      	0.84911    	0.927562   	47.3256	44.7603	74.0464	62.5931	56.6618	28.1789	37.5116	57.2545	49.7941	49.0343	35.2926	46.5607	50.2738	63.6415	39.2563	1          	-4.85351e-06	-2.66851e-05	0.399628   	0.52692    	0.135813   	0.16284    	0.526925   	2.20624	
1.45e-10   	2.6        	0.918244   	0.00764914 	0.395808   	0.462313   	0.894501   	-0.00631852	0.446879   	0.519965   	0.482818   	-0.00076234	-0.875648  	0.468544   	0.483092   	-0.00342626	0.875473   	0.469901   	0.697151   	-0.010137  	-0.716694  	0.381228   	0.975659   	0.0090486  	-0.218734  	0.640817   	0.977053   	-0.00625704	0.212449   	0.638747   	0.4832     	-0.00159575	-0.875414  	0.469009   	0.69933    	0.0118718  	0.71453    	0.38343    	0.695328   	-0.00963516	-0.718477  	0.384113   	0.988247   	0.00799358 	-0.151893  	0.591004   	0.588823   	-0.00164177	0.808134   	0.453801   	0.686409   	0.00288188 	-0.727091  	0.44315    	0.576392   	0.00704451 	0.817045   	0.394271   	0.999898   	-0.00744995	-0.00530741	0.584995   	1.71593    	4.42974    	0.484765   	1.46616    	1.09362    	7.10788    	0.558949   	0.860187   	1.65425    	4.91352    	0.31931    	0.484602   	1.49075    	6.61138    	0.323847   	0.475124   	1.64229    	6.48759    	0.349987   	0.850228   	0.801131   	14.7131    	0.719392   	0.73614    	0.815948   	17.4163    	0.693692   	0.774862   	2.36474    	6.3138     	0.323326   	0.629362   	2.09233    	7.07713    	0.252907   	1.14782    	2.32683    	5.76031    	0.386165   	1.07446    	1.44706    	17.9073    	0.742915   	1.36048    	2.21114    	7.98111    	0.334645   	0.874559   	1.84535    	6.50916    	0.355808   	0.868715   	2.22041    	4.02468    	0.302357   	0.783503   	0.90545    	8.7484     	0.710596   	0.909097   	42.9364	33.9929	44.602	42.1808	47.3325	29.3088	29.7852	53.7211	48.6043	57.3562	43.703	56.3856	49.8283	56.3643	31.8879	1          	-9.92787e-07	-6.44475e-06	0.372499   	0.499268   	0.138169   	0.156854   	0.499264   	1.95935	
1.5e-10    	2.4        	0.908644   	0.0226901  	0.416786   	0.439072   	0.88147    	-0.0478236 	0.469466   	0.497409   	0.430717   	0.0300049  	-0.901861  	0.456393   	0.42729    	-0.0425898 	0.902973   	0.456624   	0.646193   	-0.0221468 	-0.762716  	0.358933   	0.973319   	0.0450211  	-0.224657  	0.625975   	0.974774   	-0.0411462 	0.218825   	0.623624   	0.422144   	0.0430545  	-0.905262  	0.454946   	0.653929   	0.0135691  	0.756222   	0.36293    	0.649684   	-3.01219e-05	-0.759963  	0.364034   	0.986737   	0.0344264  	-0.157825  	0.571994   	0.538804   	-0.0428169 	0.84097    	0.4377     	0.643652   	0.0455421  	-0.763666  	0.423734   	0.514408   	-0.0172204 	0.857186   	0.376697   	0.999656   	-0.0233866 	-0.00393358	0.56828    	1.4039     	5.53358    	0.499572   	1.22225    	1.93373    	17.7321    	0.504134   	1.59787    	2.06025    	9.21697    	0.243256   	0.521808   	1.95692    	10.2264    	0.240553   	0.495925   	2.31991    	4.66175    	0.297847   	1.09004    	0.749602   	13.0596    	0.646072   	0.768287   	1.43854    	20.8558    	0.603472   	1.49341    	2.07632    	19.1961    	0.242367   	0.503726   	2.1094     	8.27461    	0.33085    	0.98498    	1.58212    	10.0835    	0.342318   	0.77467    	1.31913    	18.6015    	0.703534   	1.37454    	1.66332    	26.3208    	0.365206   	0.698432   	1.58929    	17.6724    	0.290916   	0.793769   	2.21744    	8.73737    	0.247703   	0.748329   	1.02514    	8.66951    	0.577943   	0.977619   	34.5353	48.8821	49.6795	47.3353	52.6013	27.89	39.2828	44.7163	50.8171	38.1972	33.9492	39.5716	37.5013	47.4129	29.8839	1          	-8.42542e-06	2.82251e-05	0.345266   	0.504742   	0.14207    	0.169035   	0.504733   	1.83406	
1.55e-10   	2.2        	0.898185   	0.0501562  	0.435745   	0.417436   	0.86481    	-0.0616125 	0.498138   	0.470179   	0.379142   	0.0171227  	-0.924546  	0.444646   	0.374145   	-0.0329253 	0.925917   	0.44391    	0.590922   	-0.0577212 	-0.802763  	0.339083   	0.970482   	0.0595499  	-0.233498  	0.603817   	0.971463   	-0.0698969 	0.226428   	0.599914   	0.363943   	0.0523352  	-0.9289    	0.44165    	0.607052   	0.0479629  	0.791055   	0.345759   	0.603875   	-0.02651   	-0.79533   	0.346561   	0.983298   	0.0752808  	-0.165041  	0.549074   	0.483047   	-0.0716479 	0.871803   	0.42149    	0.590625   	0.0764744  	-0.802933  	0.402945   	0.451873   	0.0015486  	0.89136    	0.361698   	0.998137   	-0.0588112 	-0.00353886	0.55051    	2.13925    	34.551     	0.513413   	2.07304    	4.96061    	7.02016    	0.563066   	4.08645    	2.54418    	50.8723    	0.500903   	0.576474   	2.6605     	70.4306    	0.673503   	0.791864   	4.23705    	78.5978    	0.62034    	2.47661    	9.22197    	6.78854    	0.885188   	8.7975     	13.4769    	7.58984    	1.14694    	13.5425    	4.87877    	82.5452    	1.28313    	1.08362    	3.47781    	92.5167    	0.460044   	2.04372    	4.75679    	54.8619    	0.45406    	2.27352    	5.62042    	14.7725    	0.725663   	5.83703    	1.80337    	60.2182    	0.493294   	1.41012    	2.82244    	21.3767    	0.462948   	1.72138    	2.94725    	36.5078    	0.459686   	1.01551    	2.14384    	16.1898    	1.02322    	1.80253    	47.7721	73.9479	57.7272	57.3951	86.0788	127.972	187.076	98.6994	72.5156	95.1405	81.7919	39.5171	49.0282	60.8389	38.7191	1          	8.44922e-06	1.63867e-05	0.31732    	1.0739     	0.143136   	0.162292   	1.07391    	2.58649	
1.6e-10    	2          	0.86096    	0.233669   	0.448884   	0.391618   	0.841135   	-0.123584  	0.525773   	0.441039   	0.356513   	-0.0838841 	-0.930183  	0.432647   	0.364786   	0.0418508  	0.929859   	0.431056   	0.533732   	-0.297279  	-0.789841  	0.335658   	0.955406   	0.153542   	-0.250259  	0.55123    	0.955114   	-0.168996  	0.241339   	0.535376   	0.364941   	-0.0188836 	-0.930532  	0.429158   	0.56308    	0.27593    	0.777612   	0.346325   	0.572432   	-0.22761   	-0.786368  	0.34999    	0.966277   	0.187263   	-0.173488  	0.484165   	0.474957   	-0.0198794 	0.879503   	0.409888   	0.555617   	0.0842796  	-0.826863  	0.389036   	0.42172    	0.157336   	0.892103   	0.360922   	0.982129   	-0.184176  	-0.00815741	0.503225   	9.13175    	85.5632    	2.11735    	2.58556    	3.48037    	33.0281    	1.05247    	2.48263    	9.6487     	15.9146    	2.09711    	0.902341   	16.2979    	5.18616    	2.51055    	0.812637   	5.35118    	73.2467    	1.55307    	5.71969    	28.6828    	58.8562    	1.89745    	18.5302    	38.9122    	51.0592    	2.05985    	27.4736    	16.8064    	5.41131    	2.83756    	0.7983     	4.82105    	56.6384    	1.64909    	5.25471    	8.69033    	59.782     	0.907034   	10.2547    	46.1669    	48.1551    	2.29818    	32.979     	12.0653    	6.60098    	1.74711    	1.31759    	7.89975    	9.63318    	1.50313    	2.17217    	10.2569    	39.0782    	0.567097   	3.89395    	34.1236    	70.1613    	1.77545    	20.5286    	113.496	49.4726	147.756	250.99	81.5263	332.904	424.259	271.719	81.9976	152.244	523.875	187.77	119.881	164.392	396.607	0.999999   	1.95426e-05	-6.74949e-05	0.287617   	1.44573    	0.14298    	0.169929   	1.44573    	3.23437	
1.65e-10   	1.8        	0.817423   	0.362942   	0.446893   	0.375085   	0.79948    	-0.199205  	0.566409   	0.413101   	0.327817   	-0.125534  	-0.936258  	0.422548   	0.351316   	0.0486552  	0.934891   	0.419778   	0.490517   	-0.419523  	-0.763495  	0.334171   	0.927376   	0.246925   	-0.280614  	0.49969    	0.934299   	-0.24118   	0.261898   	0.473752   	0.36081    	-0.0283361 	-0.931984  	0.416363   	0.52921    	0.360731   	0.767772   	0.343106   	0.531821   	-0.315737  	-0.785633  	0.349907   	0.941546   	0.286057   	-0.177364  	0.425613   	0.469573   	-0.02255   	0.882422   	0.399431   	0.517798   	0.12701    	-0.845794  	0.376863   	0.387989   	0.236391   	0.890662   	0.360242   	0.954545   	-0.297111  	-0.0142649 	0.461236   	3.04523    	9.90023    	2.54355    	3.25275    	7.08804    	7.37406    	2.07785    	3.50321    	3.86331    	4.35227    	0.686827   	0.759354   	4.30924    	3.5168     	1.15041    	1.37517    	7.15192    	5.39366    	1.92442    	2.55925    	14.106     	8.07973    	2.61473    	9.72052    	12.399     	15.9905    	2.55311    	14.0615    	6.12528    	10.5868    	1.21684    	1.183      	4.5636     	4.87446    	1.72195    	2.06461    	3.52858    	3.98202    	1.45048    	1.73194    	11.2007    	3.92928    	2.95142    	9.42638    	7.00105    	4.08962    	2.16923    	1.36577    	5.13311    	7.5182     	1.32671    	1.35502    	4.39632    	5.66544    	0.875161   	1.82325    	11.7219    	12.976     	1.65093    	8.24711    	45.2894	86.2155	55.0547	62.9074	91.4442	143.132	133.789	85.4936	63.3744	52.1575	119.454	84.7708	69.573	68.3276	126.438	0.999999   	8.97729e-05	3.87855e-05	0.258289   	0.749901   	0.139416   	0.15747    	0.749892   	2.15437	
1.7e-10    	1.6        	0.77099    	0.455514   	0.444443   	0.354669   	0.751389   	-0.246513  	0.611805   	0.388046   	0.299973   	-0.157332  	-0.940733  	0.413082   	0.325967   	0.0616967  	0.943247   	0.409437   	0.448315   	-0.484649  	-0.750779  	0.326323   	0.89852    	0.301408   	-0.318667  	0.453982   	0.910161   	-0.295253  	0.290176   	0.414825   	0.344784   	-0.0356535 	-0.937874  	0.406292   	0.500344   	0.398345   	0.768482   	0.338275   	0.48717    	-0.351158  	-0.799385  	0.34651    	0.921596   	0.342149   	-0.182675  	0.379558   	0.434588   	-0.0156317 	0.900349   	0.387648   	0.480199   	0.14799    	-0.864307  	0.365525   	0.350374   	0.280582   	0.89338    	0.359631   	0.923875   	-0.381392  	-0.025124  	0.418503   	4.71323    	8.81238    	5.84661    	3.45691    	6.94482    	4.94073    	3.20112    	3.2759     	5.3854     	5.37822    	1.90412    	1.48058    	4.29864    	4.18216    	2.01285    	1.84892    	3.80441    	7.69       	2.93656    	3.1352     	8.27695    	5.55299    	4.21806    	5.32007    	14.3363    	4.62555    	2.56652    	12.324     	4.79516    	4.03375    	1.85459    	1.33219    	6.87598    	4.72687    	1.95177    	2.69082    	6.09221    	4.02576    	1.32273    	2.12233    	12.5992    	3.41749    	2.88823    	11.4547    	4.5792     	4.10596    	1.83789    	1.49398    	7.48633    	7.47148    	1.88689    	2.04884    	6.65506    	6.09554    	1.01557    	2.34954    	18.1688    	8.12574    	2.40843    	13.7884    	50.2373	61.8639	58.3174	46.45	37.7996	67.4246	126.887	51.7917	67.3782	70.0757	114.975	46.949	71.6557	75.3639	166.855	0.999999   	6.47765e-05	-6.06903e-05	0.229263   	0.627227   	0.138855   	0.169922   	0.627212   	1.95399	
1.75e-10   	1.4        	0.709672   	0.536358   	0.456117   	0.333816   	0.714762   	-0.282363  	0.639591   	0.363853   	0.263528   	-0.187911  	-0.945939  	0.399062   	0.304748   	0.0693159  	0.949763   	0.395897   	0.423957   	-0.54728   	-0.721109  	0.320451   	0.850116   	0.375079   	-0.36898   	0.404506   	0.879074   	-0.367524  	0.301623   	0.35684    	0.348462   	-0.0447136 	-0.935626  	0.391901   	0.45113    	0.439729   	0.776354   	0.332468   	0.437201   	-0.383177  	-0.813477  	0.345936   	0.883606   	0.433488   	-0.175225  	0.334499   	0.407147   	-0.0269294 	0.912793   	0.376072   	0.434578   	0.166664   	-0.884859  	0.356952   	0.312567   	0.318369   	0.894757   	0.362319   	0.878848   	-0.475072  	-0.0378908 	0.37868    	13.9934    	5.84615    	5.71568    	9.04034    	7.23535    	4.01277    	3.45007    	5.2248     	6.82958    	8.71776    	1.8872     	1.18901    	5.33386    	4.58849    	3.73836    	3.73373    	8.64106    	4.31699    	6.84944    	2.20948    	16.0098    	3.27735    	8.47802    	9.85358    	30.6603    	6.12091    	31.1092    	33.812     	25.7259    	4.2562     	16.6241    	5.10518    	3.6441     	7.04816    	3.87469    	4.53797    	6.95196    	2.69156    	1.77276    	3.55881    	12.3201    	6.87408    	4.87692    	7.66643    	4.53993    	5.17192    	3.17995    	2.64317    	7.89675    	3.66712    	4.69922    	4.84113    	3.98017    	8.96394    	3.08394    	5.42481    	11.3437    	6.63309    	5.86315    	7.40843    	93.5775	61.3209	54.9427	44.8266	66.2953	94.9864	154.121	114.603	38.3847	69.9224	79.7561	44.2339	48.2527	38.6456	70.9688	0.999999   	3.71666e-05	-0.000111047	0.200266   	0.591074   	0.144224   	0.16717    	0.591064   	1.89864	
1.8e-10    	1.2        	0.634324   	0.607186   	0.477238   	0.311634   	0.649071   	-0.331955  	0.683998   	0.338074   	0.249792   	-0.193812  	-0.948506  	0.391027   	0.26546    	0.0753192  	0.960983   	0.384143   	0.450482   	-0.571424  	-0.682567  	0.319995   	0.769912   	0.452436   	-0.447444  	0.347827   	0.815056   	-0.534174  	0.222375   	0.317211   	0.371621   	0.000791466	-0.928186  	0.364967   	0.35881    	0.490321   	0.79396    	0.335777   	0.360307   	-0.403233  	-0.840917  	0.349786   	0.810816   	0.574908   	-0.078088  	0.304041   	0.397215   	-0.0849164 	0.912009   	0.355237   	0.465334   	0.245936   	-0.848632  	0.337845   	0.286914   	0.308366   	0.906548   	0.359622   	0.778238   	-0.606009  	-0.147704  	0.326295   	10.5075    	15.7374    	10.8125    	10.0846    	3.55671    	9.90823    	12.459     	8.63428    	8.28776    	5.06864    	2.05191    	2.11151    	4.69939    	7.97338    	2.0285     	2.16727    	77.4177    	20.96      	14.884     	4.1807     	72.2196    	41.2151    	12.7419    	60.2781    	24.5408    	5.86547    	6.00937    	15.9404    	9.04591    	4.48082    	2.34565    	4.60442    	8.42491    	3.40648    	2.35692    	2.03342    	6.52409    	2.79591    	7.81983    	4.75148    	27.4289    	19.7939    	88.7637    	9.25124    	47.0866    	15.0435    	41.4953    	9.68265    	29.1697    	8.27978    	46.1153    	10.3106    	9.25636    	11.2844    	6.75786    	4.50119    	59.9416    	8.73775    	87.5859    	28.4288    	52.4996	26.9301	54.5284	33.8584	288.682	275.851	154.325	82.6439	43.7416	26.424	78.4925	90.0726	51.2645	90.9625	161.219	0.999998   	2.7461e-05 	0.000222813	0.171431   	0.514114   	0.149068   	0.158458   	0.514133   	2.15022	
1.85e-10   	1          	0.550481   	0.601143   	0.576982   	0.274412   	0.630512   	-0.311202  	0.710106   	0.299944   	0.231877   	-0.187199  	-0.954406  	0.379435   	0.231689   	0.0938798  	0.967989   	0.375527   	0.495178   	-0.51056   	-0.701021  	0.304303   	0.694521   	0.444428   	-0.563096  	0.275155   	0.796309   	-0.570711  	0.197265   	0.27336    	0.32352    	0.000622148	-0.945857  	0.349702   	0.298771   	0.461726   	0.833566   	0.329313   	0.288101   	-0.357716  	-0.88772   	0.347947   	0.744925   	0.654753   	0.105114   	0.245473   	0.444124   	-0.101839  	0.889628   	0.328183   	0.477766   	0.233427   	-0.846274  	0.30652    	0.232031   	0.2589     	0.93739    	0.365677   	0.714674   	-0.609032  	-0.341282  	0.275988   	12.1061    	46.27      	3.62492    	15.7038    	11.4697    	29.7583    	7.79181    	21.1303    	5.77316    	4.45693    	7.0601     	7.40219    	10.7154    	6.37636    	9.75005    	10.5083    	12.637     	60.9067    	2.83559    	19.0933    	10.5154    	46.0322    	15.926     	19.5757    	38.306     	60.6891    	13.5376    	91.5336    	12.1834    	3.11526    	11.2215    	7.1656     	13.4644    	59.9432    	2.41849    	8.63128    	6.7114     	19.4408    	3.36652    	1.92928    	8.54819    	69.1332    	21.6782    	24.6348    	6.46513    	17.7432    	12.1799    	12.7921    	6.46724    	18.2447    	4.24074    	5.72024    	5.84988    	7.30077    	3.31757    	3.11988    	12.7238    	36.611     	7.38354    	24.1719    	43.6962	31.8388	28.9828	41.7161	48.8514	59.0888	100.494	48.8759	44.8861	47.2933	64.2274	26.1793	38.6364	24.9829	47.1895	0.999998   	-1.29501e-05	7.12531e-05	0.142825   	0.472766   	0.142321   	0.169176   	0.472756   	1.64546	
1.9e-10    	0.8        	0.52521    	0.528213   	0.664256   	0.238414   	0.545392   	-0.260152  	0.795828   	0.252086   	0.218974   	-0.162286  	-0.961927  	0.363266   	0.189715   	0.0942502  	0.977073   	0.360597   	0.475062   	-0.44061   	-0.760196  	0.276412   	0.63924    	0.389417   	-0.661236  	0.224599   	0.776494   	-0.573111  	0.25857    	0.195964   	0.294625   	-0.0279555 	-0.954886  	0.335539   	0.297518   	0.38874    	0.871082   	0.308724   	0.237209   	-0.29205   	-0.92573   	0.339218   	0.739258   	0.629399   	0.228558   	0.19212    	0.397313   	-0.0654692 	0.914967   	0.304005   	0.47086    	0.176883   	-0.863343  	0.280081   	0.19505    	0.221871   	0.954941   	0.356018   	0.637791   	-0.588036  	-0.491385  	0.221211   	7.56964    	48.4379    	4.82428    	9.80941    	7.41315    	23.7964    	10.8305    	19.9278    	4.32732    	9.06621    	4.47351    	5.39816    	8.03874    	5.85873    	4.12668    	4.44945    	5.90179    	35.8795    	3.93305    	5.46666    	13.4128    	26.9964    	9.69722    	21.1672    	26.5085    	24.9514    	5.61522    	42.0247    	7.18097    	7.64883    	3.54341    	2.64331    	14.1957    	20.5226    	3.06919    	3.02144    	8.2225     	30.5159    	4.76182    	4.66758    	6.18019    	43.2933    	12.7383    	19.0786    	5.16861    	8.87811    	7.9008     	7.37849    	9.88891    	13.2123    	18.227     	11.7109    	5.7058     	18.4363    	1.97164    	2.23818    	15.1364    	49.7463    	22.7723    	20.6354    	28.2824	18.4283	26.3533	35.2341	19.3771	44.6784	43.5919	21.329	26.4372	31.6	31.1829	28.1743	27.9394	22.5579	21.338	0.999997   	-0.000171549	7.26095e-05	0.114235   	0.491305   	0.135287   	0.15366    	0.491313   	1.79504	
1.95e-10   	0.6        	0.442515   	0.398096   	0.801066   	0.204053   	0.461613   	-0.161446  	0.871064   	0.196869   	0.221427   	-0.14134   	-0.964456  	0.337581   	0.13308    	0.102247   	0.985527   	0.332591   	0.434054   	-0.326528  	-0.837908  	0.246462   	0.620332   	0.260377   	-0.737091  	0.172112   	0.811203   	-0.507803  	0.276985   	0.125844   	0.274628   	-0.0687615 	-0.958544  	0.312062   	0.239919   	0.300061   	0.922182   	0.284973   	0.230688   	-0.229421  	-0.944821  	0.316762   	0.735287   	0.564512   	0.364854   	0.138034   	0.305672   	-0.016083  	0.951518   	0.269807   	0.47159    	0.0848493  	-0.876555  	0.248411   	0.126354   	0.17236    	0.976614   	0.33425    	0.564149   	-0.456927  	-0.683443  	0.173693   	9.43576    	36.7799    	2.60191    	10.1345    	9.58194    	15.8516    	16.312     	22.8384    	11.5945    	8.08541    	12.9414    	11.0572    	12.4906    	4.25989    	12.8235    	15.0081    	7.87417    	36.7919    	3.41244    	7.26286    	6.66813    	24.7691    	11.1067    	14.0233    	9.52854    	27.6926    	11.0086    	20.8419    	15.3658    	5.22261    	9.55713    	6.75859    	12.7048    	31.2722    	3.27578    	9.7896     	15.2887    	18.5126    	8.97059    	8.75274    	8.6484     	34.9646    	5.35139    	15.561     	14.1624    	6.5737     	12.8677    	18.1075    	9.36382    	15.4082    	10.828     	6.20755    	6.99482    	10.7024    	7.61608    	11.0674    	7.68419    	45.0908    	2.93914    	14.8138    	17.529	24.7554	19.8291	32.4074	22.6512	17.2832	24.0271	26.7647	25.7504	22.99	21.5383	29.8188	21.0381	28.3499	23.3762	0.999994   	0.000221392	-5.7296e-05	0.0855906  	0.46263    	0.134858   	0.158754   	0.462624   	1.65787	
2e-10      	0.4        	0.218946   	0.261982   	0.936231   	0.187639   	0.317539   	-0.0996055 	0.941604   	0.169418   	0.221929   	-0.0914831 	-0.970172  	0.334568   	0.0277449  	0.0727324  	0.996525   	0.319328   	0.377087   	-0.192153  	-0.902996  	0.243296   	0.55913    	0.159159   	-0.80951   	0.129324   	0.855243   	-0.42573   	0.174596   	0.0734623  	0.275652   	-0.0490579 	-0.959298  	0.301879   	0.086228   	0.172433   	0.978463   	0.280637   	0.24868    	-0.146151  	-0.95601   	0.313887   	0.630635   	0.46723    	0.595948   	0.0877964  	0.140591   	0.0156671  	0.989464   	0.258574   	0.385733   	0.0180125  	-0.921498  	0.226812   	0.0302525  	0.10814    	0.992818   	0.324951   	0.496187   	-0.266559  	-0.819637  	0.151478   	14.4329    	33.5597    	10.3858    	2.50835    	7.43037    	11.5009    	11.9696    	13.6811    	16.4122    	13.1004    	1.75367    	1.77948    	10.1327    	11.4542    	3.4515     	4.3087     	15.5207    	54.6975    	12.4281    	9.08702    	6.31354    	24.6401    	22.1312    	27.4138    	7.0847     	43.3888    	39.9453    	19.852     	19.2145    	5.39177    	9.22783    	5.2943     	26.7378    	61.5642    	14.2532    	4.44068    	34.7179    	30.951     	5.36644    	7.26092    	23.233     	39.5957    	9.76098    	20.9419    	7.86111    	6.8678     	6.97346    	7.03163    	9.72338    	9.19533    	10.7953    	9.2556     	19.1913    	21.3999    	3.89355    	3.19098    	20.3047    	36.9653    	14.8904    	14.8116    	22.0517	15.6655	15.1563	25.0734	24.7402	11.9249	14.9332	17.3427	19.4879	24.2019	22.1938	16.5974	15.5283	32.0076	32.6236	0.999987   	7.56884e-05	-0.000161686	0.0569454  	0.470096   	0.145197   	0.156098   	0.470092   	1.84286	
2.05e-10   	0.2        	-0.034932  	0.0649918  	0.993922   	0.192127   	0.094046   	-0.00030865	0.991615   	0.136567   	0.234859   	-0.032231  	-0.971026  	0.326289   	-0.0908142 	0.035814   	0.994822   	0.309699   	0.318062   	-0.0411524 	-0.945738  	0.249891   	0.416534   	-0.0499591 	-0.895592  	0.0860806  	0.90788    	-0.0542607 	-0.13254   	0.0390628  	0.267015   	-0.0285005 	-0.96263   	0.287073   	-0.097767  	0.0486902  	0.993031   	0.2829     	0.265082   	-0.0476914 	-0.96207   	0.311436   	0.168558   	0.0652776  	0.953913   	0.0653574  	-0.0417788 	0.0373121  	0.997556   	0.24444    	0.326195   	-0.0420972 	-0.942401  	0.201049   	-0.114804  	0.0366871  	0.992041   	0.320656   	0.394403   	-0.0210213 	-0.912093  	0.151414   	10.6855    	44.6885    	9.15194    	8.81017    	5.50448    	28.3137    	15.6127    	15.6762    	13.838     	7.44341    	9.9749     	8.82726    	9.59554    	7.70088    	9.12722    	8.7219     	10.5826    	29.5825    	9.13136    	10.7204    	10.1539    	31.1485    	15.9809    	19.0767    	11.511     	31.8656    	15.8346    	8.78804    	16.1074    	5.43515    	12.7945    	10.9191    	16.8503    	19.8981    	5.99819    	6.79683    	25.1368    	17.4885    	7.16708    	7.84608    	9.12347    	46.5733    	8.32917    	7.59563    	15.2751    	8.19721    	15.367     	14.7605    	10.3192    	21.1343    	13.9047    	10.5732    	20.2219    	11.2722    	5.87872    	5.82626    	8.06177    	54.2181    	7.44187    	7.1031     	13.584	11.9551	17.5852	27.2081	24.3306	15.7585	17.2059	18.036	13.9163	19.9286	16.7674	16.576	13.7453	23.3971	16.9762	0.999946   	-0.000164731	0.000590917	0.0284387  	0.479077   	0.134181   	0.168545   	0.479072   	1.74816	
2.1e-10    	-0         	-0.219317  	-0.186631  	0.951639   	0.183739   	-0.202277  	0.28072    	0.930182   	0.143687   	0.214062   	-0.0180034 	-0.975879  	0.307735   	-0.213084  	0.0444083  	0.975442   	0.295627   	0.222768   	0.125822   	-0.963681  	0.229211   	0.167559   	-0.500853  	-0.828817  	0.0883397  	-0.0144724 	0.970572   	0.1584     	0.0465223  	0.211077   	-0.0757125 	-0.97366   	0.272864   	-0.219545  	-0.0747651 	0.971192   	0.266509   	0.219153   	0.0345631  	-0.974124  	0.292097   	-0.184516  	-0.556164  	0.780111   	0.0749842  	-0.215021  	0.120266   	0.967588   	0.24024    	0.213895   	-0.181441  	-0.95619   	0.196379   	-0.216933  	-0.00579327	0.97541    	0.306788   	0.212239   	0.29946    	-0.918101  	0.130679   	19.6284    	63.2825    	9.28801    	3.37873    	7.58599    	60.6064    	6.69309    	3.37562    	22.584     	5.09806    	16.7181    	11.3031    	13.2175    	5.40943    	13.9742    	9.81903    	17.5865    	47.9467    	10.1667    	5.2805     	4.54635    	71.0498    	7.34897    	19.5809    	6.44548    	79.858     	3.9291     	77.313     	10.9475    	15.1578    	9.27422    	6.46983    	17.4232    	26.8849    	9.46168    	4.93094    	15.1271    	17.8128    	9.46898    	5.92576    	6.29545    	78.1993    	7.03959    	28.0341    	9.10109    	27.7621    	8.57089    	4.88795    	11.058     	45.5073    	9.05803    	3.56169    	18.8131    	8.58399    	14.4955    	9.65423    	11.4267    	76.1329    	10.2576    	8.65654    	12.5964	18.4647	14.7981	12.5128	15.6819	18.2258	15.7945	13.9027	19.803	17.8479	11.8713	16.6309	15.4086	17.2431	11.4787	0.0174633  	0.0256998  	-0.017327  	0.000339015	0.44968    	0.13874    	0.160079   	0.352883   	1.66551	
