#----------------------------------------------------------------------------------------------------------------------------------------------------------
# Output file for vampire simulation
#   time       : 2025-05-30 03:48:09     process id : 3521800
#   hostname   : thor3.psi.ch
#   path       : /scratch/dossan_f/Na2BaMn(PO4)2/vampire_tripleUC_15mat_J2Ja_small_k0.035_Jnn0.11_Bc_highstatistics
#   version    : 6.0.0
#   githash    : 4c9651daecc86c3e6b6df0c8055fcd9e89fd900c
#----------------------------------------------------------------------------------------------------------------------------------------------------------
2e-11      	8          	-0.000163437	-0.000250296	0.999993   	0.901101   	2.16472e-05	0.000271927	0.999994   	0.90126    	0.000118886	-0.000102327	0.999993   	0.901065   	4.05175e-06	5.7203e-05 	0.999994   	0.901197   	2.68071e-05	-4.23634e-05	0.999993   	0.901146   	-2.6739e-05	-3.17378e-05	0.999981   	0.90103    	-3.15981e-05	-0.000126783	0.999994   	0.901197   	-6.78584e-05	6.34066e-05	0.999989   	0.90106    	5.81406e-05	8.43955e-06	0.999994   	0.901117   	-0.000140251	0.000133483	0.999994   	0.90108    	7.24828e-05	-3.4597e-05	0.999992   	0.901057   	4.23928e-05	-0.000149546	0.999994   	0.901197   	-5.62977e-05	6.47147e-05	0.999986   	0.901052   	0.000218533	9.16662e-05	0.999993   	0.901139   	-0.000167946	-0.000175887	0.999994   	0.901192   	0.322051   	0.345935   	14.3179    	14.3011    	0.323199   	0.332553   	8.14124    	8.14019    	0.340767   	0.336467   	15.4101    	15.4013    	0.348557   	0.329354   	8.64932    	8.64646    	0.328776   	0.352807   	11.7421    	11.7291    	0.34015    	0.343333   	17.679     	17.6186    	0.320784   	0.362413   	9.20759    	9.20486    	0.333363   	0.342634   	16.6429    	16.6024    	0.32535    	0.347518   	12.3926    	12.3846    	0.319077   	0.348086   	13.3007    	13.2997    	0.341783   	0.387043   	17.0312    	17.0238    	0.335819   	0.344761   	7.74183    	7.73902    	0.31187    	0.373167   	17.8061    	17.7758    	0.327576   	0.359099   	10.6782    	10.6645    	0.318276   	0.338378   	9.47872    	9.47605    	1412.84	529.97	1585.97	596.587	1025.89	1940	660.983	1769.53	1116.24	1260.42	1836.34	482.697	1955.86	872.577	705.495	-4.52437e-06	-1.33783e-05	1          	0.901121   	0.105892   	0.108509   	186.073    	186.071    	16767	
3e-11      	7.8        	4.3994e-05 	8.94864e-05	0.999993   	0.895991   	4.21691e-05	-8.37874e-05	0.999993   	0.895964   	-4.68395e-05	6.57146e-05	0.999994   	0.895928   	4.49174e-05	-7.61334e-06	0.999994   	0.895938   	-5.40535e-05	-7.4464e-05	0.999993   	0.895927   	-3.46575e-05	8.43032e-05	0.999994   	0.89595    	-7.73537e-05	-8.62029e-05	0.999994   	0.895959   	0.00019556 	-5.2895e-05	0.999994   	0.895967   	-0.000105529	0.00012916 	0.999994   	0.895946   	-3.47241e-05	2.05386e-06	0.999993   	0.895939   	0.000105825	8.76511e-05	0.999994   	0.89601    	-0.000104324	-7.129e-05 	0.999994   	0.895968   	0.000138502	0.00010405 	0.999993   	0.895987   	-0.000145471	-0.000209926	0.999993   	0.895931   	4.232e-05  	8.2706e-05 	0.999994   	0.895944   	0.366885   	0.368594   	0.0310284  	0.0310067  	0.363805   	0.368519   	0.0319013  	0.0318917  	0.379534   	0.342929   	0.0328564  	0.0328437  	0.343543   	0.359474   	0.031808   	0.0318068  	0.371727   	0.3754     	0.0309529  	0.030971   	0.36146    	0.359761   	0.032341   	0.0323685  	0.362375   	0.365379   	0.0339601  	0.0339669  	0.360581   	0.3615     	0.0320207  	0.0320132  	0.357746   	0.354269   	0.032621   	0.0326012  	0.3889     	0.343246   	0.0316467  	0.031658   	0.35068    	0.360022   	0.0289133  	0.0289201  	0.356371   	0.35582    	0.030497   	0.0304774  	0.375713   	0.355063   	0.0303447  	0.0303553  	0.377598   	0.358617   	0.0318031  	0.0318103  	0.370489   	0.356239   	0.032151   	0.0321553  	4.44986	4.50796	4.66374	4.62058	4.55369	4.64052	4.81155	4.47294	4.61204	4.49388	4.11765	4.27179	4.26645	4.5328	4.559	6.83637e-07	3.93002e-06	1          	0.895951   	0.113247   	0.114997   	0.0362277  	0.0362275  	1.53088	
4e-11      	7.6        	0.000108183	-6.44465e-05	0.999993   	0.889739   	-6.14966e-05	-3.17155e-05	0.999993   	0.889739   	1.35487e-05	0.000124477	0.999993   	0.889707   	6.51183e-05	9.51243e-05	0.999993   	0.889749   	0.000137843	-2.05178e-05	0.999993   	0.88972    	-0.000182482	-8.35414e-05	0.999993   	0.889713   	-1.92996e-06	-3.33417e-05	0.999993   	0.88976    	-0.000266328	0.000105036	0.999993   	0.88976    	0.000231256	7.51861e-06	0.999993   	0.889699   	0.000171848	0.000153052	0.999993   	0.889755   	-0.000233495	-0.000167571	0.999993   	0.889743   	2.72486e-05	3.00422e-05	0.999993   	0.889753   	9.8767e-05 	0.000119565	0.999993   	0.889728   	-3.31891e-05	5.43965e-05	0.999993   	0.889739   	-5.84654e-05	-0.000119583	0.999993   	0.889759   	0.383238   	0.392861   	0.0334436  	0.033445   	0.393331   	0.382399   	0.0360566  	0.0360501  	0.413948   	0.384069   	0.0340852  	0.0340714  	0.380158   	0.365957   	0.0357099  	0.0356903  	0.362368   	0.369717   	0.0346909  	0.0346933  	0.3658     	0.419413   	0.0361121  	0.0360964  	0.369673   	0.400437   	0.0370955  	0.0370793  	0.35884    	0.396676   	0.036352   	0.0363386  	0.375853   	0.396941   	0.0359105  	0.035875   	0.365816   	0.389649   	0.0347622  	0.0347558  	0.400741   	0.389317   	0.0349174  	0.0349154  	0.401232   	0.396735   	0.0368489  	0.0368283  	0.397625   	0.397619   	0.0349109  	0.0349075  	0.409032   	0.376957   	0.0368054  	0.0368138  	0.395276   	0.365977   	0.0354191  	0.0354435  	4.45254	4.84016	4.51347	4.76438	4.63399	4.77422	4.99374	4.86707	4.8389	4.6254	4.72783	4.95422	4.77935	4.83495	4.74848	1.09282e-06	1.12439e-05	1          	0.889732   	0.118477   	0.110366   	0.0401988  	0.040198   	1.51157	
5e-11      	7.4        	7.00803e-05	-7.21006e-06	0.999992   	0.882834   	-0.000133912	-0.000103961	0.999992   	0.882811   	2.8553e-05 	0.0001069  	0.999993   	0.882821   	9.63598e-05	0.000155843	0.999992   	0.882806   	6.91484e-05	1.08267e-05	0.999992   	0.882856   	-9.58e-05  	-0.000168755	0.999992   	0.882868   	-5.29844e-06	-3.68844e-05	0.999992   	0.882833   	-0.000133384	4.35973e-05	0.999992   	0.882826   	0.000104786	2.32279e-05	0.999992   	0.882796   	3.20897e-05	-4.99434e-05	0.999992   	0.882845   	-5.21411e-05	-2.12034e-05	0.999992   	0.882786   	-2.48222e-05	5.96095e-06	0.999992   	0.882855   	7.35815e-05	0.000126255	0.999993   	0.882878   	0.000172405	5.97606e-05	0.999992   	0.88282    	-0.000221293	-0.000152858	0.999992   	0.882789   	0.431451   	0.407      	0.0389652  	0.0389713  	0.423535   	0.402817   	0.0393296  	0.0393046  	0.405537   	0.392024   	0.0392618  	0.0392675  	0.424687   	0.404612   	0.0375613  	0.0375552  	0.432403   	0.418549   	0.0380532  	0.0380677  	0.456786   	0.403359   	0.0390826  	0.0390873  	0.429102   	0.405081   	0.040501   	0.0404964  	0.403742   	0.414805   	0.0396692  	0.0396729  	0.434142   	0.396572   	0.0406203  	0.0406135  	0.410039   	0.423878   	0.0396112  	0.0395993  	0.404643   	0.441374   	0.0407003  	0.0406877  	0.439661   	0.424985   	0.0376822  	0.0376634  	0.40949    	0.405346   	0.0389814  	0.038962   	0.455835   	0.419254   	0.0397636  	0.0397585  	0.412515   	0.426882   	0.0395306  	0.0395276  	4.87698	4.97881	4.86453	4.79987	4.75506	4.91853	5.05592	4.88558	4.99138	4.93106	5.13027	4.80098	4.84285	4.92681	4.9296	-1.32837e-06	-5.50997e-07	1          	0.882822   	0.115949   	0.111135   	0.0459001  	0.0458999  	1.54272	
6e-11      	7.2        	-0.000314106	-2.94082e-05	0.999992   	0.875158   	0.000340156	0.000133589	0.999992   	0.875159   	-1.44726e-05	-0.000147643	0.999991   	0.875168   	-0.000181648	0.000102772	0.999992   	0.875182   	0.000134025	-2.81237e-05	0.999991   	0.87517    	9.17611e-05	-0.000118156	0.999991   	0.875192   	-0.000190549	-4.54321e-05	0.999992   	0.875191   	0.00014584 	-0.000109642	0.999991   	0.875157   	-2.42915e-05	0.000181264	0.999992   	0.87515    	1.00559e-05	6.66732e-05	0.999992   	0.875192   	-0.000113634	-3.76224e-06	0.999992   	0.875174   	6.41839e-05	-1.48747e-05	0.999992   	0.875192   	-0.000101046	7.1806e-06 	0.999992   	0.875142   	-5.68129e-05	0.000136143	0.999991   	0.875213   	0.000264416	-0.000128405	0.999991   	0.875166   	0.438326   	0.462127   	0.0442272  	0.044201   	0.417866   	0.469962   	0.044413   	0.0444379  	0.468764   	0.459351   	0.043791   	0.0437951  	0.45918    	0.438929   	0.0436487  	0.0436478  	0.478136   	0.474602   	0.0427106  	0.0426949  	0.457486   	0.482015   	0.0447749  	0.0447742  	0.413567   	0.489082   	0.0463856  	0.0463891  	0.44676    	0.478457   	0.0441426  	0.0441329  	0.433083   	0.443056   	0.0448905  	0.0448979  	0.417561   	0.463667   	0.044543   	0.0445128  	0.441961   	0.45977    	0.044527   	0.0445367  	0.434876   	0.465453   	0.0449828  	0.0449575  	0.463438   	0.42678    	0.0459664  	0.0459494  	0.44574    	0.476152   	0.0450317  	0.0450297  	0.455971   	0.472405   	0.043397   	0.0433829  	5.18825	5.14383	5.0344	5.03451	4.92756	5.29031	5.46493	5.27313	5.24865	5.0586	5.27732	5.01412	5.34242	5.13646	5.17839	3.58612e-06	1.35864e-07	1          	0.875167   	0.117576   	0.120398   	0.0507085  	0.0507086  	1.49352	
7e-11      	7          	-0.000100581	-0.000131788	0.999991   	0.866647   	0.000103113	0.000227668	0.999991   	0.866591   	6.01091e-05	-5.54016e-05	0.99999    	0.866641   	5.18829e-05	0.000144162	0.999991   	0.866648   	-3.20376e-06	-0.000152137	0.999991   	0.866628   	-6.68529e-05	4.18385e-05	0.99999    	0.86665    	0.00019108 	9.50586e-05	0.99999    	0.866625   	-7.15747e-05	-1.39299e-05	0.999991   	0.866613   	-9.06531e-05	1.30776e-05	0.999991   	0.866605   	-0.000112466	3.90143e-05	0.999991   	0.866632   	-0.000115594	3.93841e-07	0.99999    	0.866622   	0.000233061	-8.30975e-05	0.99999    	0.866631   	-0.000114481	-7.63877e-05	0.99999    	0.866682   	-0.000204934	0.000208722	0.99999    	0.866665   	0.000201518	-9.05696e-05	0.99999    	0.866636   	0.452542   	0.49991    	0.0539838  	0.0539637  	0.464515   	0.491613   	0.0509123  	0.0508769  	0.479682   	0.52432    	0.0529186  	0.052877   	0.504135   	0.487154   	0.0477803  	0.0478006  	0.501065   	0.49253    	0.0532728  	0.0532358  	0.499803   	0.527014   	0.0531815  	0.0531878  	0.500201   	0.524441   	0.0497122  	0.0497464  	0.4797     	0.444759   	0.0503945  	0.050375   	0.515408   	0.480076   	0.0522077  	0.0521903  	0.466951   	0.509844   	0.0514666  	0.0514415  	0.478269   	0.524992   	0.0524975  	0.0524924  	0.520687   	0.481588   	0.0496264  	0.0496207  	0.503622   	0.498868   	0.0519167  	0.0519283  	0.508077   	0.506062   	0.0523221  	0.0523321  	0.547955   	0.508103   	0.0522786  	0.0522756  	5.69196	5.68664	5.76834	5.28531	5.77536	5.85978	5.48069	5.49709	5.70632	5.72924	5.61789	5.40832	5.74945	5.79417	5.60962	-2.65514e-06	1.1077e-05 	1          	0.866626   	0.125217   	0.125312   	0.0557935  	0.0557936  	1.4196	
8e-11      	6.8        	-0.00021765	-0.000104914	0.999989   	0.857124   	0.000229994	0.000112378	0.999989   	0.857132   	0.000131127	1.50825e-05	0.999989   	0.857112   	0.000228171	1.72621e-05	0.99999    	0.857094   	-1.49006e-05	5.92999e-05	0.99999    	0.857144   	-0.000115386	-9.19214e-05	0.99999    	0.857149   	0.00023083 	-0.000370621	0.999989   	0.857147   	-0.000246417	0.000316242	0.999989   	0.857146   	-5.36713e-05	-7.83024e-06	0.999989   	0.857154   	2.12888e-05	-1.47885e-05	0.99999    	0.857125   	3.56867e-05	0.000198309	0.99999    	0.857172   	-0.000127502	-0.000237332	0.999989   	0.857113   	-6.22755e-05	2.09771e-05	0.99999    	0.857177   	0.000172052	-0.000252217	0.999989   	0.857059   	-9.87736e-05	0.000276034	0.99999    	0.857132   	0.523924   	0.560235   	0.0619893  	0.0620241  	0.569383   	0.550512   	0.0596786  	0.0596675  	0.569174   	0.52658    	0.0602284  	0.0602158  	0.521681   	0.522922   	0.0589813  	0.0589827  	0.517553   	0.523544   	0.0551211  	0.0551483  	0.532461   	0.538694   	0.061022   	0.06104    	0.571033   	0.518755   	0.0590184  	0.0589939  	0.563245   	0.551791   	0.059778   	0.0598114  	0.554918   	0.548105   	0.0581368  	0.0581056  	0.543448   	0.530741   	0.0610229  	0.0609814  	0.562754   	0.515712   	0.0532931  	0.0532657  	0.542502   	0.553553   	0.0573283  	0.0573199  	0.521915   	0.55511    	0.0587043  	0.0586646  	0.529852   	0.557188   	0.0585126  	0.0585354  	0.529015   	0.536381   	0.0597929  	0.0598108  	6.31495	6.02811	6.19933	6.0368	5.6443	5.98436	6.11177	6.00901	6.07215	6.17852	5.55485	5.831	5.98116	5.98515	6.14095	7.52246e-06	-4.25371e-06	1          	0.857123   	0.125118   	0.11834    	0.0666322  	0.0666308  	1.47206	
9e-11      	6.6        	-0.000196648	0.00027509 	0.999987   	0.846501   	0.000328411	-0.000286714	0.999988   	0.846556   	-4.62388e-05	2.37888e-05	0.999987   	0.846544   	-1.42879e-06	0.000136583	0.999987   	0.846543   	4.32231e-05	-0.000136845	0.999988   	0.846574   	-9.47847e-06	2.1058e-05 	0.999988   	0.846514   	5.04361e-05	-6.17065e-05	0.999987   	0.84654    	-0.000202886	3.49778e-05	0.999987   	0.84653    	0.000210862	7.09206e-05	0.999988   	0.846523   	-0.000105613	-0.000333723	0.999988   	0.846505   	0.000351112	3.37426e-05	0.999988   	0.846557   	-0.000214811	0.000380825	0.999988   	0.846537   	0.000145254	-0.000227845	0.999988   	0.846532   	-0.000144013	-9.34449e-05	0.999988   	0.846537   	2.60862e-05	0.000315443	0.999988   	0.84653    	0.620712   	0.632914   	0.0684364  	0.0684616  	0.625398   	0.60963    	0.0679889  	0.0679623  	0.664701   	0.608241   	0.0679933  	0.0680006  	0.676986   	0.598429   	0.070359   	0.0703104  	0.612548   	0.624432   	0.0692448  	0.0692362  	0.614103   	0.607547   	0.0670621  	0.0671085  	0.638986   	0.628277   	0.0675805  	0.0676182  	0.645813   	0.620551   	0.06768    	0.0676878  	0.636549   	0.599302   	0.0685887  	0.068544   	0.598506   	0.631749   	0.0688593  	0.0688379  	0.600401   	0.647615   	0.0697136  	0.0697324  	0.61363    	0.607639   	0.0673083  	0.067323   	0.611616   	0.635837   	0.0717297  	0.0716841  	0.631579   	0.602552   	0.0666889  	0.0667085  	0.599108   	0.576309   	0.068833   	0.0687993  	6.58078	6.6891	6.34699	6.60924	6.68774	6.46359	6.38195	6.47319	6.54208	6.73809	6.62639	6.50006	6.85047	6.32166	6.43221	1.56341e-05	1.01433e-05	1          	0.846524   	0.124375   	0.122976   	0.0733385  	0.0733406  	1.38892	
1e-10      	6.4        	-0.00014722	-0.000219185	0.999986   	0.834727   	6.83511e-05	0.000162748	0.999986   	0.834682   	7.88522e-05	0.000116319	0.999986   	0.834638   	-0.000186736	7.35273e-05	0.999985   	0.834696   	7.84085e-05	9.63331e-05	0.999986   	0.834722   	0.000111649	-0.000150555	0.999985   	0.834672   	0.000173479	0.00010606 	0.999986   	0.834725   	3.56496e-05	3.66724e-05	0.999986   	0.834732   	-0.000153899	-0.000166801	0.999986   	0.834718   	-1.66421e-05	-0.000170088	0.999986   	0.834724   	-5.54436e-06	0.0005046  	0.999986   	0.834659   	1.45352e-05	-0.000329406	0.999986   	0.834752   	-8.62984e-05	0.000220981	0.999986   	0.834674   	6.42732e-06	2.92883e-05	0.999985   	0.834749   	0.00011264 	-0.000283054	0.999986   	0.834699   	0.657648   	0.699469   	0.0768312  	0.0767848  	0.683718   	0.672467   	0.0785651  	0.0785046  	0.679651   	0.712835   	0.0804115  	0.0803982  	0.784376   	0.6603     	0.0767877  	0.0767515  	0.682384   	0.718093   	0.0750249  	0.0750547  	0.773085   	0.682816   	0.074531   	0.0745089  	0.699312   	0.643102   	0.0783525  	0.078301   	0.66853    	0.656369   	0.0756338  	0.075597   	0.665047   	0.665385   	0.0808435  	0.0808299  	0.630128   	0.728561   	0.0797439  	0.0797334  	0.658385   	0.717152   	0.0799947  	0.0799867  	0.660078   	0.711698   	0.0740703  	0.0740332  	0.674289   	0.684053   	0.0781938  	0.0782375  	0.727319   	0.709844   	0.0758762  	0.0758342  	0.672768   	0.644189   	0.0732739  	0.0732284  	6.92515	7.03111	7.00603	6.70188	6.59592	6.49832	7.11195	6.7551	6.90339	7.10511	6.96496	6.73839	6.81704	6.6372	6.40671	5.57816e-06	1.79922e-06	1          	0.834693   	0.13061    	0.124184   	0.0849932  	0.0849923  	1.34623	
1.1e-10    	6.2        	-0.000251097	0.000386012	0.999984   	0.821565   	-0.000265025	4.94754e-05	0.999983   	0.821596   	0.000508323	-0.000387256	0.999983   	0.821522   	0.000221517	0.000208569	0.999983   	0.821546   	-0.00016575	-2.14266e-05	0.999983   	0.821576   	-0.000112245	-0.000230896	0.999983   	0.821514   	-0.000157009	8.55254e-05	0.999985   	0.821566   	-0.000191012	0.000126954	0.999984   	0.821517   	0.000223552	-0.00020493	0.999984   	0.821544   	-0.000196154	-0.000339235	0.999984   	0.821537   	0.000310144	0.000193958	0.999984   	0.821522   	-0.000112453	0.000231897	0.999983   	0.821546   	0.000475921	-1.86908e-05	0.999984   	0.821448   	-3.14355e-05	-2.84067e-05	0.999984   	0.821583   	-0.000464839	5.71269e-05	0.999984   	0.821536   	0.74294    	0.737713   	0.09115    	0.0911431  	0.798988   	0.778089   	0.085723   	0.0857119  	0.801175   	0.790878   	0.0972641  	0.0973264  	0.783855   	0.773928   	0.0886157  	0.0886721  	0.78911    	0.819397   	0.0897949  	0.0898167  	0.781265   	0.813877   	0.0842173  	0.0842236  	0.736288   	0.718337   	0.0926511  	0.092646   	0.779752   	0.690493   	0.0880167  	0.0880472  	0.765608   	0.739567   	0.0884653  	0.0884372  	0.744372   	0.778538   	0.0887892  	0.0888186  	0.74279    	0.803331   	0.0859054  	0.0858551  	0.742124   	0.827158   	0.0934776  	0.0935147  	0.748841   	0.739596   	0.0944547  	0.0944422  	0.729677   	0.80247    	0.0894625  	0.0894647  	0.769286   	0.757734   	0.0939422  	0.0938814  	7.48287	7.2395	7.92716	7.28992	7.05074	6.93897	7.59191	7.04401	7.36218	7.3091	7.26022	7.64792	7.64295	7.42389	7.703	-1.37925e-05	7.23907e-06	1          	0.821528   	0.127132   	0.129764   	0.0970845  	0.0970842  	1.30034	
1.2e-10    	6          	0.000103661	0.000174276	0.999982   	0.806954   	-0.000154219	0.00026526 	0.999981   	0.8069     	4.61042e-05	-0.000435668	0.999981   	0.806963   	6.39877e-05	9.18568e-05	0.999981   	0.806927   	-0.000112435	-0.000175597	0.999981   	0.806936   	9.6157e-05 	0.000120495	0.999981   	0.806885   	-8.9535e-05	0.000251973	0.999981   	0.806932   	4.79468e-05	3.20542e-05	0.999982   	0.806945   	5.35224e-05	-0.000209348	0.999982   	0.806923   	-0.000311165	-0.00019743	0.999981   	0.806958   	-0.000103093	6.96167e-05	0.999981   	0.806836   	0.000423294	0.000231593	0.999982   	0.806965   	0.00030217 	-0.000213286	0.999981   	0.806933   	-0.000413579	-6.53076e-05	0.999981   	0.806895   	8.5424e-05 	0.000200756	0.999981   	0.806932   	0.847285   	0.815983   	0.103273   	0.103362   	0.753648   	0.962939   	0.108575   	0.108498   	0.824502   	0.867261   	0.101763   	0.101687   	0.895467   	0.84222    	0.105944   	0.105851   	0.870685   	0.8635     	0.107331   	0.107219   	0.847861   	0.880449   	0.104314   	0.104418   	0.81496    	0.874566   	0.104436   	0.104517   	0.828164   	0.825682   	0.10507    	0.104943   	0.799986   	0.885637   	0.113072   	0.11298    	0.888204   	0.866123   	0.110883   	0.110821   	0.835359   	0.921176   	0.10355    	0.10354    	0.813135   	0.825013   	0.110115   	0.11013    	0.886579   	0.796069   	0.0993747  	0.0992664  	0.873209   	0.845696   	0.105773   	0.105724   	0.915859   	0.84569    	0.106841   	0.106797   	7.94328	8.21403	8.0172	8.23216	8.14694	8.1179	8.09296	8.15701	8.39159	8.31009	7.788	8.3157	7.6659	7.99654	7.99146	2.56881e-06	9.34113e-06	1          	0.806911   	0.132034   	0.129128   	0.109291   	0.109291   	1.27064	
1.3e-10    	5.8        	0.000199422	0.000144232	0.999977   	0.790696   	1.03978e-05	0.000191193	0.999978   	0.79084    	-0.000185004	-0.000291157	0.999977   	0.790773   	-0.000196385	0.000257099	0.999977   	0.790721   	0.000545417	-0.000222759	0.999978   	0.790807   	-0.000474077	-3.43455e-06	0.999978   	0.790801   	0.000371211	0.000106484	0.999979   	0.79081    	-0.000180445	0.000166546	0.999978   	0.790782   	-0.000175131	-0.000306676	0.999979   	0.790748   	-0.0001766 	0.000294625	0.999978   	0.79076    	8.37204e-05	-3.20734e-05	0.999979   	0.790802   	0.000147923	-0.000202417	0.999979   	0.790766   	-0.000272981	4.04781e-05	0.999979   	0.790812   	-3.39091e-05	0.000194066	0.999979   	0.790716   	0.000191532	-0.00017039	0.999977   	0.790739   	0.96877    	1.00638    	0.119381   	0.119376   	0.928519   	0.966728   	0.126835   	0.126768   	0.981055   	0.988038   	0.124248   	0.124321   	0.993809   	1.01291    	0.126656   	0.126654   	0.980988   	0.966056   	0.127664   	0.127589   	0.939007   	0.979275   	0.125026   	0.124869   	0.906876   	0.903791   	0.119169   	0.119      	0.941314   	0.963925   	0.123014   	0.122983   	0.852375   	0.952215   	0.127598   	0.127442   	0.956206   	0.993565   	0.12693    	0.126909   	0.930567   	0.951587   	0.12929    	0.129253   	0.919225   	0.934458   	0.129832   	0.129711   	0.926533   	0.947089   	0.117364   	0.11738    	0.896974   	0.920667   	0.124364   	0.124373   	1.12269    	0.930935   	0.119847   	0.119877   	8.65362	8.72368	8.9444	9.16828	9.16921	8.95848	8.58996	8.60334	8.74101	9.10088	9.15477	9.12026	8.40578	8.70892	8.53199	-9.66278e-06	1.10227e-05	1          	0.790755   	0.13348    	0.132525   	0.119281   	0.119279   	1.21532	
1.4e-10    	5.6        	-3.1625e-06	-0.000457642	0.999972   	0.772996   	-0.000191226	-9.90361e-05	0.999973   	0.773026   	9.30604e-05	0.000503824	0.999975   	0.772995   	-3.84937e-05	-0.000403136	0.999974   	0.772936   	-0.000568731	-4.9672e-05	0.999974   	0.772946   	0.000620321	0.000271159	0.999974   	0.772964   	-0.000102454	-7.60647e-05	0.999973   	0.77297    	0.000153934	0.000154551	0.999975   	0.773005   	4.73502e-05	-9.27766e-05	0.999974   	0.772954   	-0.000474241	-0.00026844	0.999975   	0.772962   	8.8474e-05 	-0.000138911	0.999973   	0.77303    	0.000300473	0.000506652	0.999973   	0.772973   	0.000387864	-0.000521077	0.999973   	0.772888   	-0.000370014	0.000244423	0.999972   	0.773085   	-0.000109781	0.000407913	0.999973   	0.772994   	1.17716    	1.12322    	0.146201   	0.146059   	1.12734    	1.16629    	0.146623   	0.146565   	1.04402    	1.01507    	0.157739   	0.15762    	1.09403    	1.11485    	0.149637   	0.149662   	1.15093    	0.985072   	0.146937   	0.147014   	1.06       	1.09377    	0.14133    	0.141421   	1.14764    	1.09872    	0.15817    	0.15823    	1.17691    	0.919806   	0.148835   	0.148889   	1.22903    	0.952859   	0.151277   	0.151185   	1.04262    	1.02196    	0.156324   	0.156253   	1.14803    	1.07493    	0.146232   	0.146249   	1.17513    	1.04521    	0.15205    	0.152115   	1.13136    	1.14592    	0.152279   	0.152276   	1.20908    	1.12941    	0.141265   	0.141231   	1.19957    	1.05039    	0.154385   	0.154379   	9.79906	9.75631	10.0428	9.79457	9.71101	9.46982	10.4094	9.91942	9.94393	10.0471	9.71349	10.0769	9.74764	9.55551	10.1197	-1.12141e-05	-1.05247e-06	1          	0.772961   	0.135493   	0.134967   	0.135547   	0.135545   	1.15241	
1.5e-10    	5.4        	0.000604346	0.000226354	0.999965   	0.753506   	-7.16287e-05	0.000372954	0.999968   	0.753518   	-0.000417733	-0.000563618	0.999968   	0.753536   	4.62174e-05	0.000367969	0.999967   	0.753615   	-0.000283493	0.00081357 	0.999968   	0.753546   	0.000234582	-0.00123225	0.999968   	0.753465   	-2.78356e-05	-5.55682e-05	0.999967   	0.753516   	0.000198768	-8.5702e-05	0.999969   	0.753589   	-0.000107304	3.50698e-05	0.999969   	0.753484   	-8.59475e-05	0.000526637	0.999971   	0.753519   	0.000430223	2.42545e-05	0.999966   	0.753574   	-0.000323936	-0.00062258	0.999967   	0.75352    	-4.42649e-05	-8.2321e-05	0.999965   	0.753501   	0.000537547	0.000199156	0.999966   	0.753526   	-0.000458554	-4.36679e-05	0.999965   	0.753599   	1.3394     	1.41       	0.182059   	0.181824   	1.28378    	1.2861     	0.168608   	0.168583   	1.2091     	1.28509    	0.180111   	0.180041   	1.27596    	1.3144     	0.180077   	0.180242   	1.22583    	1.25516    	0.175636   	0.175559   	1.21541    	1.3055     	0.181769   	0.181668   	1.32912    	1.27024    	0.173776   	0.17391    	1.22088    	1.23763    	0.180917   	0.180939   	1.23244    	1.24691    	0.169592   	0.169594   	1.20669    	1.11675    	0.172359   	0.172289   	1.32716    	1.3975     	0.179875   	0.179902   	1.3139     	1.31418    	0.182874   	0.182927   	1.31783    	1.47106    	0.179192   	0.179315   	1.29246    	1.43321    	0.180904   	0.180819   	1.34161    	1.41377    	0.172061   	0.172086   	10.906	10.4738	11.0767	10.8775	10.8697	11.173	10.6118	10.8168	10.506	10.3528	11.0691	11.4429	11.1592	11.4187	10.5292	1.54606e-05	-7.81262e-06	1          	0.75351    	0.138678   	0.135838   	0.149906   	0.149909   	1.14569	
1.6e-10    	5.2        	-0.000226071	-0.000153119	0.999962   	0.732422   	0.000262508	0.000638565	0.99996    	0.732459   	7.66675e-07	-0.000556534	0.999962   	0.732374   	-0.000400933	0.00042872 	0.999961   	0.732536   	-0.000108597	-0.000397081	0.999962   	0.732427   	0.000546374	-0.000106381	0.999962   	0.732343   	-0.000373839	-0.000188567	0.999958   	0.732457   	0.00034034 	-7.80411e-06	0.999963   	0.7324     	8.72377e-05	0.000164217	0.999958   	0.732349   	-0.000878309	-0.000546196	0.999962   	0.732387   	0.000770523	0.000765226	0.999963   	0.732404   	0.000153763	-4.71935e-05	0.999962   	0.732417   	0.000149509	9.90185e-05	0.999964   	0.73233    	0.000457549	-0.000193006	0.999962   	0.732414   	-0.000653356	0.000121539	0.999962   	0.7325     	1.32533    	1.53207    	0.216727   	0.216258   	1.53622    	1.45919    	0.204034   	0.204068   	1.48054    	1.38937    	0.211603   	0.211526   	1.35661    	1.55429    	0.200683   	0.20072    	1.37528    	1.50178    	0.203284   	0.203315   	1.32205    	1.49335    	0.201771   	0.201818   	1.49064    	1.64507    	0.204005   	0.204077   	1.28781    	1.50417    	0.209263   	0.209471   	1.48357    	1.65369    	0.201585   	0.201836   	1.35311    	1.49763    	0.213721   	0.213699   	1.46128    	1.28749    	0.20559    	0.20572    	1.41956    	1.46137    	0.197245   	0.197133   	1.43487    	1.28943    	0.203218   	0.203228   	1.39823    	1.43991    	0.204135   	0.204203   	1.33752    	1.51639    	0.204365   	0.204378   	11.9782	11.8801	12.03	11.5168	11.2641	11.4518	11.5735	12.1481	11.4825	11.849	11.8776	11.6376	11.4083	11.2698	11.7729	8.42279e-06	9.14616e-07	1          	0.732387   	0.1342     	0.132859   	0.158898   	0.1589     	1.08963	
1.7e-10    	5          	-0.000484861	0.000329033	0.999954   	0.70977    	-0.000119154	0.000215047	0.999948   	0.709647   	0.000563122	-0.00051917	0.99995    	0.709575   	-0.0012724 	-9.96074e-05	0.999951   	0.709679   	0.00170645 	0.000279841	0.999946   	0.709719   	-0.000399056	-0.000104702	0.999956   	0.709747   	-0.000197405	0.000216227	0.99995    	0.709676   	0.000122844	1.25786e-05	0.999951   	0.70972    	-1.25239e-05	-0.000154317	0.999952   	0.709688   	-0.000543024	-0.0006067 	0.999948   	0.709614   	-0.000161489	0.000331255	0.999954   	0.709767   	0.000798133	0.000336263	0.999952   	0.709773   	-0.000151465	0.000115831	0.999954   	0.709677   	0.000114655	0.00012989 	0.999954   	0.709619   	-3.58934e-05	-0.000225077	0.999956   	0.709733   	1.57354    	1.6798     	0.236168   	0.236211   	1.75628    	1.89081    	0.252036   	0.252523   	1.69138    	1.83055    	0.251546   	0.251571   	1.76712    	1.6673     	0.268474   	0.269003   	1.87945    	1.81341    	0.265881   	0.265689   	1.546      	1.5836     	0.250735   	0.250854   	1.80056    	1.75137    	0.249508   	0.249338   	1.62752    	1.81761    	0.261587   	0.261752   	1.70726    	1.71013    	0.25371    	0.253424   	1.9001     	1.71264    	0.250395   	0.250289   	1.66619    	1.5902     	0.255575   	0.255365   	1.64725    	1.70035    	0.260889   	0.261337   	1.66869    	1.58857    	0.243405   	0.243211   	1.60282    	1.66075    	0.25407    	0.254209   	1.45894    	1.64429    	0.25268    	0.252753   	12.3412	13.4114	12.5589	14.0949	14.4264	12.9993	13.0308	13.5966	13.444	13.7645	13.1264	13.5688	13.0417	13.2271	13.4526	-4.90585e-06	1.70022e-05	1          	0.709659   	0.143931   	0.139261   	0.179885   	0.179886   	1.06326	
1.8e-10    	4.8        	0.000840425	-0.00069259	0.99994    	0.685433   	-9.95272e-05	0.000287009	0.999937   	0.685639   	-0.000815338	0.000346285	0.999938   	0.685318   	-0.000167177	-7.17106e-05	0.999934   	0.685465   	-0.000313019	0.000806366	0.999936   	0.685339   	0.00054667 	-0.00079356	0.999941   	0.685478   	0.000216772	0.000575556	0.999943   	0.685574   	-0.000704843	0.000414089	0.999939   	0.685268   	0.000503034	-0.0010654 	0.999945   	0.685464   	0.000467848	0.00097599 	0.999942   	0.685413   	-0.00101808	-0.00104761	0.999939   	0.685383   	0.000535509	0.000109763	0.999937   	0.685472   	-0.000199597	0.000124007	0.999937   	0.685412   	0.000397914	-0.000287367	0.99994    	0.685448   	-0.000111726	0.000199356	0.999945   	0.685432   	1.92881    	1.95944    	0.303831   	0.303371   	2.07055    	2.108      	0.310727   	0.3104     	1.94317    	2.08187    	0.306505   	0.307073   	2.27658    	2.07501    	0.292931   	0.293108   	2.16702    	2.05419    	0.297232   	0.297579   	1.8678     	1.9643     	0.318164   	0.318374   	1.77651    	1.97032    	0.291029   	0.290775   	1.96183    	2.06094    	0.300034   	0.300548   	1.92413    	1.64259    	0.272995   	0.273296   	1.95628    	1.83425    	0.290821   	0.291057   	2.00002    	1.91787    	0.286353   	0.286333   	2.25968    	1.88956    	0.285092   	0.285681   	2.18624    	1.9674     	0.306452   	0.306521   	2.01001    	1.9319     	0.297364   	0.297484   	1.762      	1.82665    	0.304594   	0.303944   	14.7609	15.3038	15.0667	14.3703	14.5862	15.6877	14.1315	14.3223	13.035	13.9376	14.0797	13.7578	14.6213	14.3712	14.9347	5.56543e-06	-7.99175e-06	1          	0.685395   	0.140096   	0.135589   	0.185706   	0.185704   	1.03386	
1.9e-10    	4.6        	0.000653565	-0.00109604	0.999931   	0.65984    	2.661e-05  	-0.000974989	0.999931   	0.659788   	-0.000717587	0.00210606 	0.99993    	0.659792   	-0.000206821	-0.000882993	0.999925   	0.659828   	0.000405175	-0.000677333	0.999925   	0.659836   	-0.000273399	0.0015019  	0.999927   	0.659826   	0.00038117 	-0.00175962	0.999928   	0.659849   	0.000893306	0.00153599 	0.999926   	0.659895   	-0.00130763	0.000282822	0.999924   	0.659744   	0.000355742	-0.000826715	0.999931   	0.659882   	-0.000667621	0.000525636	0.999927   	0.659786   	0.000310828	0.000207937	0.999931   	0.659844   	0.001055   	-0.000291892	0.999924   	0.65991    	-0.000383872	1.41526e-05	0.999927   	0.659794   	-0.000599911	0.000246993	0.999924   	0.659793   	2.04697    	2.10014    	0.373696   	0.374399   	2.11779    	2.07987    	0.391445   	0.391334   	2.24724    	1.8587     	0.377136   	0.376265   	2.53516    	2.04337    	0.371795   	0.372256   	2.31348    	2.21634    	0.368617   	0.368248   	2.19922    	2.20146    	0.405278   	0.405995   	2.27054    	2.03684    	0.388238   	0.387418   	2.51309    	1.90832    	0.3922     	0.392139   	2.39994    	2.16228    	0.353979   	0.353713   	1.91153    	2.2862     	0.408519   	0.40827    	2.24374    	2.20966    	0.38855    	0.388987   	2.22993    	1.99011    	0.369451   	0.369337   	2.47309    	2.14537    	0.361494   	0.360916   	2.49384    	1.94886    	0.383413   	0.384081   	2.5333     	2.0681     	0.396735   	0.396968   	16.9207	17.3052	16.7559	16.6618	16.1006	18.2104	17.1315	17.3997	15.4028	18.5007	17.18	16.2498	16.2085	17.287	17.4628	-5.40712e-06	-5.67634e-06	1          	0.659779   	0.137014   	0.139964   	0.201196   	0.201198   	1.03285	
2e-10      	4.4        	-0.000103539	0.000730792	0.9999     	0.632988   	-0.000498294	0.000177622	0.999898   	0.633202   	0.000639446	-0.000849433	0.999898   	0.63297    	0.000463806	0.000688163	0.999909   	0.633151   	-0.00108822	0.00116963 	0.999912   	0.632834   	0.000732353	-0.00177448	0.999904   	0.633029   	-7.99316e-05	0.00172445 	0.999911   	0.633236   	0.000139788	-0.00127927	0.999909   	0.632927   	-9.52453e-05	-0.000381619	0.999918   	0.632884   	-0.000441726	0.000240001	0.999914   	0.633106   	-0.000169307	0.000203891	0.999908   	0.633099   	0.000666845	-0.000468917	0.999909   	0.632871   	-0.000374485	-0.000225912	0.999907   	0.633174   	-9.3919e-05	0.00085781 	0.999906   	0.632903   	0.000546382	-0.00062755	0.999903   	0.632958   	2.54024    	3.0806     	0.493088   	0.493285   	2.7527     	2.99812    	0.48396    	0.48327    	2.68369    	2.99628    	0.457701   	0.457865   	2.28314    	2.79264    	0.416203   	0.415078   	2.54359    	2.34127    	0.419934   	0.420804   	2.35152    	2.95138    	0.433508   	0.434727   	2.38471    	2.52334    	0.473218   	0.472379   	2.61117    	2.43111    	0.481645   	0.482113   	2.34648    	2.24955    	0.432275   	0.431995   	2.258      	2.55968    	0.472536   	0.473091   	2.58137    	2.56916    	0.497791   	0.496489   	2.705      	2.37946    	0.487647   	0.488793   	2.57227    	2.63526    	0.460068   	0.459424   	2.55383    	2.70952    	0.470203   	0.471286   	3.24431    	2.20791    	0.449639   	0.450566   	19.9122	19.7838	18.966	17.1454	17.1473	17.6289	18.9732	19.1635	17.5955	19.5733	20.4902	20.3219	18.423	18.7143	18.1211	1.717e-05  	1.31602e-05	1          	0.632963   	0.145525   	0.137986   	0.200358   	0.200359   	1.0605	
2.1e-10    	4.2        	-0.000840267	-0.000688324	0.999889   	0.605073   	0.00140066 	0.00180341 	0.999884   	0.605009   	-0.00037938	-0.00109044	0.999875   	0.60545    	0.000458541	-0.00109518	0.999884   	0.605218   	-0.000460334	0.00069804 	0.999901   	0.605199   	5.34307e-05	0.000335009	0.999882   	0.605125   	0.000396233	-0.000289915	0.999892   	0.605292   	-0.001307  	0.00181042 	0.999887   	0.605043   	0.000943617	-0.00168519	0.999878   	0.605138   	-0.000787042	0.000248952	0.999885   	0.604936   	0.0007287  	3.23866e-05	0.999883   	0.60528    	5.89266e-05	-0.000389475	0.999884   	0.605253   	0.00146257 	0.000286299	0.999899   	0.604888   	0.000239351	-0.00110125	0.999886   	0.605391   	-0.00162769	0.000925028	0.999889   	0.60518    	2.96219    	2.72392    	0.604053   	0.602659   	2.85407    	2.94825    	0.558297   	0.560152   	3.31243    	3.1025     	0.559431   	0.560864   	2.58965    	3.34851    	0.597685   	0.597723   	2.28523    	2.79098    	0.560588   	0.560491   	2.89518    	3.17825    	0.585296   	0.585739   	2.76593    	2.80018    	0.612065   	0.612116   	2.99039    	2.6716     	0.572837   	0.572717   	2.75982    	3.42116    	0.535854   	0.53644    	2.93483    	2.96953    	0.555124   	0.554545   	3.13247    	2.84982    	0.58051    	0.579159   	3.12246    	2.85052    	0.556062   	0.557165   	2.45592    	2.65859    	0.551344   	0.55074    	2.65831    	3.17067    	0.57163    	0.568576   	2.74216    	2.86842    	0.576598   	0.576801   	22.7298	20.6878	20.1129	21.7312	20.1784	22.2979	22.6522	21.5937	19.598	20.4793	21.3176	20.4736	20.7314	21.4275	21.1985	2.24631e-05	-1.22133e-05	1          	0.605097   	0.142054   	0.140909   	0.19744    	0.197442   	1.08219	
2.2e-10    	4          	0.00125055 	-0.00210702	0.999849   	0.576343   	-0.00138153	0.00161168 	0.999866   	0.576319   	8.6317e-05 	0.000377775	0.999856   	0.576846   	-0.00121463	-0.000251321	0.99986    	0.576406   	-0.00162882	0.000581045	0.999854   	0.576462   	0.0026603  	-0.000430553	0.99985    	0.576591   	-0.00163054	0.00178377 	0.999872   	0.576246   	-3.4269e-05	-0.00109461	0.999865   	0.57667    	0.00160506 	-0.000686899	0.999858   	0.576543   	-0.00134698	-0.000425401	0.999846   	0.576347   	0.00177934 	-0.00237757	0.999848   	0.576804   	-0.000331881	0.002844   	0.999857   	0.576393   	-1.51643e-06	-0.00269972	0.999835   	0.576814   	0.00113604 	0.00270631 	0.999846   	0.576249   	-0.00110038	-6.50694e-05	0.999853   	0.576549   	3.84121    	3.06381    	0.745412   	0.743324   	3.03977    	3.08662    	0.676607   	0.675341   	3.67922    	3.04767    	0.788457   	0.788989   	3.61582    	2.8453     	0.71399    	0.713085   	3.26221    	3.45626    	0.720409   	0.719181   	3.34757    	3.46103    	0.72147    	0.720527   	3.06634    	2.77901    	0.767054   	0.768655   	3.07202    	3.18093    	0.720851   	0.717256   	3.15244    	3.39534    	0.695461   	0.695759   	3.66849    	3.47097    	0.765655   	0.766423   	3.56556    	3.31522    	0.85741    	0.855347   	3.54781    	2.91578    	0.785174   	0.78258    	4.21837    	3.32807    	0.701482   	0.700212   	3.6936     	3.29041    	0.698502   	0.697431   	3.46312    	3.37525    	0.705027   	0.70532    	24.9712	22.9654	25.6005	23.5662	24.0997	23.5481	25.0188	24.4244	22.9191	25.1508	28.0636	26.6978	23.1433	23.1095	23.1692	-1.05469e-05	-1.54129e-05	1          	0.576422   	0.144837   	0.138399   	0.20003    	0.20003    	1.19179	
2.3e-10    	3.8        	0.00157272 	-0.000714651	0.999795   	0.546939   	0.000867964	-0.00166041	0.999823   	0.547481   	-0.00245193	0.00239681 	0.999803   	0.547297   	0.00381199 	-0.00262832	0.999809   	0.547073   	-0.00225689	0.00173151 	0.999759   	0.547289   	-0.00152304	0.000959285	0.999817   	0.547339   	0.000382952	-0.00145126	0.999806   	0.546661   	-0.00211843	0.00180055 	0.999804   	0.547331   	0.00168802 	-0.000404106	0.999799   	0.547685   	0.000392003	0.000847818	0.999812   	0.547431   	0.000887988	0.000640474	0.999807   	0.546551   	-0.00120475	-0.00142046	0.999829   	0.54765    	-0.00122494	0.00128869 	0.99982    	0.547121   	-0.000143795	0.000270072	0.999822   	0.547325   	0.00129541 	-0.00147293	0.999809   	0.547229   	4.2274     	4.3071     	0.829181   	0.827245   	3.85727    	3.50791    	0.854982   	0.859109   	3.75727    	4.24177    	0.979019   	0.975958   	4.0315     	3.50893    	0.884687   	0.882981   	5.80428    	4.13136    	0.939912   	0.941809   	4.28577    	3.31462    	0.885942   	0.885779   	4.55767    	3.529      	0.790548   	0.791276   	3.58592    	4.47399    	0.879011   	0.878923   	4.27975    	4.09107    	0.950695   	0.949415   	3.42133    	4.47569    	0.876455   	0.878519   	4.04263    	4.0238     	0.910494   	0.913991   	3.53461    	3.55701    	0.923513   	0.920915   	4.20799    	3.26712    	0.854558   	0.858001   	3.84453    	3.64482    	0.909439   	0.908104   	3.74022    	4.17258    	0.9363     	0.930763   	25.0109	26.0666	28.3838	26.6239	27.4836	26.3521	23.7153	25.8719	28.6605	25.5407	27.046	27.4637	26.1915	27.3055	27.7271	-2.53659e-06	1.29064e-05	1          	0.547122   	0.140221   	0.143641   	0.205559   	0.20556    	1.1827	
2.4e-10    	3.6        	-0.00214659	0.000475668	0.999801   	0.517595   	0.00306867 	-0.00140936	0.999758   	0.517879   	-0.000803803	0.00104129 	0.999764   	0.517126   	0.00215097 	0.00229534 	0.999753   	0.517676   	0.00352357 	-0.00343154	0.999765   	0.517287   	-0.00573979	0.00119036 	0.999754   	0.517587   	0.000606888	-5.41148e-06	0.999788   	0.51767    	0.00166245 	-0.0016114 	0.999753   	0.517469   	-0.00222746	0.00177364 	0.999778   	0.517365   	0.00362183 	-0.00119974	0.999779   	0.517964   	-0.00124512	-0.00109507	0.999773   	0.517649   	-0.00231994	0.00216532 	0.999802   	0.516931   	0.000540414	0.00038975 	0.999799   	0.517798   	-0.00172823	-0.000742842	0.999779   	0.517244   	0.00119083 	0.000274089	0.999765   	0.517481   	3.61394    	3.77698    	1.05947    	1.06047    	4.36862    	4.51338    	0.943735   	0.944065   	4.51394    	4.29326    	1.10794    	1.10403    	4.45109    	4.63395    	1.2457     	1.23939    	4.57607    	3.76859    	1.0292     	1.02742    	4.23056    	4.35349    	1.13536    	1.13419    	3.4809     	4.46036    	1.12008    	1.11668    	4.74744    	4.43484    	1.24737    	1.24595    	3.75726    	4.41048    	1.26335    	1.26558    	3.68995    	4.3491     	1.16419    	1.16744    	4.12751    	4.34603    	1.21203    	1.20878    	2.78305    	4.44182    	1.24918    	1.25021    	4.07526    	3.46402    	1.1463     	1.14988    	4.35532    	3.86031    	1.18724    	1.18414    	4.7864     	4.01062    	1.14825    	1.151      	28.9085	24.8489	29.303	32.7777	27.6039	30.2697	29.5333	32.4674	32.5031	31.5092	31.8656	32.7387	29.6419	31.1265	30.2507	7.34499e-06	6.67377e-06	1          	0.517398   	0.13938    	0.140901   	0.204664   	0.204666   	1.21086	
2.5e-10    	3.4        	-0.00125791	0.00032811 	0.99972    	0.487153   	-0.000203579	0.00129811 	0.999738   	0.487922   	0.0013999  	-0.00167702	0.999742   	0.487418   	0.00186011 	0.00228653 	0.999732   	0.487594   	0.000764423	-0.00240031	0.999694   	0.48708    	-0.00268892	9.65229e-05	0.999709   	0.487959   	-0.000684175	-0.00315741	0.99969    	0.486955   	0.000706329	0.00222413 	0.999713   	0.487877   	-6.94726e-05	0.000983776	0.99971    	0.487702   	0.000993734	-0.0016779 	0.999729   	0.487206   	-0.00150636	0.00176183 	0.999727   	0.488114   	0.000514878	-7.0353e-05	0.999753   	0.487174   	0.0022711  	0.000717255	0.999754   	0.488234   	-0.000325447	-0.00200443	0.999766   	0.487081   	-0.00192324	0.0012684  	0.999723   	0.487198   	4.58768    	4.67223    	1.68953    	1.68145    	4.51116    	4.20031    	1.45394    	1.45642    	4.36698    	4.1693     	1.37543    	1.38233    	4.85302    	3.94036    	1.55762    	1.56254    	5.5269     	4.57284    	1.42012    	1.43628    	4.88804    	4.68716    	1.55062    	1.54422    	5.9304     	4.20339    	1.64952    	1.64594    	5.38405    	4.08974    	1.74736    	1.74661    	5.50223    	4.12783    	1.46342    	1.45969    	3.77901    	5.15808    	1.4369     	1.43021    	4.4418     	4.57785    	1.55306    	1.54895    	3.93031    	4.26378    	1.53309    	1.52992    	3.6563     	4.46869    	1.54069    	1.54295    	3.3836     	4.30981    	1.62049    	1.61308    	4.52465    	4.61223    	1.45046    	1.45294    	40.1104	35.1968	31.923	36.9239	32.8229	35.8327	37.3977	40.9222	33.3497	33.4094	36.2002	36.0944	34.9247	36.3081	33.5908	-1.63245e-05	-1.03112e-06	0.999999   	0.487378   	0.143216   	0.140778   	0.207454   	0.207453   	1.32233	
2.6e-10    	3.2        	-0.00114211	-0.000331627	0.99969    	0.457336   	-0.00186943	-0.00159481	0.999648   	0.456426   	0.00301069 	0.00189953 	0.999603   	0.458446   	-0.00289648	-0.00301177	0.999628   	0.456382   	0.00270935 	0.00244518 	0.999644   	0.458339   	0.000205997	0.000631208	0.999674   	0.457367   	0.000410365	0.00279388 	0.999694   	0.457577   	0.000185594	0.00115685 	0.999652   	0.456949   	-0.000715962	-0.00392426	0.99965    	0.457553   	-0.00399394	0.00377438 	0.999678   	0.457913   	0.0056542  	0.000556425	0.999696   	0.45742    	-0.00176103	-0.004368  	0.999639   	0.456836   	0.00278604 	-0.000394405	0.999656   	0.458026   	-0.00191466	-0.00221091	0.999634   	0.456819   	-0.000885261	0.00256031 	0.999664   	0.457337   	4.76865    	4.30734    	2.2943     	2.29932    	4.38342    	5.83069    	2.02364    	2.03094    	4.52156    	6.9947     	2.26518    	2.27085    	5.19585    	5.38421    	2.2106     	2.19395    	4.78424    	5.51049    	2.54184    	2.54205    	4.95062    	4.6169     	2.63335    	2.63435    	4.67298    	4.21443    	2.34963    	2.35834    	5.39935    	4.74151    	2.3591     	2.34527    	5.44986    	4.58757    	2.14057    	2.1376     	4.48186    	4.53673    	1.94889    	1.94912    	4.32728    	4.1179     	1.89913    	1.90033    	5.43573    	4.79653    	1.98762    	1.98095    	4.65822    	5.31481    	2.09065    	2.08482    	4.7991     	5.77329    	2.0494     	2.05113    	3.86236    	5.89639    	2.03933    	2.04218    	45.5409	41.0322	46.6548	46.4892	50.8504	52.3488	46.7603	46.3488	44.1931	38.0388	38.3765	40.798	43.3065	40.7639	41.2605	-9.95504e-06	3.37596e-06	0.999999   	0.457225   	0.138956   	0.146085   	0.203359   	0.203354   	1.36931	
2.7e-10    	3          	0.00138656 	-0.00360369	0.999647   	0.42663    	-0.000776782	0.000937847	0.999579   	0.42634    	-0.000668605	0.00256971 	0.999599   	0.428512   	-0.0035497 	-0.000338739	0.999602   	0.42712    	9.13636e-05	0.00745412 	0.999578   	0.427703   	0.003469   	-0.00708367	0.999612   	0.426854   	-0.00534305	0.00548724 	0.999518   	0.426823   	0.00352325 	-0.00164092	0.999664   	0.427684   	0.00172432 	-0.00383177	0.999582   	0.426994   	-0.00362512	0.00150865 	0.999593   	0.428492   	0.00430019 	0.00130527 	0.99964    	0.427477   	-0.000887234	-0.00283167	0.999565   	0.425633   	-0.00246326	0.000684757	0.999598   	0.428681   	0.00315011 	-0.000270815	0.999552   	0.425048   	-0.00059149	-0.000590767	0.999658   	0.427833   	4.35523    	4.48016    	3.15332    	3.16336    	5.09151    	5.55805    	3.94861    	3.91549    	5.16751    	5.07745    	4.09043    	4.09976    	4.97749    	4.99833    	2.91141    	2.89764    	4.99949    	5.13268    	2.80936    	2.81316    	4.75314    	4.35915    	2.857      	2.851      	5.17118    	6.38694    	3.24754    	3.24389    	4.34952    	4.0776     	2.89711    	2.89966    	5.22034    	5.24836    	3.29844    	3.30244    	5.0175     	5.30592    	3.92537    	3.95321    	4.24574    	4.69492    	3.29712    	3.29017    	6.25454    	4.62846    	3.07941    	3.05799    	5.93776    	4.29009    	3.45022    	3.43627    	5.86746    	5.35957    	3.57563    	3.57304    	4.20943    	4.55584    	3.05236    	3.05588    	53.4796	68.2248	70.0492	50.7999	50.3956	49.2318	55.4359	50.2545	56.5985	65.7833	57.2669	53.2561	59.1323	61.4611	52.4589	-1.71612e-05	-4.95525e-06	0.999999   	0.427017   	0.141549   	0.141473   	0.210754   	0.210752   	1.55825	
2.8e-10    	2.8        	-0.00100694	-0.000989021	0.999551   	0.394429   	0.0021033  	0.00546893 	0.999626   	0.396512   	-0.000825407	-0.00441209	0.999524   	0.399955   	0.00125267 	0.00395002 	0.999477   	0.393992   	0.00109672 	-0.00119614	0.999539   	0.398198   	-0.00240848	-0.00285175	0.999466   	0.398797   	0.00178446 	-0.000174188	0.999515   	0.396849   	-0.00260251	-0.000572851	0.999487   	0.399168   	0.000931109	0.00098819 	0.999463   	0.395019   	-0.00330077	-0.000517574	0.99959    	0.39788    	0.00234675 	0.00120177 	0.999447   	0.396769   	0.000912684	-0.000744864	0.99949    	0.396493   	-0.00489337	0.000386015	0.99954    	0.397154   	0.00124437 	0.00160047 	0.999536   	0.395345   	0.00397241 	-0.00206048	0.999537   	0.398596   	5.01595    	4.74713    	5.63679    	5.64121    	3.9184     	3.93891    	5.76084    	5.75823    	5.32659    	5.12952    	4.44519    	4.45536    	5.30363    	5.92698    	6.14938    	6.17081    	4.426      	5.81426    	4.62218    	4.64075    	5.48002    	6.26009    	5.66053    	5.6634     	3.9968     	6.63526    	4.38212    	4.36381    	5.26255    	6.12698    	5.75791    	5.76677    	5.4519     	6.22809    	6.43048    	6.4159     	4.45999    	4.5178     	6.25048    	6.25231    	7.04792    	4.92147    	7.47963    	7.40269    	6.13949    	5.20925    	6.74628    	6.80952    	5.93965    	3.97081    	6.00268    	6.00699    	5.39428    	4.71863    	4.65764    	4.64826    	5.62419    	4.44716    	5.94122    	5.93558    	81.0247	82.8636	64.4832	88.3518	67.6166	82.4543	65.2617	84.7786	92.5589	91.4215	107.847	95.2387	85.9918	68.4983	87.0439	2.03974e-06	-1.2267e-05	0.999999   	0.39682    	0.137449   	0.137084   	0.201723   	0.201724   	1.80678	
2.9e-10    	2.6        	0.00780258 	0.000490305	0.99935    	0.369331   	-0.00447193	-0.000903175	0.999498   	0.368777   	-0.00349064	0.000474924	0.999362   	0.362305   	0.0015345  	0.00133167 	0.999382   	0.369318   	0.000618722	-0.00240066	0.999384   	0.363601   	-0.00263843	0.000498809	0.999433   	0.367569   	0.00133079 	-0.00265942	0.999521   	0.364361   	0.00189283 	0.00349824 	0.999514   	0.36762    	-0.00343153	-0.0008223 	0.999395   	0.368398   	0.00132344 	-0.00136535	0.999415   	0.368172   	-0.00285133	0.00149582 	0.999405   	0.367033   	0.00091027 	0.000158517	0.999435   	0.365268   	0.00355053 	-0.000529345	0.999315   	0.36503    	-0.000626614	-0.000328539	0.999345   	0.367551   	-0.00290751	0.000860708	0.999353   	0.36801    	5.6712     	6.10199    	9.06534    	9.03903    	4.84079    	4.4791     	11.1666    	11.1481    	5.46365    	6.14365    	6.28952    	6.28422    	4.69463    	6.9871     	10.3374    	10.2988    	4.66339    	6.76518    	9.00007    	9.03996    	4.90109    	5.76321    	12.4596    	12.4608    	4.11296    	4.72317    	8.55335    	8.56114    	4.26007    	4.77525    	12.4266    	12.4265    	5.14127    	6.05846    	9.58249    	9.49183    	6.04287    	4.965      	10.8057    	10.7835    	5.76709    	5.30724    	6.01453    	5.98201    	5.87314    	4.54921    	10.7082    	10.6456    	7.07121    	5.62176    	11.9477    	11.9649    	6.97331    	5.42494    	9.15577    	9.16047    	7.15259    	5.09166    	14.1594    	14.1907    	109.744	135.412	76.2375	124.597	109.618	147.341	101.776	151.228	115.237	130.731	75.0975	130.599	146.322	113.053	170.118	-3.37223e-05	-2.33185e-05	0.999999   	0.366606   	0.136333   	0.137263   	0.228828   	0.228821   	2.99844	
3e-10      	2.4        	-0.000113315	0.00103049 	0.999556   	0.376807   	0.00129102 	-0.0047169 	0.999197   	0.291571   	-0.000223149	0.00343203 	0.999342   	0.332493   	-0.000582268	-0.00397775	0.999354   	0.32347    	-0.00238268	-0.00414222	0.999288   	0.32558    	0.00254856 	0.00777914 	0.999487   	0.352149   	-0.00381672	-0.00227909	0.999372   	0.325257   	0.00269777 	0.00478838 	0.999298   	0.3127     	0.000652819	-0.00122319	0.999473   	0.363674   	0.00251156 	0.00210603 	0.999103   	0.281378   	-0.00345307	-0.000466451	0.999526   	0.376222   	0.00139077 	-0.00122647	0.99946    	0.343903   	-0.00299431	-0.00177056	0.999452   	0.364213   	0.00217434 	0.00162498 	0.99947    	0.362152   	0.0012673  	0.000124891	0.999128   	0.274999   	3.74512    	4.96649    	15.7086    	15.6574    	4.4957     	4.92876    	47.4044    	47.4444    	4.44061    	5.48636    	22.1415    	22.055     	4.04267    	5.01563    	33.4251    	33.3131    	4.88417    	5.26899    	22.5689    	22.4605    	3.60165    	4.71881    	8.06601    	8.06059    	5.28357    	3.77331    	15.0549    	15.0013    	4.16103    	5.1798     	26.335     	26.3027    	4.77439    	4.7426     	21.2071    	21.1082    	4.66957    	5.40062    	26.8526    	26.9636    	5.08181    	4.20117    	12.0375    	12.0387    	3.93423    	4.89733    	32.0612    	32.0293    	5.40021    	4.63567    	15.7818    	15.7629    	6.05149    	3.84366    	29.0414    	29.1714    	4.15613    	4.81705    	18.9277    	18.8137    	229.04	278.398	352.076	191.139	316.361	156.49	122.903	360.548	164.699	264.004	167.352	293.32	219.512	278.335	164.179	1.15342e-05	3.63852e-05	0.999999   	0.333566   	0.135866   	0.138179   	2.95425    	2.95426    	250.547	
3.1e-10    	2.2        	0.00259587 	-0.00430904	0.999538   	0.312342   	0.000842793	0.0085653  	0.998518   	0.196772   	-0.00238781	-0.000520935	0.999662   	0.391348   	0.000917826	0.00149848 	0.998871   	0.217331   	-0.00294413	0.00130224 	0.999605   	0.357176   	0.00257231 	-0.00220421	0.999576   	0.326502   	0.00392321 	-0.000272637	0.999465   	0.315367   	-0.00374731	0.00098762 	0.99945    	0.316095   	-0.000436963	-0.00040594	0.9993     	0.269641   	-0.0030226 	0.000619987	0.999359   	0.278499   	-0.000358766	-0.00571258	0.999632   	0.358194   	0.00394704 	0.00698379 	0.999289   	0.262789   	-0.000966219	0.001269   	0.999771   	0.435488   	0.00846118 	-0.00568676	0.999051   	0.243576   	-0.00710147	0.0039799  	0.998944   	0.221022   	3.16313    	2.97239    	12.7679    	12.7662    	3.90301    	3.72723    	11.3341    	11.2353    	3.50783    	3.6515     	11.7953    	11.7884    	3.8429     	3.59757    	12.0448    	12.0438    	3.98419    	2.97291    	12.8505    	12.8427    	3.01114    	3.26028    	4.45677    	4.46549    	3.69181    	3.63984    	6.58069    	6.57528    	3.56069    	4.08365    	4.53587    	4.55902    	3.33449    	3.81428    	7.77254    	7.78611    	3.62701    	3.27772    	7.02096    	7.01963    	3.05031    	3.28178    	7.17924    	7.18138    	2.71941    	3.83626    	5.68929    	5.68869    	3.05983    	3.04039    	27.3482    	27.3756    	4.09389    	3.20728    	10.3248    	10.242     	3.4544     	3.49748    	12.918     	12.9038    	55.5253	75.663	164.819	44.7098	157.186	38.7456	65.7752	32.6905	69.0704	32.6777	87.2538	57.9716	286.841	40.1057	53.707	-2.45941e-05	4.16959e-05	0.999999   	0.299965   	0.134872   	0.139645   	0.993151   	0.993149   	156.007	
3.2e-10    	2          	0.00184993 	0.00376317 	0.999533   	0.285811   	-0.00609876	-0.0103305 	0.998339   	0.159023   	0.000787786	0.00133676 	0.999749   	0.381391   	-0.00097787	-0.000483614	0.998815   	0.194652   	-0.0012583 	-0.00246421	0.999669   	0.368057   	0.00241211 	0.00357671 	0.999395   	0.263542   	0.000191809	0.00357751 	0.999531   	0.307109   	0.00578943 	-0.00470768	0.999323   	0.263697   	-0.00633361	0.000611962	0.99921    	0.255574   	0.00631997 	0.00169429 	0.999332   	0.246875   	0.000560953	-0.00313101	0.999649   	0.341328   	-0.00717964	0.00247732 	0.999188   	0.237892   	0.0015801  	-3.73165e-06	0.999844   	0.476891   	0.0023398  	0.00592752 	0.998824   	0.190344   	-0.00800629	-0.00803213	0.998353   	0.158862   	2.89212    	2.34493    	5.18827    	5.18808    	2.61286    	2.91513    	8.28869    	8.25012    	2.54783    	2.54152    	2.91596    	2.91898    	3.17791    	3.14558    	2.33956    	2.35714    	3.63823    	2.5496     	3.13702    	3.12734    	3.25226    	2.53109    	4.42236    	4.41934    	3.1647     	2.96222    	5.29898    	5.30979    	3.23166    	3.05303    	4.08015    	4.05745    	3.85261    	3.16345    	1.8056     	1.79261    	2.3596     	3.15829    	2.3526     	2.35068    	2.8152     	2.83394    	4.42764    	4.42552    	2.7096     	3.47538    	4.17185    	4.16302    	2.19383    	2.71814    	8.17812    	8.17534    	2.97714    	2.93049    	3.09447    	3.12258    	2.70295    	2.61636    	13.4006    	13.276     	36.256	41.1503	20.1028	15.6491	23.8134	23.2282	32.9766	21.4165	12.7884	15.9916	24.6529	25.428	61.2695	19.588	60.7839	-2.32091e-05	-1.12625e-05	0.999998   	0.275233   	0.136098   	0.137111   	0.164439   	0.164435   	9.85948	
3.3e-10    	1.8        	0.000917876	0.0016937  	0.999591   	0.289078   	0.00134116 	-0.000924172	0.997063   	0.110075   	-0.00104994	-0.000816674	0.999714   	0.359787   	0.00347705 	-0.00365875	0.998452   	0.16849    	-0.000541057	0.00201905 	0.999706   	0.352626   	-0.00168902	-0.000583802	0.999332   	0.237661   	0.00174469 	0.00267611 	0.999541   	0.293003   	-0.00321842	-4.63709e-05	0.999289   	0.234927   	0.0012385  	-0.0037464 	0.999252   	0.230815   	0.00304307 	0.00318739 	0.999299   	0.227418   	-0.000520096	0.00136418 	0.999593   	0.300567   	-0.00210766	-0.00485932	0.999255   	0.230697   	0.000123086	-0.000476715	0.999815   	0.467651   	-0.00231652	0.00308135 	0.998737   	0.178009   	0.00231216 	-0.00276809	0.996788   	0.113368   	2.30672    	2.47053    	1.59661    	1.60149    	2.24701    	2.72768    	1.81543    	1.81488    	2.14581    	3.02758    	1.00233    	1.0045     	2.84147    	3.28878    	1.87712    	1.88711    	2.69728    	2.38813    	1.8939     	1.89622    	2.63521    	2.64046    	1.6022     	1.60428    	2.87604    	2.58697    	1.37758    	1.37669    	2.81842    	2.62631    	1.3269     	1.321      	2.56126    	2.94915    	1.63574    	1.62715    	2.32838    	2.68804    	1.31523    	1.31979    	2.50803    	2.62136    	2.63348    	2.62625    	2.60062    	2.84052    	2.47164    	2.46846    	2.69334    	2.94632    	1.59834    	1.5913     	2.85526    	2.76078    	2.29299    	2.31509    	3.1618     	2.61101    	1.69514    	1.7002     	9.91769	8.71141	6.53425	9.24862	11.1049	8.0086	8.166	7.83052	8.75719	8.87651	12.0994	12.8858	12.0729	10.3281	7.7402	8.42664e-06	-1.31833e-05	0.999998   	0.252767   	0.13104    	0.135955   	0.145139   	0.145147   	4.22795	
3.4e-10    	1.6        	0.00294898 	-0.00210502	0.999407   	0.264916   	0.00380641 	0.00534022 	0.994874   	0.0882847  	-0.00353912	4.31894e-05	0.99972    	0.338393   	0.00375974 	-0.00251957	0.998372   	0.146785   	-0.00115572	0.00183708 	0.999668   	0.330311   	-0.000731677	-0.000958627	0.999262   	0.213799   	-0.000440301	0.00157267 	0.999453   	0.269581   	0.00217788 	0.000526177	0.999225   	0.212601   	-0.00163982	-0.0029073 	0.99916    	0.208772   	-0.000841491	0.000560537	0.999225   	0.205833   	0.00440766 	-0.00396113	0.999476   	0.277812   	-0.00488002	0.00505825 	0.999013   	0.207502   	-0.00144503	-7.55973e-05	0.999823   	0.445528   	0.000456872	0.00163583 	0.998422   	0.154167   	0.00591586 	-0.00257572	0.995611   	0.0917407  	2.62166    	3.15078    	1.46006    	1.46304    	2.66814    	2.88422    	1.68678    	1.68244    	2.1703     	2.22205    	1.23444    	1.23435    	2.45365    	2.43532    	1.68254    	1.68649    	2.43935    	2.61089    	1.46675    	1.46891    	2.16315    	2.55897    	1.7013     	1.70128    	2.5377     	3.02019    	1.3117     	1.31418    	2.23727    	2.65547    	1.22806    	1.22894    	2.52099    	2.55588    	1.58457    	1.57568    	2.18332    	2.43182    	1.15       	1.15903    	2.69685    	2.79545    	1.84274    	1.84681    	3.05825    	2.73054    	1.87807    	1.87007    	2.43131    	2.46635    	1.35039    	1.35142    	2.65068    	2.58669    	1.12024    	1.11547    	2.51801    	2.63102    	1.42167    	1.42531    	7.21577	6.92584	7.11756	6.93105	7.527	8.22089	6.56343	6.48726	7.78428	6.51714	7.58393	8.03405	8.67077	5.71428	5.59273	-2.3464e-05	-6.94733e-06	0.999998   	0.230207   	0.133544   	0.136408   	0.151517   	0.151515   	3.48619	
3.5e-10    	1.4        	0.00239421 	-0.00281812	0.999259   	0.238818   	0.00180884 	0.0135128  	0.990598   	0.0705378  	-0.00214657	-0.000782293	0.999617   	0.311615   	-0.00178671	0.00399262 	0.997598   	0.126521   	0.00274936 	-0.00039184	0.999565   	0.30072    	-0.00283121	-0.00187814	0.998874   	0.192358   	0.00509249 	-0.00577291	0.999317   	0.241548   	0.00274627 	0.000642932	0.998808   	0.183669   	-0.00853979	0.00650281 	0.998744   	0.19427    	-0.000871612	0.00256015 	0.998843   	0.183103   	-0.00147496	0.00229677 	0.999334   	0.255081   	0.00288757 	-0.00604348	0.998635   	0.182047   	0.000417911	0.000454301	0.999763   	0.411869   	0.00498959 	0.00066249 	0.997559   	0.135439   	-0.0134367 	-0.00406414	0.990735   	0.0732151  	2.82399    	3.05273    	1.69122    	1.69504    	3.23151    	3.22547    	2.34852    	2.3484     	2.77337    	2.39673    	1.64349    	1.63953    	2.812      	2.54264    	3.05942    	3.05947    	3.08475    	2.36932    	2.06341    	2.0555     	3.3038     	2.5118     	2.33858    	2.34467    	2.70861    	2.63853    	1.81779    	1.8196     	2.82768    	2.79097    	4.59371    	4.59976    	2.81431    	3.45442    	4.22753    	4.19442    	2.71943    	2.69851    	1.16833    	1.16814    	3.01996    	3.02343    	1.58229    	1.58435    	3.18865    	3.00274    	1.77728    	1.75714    	2.76625    	2.85969    	2.99015    	2.98869    	3.02469    	3.22132    	2.09856    	2.10572    	3.16442    	3.56202    	3.29744    	3.24411    	7.41128	6.11588	6.55464	9.39813	8.20266	6.45693	6.83526	11.5226	9.66626	5.79098	6.58501	6.25045	12.1003	6.11456	7.09604	1.79613e-05	-3.89385e-06	0.999997   	0.206457   	0.140319   	0.134671   	0.164443   	0.164446   	3.49924	
3.6e-10    	1.2        	-0.00531139	-0.000978393	0.998858   	0.195878   	-0.00434669	0.0179771  	0.987512   	0.0665648  	0.00384321 	-0.00406475	0.999462   	0.28189    	-0.0104096 	0.00742755 	0.995514   	0.106854   	0.00169983 	-0.00155736	0.999329   	0.268082   	0.00304842 	-0.00233652	0.998404   	0.167616   	-0.00220728	-0.0035997 	0.999004   	0.21647    	0.00432668 	0.00826915 	0.998276   	0.165297   	-0.00239721	-0.00254497	0.998219   	0.1612     	0.00723435 	0.00414894 	0.998142   	0.157333   	-0.000293543	0.00448089 	0.999053   	0.225952   	-0.00600553	-0.00983658	0.997968   	0.160162   	-0.000176279	-0.000619546	0.999671   	0.373685   	0.000578212	3.43279e-05	0.995944   	0.113915   	0.00414516 	-0.00257726	0.981738   	0.056947   	3.14146    	2.82109    	13.9742    	13.9355    	2.79721    	3.78643    	16.4527    	16.0886    	2.96884    	2.84915    	2.42726    	2.42861    	3.71207    	3.4488     	3.05806    	3.12481    	3.55111    	3.19102    	4.48509    	4.49419    	3.10879    	3.16853    	3.52372    	3.53998    	3.11927    	3.40599    	3.85864    	3.88364    	3.16803    	3.22452    	4.85344    	4.83369    	3.1988     	3.21928    	3.23998    	3.2256     	3.26745    	3.06519    	2.42909    	2.43512    	3.64153    	2.98407    	3.83495    	3.7988     	3.80359    	3.28202    	5.34681    	5.36904    	2.99549    	3.41782    	2.7895     	2.7833     	4.00045    	3.26876    	4.30421    	4.26773    	3.72327    	4.18856    	3.54872    	3.43295    	20.5323	17.3686	6.89352	6.13406	8.18767	7.71915	8.44277	8.10266	7.5845	6.9674	7.95291	9.62593	9.88283	8.1881	7.64683	-8.67494e-06	2.23953e-05	0.999996   	0.180838   	0.141903   	0.139523   	0.188479   	0.18847    	3.64935	
3.7e-10    	1          	0.000871488	0.00463589 	0.997178   	0.138896   	-0.0138196 	9.01218e-05	0.993716   	0.0953634  	0.00378952 	-0.00317016	0.999031   	0.227413   	0.000966329	0.0104948  	0.992455   	0.0874874  	0.000144959	-0.00177817	0.998544   	0.200323   	-0.00130144	-0.00144937	0.997983   	0.17083    	0.00941791 	-0.00714726	0.998239   	0.176932   	-0.00300023	0.00447722 	0.997987   	0.158289   	-0.00902393	0.0040396  	0.996555   	0.124536   	-0.00199358	-0.00277994	0.99683    	0.130098   	-0.000122939	0.0072858  	0.998666   	0.19369    	0.00187364 	-0.00773745	0.997302   	0.136811   	0.00238948 	0.0031085  	0.999365   	0.306129   	-0.00325176	0.00787141 	0.994976   	0.0997454  	-0.0105324 	-0.0271905 	0.982694   	0.0551622  	3.85309    	3.65391    	3.06573    	3.02951    	3.6063     	3.42243    	23.7289    	23.4666    	3.59352    	3.21353    	21.8371    	21.7952    	4.07019    	3.08234    	20.5213    	20.2174    	4.48857    	3.51078    	40.8647    	40.83      	4.10687    	3.84419    	14.5741    	14.467     	3.83082    	3.57303    	7.27543    	7.27858    	3.39587    	3.50349    	5.8905     	5.84462    	3.78545    	3.48064    	5.37665    	5.3406     	3.84792    	3.66561    	2.40163    	2.41243    	3.76877    	2.99504    	6.92267    	6.88055    	3.26144    	3.5345     	7.85189    	7.7689     	3.91058    	4.27881    	7.71691    	7.69604    	3.31231    	3.22147    	9.86647    	9.69994    	3.10716    	3.47241    	7.96327    	7.85764    	9.16483	16.88	19.8172	17.811	23.2795	9.83114	10.4639	7.77529	8.74158	6.39006	9.63704	8.17047	12.8593	9.81234	7.68516	4.96317e-05	-3.73871e-07	0.999994   	0.153044   	0.148166   	0.142363   	0.234864   	0.234858   	6.28676	
3.8e-10    	0.8        	0.00444022 	-0.00139021	0.996156   	0.118589   	0.0162131  	0.00835045 	0.99402    	0.103378   	-0.015993  	-0.0059811 	0.997163   	0.150904   	0.00373885 	0.00432716 	0.992819   	0.0950116  	-0.00516926	-9.22043e-05	0.996418   	0.135191   	0.00154441 	-0.00368933	0.996698   	0.140933   	-0.0165858 	0.00585811 	0.990487   	0.103586   	-0.00176142	-0.0219491 	0.99576    	0.133455   	0.00918283 	0.0181975  	0.996403   	0.13329    	-0.00164756	-0.0158213 	0.994761   	0.102183   	-0.00761695	0.0101171  	0.998183   	0.186604   	0.0181049  	-0.00847373	0.990626   	0.0832675  	-0.0155458 	0.00453366 	0.998255   	0.208216   	0.0195206  	-0.00336874	0.992169   	0.091538   	0.0179662  	-0.00945568	0.985569   	0.0726245  	3.41516    	4.0453     	21.7911    	21.8261    	4.24694    	4.31032    	15.5206    	15.5934    	4.63381    	3.78605    	12.6488    	12.598     	4.22067    	4.67277    	8.35924    	8.32562    	3.64879    	4.89442    	20.3077    	20.0768    	4.61071    	4.00652    	21.6706    	21.4539    	4.36745    	4.43992    	88.6635    	87.2696    	4.3301     	4.87702    	30.1935    	29.8778    	3.71042    	4.10635    	26.2066    	25.9695    	3.81901    	3.42217    	5.28492    	5.19602    	3.77623    	4.37126    	31.7061    	31.5826    	4.40374    	3.95738    	25.458     	25.5093    	5.44317    	4.28595    	28.5821    	28.5599    	4.00696    	4.52155    	10.6657    	10.5567    	5.07261    	4.62724    	10.6604    	10.4103    	8.90418	8.56286	8.91098	6.82222	16.0927	20.1909	34.2164	18.7252	10.4789	13.3749	24.0001	12.2144	13.8982	8.67434	7.18188	-4.81155e-05	-5.43208e-05	0.999991   	0.123358   	0.144434   	0.144793   	0.243543   	0.243542   	6.87961	
3.9e-10    	0.6        	-0.00598316	-0.00777069	0.996469   	0.13544    	0.0659563  	0.0196852  	0.564799   	0.0265201  	0.00245421 	0.00937323 	0.995552   	0.124725   	-0.0321212 	-0.0222863 	0.915806   	0.0357121  	0.0187742  	0.00477804 	0.988887   	0.0840335  	-0.00387465	0.00339    	0.997102   	0.161782   	0.0364835  	-0.00615697	0.81701    	0.0301962  	-0.00939906	0.00386686 	0.997319   	0.155814   	0.0108792  	5.56192e-05	0.99245    	0.0964396  	0.000710999	-0.00555511	0.992981   	0.107923   	-0.00100845	0.0124643  	0.997284   	0.152826   	-0.00704272	-0.043279  	0.702235   	0.0228727  	0.00396988 	0.011622   	0.996672   	0.153678   	-0.00973014	-0.019668  	0.987964   	0.0805101  	0.00492708 	-0.0205364 	0.961539   	0.0466217  	4.52719    	4.00816    	21.8689    	21.7324    	4.90445    	4.92566    	25.7604    	10.3615    	5.35277    	4.05434    	9.5295     	9.46859    	4.26407    	5.03092    	12.0376    	10.3288    	4.28887    	5.02414    	19.137     	18.6678    	5.81567    	4.54416    	27.0045    	26.9839    	4.07502    	4.6738     	21.4573    	17.5982    	4.18627    	4.33035    	16.0404    	15.8824    	4.78314    	4.04785    	14.5177    	14.1627    	5.08161    	5.25811    	20.0159    	19.6374    	4.28541    	4.22825    	15.1504    	15.1322    	4.23213    	5.1972     	11.0459    	6.80969    	4.24919    	6.38879    	15.2509    	15.2747    	4.11897    	5.64743    	22.6674    	22.3839    	3.9346     	4.91603    	12.5655    	11.806     	7.55256	6.86995	7.27455	7.53117	10.1942	12.9737	5.71632	6.08726	7.01224	10.1006	10.5561	6.17116	6.47935	8.77089	6.81259	0.000276522	4.75084e-05	0.999985   	0.0926259  	0.136808   	0.141586   	0.240571   	0.240554   	5.55305	
4e-10      	0.4        	-0.0119957 	0.00607862 	0.987927   	0.0937463  	0.0641549  	-0.0284282 	0.105472   	0.0250558  	-0.0142782 	0.00425612 	0.985799   	0.0867724  	0.0327963  	-0.0110419 	0.882719   	0.0405404  	-0.0269888 	-0.0231831 	0.914736   	0.0384367  	-0.00959249	0.00212114 	0.993296   	0.111956   	-0.0252508 	-0.0449378 	-0.0660066 	0.0229691  	0.00951993 	0.00403151 	0.990212   	0.101972   	-0.0108179 	0.00285519 	0.987356   	0.0808093  	0.0326892  	0.00224774 	0.974244   	0.0582384  	-0.0103958 	0.023747   	0.993624   	0.111974   	-0.0901164 	-0.142673  	0.470059   	0.0247003  	0.00132636 	0.0270677  	0.993695   	0.116617   	-0.0535423 	-0.0658601 	0.968487   	0.0565112  	0.136674   	0.0390762  	0.439861   	0.0231364  	6.79297    	5.94095    	17.7912    	17.0456    	4.48072    	5.39795    	50.5505    	19.0341    	6.19821    	6.87233    	23.2959    	22.7224    	6.0338     	6.41013    	18.1096    	13.3211    	6.5321     	5.09274    	15.9167    	14.3277    	5.58708    	5.11514    	30.0867    	29.7993    	4.70356    	5.37187    	39.2264    	13.4293    	5.43216    	5.39395    	34.4945    	33.2591    	5.52776    	5.15786    	10.118     	9.8527     	5.45982    	5.90419    	8.13272    	8.08502    	5.02966    	4.60622    	16.3375    	15.9407    	4.71819    	4.90144    	32.7535    	19.0964    	5.76516    	4.51182    	29.7228    	29.3789    	6.33856    	4.90734    	11.1112    	10.8488    	4.85729    	4.68442    	26.5644    	12.0181    	8.38124	5.56261	6.53906	9.6404	7.27365	15.7943	5.69541	6.94821	6.56562	5.8895	10.5502	9.7186	10.8393	8.97115	6.13283	8.68256e-05	-0.000175597	0.999964   	0.0614816  	0.141569   	0.148204   	0.239628   	0.239602   	5.92822	
4.1e-10    	0.2        	-0.0480427 	0.0567476  	0.688464   	0.0250547  	0.0472221  	-0.120266  	0.525317   	0.0258149  	-0.0285899 	-0.0192135 	0.939287   	0.0568888  	0.0963653  	-0.00984507	0.20624    	0.0254479  	0.0247416  	-0.0312657 	0.929024   	0.0426581  	-0.0256592 	0.034547   	0.930467   	0.0445644  	0.0515239  	-0.105943  	0.743033   	0.0257952  	0.0390601  	0.056089   	0.958908   	0.0609039  	-0.119982  	0.00541183 	0.379111   	0.0231007  	0.0164018  	0.0357856  	0.947801   	0.0546436  	-0.0261975 	0.00741455 	0.88043    	0.0361171  	-0.0296729 	-0.0638528 	0.256694   	0.0238852  	-0.0360205 	-0.00187375	0.945558   	0.0544963  	-0.0454411 	-0.0052619 	0.26194    	0.0242446  	0.0594425  	-0.000774656	0.896489   	0.0342303  	5.6707     	5.44199    	13.0684    	8.0534     	7.21925    	6.53115    	23.3135    	12.3689    	6.16563    	6.56257    	37.2629    	33.0333    	5.98149    	6.27409    	37.0125    	9.6645     	5.63662    	5.18639    	17.5787    	15.8353    	5.09704    	6.10871    	18.2266    	15.834     	7.45054    	6.41294    	10.4826    	7.78752    	7.5675     	4.55106    	42.0434    	39.591     	5.33599    	5.36875    	23.9236    	8.50532    	7.73928    	5.90049    	29.2135    	27.4442    	7.31386    	6.24229    	13.0101    	10.7381    	10.3344    	5.97121    	26.9422    	6.46057    	7.5317     	6.20805    	29.6779    	26.446     	7.84781    	5.44489    	32.5228    	9.0685     	4.78632    	4.75581    	11.6687    	9.95299    	7.67418	7.91787	6.16686	7.18933	8.87829	6.66097	9.5525	4.62539	7.34642	10.5095	11.0282	7.67873	8.19867	11.6418	8.55755	3.97403e-05	0.000380032	0.999856   	0.0306327  	0.144526   	0.140381   	0.207042   	0.20715    	6.46123	
4.2e-10    	-0         	-0.031639  	0.0543106  	-0.768906  	0.0374153  	0.07513    	0.0137427  	-0.940674  	0.0431249  	-0.0498801 	-0.0315226 	0.973686   	0.0757328  	0.0270351  	0.0460726  	-0.976964  	0.0754276  	-0.00928456	-0.0891358 	0.919838   	0.0514958  	-0.00218099	0.0178405  	0.805775   	0.028642   	-0.0110966 	0.00682166 	-0.389662  	0.0193856  	-0.000750406	-0.0533778 	0.967733   	0.0686071  	0.0075419  	0.0325702  	-0.951164  	0.0592775  	0.00109266 	-0.00596616	0.967406   	0.0681375  	-0.12549   	-0.0922195 	-0.199448  	0.0187233  	0.0289274  	0.0581982  	-0.96154   	0.0635022  	-0.11015   	0.012287   	0.94542    	0.056138   	0.052837   	-0.0151051 	-0.967439  	0.074539   	0.113048   	0.0170015  	0.587786   	0.0272262  	6.65006    	5.47842    	41.9026    	33.0593    	5.48212    	4.93777    	17.0713    	16.0716    	6.77133    	5.95572    	75.6821    	73.3681    	6.60137    	5.88348    	64.7117    	63.3878    	7.15038    	4.82122    	47.3972    	43.5163    	4.70542    	5.65484    	14.8902    	11.2849    	6.38292    	5.50459    	13.4589    	5.46038    	6.49129    	5.97326    	63.6334    	61.3927    	8.36387    	6.18481    	56.4818    	54.4993    	5.48608    	6.60851    	71.8501    	69.8859    	5.39054    	7.05697    	13.4449    	3.94748    	5.68516    	6.23418    	53.9184    	52.052     	6.41648    	7.32588    	37.7534    	35.4839    	7.18003    	6.31779    	95.4842    	92.9387    	5.28774    	7.40037    	27.3566    	15.177     	7.86362	5.36043	8.81736	7.53605	7.10204	6.80654	7.85708	8.03419	5.5903	5.6359	8.67059	7.31329	5.79068	6.31383	8.85865	0.0105636  	0.00389776 	0.0142894  	0.000594895	0.141942   	0.139922   	0.207613   	0.117635   	3.005	
