#----------------------------------------------------------------------------------------------------------------------------------------------------------
# Output file for vampire simulation
#   time       : 2025-05-29 15:53:33     process id : 3449997
#   hostname   : thor3.psi.ch
#   path       : /scratch/dossan_f/Na2BaMn(PO4)2/vampire_tripleUC_15mat_J2Ja_small_k0.035_Jnn0.11_Bc_highstatistics
#   version    : 6.0.0
#   githash    : 4c9651daecc86c3e6b6df0c8055fcd9e89fd900c
#----------------------------------------------------------------------------------------------------------------------------------------------------------
2e-11      	8          	0.000105384	9.41534e-06	0.999979   	0.979462   	-0.0012824 	0.000365381	0.999601   	0.978486   	0.00198572 	-0.000502597	0.997489   	0.977557   	0.000253023	-0.00011741	0.999985   	0.979164   	-0.00189177	0.000802269	0.997571   	0.977717   	0.000780063	-0.00031159	0.999817   	0.978769   	-0.00196527	0.000833301	0.998871   	0.978262   	0.00200481 	-0.000762073	0.998288   	0.97785    	0.000210684	-0.000202385	0.999989   	0.979511   	-0.000199534	0.000539964	0.997382   	0.977361   	0.000297089	-0.000277104	0.999944   	0.979221   	-0.000379252	5.99382e-05	0.999951   	0.978803   	0.00135489 	-0.000632292	0.999279   	0.978269   	0.000391176	-0.000128168	0.999988   	0.97942    	-0.00212038	0.000885456	0.998102   	0.978044   	8.09356    	2.20394    	20.8393    	18.2226    	47.3951    	6.31495    	288.07     	214.422    	44.4385    	3.30025    	1122.74    	500.457    	7.07709    	1.72146    	54.6472    	53.6002    	52.6333    	11.1282    	1125.86    	436.449    	25.5851    	5.16538    	181.582    	146.957    	87.0985    	15.4545    	521.8      	273.88     	60.5892    	10.8748    	774.576    	406.979    	4.9016     	1.66993    	13.6106    	12.6448    	1.21902    	1.43129    	1261.58    	601.267    	13.7165    	4.86153    	62.379     	52.5231    	7.56337    	1.72629    	134.612    	125.419    	42.9084    	10.4022    	421.785    	290.872    	6.42925    	1.68366    	21.2628    	20.6513    	95.3637    	18.8679    	839.535    	325.385    	28408.4	97737.6	804960	3680.27	816420	39711.4	274968	487081	34983.5	945817	9431.74	15348.9	194005	22455.6	550335	-1.68627e-07	-6.33386e-06	1          	0.97819    	0.121398   	0.125768   	4927.52    	4927.51    	1.83465e+06	
3e-11      	7.8        	-4.51787e-05	3.05719e-06	0.999999   	0.978069   	8.65796e-05	3.34918e-06	0.999999   	0.978075   	-2.70449e-05	3.51197e-05	0.999999   	0.978065   	-1.97348e-05	-7.84916e-05	0.999999   	0.978077   	1.63538e-05	6.94088e-05	0.999998   	0.978076   	1.71267e-05	3.12598e-05	0.999999   	0.97807    	8.39815e-05	-8.91841e-06	0.999998   	0.978067   	3.00227e-06	4.73592e-07	0.999999   	0.978076   	-7.06644e-05	3.00326e-05	0.999999   	0.978071   	-3.6013e-05	-4.12199e-05	0.999999   	0.978076   	2.90685e-05	2.2603e-05 	0.999999   	0.978079   	-2.67935e-05	3.24941e-05	0.999999   	0.978077   	3.58729e-05	2.62138e-06	0.999999   	0.97808    	3.5499e-05 	8.63482e-05	0.999999   	0.978075   	-5.4063e-05	-7.67451e-05	0.999999   	0.978081   	0.529395   	0.500582   	0.0087172  	0.00871879 	0.549119   	0.532237   	0.00874743 	0.00874244 	0.564839   	0.528418   	0.0082874  	0.00828392 	0.555717   	0.560859   	0.00892769 	0.00892621 	0.607439   	0.572321   	0.00814599 	0.00814855 	0.545972   	0.53007    	0.00802571 	0.00802918 	0.571401   	0.584924   	0.00840287 	0.00840679 	0.568999   	0.581788   	0.00854203 	0.00854141 	0.520644   	0.520064   	0.00885227 	0.00884838 	0.516441   	0.528499   	0.00868364 	0.00867481 	0.542377   	0.546679   	0.00827173 	0.00827456 	0.575838   	0.572069   	0.00787641 	0.00787082 	0.55409    	0.56445    	0.0085004  	0.00850155 	0.5763     	0.546477   	0.00841613 	0.00842208 	0.571703   	0.545925   	0.00835729 	0.00836067 	5.8177	5.93701	5.67279	6.05344	5.59872	5.49052	5.71857	5.76018	5.85893	5.91721	5.57515	5.46543	5.67444	5.83059	5.84145	1.8668e-06 	7.42602e-06	1          	0.978073   	0.121099   	0.124284   	0.0133694  	0.0133693  	1.95341	
4e-11      	7.6        	-4.35836e-05	-3.83458e-05	0.999998   	0.976055   	-4.07726e-05	-1.89545e-05	0.999998   	0.976039   	4.51665e-05	6.14371e-06	0.999998   	0.976043   	4.30784e-05	-7.29953e-05	0.999998   	0.976039   	6.19119e-06	-8.94702e-05	0.999998   	0.976041   	-4.74261e-05	0.000161958	0.999998   	0.976051   	-5.44638e-05	-2.60196e-05	0.999998   	0.976042   	6.96385e-05	-8.29268e-05	0.999998   	0.976044   	1.13611e-06	0.000111777	0.999998   	0.976043   	-0.000119289	-2.70163e-05	0.999998   	0.976034   	-1.99128e-05	-0.000112877	0.999998   	0.976043   	0.000106206	0.000131624	0.999998   	0.976034   	-9.70069e-06	9.88351e-05	0.999998   	0.976041   	2.71667e-05	2.77868e-05	0.999998   	0.976043   	6.79498e-06	-0.000136584	0.999998   	0.976055   	0.65179    	0.650736   	0.0101307  	0.0101311  	0.62663    	0.673562   	0.00969837 	0.00970377 	0.610079   	0.61178    	0.0101145  	0.0101089  	0.605288   	0.660057   	0.0105449  	0.0105486  	0.65625    	0.665434   	0.0100413  	0.0100386  	0.631159   	0.634793   	0.0103338  	0.0103358  	0.690553   	0.654534   	0.0103015  	0.0103082  	0.62365    	0.628776   	0.0102001  	0.0102048  	0.60446    	0.624873   	0.00984776 	0.00984612 	0.696371   	0.644125   	0.0102802  	0.01028    	0.632308   	0.668934   	0.00995674 	0.00995481 	0.669226   	0.574115   	0.00966307 	0.00966048 	0.638858   	0.656658   	0.00989428 	0.0098987  	0.602418   	0.677137   	0.010466   	0.0104664  	0.620909   	0.631005   	0.0106484  	0.0106464  	6.0406	5.9833	6.24464	6.29977	6.13403	6.31517	6.12213	6.06636	5.96847	6.34888	5.95326	5.87065	6.0523	6.25648	6.43852	-1.9834e-06	-4.47029e-06	1          	0.976041   	0.123829   	0.125103   	0.0186435  	0.0186435  	2.17567	
5e-11      	7.4        	7.00768e-05	2.67402e-05	0.999998   	0.973569   	-0.000176382	-1.29888e-05	0.999998   	0.973573   	8.65752e-05	-3.39506e-05	0.999998   	0.973571   	4.86347e-05	0.000106185	0.999998   	0.973569   	2.05444e-05	6.12901e-05	0.999998   	0.973569   	-6.72906e-05	-0.000150479	0.999998   	0.97356    	0.000121972	-0.000152064	0.999998   	0.973569   	-0.000170941	7.86911e-05	0.999998   	0.973572   	7.29119e-05	2.88353e-05	0.999998   	0.973566   	2.79387e-06	-9.99278e-05	0.999998   	0.973565   	8.53184e-05	0.000158243	0.999998   	0.973572   	-7.06717e-05	-6.36532e-05	0.999998   	0.973565   	-7.46721e-05	2.32365e-06	0.999998   	0.973568   	2.75764e-05	5.48463e-05	0.999998   	0.973574   	3.98343e-05	-5.23084e-05	0.999998   	0.973581   	0.707675   	0.800754   	0.0126529  	0.0126473  	0.738051   	0.742591   	0.0128366  	0.0128291  	0.795664   	0.834731   	0.0130462  	0.013056   	0.712071   	0.689279   	0.0127996  	0.0127996  	0.73431    	0.775604   	0.0124791  	0.0124769  	0.695477   	0.723662   	0.0125222  	0.0125242  	0.783977   	0.730925   	0.0127738  	0.0127838  	0.772556   	0.761083   	0.0126378  	0.0126409  	0.783582   	0.79606    	0.0131341  	0.0131132  	0.763598   	0.761528   	0.0133912  	0.0133834  	0.710261   	0.731493   	0.0129023  	0.0129057  	0.73305    	0.762945   	0.0122809  	0.0122788  	0.741513   	0.784991   	0.0126579  	0.0126604  	0.75202    	0.851473   	0.0118309  	0.0118332  	0.836833   	0.754666   	0.0123563  	0.0123598  	7.01285	6.85021	7.06092	6.93436	6.74257	7.01387	6.89292	6.81209	7.24617	6.8509	7.04568	6.70251	7.18316	6.54282	6.71831	1.08635e-06	-3.21545e-06	1          	0.973568   	0.12589    	0.128764   	0.0238169  	0.0238166  	2.12985	
6e-11      	7.2        	-0.000119079	-0.00013604	0.999998   	0.970476   	-0.000126638	-7.46598e-05	0.999998   	0.970474   	0.000271023	0.000196394	0.999998   	0.970476   	-3.02664e-05	-0.000182941	0.999997   	0.970481   	0.000199736	7.22839e-05	0.999998   	0.970484   	-0.000175559	0.000119347	0.999998   	0.97048    	-0.000116875	-0.000194796	0.999998   	0.970489   	-6.68509e-05	5.62162e-05	0.999997   	0.970476   	0.000188811	0.000138539	0.999997   	0.970475   	5.23969e-05	0.000101412	0.999998   	0.970478   	-7.95359e-05	0.000177525	0.999998   	0.970473   	-4.60665e-06	-0.000287428	0.999997   	0.97048    	3.45749e-05	7.97286e-05	0.999998   	0.970477   	-0.000114291	5.74615e-05	0.999997   	0.970484   	8.67624e-05	-9.04719e-05	0.999997   	0.970474   	0.898562   	0.895359   	0.0172083  	0.0172208  	0.916144   	0.956584   	0.0162755  	0.0162747  	0.967563   	0.823307   	0.0162628  	0.0162712  	0.916929   	1.0139     	0.0163217  	0.0163059  	0.897506   	0.974423   	0.0154409  	0.01545    	0.90772    	0.873666   	0.0153077  	0.0153086  	0.974867   	0.87377    	0.0165216  	0.0165364  	0.983677   	0.923635   	0.0163126  	0.0163295  	0.916981   	1.0092     	0.0165854  	0.0165796  	0.881907   	0.93267    	0.0158979  	0.0158887  	0.926164   	0.915761   	0.0172608  	0.0172624  	0.954351   	0.949794   	0.0160783  	0.0160782  	0.969519   	0.907792   	0.0163442  	0.0163391  	1.07267    	0.991697   	0.0157459  	0.0157535  	1.01762    	0.938476   	0.0158883  	0.0158857  	8.4272	7.83168	7.81982	7.88737	7.74601	7.61006	7.92383	7.82759	8.03313	7.89415	8.0831	7.91197	7.75592	7.38188	7.62204	-2.5284e-08	2.17399e-06	1          	0.970476   	0.132435   	0.13023    	0.0318592  	0.0318591  	2.16847	
7e-11      	7          	0.000152866	0.000151339	0.999997   	0.966502   	0.000126698	-0.000207751	0.999997   	0.966506   	-0.000255694	5.10712e-05	0.999997   	0.966519   	-0.000198884	-6.63552e-05	0.999997   	0.966518   	1.66266e-05	9.3682e-05 	0.999997   	0.966524   	0.000180005	-2.59224e-05	0.999997   	0.966523   	6.27892e-05	7.98909e-05	0.999997   	0.966512   	-0.000186867	0.000126172	0.999997   	0.966517   	0.000147837	-0.000182688	0.999997   	0.966514   	0.000168299	0.000152471	0.999997   	0.966498   	-0.000214239	-1.81084e-06	0.999997   	0.966508   	6.57115e-05	-0.000163293	0.999997   	0.96652    	-0.000100036	0.000156721	0.999997   	0.966496   	9.67794e-05	-0.000117754	0.999997   	0.966522   	-1.36357e-05	-2.78798e-05	0.999997   	0.966508   	1.27123    	1.1193     	0.0229056  	0.0228997  	1.20093    	1.20825    	0.021987   	0.0219823  	1.19863    	1.06124    	0.021034   	0.0210449  	1.23396    	1.15597    	0.0212409  	0.0212671  	1.18441    	1.22344    	0.0220801  	0.0221125  	1.25135    	1.19299    	0.0224509  	0.0224708  	1.16607    	1.30879    	0.0209689  	0.0209404  	1.2741     	1.2892     	0.022528   	0.0224922  	1.35207    	1.24032    	0.0222074  	0.0221987  	1.21119    	1.23122    	0.0214407  	0.0214256  	1.25899    	1.13893    	0.0203336  	0.0203441  	1.2169     	1.03513    	0.0205554  	0.0205636  	1.25125    	1.14972    	0.0211176  	0.0211075  	1.14144    	1.18573    	0.0221843  	0.0221518  	1.1423     	1.13723    	0.022507   	0.0224961  	9.60703	9.24734	8.88553	8.83849	9.16487	9.41233	9.20594	9.7779	9.74587	9.01811	8.80385	8.95013	9.01222	9.22054	9.35294	3.21689e-06	1.19416e-06	1          	0.966509   	0.136872   	0.135483   	0.0492936  	0.0492935  	2.32112	
8e-11      	6.8        	-0.000221357	-0.000285215	0.999996   	0.961243   	4.78824e-05	0.00012554 	0.999995   	0.961233   	0.000157314	0.000205525	0.999995   	0.961219   	-0.000187865	6.96476e-05	0.999996   	0.961219   	0.000202771	-0.00022735	0.999995   	0.961227   	-3.57391e-05	0.000181022	0.999996   	0.961239   	0.000145249	8.1944e-05 	0.999996   	0.961231   	-0.000128898	-0.000161506	0.999996   	0.961233   	-4.40394e-05	7.21848e-05	0.999996   	0.961209   	0.00016284 	-0.000100082	0.999996   	0.961213   	-1.93212e-05	-2.74868e-07	0.999996   	0.96122    	-0.000147114	0.000116925	0.999996   	0.961218   	0.000146279	-0.000295033	0.999996   	0.96123    	-0.000303372	-2.38258e-05	0.999996   	0.961229   	0.000136095	0.000315576	0.999996   	0.961231   	1.65752    	1.57724    	0.0297111  	0.0296494  	1.72646    	1.66134    	0.0315653  	0.0315262  	1.73776    	1.67497    	0.0313377  	0.0313142  	1.68832    	1.6455     	0.0309583  	0.0309517  	1.73083    	1.78038    	0.0305438  	0.0305135  	1.49033    	1.63834    	0.0310317  	0.0310199  	1.61236    	1.7242     	0.0310102  	0.0310085  	1.62167    	1.57588    	0.032156   	0.0321321  	1.41597    	1.68062    	0.0325163  	0.0325238  	1.72666    	1.58484    	0.0304888  	0.0304847  	1.74094    	1.48817    	0.0288805  	0.0288936  	1.7543     	1.55182    	0.0323229  	0.0323551  	1.50977    	1.50075    	0.0307369  	0.0306988  	1.51693    	1.65126    	0.0325707  	0.0325615  	1.615      	1.63525    	0.0291642  	0.0291607  	10.9806	11.4213	10.9325	11.2139	11.1919	11.2638	11.146	11.3477	11.0306	11.2331	10.4418	11.5412	11.5804	11.6297	10.6456	-5.94831e-06	5.00649e-06	1          	0.961222   	0.134814   	0.131853   	0.0844994  	0.0844991  	2.47441	
9e-11      	6.6        	-7.06886e-05	-0.000398203	0.999993   	0.953848   	2.04068e-05	0.000730149	0.999993   	0.953857   	4.33788e-05	-0.000325628	0.999993   	0.953861   	-0.000413685	0.000248767	0.999993   	0.953845   	0.000454721	0.000118411	0.999993   	0.953851   	-3.70419e-05	-0.000352287	0.999993   	0.953838   	1.03888e-05	0.000108548	0.999993   	0.95384    	-0.00010298	-9.51005e-05	0.999993   	0.953861   	6.64842e-05	2.23746e-05	0.999993   	0.953875   	-0.000388388	0.000435647	0.999993   	0.953844   	0.000287932	-0.000242536	0.999993   	0.953853   	0.000130136	-0.00018661	0.999993   	0.953861   	8.04004e-05	0.000478925	0.999992   	0.953869   	0.000426886	-0.000562697	0.999993   	0.95384    	-0.000510359	8.5571e-05 	0.999993   	0.953864   	2.39348    	2.71342    	0.0482471  	0.0482773  	2.7101     	2.51533    	0.0476767  	0.0476744  	2.61517    	2.38922    	0.0467936  	0.0468251  	2.66815    	2.14221    	0.0461383  	0.0461027  	2.33783    	2.45518    	0.048435   	0.0483853  	2.71331    	2.50566    	0.0521663  	0.0522518  	2.80923    	2.56889    	0.0482482  	0.0481987  	2.79404    	2.36202    	0.0473087  	0.0473302  	2.62553    	2.50397    	0.0481532  	0.0481096  	2.54333    	2.20491    	0.0489501  	0.0490286  	2.66279    	2.33543    	0.0500474  	0.0500957  	2.76685    	2.03615    	0.049488   	0.049484   	3.20702    	2.72684    	0.051054   	0.051123   	2.67927    	2.541      	0.0485922  	0.0486044  	2.53172    	2.46142    	0.0507057  	0.0506305  	14.1804	14.2942	14.1987	13.7974	14.497	14.7622	13.9365	14.4031	14.0633	14.0833	14.4193	14.2752	14.6643	14.3929	14.3429	-1.61662e-07	4.35385e-06	1          	0.953847   	0.139208   	0.141636   	0.171705   	0.171706   	2.5384	
1e-10      	6.4        	0.00029819 	-0.000204861	0.999985   	0.942874   	-0.000100241	0.000304723	0.999986   	0.942846   	-0.000197002	-0.000113433	0.999987   	0.942855   	0.000560844	-9.41867e-05	0.999985   	0.942913   	-0.000843664	-4.1122e-05	0.999985   	0.942876   	0.000303681	0.000151882	0.999987   	0.942874   	-0.000815069	0.00030759 	0.999984   	0.942795   	-7.78476e-05	-0.000771881	0.999984   	0.942895   	0.000894448	0.000468782	0.999984   	0.94288    	-0.000414333	-0.000236706	0.999986   	0.942856   	0.000473387	-0.000246483	0.999986   	0.94286    	-0.000104887	0.000500246	0.999987   	0.942839   	2.39895e-05	-0.00106077	0.999985   	0.942887   	0.000445908	0.000394225	0.999987   	0.942878   	-0.0004545 	0.000685101	0.999984   	0.942864   	4.9277     	5.84344    	0.0909303  	0.0905612  	4.72789    	5.27876    	0.0851528  	0.0849526  	4.09993    	5.30843    	0.090922   	0.0905933  	5.53394    	5.31684    	0.0876889  	0.087504   	5.06584    	5.42496    	0.0938849  	0.0935027  	4.64334    	4.85178    	0.0923407  	0.0923799  	6.04104    	5.40923    	0.0843902  	0.0841878  	5.16822    	6.15077    	0.0863512  	0.0860003  	5.26272    	5.91279    	0.0922945  	0.0925326  	5.40513    	4.7665     	0.0900632  	0.0897631  	5.33148    	4.39286    	0.0864065  	0.0862167  	4.30612    	4.79707    	0.0943259  	0.0940281  	5.25065    	5.44388    	0.0901731  	0.0903853  	4.68055    	4.34374    	0.0868298  	0.0867337  	6.2209     	5.24869    	0.0961921  	0.096118   	21.1322	20.1801	20.5596	21.1912	21.0473	21.591	18.379	19.3785	19.3041	21.833	19.2753	21.3466	20.9902	20.6525	20.7764	-4.35074e-07	2.88238e-06	1          	0.942852   	0.141793   	0.146239   	0.404313   	0.404314   	2.09144	
1.1e-10    	6.2        	0.0660146  	-0.00547409	0.997511   	0.924723   	-0.0153469 	0.00764031 	0.999746   	0.923679   	-0.0507251 	-0.00213822	0.998306   	0.924409   	0.0404445  	0.00225832 	0.998762   	0.924273   	-0.0711569 	0.00486681 	0.997073   	0.924901   	0.0307781  	-0.00712694	0.999403   	0.923937   	-0.0437982 	0.00624353 	0.998913   	0.924162   	-0.0274171 	-0.00168868	0.999296   	0.924214   	0.0711463  	-0.00453636	0.99701    	0.92479    	-0.0667985 	0.00522774 	0.99723    	0.924818   	0.0537376  	-0.00585534	0.998381   	0.924263   	0.013083   	0.000598384	0.999644   	0.924033   	0.000483237	-0.00422951	0.999833   	0.923744   	0.0595668  	-0.00253906	0.997777   	0.924648   	-0.0600905 	0.00677163 	0.997951   	0.924531   	180.144    	21.1865    	0.563683   	0.390229   	19.3302    	54.3452    	0.315007   	0.314043   	180.626    	97.522     	0.477275   	0.574827   	152.605    	134.744    	0.498234   	0.526755   	215.239    	46.0433    	0.560049   	0.499947   	24.4293    	42.9602    	0.385211   	0.336982   	56.2043    	18.0021    	0.396246   	0.353795   	100.618    	123.988    	0.36853    	0.399837   	230.772    	75.8802    	0.667528   	0.555398   	232.957    	126.572    	0.584802   	0.545323   	94.5111    	13.3909    	0.37509    	0.326155   	60.2552    	125.854    	0.322357   	0.372121   	23.6656    	85.1948    	0.393125   	0.421364   	194.387    	111.047    	0.5226     	0.443629   	135.545    	14.6565    	0.455756   	0.353872   	54.5379	58.5336	52.6208	56.5726	45.6852	68.7463	76.7804	54.5423	53.5881	54.7776	43.6545	55.1713	63.929	44.9911	48.7093	-6.96633e-06	1.39246e-06	1          	0.922913   	0.142195   	0.148685   	3.8123     	3.81229    	16.9479	
1.2e-10    	6          	0.215764   	0.0329315  	0.97574    	0.912455   	0.0284693  	0.128674   	0.990867   	0.901238   	-0.240532  	-0.157781  	0.957148   	0.924626   	0.213283   	0.165108   	0.962326   	0.920821   	-0.242028  	-0.0662187 	0.967775   	0.91804    	0.0285629  	-0.101527  	0.994137   	0.899086   	-0.0845874 	0.0714317  	0.993652   	0.899464   	-0.1767    	-0.16726   	0.969401   	0.915442   	0.25771    	0.0962453  	0.961133   	0.922855   	-0.263144  	-0.12058   	0.956813   	0.925868   	0.135881   	-0.0400251 	0.989746   	0.902454   	0.133099   	0.162486   	0.977136   	0.909964   	-0.0817491 	-0.149637  	0.984808   	0.90495    	0.25684    	0.142731   	0.955357   	0.926419   	-0.180922  	0.00339335 	0.983328   	0.907062   	71.9709    	25.2132    	5.59485    	5.08233    	101.967    	163.985    	2.07335    	1.14222    	196.402    	190.519    	3.68733    	10.131     	205.815    	194.265    	6.50883    	7.14245    	112.305    	41.9702    	4.30026    	7.7467     	71.0463    	114.064    	0.960776   	1.01553    	60.862     	68.3028    	1.92144    	1.29565    	159.949    	193.503    	7.82962    	4.00995    	127.314    	64.4785    	2.51963    	9.02571    	159.188    	96.8101    	1.74138    	10.1784    	72.4033    	36.3341    	4.3867     	2.25569    	166.949    	190.721    	7.77684    	2.73028    	142.174    	209.936    	5.32824    	1.85479    	173.598    	161.237    	2.28388    	10.6361    	76.3811    	27.0086    	6.65987    	3.43581    	1297.89	390.302	530.663	1131.86	991.028	174.735	443.709	1432.52	506.793	198.562	1146.6	1474.02	1022.65	239.108	1635.35	-2.81253e-06	1.7534e-06 	1          	0.88941    	0.147692   	0.142212   	9.91615    	9.91615    	78.3728	
1.3e-10    	5.8        	0.276788   	0.105526   	0.954951   	0.906493   	0.0656365  	0.147425   	0.986783   	0.88285    	-0.335707  	-0.245528  	0.909346   	0.919933   	0.307213   	0.247479   	0.918844   	0.912733   	-0.316672  	-0.147849  	0.936765   	0.915175   	0.0106948  	-0.102516  	0.99451    	0.882068   	-0.0884502 	0.0508552  	0.994591   	0.884484   	-0.263791  	-0.239176  	0.934374   	0.90411    	0.343414   	0.185543   	0.920522   	0.922048   	-0.354408  	-0.215656  	0.909744   	0.925517   	0.161404   	0.00536202 	0.986681   	0.889864   	0.206177   	0.217936   	0.953853   	0.894617   	-0.13914   	-0.186825  	0.9724     	0.886943   	0.351079   	0.235658   	0.906101   	0.924531   	-0.224201  	-0.0581591 	0.972604   	0.897733   	31.0428    	75.9412    	1.75412    	1.96866    	15.0162    	50.8725    	4.1742     	2.10105    	13.2555    	21.7797    	2.40436    	1.01469    	13.9667    	18.9092    	1.51704    	0.953049   	37.5518    	72.3895    	3.30147    	1.53356    	24.6285    	76.8393    	3.5303     	2.4299     	20.968     	98.3096    	2.62352    	2.62608    	14.9388    	35.3887    	1.62669    	0.994848   	23.7309    	69.4129    	3.97968    	1.28401    	22.7929    	60.9261    	5.01441    	1.05152    	27.8427    	94.9785    	1.54432    	2.72927    	14.5685    	35.3519    	2.48578    	0.905541   	12.8356    	41.0726    	3.44391    	1.76274    	18.9551    	43.2772    	4.32726    	1.28577    	25.8065    	103.807    	0.893729   	2.44697    	377.871	931.204	418.765	224.45	674.655	812.725	641.035	286.322	761.232	1001.97	363.516	514.496	763.508	823.079	204.378	-4.73667e-06	1.58052e-06	1          	0.85776    	0.141149   	0.144459   	3.03223    	3.03223    	15.0309	
1.4e-10    	5.6        	0.354757   	0.1736     	0.918531   	0.905779   	0.0643868  	0.159994   	0.98496    	0.878396   	-0.410987  	-0.324077  	0.851989   	0.919563   	0.370295   	0.317893   	0.872759   	0.910161   	-0.399121  	-0.225195  	0.888639   	0.915451   	0.0323507  	-0.0945103 	0.994942   	0.877164   	-0.126303  	0.0253129  	0.99158    	0.879611   	-0.314043  	-0.298262  	0.901295   	0.899559   	0.426403   	0.266326   	0.864238   	0.92299    	-0.43751   	-0.296348  	0.848797   	0.926759   	0.213285   	0.0427804  	0.975939   	0.88594    	0.243442   	0.266336   	0.932603   	0.889418   	-0.159469  	-0.219485  	0.962469   	0.882188   	0.433196   	0.316422   	0.843771   	0.92572    	-0.290823  	-0.110845  	0.950204   	0.895108   	17.687     	82.1654    	4.62107    	1.51749    	11.8106    	19.8379    	10.1048    	7.35668    	11.6482    	49.605     	2.96124    	3.39743    	8.25744    	34.9054    	0.948191   	4.77114    	18.2522    	79.2553    	8.14756    	0.957636   	13.3606    	20.2067    	7.15448    	5.90499    	14.9937    	40.0783    	4.44728    	4.78062    	9.00672    	22.6897    	1.9595     	6.04071    	15.2631    	93.8011    	10.1115    	1.24705    	20.7047    	73.9997    	12.7561    	1.46175    	14.837     	58.077     	1.98185    	4.31043    	8.89487    	9.5124     	6.33698    	7.98986    	6.82612    	8.46536    	8.96438    	8.45119    	14.212     	72.7832    	7.99371    	2.5277     	14.24      	66.9142    	1.29062    	2.61174    	927.093	2123.58	530.857	154.013	1589.35	1521.62	967.348	375.974	1984.66	2528.92	447.229	1317.46	1898.21	1513.51	274.956	-3.5052e-07	3.41764e-06	1          	0.826881   	0.144786   	0.143951   	1.93298    	1.93298    	7.2749	
1.5e-10    	5.4        	0.397936   	0.207179   	0.893517   	0.900064   	0.109107   	0.175305   	0.978004   	0.879686   	-0.493426  	-0.370544  	0.786554   	0.920795   	0.453632   	0.361018   	0.814315   	0.911626   	-0.457311  	-0.263494  	0.849221   	0.910563   	0.00325881 	-0.10099   	0.994498   	0.877999   	-0.115281  	0.0214015  	0.992776   	0.87814    	-0.392508  	-0.336837  	0.855342   	0.900323   	0.494488   	0.308924   	0.812242   	0.919666   	-0.513026  	-0.340947  	0.787553   	0.92515    	0.222421   	0.0576809  	0.973      	0.881858   	0.312737   	0.297381   	0.901652   	0.889759   	-0.216297  	-0.242053  	0.945418   	0.883053   	0.512785   	0.36362    	0.77743    	0.925401   	-0.318233  	-0.137627  	0.937744   	0.890023   	22.3915    	78.9512    	13.8212    	0.676963   	250.794    	23.6545    	1.87596    	4.64464    	149.24     	35.5384    	10.6643    	4.01628    	225.39     	22.3495    	18.0386    	6.43278    	7.94208    	73.6731    	6.0893     	0.485157   	203.59     	35.3396    	4.54705    	6.39418    	147.272    	48.5189    	9.14642    	3.6522     	262.861    	13.98      	14.0167    	7.3838     	26.5928    	77.2654    	2.37107    	0.524524   	49.0004    	60.1943    	1.91932    	0.690507   	87.9868    	50.6055    	10.9482    	1.23542    	239.603    	8.60737    	7.51164    	5.831      	241.716    	12.7724    	4.90066    	4.91453    	90.3749    	56.5043    	4.50658    	1.63649    	44.9433    	78.4137    	12.451     	0.935585   	2646.45	411.374	1948.51	3364.84	1170.25	956.855	1805.53	2635.29	421.518	335.244	2115.13	1413.01	954.741	807.15	2408.22	-1.50866e-07	-4.92532e-06	1          	0.796274   	0.141283   	0.143791   	1.50494    	1.50494    	5.23253	
1.6e-10    	5.2        	0.431753   	0.223181   	0.873887   	0.895661   	0.14862    	0.189458   	0.970515   	0.874686   	-0.562567  	-0.398567  	0.724246   	0.919314   	0.525497   	0.389702   	0.75623    	0.909347   	-0.50142   	-0.282854  	0.817588   	0.907102   	-0.0260527 	-0.11102   	0.993425   	0.87375    	-0.0991001 	0.0279115  	0.994617   	0.87329    	-0.463716  	-0.365397  	0.807053   	0.896909   	0.547916   	0.330247   	0.768497   	0.917257   	-0.572934  	-0.366745  	0.732866   	0.924625   	0.22451    	0.0614118  	0.972452   	0.875604   	0.376199   	0.322486   	0.868539   	0.884712   	-0.267079  	-0.261981  	0.927299   	0.877106   	0.578054   	0.390694   	0.716296   	0.925493   	-0.339428  	-0.148446  	0.928756   	0.884338   	22.2146    	11.9626    	1.61734    	3.17392    	9.57275    	24.3963    	4.79526    	2.15698    	22.5829    	18.2266    	3.98836    	0.477583   	14.3892    	18.4857    	1.65197    	0.670003   	23.4986    	16.1377    	2.52661    	2.13528    	11.1842    	19.1792    	2.95304    	2.01138    	23.3029    	18.807     	2.41986    	2.29253    	14.1409    	22.8936    	2.11369    	1.10896    	27.2376    	18.1897    	3.45281    	2.31843    	29.0405    	17.528     	6.91243    	1.33401    	28.1742    	23.6081    	1.82088    	3.64241    	12.7557    	21.7409    	3.94159    	1.38876    	11.1303    	31.339     	6.33554    	1.81402    	22.9372    	17.548     	5.67157    	0.592464   	31.3232    	22.1531    	1.95719    	3.61169    	287.443	906.948	696.399	282.164	446.075	562.775	479.046	361.623	600.647	1205.6	376.707	727.796	1183.05	980.964	370.304	1.16181e-05	4.69344e-06	1          	0.76581    	0.150922   	0.147775   	1.24225    	1.24224    	3.90078	
1.7e-10    	5          	0.476164   	0.22449    	0.850177   	0.890357   	0.172454   	0.191189   	0.966252   	0.86853    	-0.628149  	-0.401203  	0.666601   	0.914911   	0.590092   	0.391681   	0.705901   	0.902873   	-0.553153  	-0.282912  	0.783521   	0.901688   	-0.0386858 	-0.112323  	0.992888   	0.868248   	-0.0963386 	0.0350653  	0.994688   	0.866664   	-0.526177  	-0.369596  	0.76581    	0.889265   	0.604553   	0.326184   	0.726667   	0.912357   	-0.634082  	-0.362829  	0.682801   	0.921234   	0.23814    	0.0532981  	0.96972    	0.867915   	0.430542   	0.329111   	0.840387   	0.875347   	-0.306961  	-0.267485  	0.913329   	0.868753   	0.642836   	0.390551   	0.658872   	0.922532   	-0.370759  	-0.144992  	0.917296   	0.877596   	7.3357     	15.5529    	1.74617    	1.69172    	12.2925    	7.61022    	4.83932    	5.34952    	9.89495    	20.7177    	7.36676    	1.05597    	10.0706    	15.7613    	2.16079    	1.38514    	5.48675    	19.1188    	1.71232    	0.910996   	10.0305    	8.00855    	3.00636    	2.93057    	14.5554    	11.1117    	2.36182    	2.02592    	11.3349    	9.94364    	3.10776    	1.56871    	5.25431    	17.3994    	3.0471     	0.715529   	5.54522    	16.45      	5.14142    	0.578207   	10.52      	16.7943    	2.69538    	2.25182    	15.4164    	6.29717    	2.65863    	2.88426    	10.6093    	6.77937    	5.67973    	5.76109    	12.7624    	19.5993    	9.93532    	1.13638    	8.54061    	18.3073    	1.86025    	3.06003    	301.466	842.478	1213.03	349.842	296.745	532.544	428.574	517.953	519.007	851.107	479.684	455.219	975.445	1650.92	322.813	2.82366e-06	-3.15515e-06	1          	0.735371   	0.14416    	0.143887   	1.068      	1.068      	3.54429	
1.8e-10    	4.8        	0.494918   	0.250793   	0.831865   	0.882282   	0.180025   	0.210785   	0.960702   	0.860609   	-0.65392   	-0.445974  	0.610916   	0.906834   	0.617189   	0.439246   	0.652591   	0.894139   	-0.569736  	-0.312589  	0.759934   	0.892775   	-0.0494812 	-0.130331  	0.990167   	0.861037   	-0.0859847 	0.0480356  	0.995066   	0.857028   	-0.555378  	-0.416803  	0.719474   	0.878667   	0.621351   	0.358424   	0.696595   	0.904081   	-0.650972  	-0.396066  	0.6474     	0.913962   	0.240143   	0.0505827  	0.969349   	0.852591   	0.453208   	0.371149   	0.810371   	0.85994    	-0.320979  	-0.29922   	0.898452   	0.853417   	0.662629   	0.429349   	0.613451   	0.914785   	-0.382882  	-0.157824  	0.910129   	0.864768   	28.281     	12.8257    	11.0079    	2.19298    	29.7946    	37.2852    	3.68338    	7.10469    	19.406     	60.9422    	14.2807    	2.69157    	15.8579    	63.0553    	9.77212    	2.99908    	28.9876    	27.16      	6.15731    	1.26384    	21.5702    	19.8319    	4.89865    	5.84531    	24.1967    	16.7546    	6.82557    	5.71632    	10.0498    	49.5226    	4.84981    	6.20122    	23.2182    	39.8191    	7.85365    	1.57228    	16.1938    	54.1837    	11.4264    	0.943605   	25.0961    	10.2637    	9.02308    	5.0555     	15.382     	37.1184    	2.36977    	10.2761    	27.8694    	39.1682    	5.87762    	7.08587    	19.2687    	60.3515    	9.31057    	1.25601    	29.6009    	13.7028    	6.80691    	2.48947    	1767.81	614.234	2196.72	1485.13	975.548	798.273	1086.07	747.907	1238.24	1797.1	1409.22	372.308	947.635	1424.39	1048.79	-9.0144e-06	-8.20556e-06	1          	0.704928   	0.14151    	0.145225   	0.97817    	0.978168   	3.11335	
1.9e-10    	4.6        	0.508828   	0.286659   	0.811669   	0.882385   	0.201381   	0.218177   	0.954836   	0.868553   	-0.692252  	-0.492093  	0.527769   	0.904649   	0.656554   	0.480799   	0.581107   	0.891925   	-0.58669   	-0.346472  	0.731875   	0.887499   	-0.0736368 	-0.137815  	0.987635   	0.866047   	-0.055195  	0.0548659  	0.996872   	0.863755   	-0.602607  	-0.45534   	0.655286   	0.8806     	0.646323   	0.39367    	0.653602   	0.895049   	-0.69158   	-0.441284  	0.571751   	0.908023   	0.216965   	0.0561729  	0.974479   	0.86287    	0.504522   	0.404725   	0.762552   	0.869945   	-0.351134  	-0.31536   	0.881547   	0.862507   	0.703112   	0.478138   	0.52621    	0.91464    	-0.389755  	-0.188513  	0.901347   	0.867482   	8.04868    	25.3867    	4.31596    	2.17618    	25.2041    	13.7959    	4.88134    	3.41329    	11.5461    	12.579     	7.78465    	1.61242    	15.9342    	6.18854    	6.04037    	1.63712    	11.5869    	20.0125    	4.76064    	0.816907   	32.6111    	15.8114    	2.07992    	1.87362    	43.5218    	11.9625    	4.73276    	3.68219    	26.3348    	7.27541    	9.82426    	2.64413    	9.78853    	16.4393    	5.11532    	0.892149   	8.29014    	13.073     	8.25327    	0.985142   	32.8622    	8.86721    	13         	6.45874    	39.4647    	10.4914    	7.1226     	5.37251    	29.3141    	8.30367    	4.97276    	4.54947    	9.94304    	17.1915    	14.466     	1.24089    	13.0163    	22.5352    	8.3925     	5.08756    	619.735	775.149	1112.16	841.583	703.847	343.826	735.761	1375.39	782.002	1189.46	1975.35	1040.86	777.143	2074.44	1249.86	-7.68606e-05	-3.11268e-05	1          	0.674409   	0.148651   	0.14652    	0.944974   	0.944977   	2.99825	
2e-10      	4.4        	0.539967   	0.29974    	0.78644    	0.878171   	0.206191   	0.207585   	0.956211   	0.866774   	-0.734137  	-0.499506  	0.459826   	0.894471   	0.691641   	0.482769   	0.537089   	0.881159   	-0.627127  	-0.356171  	0.692625   	0.876027   	-0.0686973 	-0.129259  	0.989188   	0.860544   	-0.0521088 	0.0591462  	0.996849   	0.85931    	-0.640836  	-0.461844  	0.613132   	0.871095   	0.683699   	0.396452   	0.61257    	0.882395   	-0.735937  	-0.446312  	0.508979   	0.896653   	0.213898   	0.0505889  	0.9755     	0.862955   	0.545076   	0.411469   	0.7304     	0.866023   	-0.359841  	-0.307808  	0.880731   	0.852293   	0.738455   	0.484507   	0.468814   	0.904751   	-0.419986  	-0.203405  	0.884375   	0.854847   	8.06381    	22.4966    	2.87455    	1.14487    	8.41927    	7.0552     	2.70872    	1.60527    	6.00529    	22.5468    	3.68103    	1.19191    	5.53231    	18.8519    	8.55546    	0.918081   	11.0969    	20.2424    	8.14236    	1.06647    	13.1321    	10.9168    	2.16889    	2.04314    	10.6325    	12.3752    	1.77392    	1.61548    	9.90591    	14.4321    	6.67082    	1.06679    	8.14503    	29.2871    	7.69577    	1.08566    	9.84173    	30.1076    	8.6698     	2.22348    	9.03971    	17.0844    	2.94293    	2.32313    	16.0384    	10.8454    	6.53973    	2.60334    	11.0971    	8.3822     	7.33083    	2.72279    	6.79348    	35.4766    	9.1228     	1.4336     	9.22618    	27.276     	3.27717    	4.55195    	400.2	415.089	494.471	1170.11	1086.21	326.341	279.169	902.39	1015.18	1163.16	473.418	906.074	1024.1	1262.76	443.814	-0.000347848	-0.000127582	1          	0.64365    	0.15789    	0.148197   	0.937478   	0.937464   	2.82341	
2.1e-10    	4.2        	0.555604   	0.322618   	0.766213   	0.868585   	0.198171   	0.210942   	0.957158   	0.862773   	-0.749565  	-0.531757  	0.394001   	0.878865   	0.700434   	0.510558   	0.498561   	0.863623   	-0.648738  	-0.382627  	0.65772    	0.858323   	-0.055704  	-0.129293  	0.990005   	0.851765   	-0.0600589 	0.0612238  	0.996261   	0.849133   	-0.648717  	-0.489056  	0.582897   	0.854424   	0.702404   	0.421891   	0.573085   	0.862611   	-0.757     	-0.471838  	0.451784   	0.876338   	0.21404    	0.0491378  	0.975553   	0.85643    	0.556307   	0.434003   	0.708512   	0.854206   	-0.352268  	-0.320194  	0.879358   	0.831044   	0.745825   	0.506731   	0.432213   	0.884594   	-0.439958  	-0.216901  	0.871365   	0.829955   	6.7098     	33.9788    	2.36698    	0.812174   	13.3531    	9.00733    	3.06835    	1.17302    	14.3382    	32.1895    	2.03955    	1.72413    	19.3653    	26.9038    	3.05101    	1.50885    	7.49202    	32.0337    	3.02295    	1.00446    	13.7116    	6.88434    	1.66122    	1.46395    	20.2387    	10.937     	1.99834    	1.76626    	37.1883    	17.6435    	11.7454    	1.38866    	7.55872    	46.6122    	10.1683    	1.36363    	18.828     	44.7293    	3.68292    	1.69257    	6.86027    	12.1837    	2.92973    	1.91501    	26.595     	23.024     	3.6258     	1.62505    	18.9192    	11.4154    	2.49622    	1.57303    	17.9387    	31.7535    	3.24139    	2.26366    	5.06017    	24.059     	4.02503    	1.75884    	291.608	461.048	265.104	395.672	372.392	247.23	260.567	1516.98	1275.94	468.617	387.587	478.703	363.243	436.356	464.273	-0.000757324	-0.00035179	1          	0.612482   	0.154543   	0.146918   	0.965409   	0.965377   	3.13188	
2.2e-10    	4          	0.563696   	0.349543   	0.748326   	0.859354   	0.19919    	0.203889   	0.958396   	0.861459   	-0.766389  	-0.557929  	0.317771   	0.865061   	0.718452   	0.532148   	0.447572   	0.847028   	-0.661315  	-0.413435  	0.625821   	0.841568   	-0.0604753 	-0.1185    	0.991045   	0.846495   	-0.0537975 	0.0498067  	0.997275   	0.842917   	-0.668971  	-0.505736  	0.544443   	0.837032   	0.717965   	0.449644   	0.531197   	0.843983   	-0.774379  	-0.495838  	0.392785   	0.857748   	0.202917   	0.0536235  	0.9777     	0.852651   	0.577927   	0.450868   	0.680106   	0.839291   	-0.351419  	-0.322586  	0.878755   	0.814283   	0.758764   	0.528845   	0.379904   	0.866205   	-0.45481   	-0.238049  	0.858142   	0.811334   	8.29782    	13.7987    	1.43793    	1.08133    	24.6277    	43.7376    	1.34013    	0.970352   	48.057     	67.8691    	2.39985    	2.06122    	38.6743    	55.1428    	1.73459    	1.34559    	12.2122    	11.825     	1.49615    	1.90827    	12.0125    	25.8156    	1.20564    	1.18883    	9.95295    	9.28569    	1.37838    	1.46782    	35.3524    	46.5571    	1.77033    	1.32639    	19.0156    	31.298     	2.09203    	1.65793    	22.4266    	38.0721    	1.81381    	2.48246    	6.65281    	8.44557    	1.3775     	1.12401    	22.7359    	26.5078    	1.63801    	1.23044    	26.6107    	35.3658    	1.70234    	1.46177    	32.0059    	50.3191    	2.32401    	2.13277    	6.52875    	11.8792    	1.93445    	1.05639    	207.781	216.259	297.735	216.533	197.379	180.172	195.356	217.875	262.813	223.055	206.984	200.842	222.826	295.202	230.687	-0.00109746	-0.00055758	0.999999   	0.581009   	0.151304   	0.141712   	1.03269    	1.03262    	3.0463	
2.3e-10    	3.8        	0.579335   	0.355633   	0.73338    	0.846289   	0.208979   	0.183041   	0.960609   	0.862074   	-0.801363  	-0.549842  	0.235429   	0.8481     	0.754372   	0.526307   	0.392231   	0.825188   	-0.685554  	-0.419071  	0.595265   	0.820495   	-0.0696389 	-0.104017  	0.992109   	0.844605   	-0.040702  	0.0404163  	0.998333   	0.840324   	-0.706381  	-0.500903  	0.500059   	0.814588   	0.743117   	0.453453   	0.492024   	0.820817   	-0.803239  	-0.497703  	0.327155   	0.83497    	0.190493   	0.0576116  	0.979967   	0.852394   	0.611115   	0.444947   	0.654587   	0.819564   	-0.368894  	-0.30052   	0.879506   	0.797744   	0.789698   	0.522709   	0.321071   	0.842784   	-0.465646  	-0.250857  	0.848643   	0.791713   	4.43539    	8.99446    	1.38352    	0.4865     	6.16749    	9.38385    	1.34831    	0.761435   	7.26785    	10.6163    	1.97996    	1.22364    	8.72202    	12.0336    	2.09713    	1.11594    	4.58801    	9.53305    	1.6445     	0.826112   	7.48737    	6.80242    	1.54467    	1.52585    	5.29614    	6.30536    	1.45324    	1.46494    	6.96564    	9.4844     	1.66075    	1.32185    	5.24296    	13.2934    	1.50186    	1.15379    	4.16867    	14.9805    	1.58787    	1.35215    	6.06029    	10.5847    	1.48167    	1.14637    	8.06989    	11.9907    	1.46263    	0.956026   	7.60492    	10.6429    	1.12346    	0.638775   	5.67642    	13.2203    	1.40652    	1.1367     	5.32078    	6.77368    	1.20479    	0.647061   	172.908	216.195	233.048	240.216	193.42	236.53	201.865	191.67	179.236	189.308	219.257	173.971	160.708	166.138	154.759	-0.00151856	-0.000781191	0.999998   	0.549175   	0.154785   	0.141443   	1.15806    	1.15794    	3.0901	
2.4e-10    	3.6        	0.586866   	0.360692   	0.724869   	0.825845   	0.204479   	0.175121   	0.963056   	0.865801   	-0.817591  	-0.557222  	0.1449     	0.82296    	0.773753   	0.538554   	0.333463   	0.794015   	-0.700625  	-0.431036  	0.568565   	0.789744   	-0.0703935 	-0.0995546 	0.9925     	0.846554   	-0.0357223 	0.038534   	0.99857    	0.842051   	-0.727014  	-0.513362  	0.455912   	0.782906   	0.760545   	0.465991   	0.452046   	0.788259   	-0.821243  	-0.509686  	0.256308   	0.801687   	0.178814   	0.0557422  	0.982252   	0.855453   	0.627681   	0.453042   	0.633018   	0.791288   	-0.365872  	-0.298595  	0.881424   	0.781528   	0.808021   	0.531019   	0.255092   	0.80948    	-0.473654  	-0.251945  	0.843861   	0.770358   	3.92811    	10.7108    	1.20987    	0.89643    	5.92527    	7.17492    	1.3223     	0.84957    	6.54455    	8.29713    	2.23031    	2.66992    	7.96118    	9.81622    	1.45491    	1.98845    	3.77815    	13.1027    	1.39695    	1.64742    	7.07759    	15.4161    	0.882472   	0.866925   	8.76178    	18.7318    	1.00785    	1.00311    	7.48132    	6.60979    	1.43248    	2.10513    	4.11876    	16.3772    	1.20803    	2.04866    	4.77627    	18.8763    	1.97944    	3.37702    	8.968      	20.1357    	0.976232   	0.869546   	8.86825    	6.17735    	1.05684    	1.53646    	9.85597    	7.2794     	1.02729    	0.682784   	5.64169    	8.93254    	1.57449    	3.3011     	5.16478    	12.3307    	1.04016    	0.671131   	143.139	220.386	255.495	161.472	148.882	169.579	164.325	152.462	138.461	210.67	189.068	126.227	147.108	173.103	120.37	-0.00192407	-0.00107448	0.999997   	0.516792   	0.146957   	0.151725   	1.29994    	1.29976    	3.25393	
2.5e-10    	3.4        	0.583482   	0.370337   	0.72273    	0.798772   	0.188547   	0.172724   	0.966736   	0.872388   	-0.814182  	-0.57911   	0.0406504  	0.790146   	0.77769    	0.56875    	0.267596   	0.753212   	-0.710403  	-0.447256  	0.543334   	0.749669   	-0.0607298 	-0.104527  	0.99265    	0.853241   	-0.0390339 	0.0455341  	0.998186   	0.84919    	-0.732546  	-0.544137  	0.408884   	0.741254   	0.772927   	0.484685   	0.409361   	0.74619    	-0.831645  	-0.527511  	0.173173   	0.75884    	0.170073   	0.0486394  	0.984216   	0.86349    	0.629291   	0.472363   	0.617081   	0.752799   	-0.351154  	-0.298984  	0.887273   	0.764181   	0.813134   	0.55363    	0.179453   	0.765284   	-0.470558  	-0.257863  	0.8438     	0.744952   	4.48031    	11.0866    	0.818203   	0.788971   	5.34739    	5.98405    	0.923146   	0.687266   	7.81967    	12.9395    	2.72053    	1.78222    	9.88119    	15.9812    	1.81374    	1.61844    	4.53703    	13.0781    	1.26723    	1.30148    	4.25155    	5.22039    	0.998118   	0.924439   	3.3709     	4.71645    	0.832765   	0.854225   	8.51754    	14.8368    	1.60579    	1.67434    	6.34341    	13.8927    	1.28875    	1.69165    	6.92492    	18.4856    	2.1979     	1.84541    	3.94904    	4.52911    	0.843748   	0.705913   	7.68588    	10.2206    	1.01385    	1.1873     	4.84828    	5.59125    	0.863216   	0.526507   	8.31219    	16.2058    	2.05348    	2.0057     	5.97365    	12.7165    	0.833104   	0.702961   	115.168	185.209	288.111	178.896	128.767	209.902	172.566	156.53	133.028	215.685	195.233	112.445	141.604	205.833	115.548	-0.00246653	-0.00134797	0.999996   	0.483642   	0.154941   	0.144961   	1.76342    	1.76306    	3.54067	
2.6e-10    	3.2        	0.575886   	0.36819    	0.72988    	0.762777   	0.174456   	0.155303   	0.972327   	0.882449   	-0.813218  	-0.575564  	-0.0855737 	0.747455   	0.793058   	0.578754   	0.189774   	0.698846   	-0.722517  	-0.454677  	0.520729   	0.697318   	-0.0563791 	-0.0960837 	0.99376    	0.864757   	-0.0401085 	0.0463395  	0.998096   	0.860817   	-0.747916  	-0.558214  	0.35906    	0.684521   	0.792461   	0.490191   	0.362854   	0.69072    	-0.84717   	-0.526531  	0.0708173  	0.70184    	0.159358   	0.0359833  	0.986545   	0.876622   	0.63186    	0.479235   	0.609114   	0.700143   	-0.336041  	-0.281577  	0.898747   	0.744302   	0.826214   	0.556628   	0.0865066  	0.706034   	-0.460426  	-0.25182   	0.851201   	0.714989   	4.50348    	11.322     	0.940424   	1.04205    	3.03375    	5.14146    	0.9169     	0.677429   	6.4146     	10.3227    	3.61874    	2.44288    	7.40882    	11.2875    	2.02342    	3.10246    	4.21417    	12.1648    	1.40139    	2.26208    	3.57923    	5.32074    	0.885176   	0.776787   	6.31502    	7.85236    	0.985213   	0.937078   	8.81208    	10.3139    	1.81035    	2.97197    	3.02298    	8.61073    	1.76274    	2.83921    	3.21281    	7.83252    	2.66368    	3.14116    	5.9523     	6.28374    	0.937306   	0.8251     	7.40624    	7.08786    	1.22286    	2.30978    	5.04229    	4.89168    	0.725611   	0.694454   	3.52102    	7.34054    	2.67448    	3.06097    	4.03566    	6.89062    	0.673607   	0.964103   	120.414	227.984	345.45	179.173	124.155	216.427	244.114	146.586	147.383	233.244	254.911	105.288	149.936	232.017	104.204	-0.00305136	-0.00159134	0.999994   	0.449411   	0.148304   	0.144919   	2.64753    	2.64716    	4.21496	
2.7e-10    	3          	0.545526   	0.368405   	0.752622   	0.713337   	0.15115    	0.136222   	0.979049   	0.898149   	-0.779151  	-0.575011  	-0.248442  	0.693314   	0.794452   	0.600209   	0.0895551  	0.626404   	-0.713261  	-0.483995  	0.506498   	0.623458   	-0.0570854 	-0.0792102 	0.995206   	0.882581   	-0.0285153 	0.0283644  	0.999174   	0.879124   	-0.756755  	-0.580119  	0.300404   	0.606691   	0.790291   	0.528398   	0.309391   	0.613431   	-0.828242  	-0.555769  	-0.067607  	0.622863   	0.129038   	0.0426062  	0.99071    	0.895383   	0.619645   	0.48561    	0.616265   	0.626125   	-0.302624  	-0.260794  	0.916653   	0.722932   	0.815305   	0.577137   	-0.0405593 	0.626109   	-0.422706  	-0.249252  	0.871249   	0.677724   	21.92      	28.6921    	0.708637   	2.17059    	9.08665    	10.1493    	1.23084    	0.802665   	48.6224    	58.2194    	6.61845    	4.04743    	42.7967    	50.9938    	3.07333    	5.77129    	31.4108    	45.2816    	1.62594    	4.98923    	3.85904    	6.00537    	0.940997   	0.823379   	3.78836    	6.61863    	0.996169   	0.96784    	35.3902    	48.7011    	2.20377    	5.94602    	30.225     	50.7957    	2.27964    	5.39966    	37.7332    	53.0119    	4.69328    	6.78195    	3.63926    	5.00935    	0.834847   	0.690119   	32.379     	41.1703    	1.24076    	5.12876    	15.4063    	16.827     	0.65852    	0.879195   	38.2604    	51.6847    	3.65052    	7.16437    	8.51307    	14.1887    	0.771224   	1.57235    	108.426	368.354	571.67	226.862	113.16	306.448	313.724	154.253	154.723	360.761	346.235	103.83	171.135	265.548	97.3064	-0.00310739	-0.00196048	0.999993   	0.413552   	0.155353   	0.164106   	4.83366    	4.83297    	5.10786	
2.8e-10    	2.8        	0.477956   	0.337767   	0.810784   	0.637824   	0.117806   	0.0976083  	0.988196   	0.920087   	-0.702721  	-0.52022   	-0.484947  	0.608452   	0.788782   	0.611202   	-0.0620707 	0.509193   	-0.692163  	-0.495837  	0.524343   	0.506022   	-0.0523479 	-0.0611948 	0.996719   	0.908806   	-0.0197822 	0.0155474  	0.999657   	0.906743   	-0.764779  	-0.599909  	0.234562   	0.479365   	0.792059   	0.558106   	0.247109   	0.486624   	-0.786837  	-0.543993  	-0.291032  	0.49734    	0.0925106  	0.0362154  	0.995036   	0.921856   	0.580169   	0.457553   	0.67371    	0.509335   	-0.249505  	-0.197257  	0.948008   	0.696712   	0.79102    	0.558047   	-0.250167  	0.497121   	-0.338398  	-0.215066  	0.916042   	0.628402   	12.5783    	10.68      	0.669894   	7.04327    	7.96057    	12.8987    	2.02361    	1.26413    	23.8706    	32.8756    	13.1281    	10.8639    	20.6866    	34.0634    	6.17014    	18.2382    	14.4388    	13.0961    	2.59323    	17.6593    	9.62007    	12.4727    	1.85079    	1.67327    	6.88504    	10.6924    	1.61379    	1.52754    	13.877     	23.2635    	3.94082    	22.0598    	13.9793    	11.4461    	4.1064     	20.2587    	22.8302    	21.7173    	8.67906    	25.1705    	6.19826    	4.72804    	1.85387    	1.47581    	14.1372    	21.6257    	1.90605    	19.9281    	7.17758    	16.8736    	0.396862   	1.14112    	20.2486    	27.2257    	8.45405    	25.3048    	11.3178    	7.20962    	0.434476   	2.8385     	107.978	675.131	977.523	379.13	127.838	601.222	558.525	218.546	228.906	544.504	698.685	75.5916	217.391	525.242	150.68	-0.00238425	-0.00137495	0.999996   	0.375845   	0.138254   	0.148404   	10.247     	10.2475    	8.12222	
2.9e-10    	2.6        	0.266367   	0.196573   	0.943019   	0.524141   	0.0465561  	0.0443883  	0.997872   	0.948343   	-0.389419  	-0.309832  	-0.865558  	0.486403   	0.644491   	0.59275    	-0.479003  	0.285914   	-0.539752  	-0.434458  	0.71975    	0.303625   	-0.0191869 	-0.0352064 	0.999166   	0.944213   	-0.0175954 	0.0123735  	0.999757   	0.944609   	-0.697934  	-0.693489  	0.171829   	0.226368   	0.764094   	0.61993    	0.17458    	0.231561   	-0.516948  	-0.377015  	-0.765885  	0.316862   	0.0457407  	0.0116146  	0.998863   	0.950944   	0.333676   	0.312283   	0.888218   	0.343892   	-0.109344  	-0.0873581 	0.98996    	0.675751   	0.545077   	0.375871   	-0.746512  	0.313207   	-0.155222  	-0.0942519 	0.983078   	0.584931   	111.766    	56.0761    	0.700668   	33.5662    	24.9701    	13.8515    	4.31596    	2.57227    	243.984    	114.848    	29.1481    	51.6799    	235.388    	81.5534    	20.048     	183.273    	148.083    	57.6851    	3.39929    	127.401    	12.734     	7.65823    	4.59721    	4.06145    	4.11347    	3.98375    	4.72296    	4.76691    	217.075    	61.7433    	9.77588    	234.338    	191.161    	66.5205    	10.5009    	237.561    	194.134    	89.9908    	15.454     	99.0546    	7.41585    	8.76215    	3.11366    	2.5698     	139.103    	54.8677    	2.11011    	72.7392    	48.4514    	24.1261    	0.736683   	0.712324   	199.47     	95.1584    	20.9722    	104.643    	56.4393    	28.9212    	0.283088   	3.46674    	100.76	1402.2	1843.99	1116.63	67.1102	1467.13	1526.67	338.2	397.884	871.438	1055.06	35.5069	473.261	1346.32	315.599	-9.79777e-05	-7.39518e-05	1          	0.339533   	0.147262   	0.152683   	23.5922    	23.5932    	13.8949	
3e-10      	2.4        	0.00823613 	0.00542506 	0.999244   	0.483653   	0.000836953	0.00125907 	0.999971   	0.956376   	-0.0103884 	-0.00836516	-0.9985    	0.465735   	0.0193449  	0.0212386  	-0.9918    	0.180944   	-0.0182634 	-0.0163626 	0.994903   	0.19951    	1.79639e-05	-0.00068872	0.999986   	0.955805   	-0.00139582	-6.36903e-05	0.999989   	0.955855   	-0.127006  	-0.0549966 	0.854388   	0.0143722  	0.215205   	0.0689467  	0.839247   	0.0154741  	-0.0162487 	-0.00724923	-0.997108  	0.276748   	0.00168527 	7.5406e-05 	0.99998    	0.957056   	0.00966186 	0.00676949 	0.998475   	0.293307   	-0.00255519	-0.00185825	0.999878   	0.671766   	0.0134052  	0.00962792 	-0.997061  	0.275088   	-0.00356598	-0.00255173	0.999791   	0.576459   	81.042     	58.7311    	0.138721   	2.73013    	8.85678    	11.3054    	0.424786   	0.334364   	137.105    	114.543    	2.18905    	1.56074    	144.973    	131.761    	2.36208    	27.12      	116.888    	92.5411    	0.464681   	25.422     	4.3595     	6.01059    	0.666583   	0.632836   	4.06206    	2.95228    	0.567064   	0.558298   	97.2466    	113.136    	1.01194    	174.782    	117.345    	105.605    	1.08572    	185.663    	108.951    	73.9799    	1.47143    	4.42069    	9.48981    	4.19743    	0.291343   	0.245707   	57.9717    	53.3678    	0.147137   	4.35717    	25.2405    	17.3558    	0.158099   	0.0482264  	115.936    	67.0793    	2.08663    	3.70323    	35.0272    	18.5469    	0.1319     	0.0766215  	8.48469	113.313	113.364	101.405	7.56806	172.612	147.055	29.3596	33.626	74.2526	81.4668	6.13081	45.4217	130.569	38.4954	4.67556e-06	1.15024e-05	1          	0.324817   	0.133818   	0.142699   	2.0386     	2.03858    	5.34226	
3.1e-10    	2.2        	0.000292993	0.000722834	0.999964   	0.47693    	-9.89192e-06	-0.000354  	0.999992   	0.951275   	-0.000181629	-2.0779e-05	-0.999958  	0.473416   	0.0054637  	0.00233523 	-0.999724  	0.187344   	-0.00511219	0.000586945	0.99976    	0.191377   	-5.85187e-05	-0.000583334	0.999992   	0.950698   	-0.000274528	0.000226293	0.999992   	0.950705   	-0.0391509 	-0.078881  	0.46844    	0.00437005 	0.0804391  	0.049903   	0.568269   	0.004496   	-0.000864886	-0.00208688	-0.99989   	0.283487   	0.000358965	0.000412531	0.999992   	0.951816   	-0.000294516	0.0005148  	0.999903   	0.286537   	0.000221106	-0.000565988	0.999983   	0.666284   	-0.000172848	0.00133903 	-0.999879  	0.282229   	-0.000174648	-4.43361e-05	0.999975   	0.570755   	3.65161    	2.93885    	0.0620964  	0.0617865  	3.04739    	2.78964    	0.0568874  	0.057008   	3.84684    	3.79332    	0.0784347  	0.0786082  	3.84793    	3.46596    	0.0734247  	0.074858   	4.29023    	2.40837    	0.0710865  	0.0729807  	3.12648    	2.91327    	0.0601888  	0.0601411  	2.80845    	2.86442    	0.0561129  	0.0560385  	3.73029    	3.82743    	0.0758626  	1.30857    	3.91039    	3.12844    	0.0784319  	1.19305    	3.57673    	3.39965    	0.0665767  	0.0672798  	2.8946     	2.97233    	0.0533189  	0.0532552  	3.37006    	3.02472    	0.0576911  	0.058236   	2.92379    	3.09971    	0.0545094  	0.0546185  	4.25942    	3.43537    	0.068662   	0.0680495  	3.32129    	3.26825    	0.0547346  	0.0547277  	4.67804	5.94003	5.326	5.73179	5.06352	5.77945	6.08193	5.21928	5.54059	4.87033	5.41526	4.4656	5.06027	5.11526	4.98635	7.06282e-06	-1.41619e-05	1          	0.31826    	0.143752   	0.137552   	0.108788   	0.108786   	1.47741	
3.2e-10    	2          	-0.00114535	-0.00144483	0.999944   	0.467812   	0.00057851 	0.000823747	0.999982   	0.940813   	-5.87343e-05	-0.000154673	-0.999958  	0.479709   	0.00160093 	0.000528997	-0.999704  	0.194621   	0.00578304 	0.00652966 	0.999603   	0.183017   	-0.0014495 	-0.00137361	0.999979   	0.940034   	0.000518174	8.24362e-05	0.99998    	0.940037   	0.0216928  	0.0314918  	-0.811459  	0.00769781 	-0.0847364 	-0.060919  	-0.804203  	0.00712688 	0.00308458 	8.59118e-05	-0.999883  	0.29002    	-0.000186918	-7.26579e-05	0.999984   	0.94159    	-0.00277393	0.000162217	0.999816   	0.278191   	-0.000234855	-0.00036852	0.999969   	0.656971   	-0.000344288	-0.000245495	-0.999906  	0.288666   	0.000440718	0.000605372	0.999959   	0.561626   	4.76884    	4.88904    	0.0956675  	0.095752   	5.44539    	6.97865    	0.101657   	0.101103   	3.57022    	4.29692    	0.0686591  	0.0683738  	4.56437    	4.43656    	0.0771744  	0.0768181  	4.23681    	5.46946    	0.079859   	0.0833256  	6.55799    	7.20272    	0.118006   	0.118135   	6.77345    	7.28762    	0.108093   	0.107528   	5.27199    	4.50105    	0.0791548  	0.896123   	4.68283    	3.84056    	0.078734   	0.865078   	4.64571    	2.94253    	0.0609843  	0.0608289  	6.46101    	4.6729     	0.107959   	0.107545   	5.91723    	5.31371    	0.0830931  	0.0841244  	4.75979    	5.96243    	0.0894499  	0.0894243  	3.20113    	3.11601    	0.0641259  	0.0632133  	5.28027    	5.00552    	0.0872085  	0.0875942  	6.27879	7.2288	7.90862	6.62568	5.71248	7.02904	7.01152	6.07219	5.92713	6.70896	6.82548	5.77229	5.74796	6.62488	5.64537	-1.78885e-05	1.13839e-05	1          	0.309688   	0.140141   	0.147046   	0.262523   	0.262527   	1.56441	
3.3e-10    	1.8        	0.142134   	0.0538286  	0.985841   	0.446057   	-0.0980385 	-0.0554809 	0.99254    	0.909358   	0.051963   	0.0526397  	-0.996906  	0.490341   	-0.188695  	-0.142341  	-0.968463  	0.215533   	-0.305678  	-0.0680171 	0.935859   	0.171569   	0.104075   	0.047923   	0.992237   	0.906892   	-0.107208  	-0.0466786 	0.992056   	0.906922   	0.778887   	0.461244   	-0.363891  	0.0749965  	0.747591   	0.0367646  	-0.540584  	0.0472113  	-0.048861  	0.0245602  	-0.997559  	0.30184    	0.102269   	0.0406296  	0.99294    	0.910247   	-0.287113  	-0.16164   	0.937255   	0.271323   	0.123261   	0.0920713  	0.986343   	0.634277   	-0.00582898	-0.105527  	-0.993679  	0.299707   	-0.141585  	-0.0492037 	0.986639   	0.537497   	222.215    	182.501    	3.14323    	4.07214    	351.578    	372.807    	6.66881    	4.31704    	21.5376    	47.2395    	0.182606   	0.572552   	47.4992    	72.3487    	0.538058   	6.4606     	174.557    	147.66     	1.62215    	14.3297    	389.429    	385.24     	7.45848    	4.78829    	383.847    	328.89     	7.05373    	4.34092    	87.9612    	130.757    	1.1832     	153.252    	113.314    	55.5983    	0.840069   	76.6398    	49.5476    	19.987     	0.240166   	0.505005   	364.874    	289.021    	6.57987    	3.91277    	174.487    	218.706    	2.41827    	15.5492    	231.049    	330.658    	4.34121    	4.74213    	9.18344    	42.993     	0.156146   	0.675787   	268.382    	207.794    	4.63619    	4.44483    	40.1051	257.065	208.192	81.9863	14.5207	230.953	237.493	31.1212	32.2596	106.759	229.106	15.392	114.142	108.469	50.0231	-1.87929e-05	1.06668e-06	1          	0.284759   	0.145157   	0.144242   	33.2113    	33.2113    	75.2294	
3.4e-10    	1.6        	0.369809   	0.223639   	0.901224   	0.444727   	-0.238363  	-0.172374  	0.955572   	0.888914   	0.0940319  	0.105757   	-0.989882  	0.503981   	-0.32644   	-0.265611  	-0.906806  	0.249292   	-0.661307  	-0.404726  	0.629372   	0.209279   	0.249337   	0.171286   	0.952939   	0.885613   	-0.25109   	-0.170579  	0.952601   	0.885422   	0.742132   	0.582196   	-0.330581  	0.147358   	0.815666   	0.466632   	-0.336069  	0.137221   	-0.213932  	-0.090337  	-0.971454  	0.323685   	0.243555   	0.162753   	0.955918   	0.887994   	-0.507651  	-0.397586  	0.764091   	0.288644   	0.278008   	0.245868   	0.928365   	0.625872   	0.0388831  	-0.131607  	-0.990249  	0.31268    	-0.350625  	-0.211722  	0.911785   	0.531394   	60.7609    	33.9833    	1.025      	14.4065    	87.5892    	31.6152    	1.73693    	8.50904    	6.52154    	4.6197     	0.173034   	0.292519   	11.0542    	5.67476    	0.249545   	2.20754    	45.9526    	49.6119    	0.526207   	48.6402    	87.7291    	47.638     	1.93425    	10.7306    	82.4967    	55.1414    	1.93349    	10.5856    	12.5831    	6.71298    	0.411568   	10.9762    	48.9027    	63.9595    	0.397229   	84.3843    	60.7888    	43.0349    	0.177335   	4.99189    	91.3441    	47.3218    	1.97133    	9.56565    	8.53063    	5.94099    	0.746967   	2.62518    	56.4742    	10.3075    	1.38747    	5.27471    	5.71603    	17.1934    	0.180222   	0.462784   	81.2007    	33.8527    	1.45771    	15.8642    	21.0406	62.7371	56.9418	26.3161	14.8836	55.2048	56.5014	21.211	18.8998	34.744	58.1839	15.1978	33.4508	31.5336	25.9438	-1.40967e-05	-9.07607e-06	1          	0.250692   	0.141911   	0.139747   	7.05554    	7.05552    	13.3182	
3.5e-10    	1.4        	0.506839   	0.311546   	0.803581   	0.453479   	-0.339839  	-0.236149  	0.91027    	0.879011   	0.133204   	0.127738   	-0.98274   	0.516784   	-0.419457  	-0.304768  	-0.854748  	0.283101   	-0.75876   	-0.493754  	0.423991   	0.247527   	0.351858   	0.238878   	0.904977   	0.875104   	-0.35279   	-0.239309  	0.904506   	0.874773   	0.755761   	0.552562   	-0.350619  	0.201241   	0.79714    	0.499127   	-0.338421  	0.194737   	-0.305679  	-0.141635  	-0.941394  	0.346689   	0.34564    	0.232402   	0.909049   	0.877179   	-0.626971  	-0.491561  	0.604014   	0.313525   	0.393922   	0.320914   	0.861171   	0.626421   	0.043482   	-0.12334   	-0.991235  	0.323211   	-0.48568   	-0.299244  	0.821139   	0.538341   	8.84302    	19.7424    	0.831784   	3.66524    	17.1291    	33.721     	1.23828    	5.08398    	9.30365    	8.62384    	0.196987   	0.614545   	13.5006    	10.1619    	0.368832   	5.2765     	10.0598    	12.4317    	0.468176   	5.18621    	18.5388    	31.4982    	1.37209    	4.8691     	16.3123    	30.5041    	1.40551    	5.30321    	16.6494    	11.5951    	0.416771   	19.4389    	6.96742    	12.3894    	0.424741   	5.87242    	4.39441    	9.65414    	0.273152   	0.894395   	20.9636    	31.5097    	1.30381    	6.21559    	16.6489    	15.4845    	0.630215   	15.25      	24.6577    	18.4146    	0.887814   	8.24957    	7.63591    	7.2711     	0.201051   	0.391436   	14.1801    	25.8432    	0.989494   	6.23815    	22.0378	39.6089	36.3983	24.8468	18.3871	38.3374	36.7062	21.4437	19.1526	27.6786	37.828	18.1678	23.7233	24.3445	22.4189	-9.99507e-06	-4.36114e-06	1          	0.219188   	0.139368   	0.144402   	3.03552    	3.03554    	4.09414	
3.6e-10    	1.2        	0.606205   	0.353803   	0.711953   	0.461866   	-0.418896  	-0.279252  	0.863957   	0.870286   	0.159415   	0.14957    	-0.975762  	0.529676   	-0.470184  	-0.331925  	-0.817569  	0.314708   	-0.81271   	-0.507231  	0.285166   	0.277812   	0.433703   	0.284158   	0.854999   	0.865909   	-0.433196  	-0.286786  	0.854389   	0.86506    	0.752907   	0.547179   	-0.365031  	0.250504   	0.798161   	0.474859   	-0.369666  	0.231261   	-0.349654  	-0.143445  	-0.925706  	0.364631   	0.425442   	0.279314   	0.860752   	0.866906   	-0.69782   	-0.548741  	0.460006   	0.344637   	0.484014   	0.377075   	0.789534   	0.631428   	0.0439173  	-0.142249  	-0.988707  	0.333573   	-0.587509  	-0.348224  	0.730277   	0.546745   	33.0687    	13.0665    	0.828977   	7.03579    	28.9367    	10.5945    	1.16666    	3.14482    	6.0632     	5.91011    	0.286941   	0.508708   	8.30101    	6.94578    	0.429496   	2.37357    	25.0285    	10.9207    	0.70753    	8.5514     	30.3037    	12.7591    	1.54384    	4.32839    	26.5257    	10.2878    	1.44181    	3.7923     	12.4087    	7.76146    	0.540054   	8.59004    	9.45905    	11.0696    	0.51739    	3.85788    	6.32055    	6.90032    	0.434541   	1.14486    	22.925     	5.64702    	1.72679    	3.03344    	13.815     	6.8765     	0.936084   	6.03263    	23.1759    	8.66138    	0.993639   	3.73297    	5.68701    	7.74219    	0.226324   	0.450567   	32.0134    	6.9796     	0.976889   	7.55953    	21.4303	35.1502	28.9168	22.1131	21.4802	35.0238	36.5401	21.061	20.7241	26.5021	41.9494	21.8715	23.9074	21.6043	23.7202	-1.68534e-05	2.93873e-05	0.999999   	0.188228   	0.142635   	0.138813   	1.96959    	1.96959    	2.66316	
3.7e-10    	1          	0.697574   	0.381171   	0.60656    	0.484094   	-0.502251  	-0.313796  	0.805706   	0.872424   	0.185088   	0.163785   	-0.968913  	0.541494   	-0.512248  	-0.349523  	-0.784307  	0.34605    	-0.854342  	-0.489871  	0.17281    	0.317616   	0.519923   	0.319979   	0.791951   	0.867372   	-0.5198    	-0.322959  	0.790812   	0.866694   	0.761316   	0.529906   	-0.373274  	0.298424   	0.812327   	0.441386   	-0.380681  	0.272421   	-0.391998  	-0.146421  	-0.908112  	0.382185   	0.511829   	0.312716   	0.800081   	0.867794   	-0.76118   	-0.557367  	0.331291   	0.385227   	0.575815   	0.409714   	0.707403   	0.646947   	0.0435762  	-0.13538   	-0.989731  	0.3411     	-0.681503  	-0.383091  	0.623393   	0.57031    	16.9841    	10.0594    	1.08434    	10.738     	29.629     	15.5307    	1.52098    	11.7654    	8.29968    	7.10581    	0.421269   	1.19969    	10.697     	8.47081    	0.500788   	5.35135    	9.063      	9.88968    	1.02546    	9.34826    	25.0701    	15.2282    	1.85914    	9.99259    	26.4674    	18.2388    	2.31447    	10.5173    	9.39932    	7.54362    	0.758341   	8.2897     	10.9367    	9.95502    	0.706986   	10.1135    	7.15918    	8.09733    	0.49558    	2.0972     	28.8379    	15.532     	1.70496    	12.8381    	19.3361    	9.54778    	1.02941    	18.4711    	25.4997    	12.7378    	1.44818    	14.147     	3.61902    	6.1906     	0.316881   	0.483916   	22.7976    	15.043     	1.18267    	16.0071    	22.9829	33.5801	27.7105	21.8929	23.024	34.0225	34.9395	22.7497	21.7606	23.7021	33.978	23.8712	26.882	21.4626	22.4009	-3.97519e-05	2.00109e-06	0.999999   	0.157522   	0.145451   	0.147161   	1.57775    	1.57775    	2.11539	
3.8e-10    	0.8        	0.753222   	0.413461   	0.511237   	0.504349   	-0.556286  	-0.356601  	0.750463   	0.871594   	0.189961   	0.18403    	-0.964344  	0.551407   	-0.514693  	-0.376017  	-0.770379  	0.370847   	-0.868923  	-0.487449  	0.0839178  	0.354953   	0.578199   	0.361361   	0.731396   	0.868145   	-0.580179  	-0.364642  	0.728202   	0.867397   	0.743379   	0.542598   	-0.390784  	0.336451   	0.813451   	0.427958   	-0.393433  	0.308242   	-0.420274  	-0.149516  	-0.894869  	0.396974   	0.571363   	0.354503   	0.740092   	0.86699    	-0.776457  	-0.586937  	0.229023   	0.42115    	0.629114   	0.455304   	0.629887   	0.661425   	0.0625818  	-0.142355  	-0.987715  	0.347774   	-0.740194  	-0.422716  	0.522661   	0.59388    	8.21436    	43.8564    	1.64463    	18.7111    	7.85613    	58.4318    	2.19266    	11.3531    	5.29458    	6.32333    	0.600613   	1.3411     	4.93993    	9.73324    	0.749519   	3.35447    	10.7715    	25.6769    	1.27857    	21.4444    	8.41731    	52.2411    	2.24687    	13.7352    	10.5188    	46.6389    	2.16429    	14.1037    	7.23181    	14.0732    	1.07411    	10.4047    	6.32808    	16.2049    	0.855738   	9.65262    	5.1042     	10.5565    	0.657907   	2.11228    	10.4845    	40.0804    	2.26291    	11.9396    	8.82686    	17.7013    	1.21577    	15.7474    	7.90588    	30.7697    	1.65345    	12.8367    	5.39844    	6.46239    	0.656279   	0.902876   	11.97      	41.407     	2.0247     	20.0319    	26.7543	33.7033	25.7014	21.95	23.9783	33.0776	32.954	24.6366	21.9656	22.4897	30.0918	21.678	28.8478	22.2772	26.2351	-7.1119e-05	1.44364e-05	0.999999   	0.126954   	0.141645   	0.141799   	1.26467    	1.26468    	1.99577	
3.9e-10    	0.6        	0.793935   	0.440918   	0.418253   	0.530283   	-0.602519  	-0.398233  	0.691547   	0.87334    	0.18748    	0.202424   	-0.961131  	0.558846   	-0.51251   	-0.403212  	-0.75801   	0.391732   	-0.872195  	-0.488419  	0.0177766  	0.393758   	0.629243   	0.404321   	0.663661   	0.87027    	-0.631102  	-0.407134  	0.660132   	0.869458   	0.725301   	0.55871    	-0.401909  	0.372822   	0.811409   	0.42298    	-0.402886  	0.339202   	-0.440878  	-0.15515   	-0.88395   	0.408478   	0.621736   	0.394799   	0.676302   	0.866882   	-0.780483  	-0.608275  	0.143256   	0.457112   	0.670975   	0.492129   	0.554377   	0.676896   	0.0882781  	-0.142134  	-0.985752  	0.351247   	-0.784233  	-0.454582  	0.421917   	0.621515   	42.0644    	12.1864    	3.09976    	20.5373    	35.098     	16.8311    	4.58798    	12.2828    	7.19014    	6.24864    	0.924306   	1.41529    	8.91252    	6.8878     	1.55663    	6.5687     	35.3857    	11.7641    	2.42495    	24.0171    	36.7965    	14.3408    	3.51444    	14.188     	48.674     	15.732     	4.17968    	14.6698    	14.3657    	10.0234    	1.94852    	12.2993    	18.943     	9.21889    	1.71136    	11.9357    	9.7391     	5.59136    	1.07339    	3.79445    	52.1826    	19.3824    	3.47969    	16.4613    	29.1227    	15.1797    	1.91308    	18.7314    	39.8699    	18.501     	3.60899    	12.3718    	7.74773    	7.30546    	0.632663   	0.835449   	55.6788    	18.2056    	4.34162    	28.2795    	28.1476	40.4516	23.9378	25.1066	29.0944	33.0321	35.729	24.4027	23.4963	22.6969	32.3757	24.1545	33.5104	21.2227	35.3145	-0.000151802	4.50163e-05	0.999997   	0.0963625  	0.151104   	0.145136   	1.0877     	1.08768    	1.86897	
4e-10      	0.4        	0.837931   	0.4333     	0.331574   	0.555286   	-0.654726  	-0.413556  	0.632566   	0.875391   	0.190299   	0.21334    	-0.958184  	0.564763   	-0.522495  	-0.41318   	-0.745675  	0.412091   	-0.889067  	-0.456488  	-0.0310415 	0.429265   	0.687791   	0.421248   	0.591063   	0.874079   	-0.690026  	-0.422345  	0.5877     	0.873456   	0.727611   	0.548644   	-0.411591  	0.407044   	0.825278   	0.389771   	-0.408257  	0.366829   	-0.463707  	-0.14214   	-0.87435   	0.415155   	0.68205    	0.405628   	0.608411   	0.867849   	-0.802969  	-0.592109  	0.0669631  	0.493813   	0.722449   	0.497438   	0.480055   	0.69363    	0.110833   	-0.13403   	-0.984603  	0.34967    	-0.830579  	-0.454931  	0.321003   	0.653413   	21.7689    	8.35575    	5.22402    	12.7874    	38.9526    	16.7502    	5.60227    	10.0659    	12.3584    	8.89945    	1.11606    	2.47393    	13.281     	9.96467    	2.17027    	8.3512     	16.3009    	9.86141    	2.38553    	12.6188    	34.7007    	16.756     	5.35922    	14.3637    	26.4028    	7.69172    	6.8361     	10.8924    	9.83163    	9.58904    	2.25998    	10.7303    	12.3932    	9.78143    	2.11613    	6.87408    	8.26432    	14.1992    	1.96954    	4.6847     	24.583     	10.7731    	5.56902    	7.67792    	17.3757    	14.0716    	4.31406    	19.697     	31.5327    	12.1724    	2.71155    	13.2769    	9.69343    	5.51313    	1.07492    	0.997317   	15.5645    	12.1093    	3.77871    	8.45564    	29.3956	38.5597	24.2434	25.0511	23.9898	33.0512	35.1612	23.7272	23.4769	23.7599	35.2481	27.133	24.1723	22.0224	26.7212	0.000109152	-6.25949e-05	0.999994   	0.0656809  	0.150241   	0.154468   	1.00743    	1.00742    	1.69367	
4.1e-10    	0.2        	0.861729   	0.437819   	0.255782   	0.579438   	-0.694184  	-0.442168  	0.567815   	0.877468   	0.19213    	0.233399   	-0.953127  	0.568845   	-0.518814  	-0.439776  	-0.732704  	0.427732   	-0.895834  	-0.438595  	-0.0702199 	0.466379   	0.732252   	0.449339   	0.511545   	0.880068   	-0.736623  	-0.446209  	0.507932   	0.878807   	0.715758   	0.562536   	-0.413106  	0.438253   	0.8369     	0.362181   	-0.410129  	0.39353    	-0.487427  	-0.127136  	-0.86376   	0.417776   	0.730056   	0.427956   	0.532579   	0.866776   	-0.801498  	-0.597607  	0.00722689 	0.530799   	0.754628   	0.520211   	0.399534   	0.711045   	0.139699   	-0.131997  	-0.981029  	0.341486   	-0.853427  	-0.469526  	0.225542   	0.688518   	8.2012     	36.2876    	9.85017    	12.0568    	6.79952    	41.9871    	11.7795    	4.11166    	9.6624     	13.6277    	2.80713    	5.27309    	13.5503    	34.094     	5.9084     	11.1237    	12.5516    	10.9683    	5.55862    	12.9061    	18.0396    	42.1558    	16.562     	7.02249    	21.119     	60.7394    	11.739     	3.66448    	5.68781    	56.6482    	7.32769    	23.9579    	16.2053    	8.06744    	5.38291    	16.096     	7.70535    	7.26188    	2.17411    	5.13472    	14.6223    	55.2623    	7.23606    	6.69535    	14.1857    	41.9408    	4.71677    	13.6878    	14.2296    	41.81      	10.6319    	7.35099    	18.0081    	11.9562    	3.20599    	2.87653    	12.162     	61.1958    	11.7261    	20.4773    	32.8041	34.7672	24.6358	32.1864	22.413	41.5506	31.1686	36.3855	30.5719	26.0508	25.8743	20.9184	34.4249	27.1317	40.6444	0.000466358	0.000726234	0.999979   	0.0347426  	0.159845   	0.148407   	0.92918    	0.929187   	1.76044	
4.2e-10    	-0         	0.521001   	0.647809   	0.398804   	0.385365   	-0.551406  	-0.665398  	0.0172872  	0.562633   	0.410221   	0.487441   	-0.354697  	0.32058    	-0.571791  	-0.562923  	-0.500498  	0.287104   	-0.469035  	-0.554394  	-0.504867  	0.345592   	0.536242   	0.594382   	0.550702   	0.589787   	-0.549469  	-0.626849  	-0.0785498 	0.58037    	0.614079   	0.65191    	0.0307286  	0.336046   	0.385232   	0.570218   	0.122056   	0.259988   	-0.0490941 	-0.15006   	-0.925793  	0.308704   	0.463687   	0.558991   	0.631606   	0.630838   	-0.63175   	-0.702859  	-0.240802  	0.434602   	0.584335   	0.636789   	0.46285    	0.542527   	-0.303485  	-0.101221  	-0.774971  	0.219082   	-0.57983   	-0.674396  	-0.189908  	0.48795    	16036.4    	174.265    	309.624    	7920.18    	19398.8    	600.661    	26606.9    	17007.7    	295.895    	244.445    	25721.6    	13682.9    	1350.14    	294.433    	6826.19    	5416.31    	10890.8    	313.529    	2406.53    	2954.95    	20157.3    	956.659    	1571.61    	15187.6    	21746.2    	1315.84    	30994.9    	16418.1    	2995.12    	380.371    	7511.16    	2587.32    	9195.14    	275.086    	8336.66    	5144       	5621.97    	40.2463    	2177.5     	3243.26    	21610.3    	414.871    	788.387    	11161      	5713.81    	403.476    	731.41     	3347.49    	10316.4    	553.916    	804.481    	7265.22    	1967.21    	162.653    	6559.22    	5137.77    	20713.2    	206.615    	5015.33    	10174.3    	3114.46	7565.89	2186.42	840.426	1534.91	9326.69	9200.2	251.69	850.193	313.287	5094.35	1153.15	1970.79	2509.33	6907.46	0.0432634  	0.191288   	0.0789861  	0.00123579 	0.426829   	0.323381   	15.2915    	7.49181    	17187.9	
