#----------------------------------------------------------------------------------------------------------------------------------------------------------
# Output file for vampire simulation
#   time       : 2025-05-29 17:09:29     process id : 3457641
#   hostname   : thor3.psi.ch
#   path       : /scratch/dossan_f/Na2BaMn(PO4)2/vampire_tripleUC_15mat_J2Ja_small_k0.035_Jnn0.11_Bc_highstatistics
#   version    : 6.0.0
#   githash    : 4c9651daecc86c3e6b6df0c8055fcd9e89fd900c
#----------------------------------------------------------------------------------------------------------------------------------------------------------
2e-11      	8          	-0.000327568	-0.000558145	0.999926   	0.969308   	0.000968119	0.000116471	0.999329   	0.96889    	-0.000244664	0.00055632 	0.99993    	0.969333   	0.00135967 	-0.000206153	0.999362   	0.968935   	-0.000943014	0.000144859	0.999782   	0.969053   	-0.000246986	6.21629e-05	0.999981   	0.969576   	0.000151758	-1.72998e-05	0.999464   	0.96886    	-0.000110231	0.000367002	0.999957   	0.969492   	0.000205615	-0.000446367	0.999875   	0.969097   	-0.000370599	0.000503463	0.999904   	0.969178   	-0.000356232	-0.000335295	0.99997    	0.9695     	0.00115989 	-7.34838e-05	0.999254   	0.968893   	-0.000187685	0.000190986	0.999979   	0.969588   	0.000741314	-0.000524176	0.999587   	0.968934   	-0.000442234	0.000217285	0.999667   	0.968983   	3.92059    	6.51732    	128.49     	121.457    	8.14901    	0.698319   	270.599    	215.805    	1.85341    	6.36869    	117.453    	110.014    	17.6184    	0.970422   	259.241    	199.813    	8.10743    	1.1714     	191.584    	176.485    	3.15154    	0.538709   	74.9441    	73.0524    	0.754411   	0.517957   	259.846    	230.318    	1.94462    	4.6317     	86.7744    	82.2297    	0.965106   	4.01299    	173.695    	164.152    	2.54738    	3.11809    	151.708    	142.709    	4.58188    	2.06582    	89.6591    	86.9061    	16.0542    	0.732755   	280.5      	211.495    	1.84829    	1.78711    	73.1419    	70.9912    	4.88705    	3.75636    	233.974    	202.316    	4.07853    	0.960564   	218.66     	202.858    	26190.2	97872.7	21141.4	91292.6	55123.1	7885.05	92102.7	10778.8	46104.6	36066.8	12310.1	103316	7246.05	76467.1	69429.7	-3.39338e-06	4.93551e-06	1          	0.969119   	0.113575   	0.116944   	2480.5     	2480.5     	639361	
3e-11      	7.8        	8.50432e-05	5.57977e-05	0.999998   	0.968024   	-0.000116725	-8.90201e-06	0.999998   	0.968016   	4.16199e-07	-4.31294e-05	0.999998   	0.968025   	-7.94152e-05	0.000120929	0.999998   	0.968017   	3.93134e-05	-4.97988e-05	0.999998   	0.96802    	4.71098e-05	-3.56023e-05	0.999998   	0.968011   	-5.96359e-05	-1.02697e-05	0.999998   	0.968011   	-2.81024e-05	-2.6296e-05	0.999998   	0.96802    	6.59714e-05	5.83069e-05	0.999998   	0.968015   	2.81619e-05	-0.000180843	0.999998   	0.968014   	4.84954e-05	7.97257e-05	0.999998   	0.968017   	-3.62933e-05	9.99719e-05	0.999998   	0.96802    	2.55831e-05	-0.000119397	0.999998   	0.968019   	0.000105609	3.01932e-05	0.999998   	0.968019   	-8.67817e-05	7.54573e-05	0.999998   	0.968021   	0.553935   	0.529841   	0.0115964  	0.0115938  	0.60475    	0.587115   	0.0116947  	0.0116931  	0.583927   	0.545786   	0.0123603  	0.0123645  	0.529368   	0.536194   	0.011473   	0.0114658  	0.540051   	0.54049    	0.0120221  	0.0120204  	0.533056   	0.526242   	0.0116824  	0.011679   	0.557586   	0.528282   	0.0118728  	0.0118631  	0.52231    	0.527671   	0.0116807  	0.0116765  	0.534044   	0.515023   	0.0117017  	0.0116984  	0.514119   	0.526691   	0.0120855  	0.0120906  	0.494158   	0.49075    	0.0116299  	0.0116296  	0.517158   	0.504653   	0.0115373  	0.01153    	0.519179   	0.552682   	0.0118949  	0.0118921  	0.49091    	0.555197   	0.0120304  	0.0120296  	0.514568   	0.516349   	0.0122141  	0.0122245  	5.68139	5.59674	5.79168	5.41685	5.66492	5.49958	5.30487	5.35559	5.5816	5.53129	5.45967	5.47108	5.57197	5.43347	5.69986	2.58164e-06	3.07727e-06	1          	0.968016   	0.120589   	0.122728   	0.0177089  	0.0177086  	1.8737	
4e-11      	7.6        	-6.27147e-05	-5.59329e-05	0.999998   	0.965262   	4.22255e-05	-1.98449e-05	0.999998   	0.965256   	-2.59807e-05	8.88292e-05	0.999998   	0.965252   	-0.000125356	-0.000163106	0.999998   	0.965254   	0.0001126  	0.000172881	0.999998   	0.965259   	2.70335e-05	-6.42711e-05	0.999998   	0.965256   	0.000159398	-3.59677e-05	0.999998   	0.965264   	-0.000205085	-9.36281e-06	0.999998   	0.965254   	2.99362e-05	2.72677e-05	0.999998   	0.965266   	4.42498e-05	3.6503e-05 	0.999998   	0.965262   	-6.90934e-05	-4.20781e-05	0.999998   	0.96526    	2.73112e-05	-1.40134e-05	0.999998   	0.96526    	-3.30157e-05	-3.93069e-05	0.999998   	0.965268   	3.97266e-05	9.6904e-05 	0.999998   	0.965258   	-2.41421e-05	-6.50044e-05	0.999998   	0.965277   	0.642144   	0.607635   	0.0139901  	0.0139828  	0.580611   	0.568611   	0.0150907  	0.0150896  	0.618252   	0.59523    	0.01397    	0.0139726  	0.582192   	0.631865   	0.0135713  	0.0135773  	0.563508   	0.595386   	0.0133086  	0.0133029  	0.600118   	0.623365   	0.0139171  	0.0139158  	0.626997   	0.603927   	0.0145711  	0.0145698  	0.611566   	0.577236   	0.013539   	0.0135314  	0.644122   	0.601035   	0.014161   	0.014156   	0.565653   	0.59584    	0.0137581  	0.013755   	0.573713   	0.606458   	0.0142611  	0.0142495  	0.592338   	0.581912   	0.0143246  	0.0143265  	0.590166   	0.593523   	0.0133936  	0.0133932  	0.59841    	0.622623   	0.0129497  	0.0129408  	0.569127   	0.58187    	0.0143206  	0.0143222  	5.89962	6.22063	5.95886	6.02756	5.79579	5.88918	6.08316	5.72302	6.01321	5.74345	6.10906	5.96408	5.82746	5.54797	6.15268	-4.19338e-06	-5.76857e-06	1          	0.965258   	0.118884   	0.127664   	0.0218564  	0.021856   	1.86943	
5e-11      	7.4        	9.83633e-05	-1.9356e-05	0.999997   	0.961965   	1.66372e-05	0.000126468	0.999997   	0.961974   	-0.000102609	-0.000101039	0.999997   	0.961973   	-1.99957e-05	-6.25249e-05	0.999997   	0.961955   	-2.80301e-05	-1.99065e-05	0.999997   	0.96198    	5.03439e-05	5.88281e-05	0.999997   	0.961977   	-2.90773e-05	7.44662e-05	0.999997   	0.961973   	-4.47851e-06	-0.000106685	0.999997   	0.961976   	3.23354e-05	1.19856e-05	0.999997   	0.961973   	9.60018e-05	4.45407e-05	0.999997   	0.961963   	-0.000104605	4.45796e-05	0.999997   	0.961975   	5.74814e-05	-0.000137831	0.999997   	0.961977   	-6.44282e-05	-0.000146034	0.999997   	0.961965   	-6.91868e-05	7.90937e-05	0.999997   	0.961978   	0.00015207 	4.61356e-05	0.999997   	0.961978   	0.683278   	0.737993   	0.0176918  	0.017688   	0.647039   	0.635189   	0.0166281  	0.0166204  	0.680113   	0.658699   	0.0166163  	0.0166011  	0.684279   	0.73884    	0.0181134  	0.0181107  	0.710435   	0.757849   	0.0171048  	0.0171012  	0.694097   	0.682324   	0.016952   	0.0169587  	0.7032     	0.768164   	0.0167254  	0.0167274  	0.677565   	0.691873   	0.0175342  	0.0175392  	0.674393   	0.745835   	0.0172355  	0.0172288  	0.677416   	0.684078   	0.0177326  	0.0177342  	0.667765   	0.735663   	0.0178691  	0.0178687  	0.687871   	0.697651   	0.0169331  	0.0169422  	0.687263   	0.671356   	0.017351   	0.0173455  	0.64976    	0.709729   	0.0176595  	0.0176482  	0.701027   	0.67343    	0.0175871  	0.0175924  	6.80962	6.55976	6.39122	6.76211	6.48871	6.65793	6.56552	6.69792	6.69889	6.83271	6.72351	6.40247	6.70838	6.64926	6.96888	5.3899e-06 	-7.14972e-06	1          	0.961969   	0.125582   	0.127937   	0.0298327  	0.0298324  	2.05783	
6e-11      	7.2        	-0.00014488	5.89042e-05	0.999997   	0.957968   	3.45288e-05	-0.000229127	0.999997   	0.957981   	0.000122327	0.000143693	0.999996   	0.95798    	-0.000154901	-0.000174614	0.999996   	0.95798    	0.000133843	0.000148623	0.999997   	0.957979   	4.83036e-05	3.67281e-05	0.999996   	0.957988   	-0.000164271	-4.06738e-05	0.999997   	0.957968   	0.000125554	-5.35491e-05	0.999997   	0.957983   	2.64016e-05	8.30527e-05	0.999997   	0.957987   	7.11829e-05	-0.000132821	0.999997   	0.957976   	-0.000138382	3.69918e-05	0.999997   	0.957981   	4.11996e-05	4.33898e-05	0.999997   	0.957973   	-2.67461e-05	-9.28418e-05	0.999996   	0.957979   	6.68473e-05	0.000188011	0.999997   	0.95798    	-4.39035e-05	-0.000105397	0.999997   	0.957987   	0.817496   	0.816887   	0.0205043  	0.0204961  	0.859717   	0.807789   	0.0215148  	0.0215177  	0.902844   	0.890956   	0.0207311  	0.0207435  	0.869625   	0.869597   	0.0200745  	0.0200656  	0.787026   	0.791611   	0.0209728  	0.020968   	0.92147    	0.839488   	0.0212134  	0.0211915  	0.838937   	0.866674   	0.021931   	0.0219109  	0.818399   	0.802154   	0.0219033  	0.0218924  	0.79801    	0.791264   	0.0203164  	0.020314   	0.814697   	0.774368   	0.0208099  	0.0208316  	0.857627   	0.740777   	0.020607   	0.0205999  	0.80358    	0.789573   	0.0199939  	0.0199778  	0.878764   	0.847593   	0.0219748  	0.0219736  	0.804898   	0.876038   	0.0207967  	0.020779   	0.845144   	0.795984   	0.0207547  	0.0207468  	7.2082	7.2748	7.23258	7.0697	7.16871	7.27633	7.35942	7.38774	6.9475	7.11966	7.28846	7.04939	7.45219	7.19394	7.19458	-1.98568e-07	-5.97422e-06	1          	0.957976   	0.129897   	0.126219   	0.0392098  	0.0392098  	2.07096	
7e-11      	7          	-0.000121311	0.000309467	0.999995   	0.953078   	7.16181e-05	-9.13994e-05	0.999996   	0.953054   	3.62867e-05	-0.000196847	0.999996   	0.953067   	2.39173e-05	4.84792e-05	0.999996   	0.953055   	-9.97966e-05	3.81793e-05	0.999996   	0.953077   	9.74516e-05	-7.21231e-05	0.999996   	0.953055   	-8.22521e-05	0.000151577	0.999996   	0.953059   	-0.000193098	9.20526e-05	0.999996   	0.953058   	0.00025322 	-0.000241169	0.999996   	0.953053   	4.18008e-05	1.36386e-05	0.999996   	0.953066   	4.07333e-05	-0.000110073	0.999996   	0.953066   	-8.48528e-05	8.82236e-05	0.999996   	0.953062   	-4.16228e-05	-3.17341e-05	0.999996   	0.953058   	-2.16615e-05	-4.52682e-05	0.999996   	0.95306    	4.54684e-05	8.68229e-05	0.999996   	0.953066   	1.04024    	1.15376    	0.0265259  	0.0265266  	1.03512    	0.99738    	0.026235   	0.0262378  	1.02149    	1.00712    	0.026422   	0.0263937  	0.933309   	0.877325   	0.0271618  	0.027151   	1.02212    	1.07875    	0.0256424  	0.0256377  	1.03124    	0.993191   	0.0269427  	0.0269448  	1.06287    	1.01634    	0.0269709  	0.0269579  	1.10274    	0.939251   	0.025753   	0.0257253  	1.01079    	1.02626    	0.0262189  	0.0262146  	0.977208   	1.07709    	0.0271635  	0.0271196  	0.978099   	0.960598   	0.0269955  	0.0269857  	0.982509   	0.993302   	0.0272016  	0.0272077  	1.03256    	1.07108    	0.0277626  	0.0277593  	1.10427    	0.998847   	0.0263527  	0.0263453  	1.05007    	1.00704    	0.0269763  	0.0269942  	8.32721	8.20224	8.51402	8.41875	8.01164	8.2876	8.47248	7.99147	8.39922	8.32005	8.68666	8.44105	8.87065	8.5624	8.40103	-2.26985e-06	2.6544e-06 	1          	0.953058   	0.13075    	0.133784   	0.0510376  	0.0510375  	2.02032	
8e-11      	6.8        	2.87201e-05	0.000104551	0.999995   	0.946849   	-1.02887e-05	-2.53218e-05	0.999995   	0.94684    	-4.86764e-05	-2.29777e-05	0.999995   	0.946845   	9.76006e-05	-7.44648e-05	0.999995   	0.946857   	-0.000239488	-6.67048e-05	0.999995   	0.946855   	0.000107101	0.00015286 	0.999995   	0.946866   	0.000142123	0.000242663	0.999994   	0.946838   	-2.83593e-05	-0.000156167	0.999995   	0.94685    	-9.19494e-05	-0.000100506	0.999994   	0.946854   	7.23861e-05	-1.31993e-06	0.999995   	0.946861   	-7.61077e-05	8.11308e-05	0.999995   	0.946858   	8.38866e-06	-8.67109e-05	0.999995   	0.946847   	-0.00032889	0.000124303	0.999995   	0.946874   	-8.86321e-06	-0.000177169	0.999994   	0.946849   	0.00030222 	4.55788e-05	0.999995   	0.946856   	1.24016    	1.3697     	0.0347983  	0.0347881  	1.33637    	1.21471    	0.0356823  	0.0357082  	1.25738    	1.34152    	0.0367566  	0.0367515  	1.17946    	1.38785    	0.0353338  	0.0353766  	1.3409     	1.26264    	0.0358796  	0.0358911  	1.23317    	1.2156     	0.0352956  	0.0352846  	1.46894    	1.3327     	0.0342152  	0.0342003  	1.30549    	1.23469    	0.0359457  	0.0359587  	1.42849    	1.31321    	0.0349757  	0.0349907  	1.31921    	1.3188     	0.0338869  	0.0339054  	1.21514    	1.32472    	0.035528   	0.0355431  	1.17102    	1.369      	0.0334273  	0.0334212  	1.1964     	1.26414    	0.0347523  	0.0347078  	1.40875    	1.33955    	0.0367555  	0.0367369  	1.4045     	1.21068    	0.0366638  	0.0366121  	9.67974	9.63977	9.95431	9.7917	9.94225	9.88608	9.60067	9.93943	10.085	9.33343	9.70665	9.44694	9.65121	9.90038	10.2444	-4.94527e-06	2.66062e-06	1          	0.946848   	0.133928   	0.136096   	0.0772915  	0.0772912  	2.12461	
9e-11      	6.6        	-0.000116766	-0.000183692	0.999992   	0.938854   	-0.0005431 	-0.000283747	0.999992   	0.938842   	0.000691465	0.00044413 	0.999992   	0.938882   	4.02685e-05	-0.000330751	0.999992   	0.938844   	5.20719e-05	6.47122e-05	0.999993   	0.938868   	-0.000115742	0.000314471	0.999993   	0.938871   	-0.000278501	7.37923e-05	0.999993   	0.938841   	0.000421711	-0.000249971	0.999993   	0.938828   	-0.000129337	0.000190915	0.999993   	0.938888   	0.000246715	-0.000228324	0.999993   	0.938882   	-1.18659e-05	7.70206e-05	0.999992   	0.938867   	-0.000234283	0.000184437	0.999993   	0.938851   	0.000360733	5.97519e-05	0.999992   	0.938849   	-0.000226177	-0.000318184	0.999992   	0.93885    	-9.37406e-05	0.000276595	0.999993   	0.938866   	1.81861    	1.73194    	0.0500286  	0.0500032  	2.03407    	1.81398    	0.0504021  	0.050385   	1.82827    	1.82751    	0.0471149  	0.0470413  	2.01311    	1.71313    	0.0461525  	0.0461292  	1.83944    	1.69124    	0.0496937  	0.0497558  	1.90859    	1.60523    	0.0516147  	0.0515888  	1.52944    	1.56624    	0.0497912  	0.0498096  	1.68443    	1.5481     	0.0491715  	0.0490502  	1.84881    	1.66254    	0.0496905  	0.0496932  	1.61832    	1.701      	0.0484916  	0.048413   	1.87181    	1.81282    	0.0453566  	0.0453296  	1.55935    	1.79743    	0.0468893  	0.0469442  	1.83126    	1.87837    	0.0476373  	0.047609   	1.83105    	1.96739    	0.0480808  	0.0480351  	1.69791    	1.69391    	0.0491069  	0.0491378  	11.1903	11.4867	11.5102	11.098	11.6368	12.0885	11.9832	11.4714	11.5277	11.7622	10.8834	11.215	11.4871	11.1789	11.3545	4.2093e-06 	6.11216e-06	1          	0.938852   	0.138663   	0.140574   	0.119745   	0.119745   	2.11553	
1e-10      	6.4        	0.00043616 	0.000673121	0.999988   	0.92833    	-0.000716093	0.000137516	0.999989   	0.928352   	0.000240591	-0.000791393	0.999989   	0.928325   	7.30606e-05	0.000424189	0.999989   	0.928299   	-0.00089068	-6.25279e-05	0.999988   	0.928318   	0.000815294	-0.000323747	0.999988   	0.928315   	-0.00066891	0.000432036	0.999989   	0.928331   	0.000764264	0.000115122	0.999989   	0.928354   	-8.46645e-05	-0.000519863	0.999989   	0.928335   	0.000120668	0.000487868	0.999988   	0.928296   	0.000615449	5.86579e-05	0.999988   	0.92834    	-0.000729302	-0.000523651	0.999988   	0.928334   	0.000639473	0.000109623	0.999988   	0.928328   	-0.000429949	0.000208552	0.999989   	0.928288   	-0.00019461	-0.000330494	0.999988   	0.928344   	2.81823    	2.61656    	0.0676659  	0.0676413  	2.48367    	2.66139    	0.0688189  	0.0688317  	2.54249    	2.42258    	0.0712688  	0.0711953  	2.28086    	2.91968    	0.074954   	0.074855   	2.59002    	2.77364    	0.0633282  	0.0632283  	2.67589    	2.75795    	0.070875   	0.0708657  	2.51169    	2.55775    	0.0694732  	0.0694381  	2.47524    	2.31377    	0.0689174  	0.0688734  	2.63651    	2.43079    	0.0678952  	0.0677589  	2.75408    	2.71109    	0.0670873  	0.0671517  	2.86284    	2.53206    	0.068746   	0.0686258  	2.65978    	2.92836    	0.067481   	0.0676562  	2.85375    	2.6721     	0.0746499  	0.074688   	2.72456    	2.24343    	0.0663973  	0.0662907  	2.88456    	2.73469    	0.0660622  	0.0661208  	14.2798	14.7776	14.5297	15.2041	14.189	14.3544	14.2662	13.8735	14.534	13.8713	14.4565	13.5462	14.5587	14.0092	14.3691	-6.15801e-07	6.33215e-06	1          	0.928315   	0.139811   	0.141286   	0.191359   	0.191359   	2.00082	
1.1e-10    	6.2        	-0.000719331	0.000465882	0.999975   	0.914097   	-0.000202571	3.12912e-05	0.999979   	0.91406    	0.000952528	-0.000497338	0.999976   	0.914043   	-6.81062e-05	0.000955003	0.999977   	0.914139   	-0.00069159	-0.00061886	0.999976   	0.91403    	0.000736974	-0.000334015	0.999976   	0.914033   	-0.000915629	0.000710855	0.999975   	0.914097   	0.00123758 	-0.000809961	0.999976   	0.914031   	-0.000318958	0.000114768	0.999977   	0.914043   	-4.1885e-05	0.000203342	0.999979   	0.914009   	0.000567853	-0.000137798	0.999978   	0.914037   	-0.000539628	-7.60606e-05	0.999977   	0.914102   	0.00113562 	0.000327996	0.999978   	0.91404    	-0.000543487	-0.000198028	0.999981   	0.914051   	-0.000609184	-0.00016651	0.999979   	0.914015   	5.76621    	5.17373    	0.11682    	0.116978   	4.70198    	4.60902    	0.109123   	0.108908   	4.82367    	5.82039    	0.111384   	0.111197   	5.34647    	4.84701    	0.114742   	0.114856   	5.20048    	5.49676    	0.111919   	0.112055   	4.699      	6.01413    	0.108428   	0.108338   	5.40859    	5.59829    	0.120484   	0.120457   	6.21836    	3.96675    	0.107372   	0.106766   	5.30983    	4.82673    	0.115988   	0.115881   	4.83754    	4.52642    	0.117536   	0.117221   	5.17335    	4.53332    	0.120045   	0.120586   	4.76728    	5.29033    	0.112988   	0.112055   	4.90343    	4.63765    	0.11665    	0.116587   	3.62559    	4.76211    	0.122121   	0.12269    	4.52508    	4.94982    	0.114221   	0.113913   	19.5914	18.723	19.8513	19.6722	19.3292	18.803	20.8409	19.3138	19.4959	19.5439	20.2391	18.974	19.9504	21.5855	19.054	-1.35691e-06	-1.97082e-06	1          	0.914034   	0.139402   	0.140073   	0.391159   	0.391157   	1.73311	
1.2e-10    	6          	-0.00485774	-0.00129922	0.99992    	0.894155   	-3.73015e-05	0.00435815 	0.999926   	0.893885   	0.00492547 	-0.00307289	0.999932   	0.893909   	-0.0032017 	0.00313822 	0.999931   	0.893871   	0.00525001 	-0.00174422	0.99991    	0.893977   	-0.00200723	-0.00134948	0.999923   	0.894039   	0.00473311 	-0.00264307	0.99993    	0.894051   	0.00142881 	-0.000736212	0.999947   	0.893765   	-0.0061187 	0.00338457 	0.999903   	0.893985   	0.00420933 	-0.00204513	0.999918   	0.893931   	-0.00390851	0.00114172 	0.999936   	0.89396    	-0.000367248	0.000918269	0.999945   	0.893824   	0.00142681 	-0.00267181	0.999941   	0.893757   	-0.00522975	0.00199185 	0.999929   	0.894009   	0.00386945 	0.000629744	0.999937   	0.894124   	17.048     	11.9005    	0.214385   	0.216085   	16.5342    	11.3347    	0.253056   	0.253233   	13.1869    	8.65909    	0.237165   	0.238857   	13.8893    	11.5376    	0.219416   	0.220892   	18.1382    	13.8385    	0.242184   	0.235893   	19.2972    	12.6658    	0.231881   	0.235081   	12.8386    	11.0072    	0.219512   	0.223262   	11.816     	10.5118    	0.207894   	0.208042   	15.9895    	15.0075    	0.234096   	0.230482   	13.6453    	16.7507    	0.228873   	0.22742    	13.7634    	10.0213    	0.258425   	0.257587   	10.6364    	12.8133    	0.225953   	0.225449   	12.5282    	10.7226    	0.26724    	0.271628   	10.6981    	13.046     	0.221841   	0.221727   	14.1656    	9.8077     	0.193813   	0.193096   	30.9485	32.2768	33.0295	32.2089	34.1	32.6804	31.7344	29.2133	31.7563	33.0624	35.5607	32.7587	34.2667	33.1648	29.0921	7.54175e-06	5.51762e-08	1          	0.893886   	0.139766   	0.149853   	0.923341   	0.923339   	2.69197	
1.3e-10    	5.8        	-0.0316514 	0.0249411  	0.999063   	0.870081   	0.135447   	0.0216027  	0.989719   	0.862095   	-0.102511  	-0.0463562 	0.993118   	0.869516   	0.117288   	0.0474482  	0.991276   	0.867822   	0.00616063 	-0.0344952 	0.999282   	0.871726   	-0.124373  	-0.0128433 	0.991491   	0.862021   	0.108304   	0.00312769 	0.993595   	0.863132   	-0.130971  	-0.043525  	0.989642   	0.865747   	0.0227359  	0.0400171  	0.998795   	0.872655   	-0.0533175 	-0.0419723 	0.997499   	0.872802   	-0.0854552 	0.00447765 	0.9959     	0.865457   	0.139712   	0.0380222  	0.988581   	0.863175   	-0.143452  	-0.0301359 	0.98829    	0.862085   	0.0822398  	0.043018   	0.995392   	0.871413   	0.0596876  	-0.0133014 	0.997839   	0.868555   	27.3586    	23.446     	2.68513    	3.06527    	287.301    	36.2039    	7.1661     	1.47994    	158.99     	56.2625    	0.95217    	1.23394    	223.914    	49.8411    	2.92389    	0.557807   	16.2407    	26.269     	3.5681     	3.75341    	226.059    	33.7091    	4.46499    	1.39955    	181.061    	24.6855    	2.17619    	1.38327    	247.509    	62.6099    	5.3557     	0.717443   	29.8365    	30.1022    	3.22193    	3.91788    	40.9673    	40.1666    	2.15676    	3.22162    	157.069    	16.692     	0.880319   	1.46625    	286.079    	57.0036    	8.05823    	1.45265    	298.768    	53.7403    	8.59271    	1.47173    	68.4346    	51.253     	1.06166    	2.44712    	99.2733    	18.5443    	1.0336     	1.69996    	705.571	565.544	93.4109	187.832	916.329	268.57	122.377	388.096	818.952	557.981	151.402	677.218	703.531	312.015	323.194	-8.02429e-06	1.46929e-06	1          	0.861998   	0.14444    	0.141874   	8.73559    	8.73559    	104.608	
1.4e-10    	5.6        	-0.0334849 	0.00816724 	0.999229   	0.843143   	0.198752   	0.044582   	0.978798   	0.839156   	-0.165585  	-0.0529112 	0.984695   	0.836328   	0.190508   	0.0554231  	0.980023   	0.835999   	-0.0109573 	-0.0197964 	0.999591   	0.842198   	-0.17854   	-0.0353603 	0.983079   	0.840556   	0.149567   	0.0276761  	0.988161   	0.842058   	-0.208168  	-0.0573241 	0.976308   	0.836059   	0.0571391  	0.0292552  	0.997835   	0.840951   	-0.0988677 	-0.0401854 	0.994211   	0.839144   	-0.115279  	-0.0156811 	0.993      	0.843208   	0.215259   	0.0561077  	0.974796   	0.836978   	-0.211587  	-0.0516461 	0.975795   	0.838319   	0.135315   	0.0491802  	0.989509   	0.837651   	0.0759065  	0.00244967 	0.996923   	0.843142   	44.7427    	23.2629    	3.4371     	3.92124    	37.2428    	45.751     	7.17181    	2.40008    	9.09799    	20.0824    	2.99422    	2.54765    	9.75212    	25.3574    	1.50644    	1.1331     	39.0027    	18.7855    	5.28678    	4.75632    	35.3933    	42.3917    	5.80151    	2.39549    	40.2904    	34.1606    	3.87468    	1.95011    	12.522     	24.6829    	2.26445    	1.26643    	24.5131    	13.1938    	7.00995    	5.69488    	12.839     	15.035     	6.58238    	5.08673    	42.4892    	37.0262    	1.64444    	1.58332    	19.7796    	31.6143    	4.14067    	1.4021     	25.3202    	44.1843    	5.94103    	2.28255    	11.19      	14.5228    	4.67921    	3.60789    	43.9005    	28.8244    	1.73539    	2.5254     	464.453	1009.16	348.697	182.633	670.112	829.021	578.624	272.311	908.254	852.367	263.078	530.069	812.174	564.841	277.016	-4.41678e-06	-4.1212e-06	1          	0.829152   	0.144653   	0.151181   	2.17535    	2.17535    	16.5645	
1.5e-10    	5.4        	-0.015482  	0.0176653  	0.999575   	0.814477   	0.212569   	0.0400108  	0.97623    	0.81266    	-0.199414  	-0.0583245 	0.978049   	0.803246   	0.222883   	0.0587053  	0.972971   	0.802493   	-0.0339087 	-0.0298564 	0.998856   	0.811876   	-0.185356  	-0.0280814 	0.982164   	0.815833   	0.152798   	0.0172975  	0.988016   	0.817331   	-0.237454  	-0.0574117 	0.969598   	0.804567   	0.0816442  	0.0396395  	0.995751   	0.808705   	-0.128882  	-0.0468239 	0.990409   	0.806536   	-0.111814  	-0.00555565	0.99359    	0.817166   	0.242088   	0.0524717  	0.968715   	0.807579   	-0.234211  	-0.0471593 	0.970956   	0.81029    	0.169324   	0.0525729  	0.984007   	0.804588   	0.0654863  	-0.00509918	0.997686   	0.816438   	27.4212    	25.6112    	3.37052    	3.2708     	10.9876    	22.3503    	2.62396    	2.63679    	30.1617    	14.5854    	2.2594     	3.29597    	16.098     	19.5645    	3.17301    	3.60455    	23.5231    	19.7426    	4.37898    	4.03077    	12.5056    	24.636     	2.22362    	1.92269    	11.2706    	20.7016    	1.60848    	1.48325    	10.8105    	23.6727    	4.32405    	4.28108    	21.3773    	20.7385    	3.9029     	3.49046    	25.083     	25.0654    	2.65857    	2.53314    	19.9956    	23.969     	3.96843    	3.97187    	11.9325    	28.594     	6.02892    	5.96267    	8.98798    	20.4104    	3.58899    	3.61262    	30.1776    	21.3746    	3.21947    	3.47869    	31.0144    	24.3047    	3.54612    	3.733      	437.468	335.186	276.206	387.022	577.582	290.948	221.781	530.582	497.272	337.29	525.069	763.835	447.103	411.505	464.279	2.77125e-06	1.57072e-06	1          	0.797672   	0.143385   	0.142499   	1.24971    	1.24971    	6.88653	
1.6e-10    	5.2        	-0.0150938 	0.00695983 	0.999746   	0.797801   	0.235328   	0.0715563  	0.969192   	0.77868    	-0.222498  	-0.0794973 	0.971587   	0.769484   	0.248874   	0.0847473  	0.964727   	0.765998   	-0.0401525 	-0.0242752 	0.998782   	0.794319   	-0.201973  	-0.0581235 	0.977566   	0.785191   	0.162271   	0.0430824  	0.985698   	0.791626   	-0.262569  	-0.0859982 	0.960948   	0.764046   	0.0909685  	0.0398054  	0.994927   	0.78943    	-0.138222  	-0.0545895 	0.988758   	0.783472   	-0.118813  	-0.0298653 	0.992383   	0.796651   	0.2656     	0.0872125  	0.960028   	0.765361   	-0.257346  	-0.0820466 	0.96273    	0.770633   	0.182951   	0.0682687  	0.980632   	0.776009   	0.0702201  	0.0125841  	0.997333   	0.799243   	28.6113    	11.1194    	3.40684    	3.50428    	11.6776    	15.0114    	2.31066    	1.60441    	13.5163    	17.5909    	3.20638    	3.55752    	11.4353    	17.551     	3.06277    	3.41291    	24.6724    	14.4916    	2.93866    	2.76103    	19.5855    	12.0249    	2.64499    	2.20264    	22.2057    	13.943     	2.3584     	2.77421    	18.1878    	19.6682    	3.12363    	3.14351    	18.5433    	24.4341    	2.51074    	1.98731    	17.2956    	27.4046    	1.41054    	1.14233    	12.9782    	15.7929    	2.10233    	2.13599    	15.3526    	16.5682    	2.88136    	3.71187    	17.8533    	14.0479    	3.37821    	4.5492     	18.202     	18.4734    	1.9624     	1.50793    	27.9706    	12.9896    	2.90082    	2.98007    	415.412	276.199	403.129	368.132	364.35	316.708	288.097	364.938	323.489	186.886	261.387	336.37	394.67	247.157	363.89	-8.0093e-06	-8.48503e-06	1          	0.76665    	0.143728   	0.150437   	0.987702   	0.987705   	4.92582	
1.7e-10    	5          	-0.0106124 	-0.0299947 	0.999233   	0.774089   	0.250777   	0.106234   	0.96211    	0.741977   	-0.23885   	-0.0744942 	0.967942   	0.744067   	0.270214   	0.0884951  	0.958538   	0.735523   	-0.0482175 	0.00901671 	0.998519   	0.773465   	-0.214634  	-0.0958227 	0.971883   	0.751375   	0.16852    	0.0833327  	0.982037   	0.761275   	-0.286496  	-0.0986826 	0.952855   	0.731793   	0.105475   	0.0112816  	0.99409    	0.767191   	-0.156761  	-0.0326737 	0.986827   	0.761158   	-0.118663  	-0.0678936 	0.99047    	0.767156   	0.287996   	0.105453   	0.951715   	0.731974   	-0.275381  	-0.108537  	0.95511    	0.735097   	0.198308   	0.0537919  	0.978376   	0.752849   	0.0684463  	0.0505521  	0.996204   	0.771886   	48.7684    	35.4956    	3.80836    	4.15306    	10.2133    	12.691     	6.06889    	3.88882    	36.4942    	36.051     	3.46875    	3.34113    	24.7002    	28.4964    	3.68444    	4.97291    	46.6582    	41.6694    	4.23582    	3.74602    	13.7322    	13.9258    	5.44865    	3.53037    	20.156     	18.7806    	3.5652     	2.07018    	15.5886    	22.3176    	3.26823    	5.19509    	45.8451    	36.7778    	6.38711    	4.6226     	39.894     	41.696     	3.98838    	2.94879    	22.8302    	21.3252    	1.80428    	1.91771    	9.83855    	17.2925    	3.3952     	5.25424    	8.46297    	14.0774    	2.69179    	3.37137    	43.5758    	41.7444    	3.41623    	3.47276    	30.232     	23.8977    	1.7558     	1.99252    	441.732	678.861	402.447	415.316	480.834	612.072	410.664	360.466	730.657	459.72	205.499	379.461	296.895	402.857	207.56	2.30407e-07	6.31914e-06	1          	0.735861   	0.145924   	0.143758   	0.820565   	0.82057    	3.61273	
1.8e-10    	4.8        	-0.0252096 	-0.0602796 	0.997762   	0.744825   	0.245915   	0.113154   	0.962443   	0.708773   	-0.219553  	-0.0495805 	0.974074   	0.708637   	0.251818   	0.0725104  	0.964745   	0.699131   	-0.0318079 	0.0373149  	0.998675   	0.742578   	-0.211401  	-0.108707  	0.971144   	0.72018    	0.172163   	0.101478   	0.979717   	0.729931   	-0.270242  	-0.0897454 	0.958334   	0.696793   	0.0846955  	-0.0157239 	0.996151   	0.735312   	-0.13135   	-0.00533833	0.991116   	0.729907   	-0.131566  	-0.0908709 	0.987052   	0.735611   	0.277069   	0.10174    	0.955159   	0.697171   	-0.268692  	-0.109519  	0.956768   	0.699711   	0.175649   	0.0257306  	0.983907   	0.719474   	0.0822275  	0.0779058  	0.993485   	0.742952   	17.5554    	12.8282    	7.80702    	8.05648    	24.9325    	29.6735    	6.90342    	4.20698    	16.2378    	55.1239    	4.63009    	5.93294    	18.244     	62.5569    	3.1266     	5.39699    	12.5478    	23.4691    	5.21121    	5.21182    	27.597     	23.1385    	2.74615    	1.77073    	19.8549    	10.3351    	3.48745    	2.70109    	21.1018    	48.9857    	8.11054    	11.396     	10.9958    	27.3091    	5.08478    	5.43449    	18.533     	41.316     	5.07341    	6.54885    	12.576     	11.3442    	8.19839    	8.60294    	25.2411    	44.1775    	13.8366    	10.8125    	23.2801    	27.3036    	10.3424    	7.6978     	14.9878    	43.8192    	4.47659    	5.89614    	11.0243    	12.876     	8.45371    	8.95964    	809.41	740.84	494.095	329.292	539.713	303.871	377.376	857.483	525.885	533.168	843.725	1450.82	1078.09	468.834	870.953	-3.05071e-05	1.90109e-05	1          	0.705152   	0.150288   	0.142834   	0.738612   	0.73861    	3.15563	
1.9e-10    	4.6        	-0.0254012 	-0.0397599 	0.998792   	0.712559   	0.262638   	0.136192   	0.955092   	0.672094   	-0.229163  	-0.0907871 	0.968905   	0.691405   	0.270105   	0.115267   	0.955651   	0.677651   	-0.0383702 	0.00726303 	0.999124   	0.717734   	-0.227845  	-0.122375  	0.965851   	0.682093   	0.182464   	0.106821   	0.977245   	0.691909   	-0.287528  	-0.126795  	0.949094   	0.67122    	0.092687   	0.0156677  	0.995435   	0.713468   	-0.136179  	-0.0392968 	0.989777   	0.710472   	-0.139442  	-0.0940356 	0.985617   	0.70135    	0.292767   	0.141806   	0.945333   	0.665327   	-0.286195  	-0.144214  	0.947013   	0.666876   	0.180013   	0.0671118  	0.981173   	0.700176   	0.090587   	0.0685664  	0.993439   	0.70953    	13.4968    	12.2833    	3.71723    	3.80319    	27.4104    	10.306     	6.49623    	11.0871    	43.4754    	15.315     	4.80756    	3.96179    	39.394     	23.6095    	2.2359     	4.98689    	15.9868    	15.3898    	3.66402    	3.57733    	24.7697    	8.88378    	5.49386    	8.94609    	27.6467    	9.78338    	5.49866    	5.83011    	43.983     	18.59      	4.27572    	9.93963    	17.5072    	19.1693    	5.39904    	4.65981    	18.5391    	14.483     	5.5298     	4.45804    	28.3167    	7.53984    	5.40153    	5.21993    	50.8766    	17.2931    	4.63806    	10.8034    	48.812     	13.55      	4.70289    	12.2269    	27.8221    	21.77      	6.42012    	4.4844     	14.8714    	8.18353    	5.19682    	5.0454     	383.523	626.819	483.131	225.487	382.713	530.806	541.051	425.766	537.149	559.611	522.557	457.502	450.444	639.945	523.198	-9.00088e-05	2.15826e-05	1          	0.674476   	0.14585    	0.141816   	0.68506    	0.685062   	2.88485	
2e-10      	4.4        	-0.0203356 	-0.104143  	0.994177   	0.690822   	0.226218   	0.182358   	0.956471   	0.642601   	-0.204242  	-0.0695244 	0.976224   	0.645209   	0.233797   	0.106272   	0.966147   	0.629385   	-0.0356352 	0.0646796  	0.997084   	0.689172   	-0.186739  	-0.168832  	0.967504   	0.65729    	0.150762   	0.16141    	0.97503    	0.669482   	-0.250009  	-0.139901  	0.957756   	0.628646   	0.0814162  	-0.030251  	0.995956   	0.679022   	-0.121647  	0.00199984 	0.992389   	0.674883   	-0.117753  	-0.155054  	0.980614   	0.680843   	0.260224   	0.168184   	0.950447   	0.624863   	-0.249379  	-0.178945  	0.951302   	0.625281   	0.159707   	0.0303585  	0.986504   	0.661318   	0.0712232  	0.132047   	0.988495   	0.691871   	11.4723    	32.8933    	4.15986    	3.264      	43.2053    	33.5878    	15.7828    	11.6696    	36.2615    	17.2404    	9.54154    	14.1167    	56.9606    	14.845     	6.00493    	13.2721    	16.1072    	29.9319    	9.05087    	7.86239    	30.1134    	32.0562    	20.1857    	18.0529    	17.4731    	48.793     	20.5485    	23.0874    	55.9041    	18.8071    	6.20878    	14.582     	31.2122    	34.6271    	10.3793    	10.8315    	20.605     	27.0281    	27.8832    	31.0314    	12.5461    	51.2459    	18.0106    	21.5506    	33.7644    	31.8309    	4.64425    	2.19637    	40.5476    	33.2749    	28.5889    	17.3864    	28.3177    	23.3648    	30.858     	37.7235    	8.38759    	39.9932    	2.34093    	3.5015     	385.587	1402.66	810.052	535.849	814.196	1789.55	1828.34	592.243	891.724	2473.73	1615.33	425.988	2561.26	2727.41	242.603	-0.000228894	9.61602e-05	1          	0.64373    	0.157289   	0.147501   	0.634643   	0.63464    	2.56353	
2.1e-10    	4.2        	-0.0012576 	-0.102967  	0.99443    	0.658377   	0.199157   	0.193547   	0.960481   	0.599827   	-0.191868  	-0.0760185 	0.978351   	0.620964   	0.209149   	0.100156   	0.972608   	0.587047   	-0.0263624 	0.0752799  	0.99673    	0.678369   	-0.171124  	-0.178923  	0.968758   	0.609974   	0.137063   	0.165769   	0.976478   	0.633291   	-0.217907  	-0.148859  	0.964308   	0.59262    	0.0638873  	-0.0265003 	0.997515   	0.649772   	-0.115092  	0.0122196  	0.993152   	0.646739   	-0.0800913 	-0.150721  	0.98521    	0.642415   	0.215679   	0.154753   	0.963861   	0.583914   	-0.226056  	-0.186155  	0.95596    	0.582334   	0.142751   	0.0274664  	0.98915    	0.626141   	0.0617459  	0.136069   	0.988697   	0.669633   	18.6381    	38.8428    	5.95061    	4.55173    	21.2824    	23.0531    	17.7354    	28.3002    	13.8209    	10.8911    	13.5872    	13.6499    	11.9706    	10.3529    	8.31521    	6.66207    	6.01849    	14.6717    	4.45334    	4.43062    	14.3306    	10.0061    	10.9679    	14.1665    	19.7276    	8.42759    	15.5949    	19.5514    	25.4537    	15.9341    	10.7521    	8.02172    	6.18879    	14.0311    	6.59201    	6.402      	15.4575    	12.5529    	5.94457    	5.47875    	15.9847    	9.5125     	9.15132    	9.1407     	27.4749    	17.0328    	7.75625    	5.97984    	23.0709    	10.3491    	9.73966    	7.98554    	24.9211    	20.0884    	10.1849    	7.70607    	7.11926    	11.7312    	12.8103    	13.5875    	537.412	1460	1121.95	682.575	399.628	868.232	1273.57	883.265	558.243	511.989	731.728	650.897	831.67	856.294	1080.66	-0.000179811	0.000319625	1          	0.612701   	0.155212   	0.15316    	0.663788   	0.663781   	2.9736	
2.2e-10    	4          	-0.00380024	-0.0864669 	0.996096   	0.627245   	0.209441   	0.220239   	0.952513   	0.546656   	-0.184227  	-0.10497   	0.977138   	0.61237    	0.197221   	0.112471   	0.973758   	0.551      	-0.00771861	0.0735293  	0.997178   	0.668722   	-0.184467  	-0.197162  	0.962734   	0.560398   	0.147194   	0.172133   	0.973861   	0.612407   	-0.217126  	-0.196494  	0.956041   	0.557158   	0.0490933  	0.00558565 	0.998659   	0.614466   	-0.121707  	0.00345079 	0.992473   	0.615129   	-0.0738226 	-0.157145  	0.984734   	0.610812   	0.216797   	0.175273   	0.960243   	0.553256   	-0.252524  	-0.235444  	0.938235   	0.521828   	0.126537   	0.0382594  	0.991091   	0.606146   	0.0797536  	0.15007    	0.985344   	0.662789   	13.0375    	18.0965    	4.09224    	3.41917    	7.91464    	20.2177    	4.52128    	4.64908    	6.57525    	17.3612    	5.48993    	4.87472    	7.57449    	12.7871    	2.28502    	2.34519    	13.2404    	7.21926    	3.20459    	3.22095    	10.0454    	10.0916    	4.37322    	4.06189    	22.447     	10.9882    	5.56921    	8.8014     	6.54272    	12.0914    	3.72178    	2.96719    	14.4142    	10.1809    	4.85341    	5.13334    	9.49038    	8.05717    	1.99886    	1.98159    	8.51832    	7.37865    	3.32742    	3.73905    	6.01622    	11.9562    	3.44555    	3.98221    	9.65713    	16.4793    	38.9404    	27.2426    	8.20097    	16.3927    	8.06867    	6.58719    	14.8538    	14.8696    	13.5337    	17.9898    	323.513	328.888	468.993	191.41	307.045	332.91	487.825	291.643	368.291	170.556	261.111	264.525	2895.11	678.868	1151.28	-0.000371149	0.000567651	1          	0.581076   	0.149786   	0.144729   	0.755413   	0.755386   	3.3632	
2.3e-10    	3.8        	0.0198536  	-0.125736  	0.991719   	0.587278   	0.207432   	0.284559   	0.935752   	0.52852    	-0.208977  	-0.124266  	0.969905   	0.587784   	0.218374   	0.133633   	0.966574   	0.514327   	-0.0150535 	0.0840022  	0.996288   	0.65458    	-0.195227  	-0.234764  	0.952099   	0.522958   	0.160606   	0.18841    	0.968787   	0.591464   	-0.235885  	-0.239923  	0.94159    	0.523667   	0.0484768  	0.023398   	0.998456   	0.580502   	-0.136259  	-0.00274283	0.99057    	0.587279   	-0.0708232 	-0.175588  	0.981816   	0.580866   	0.232155   	0.207376   	0.950202   	0.52098    	-0.295247  	-0.291114  	0.909769   	0.470777   	0.135646   	0.0491801  	0.989453   	0.580228   	0.0867417  	0.165495   	0.982295   	0.65565    	12.5152    	14.5094    	1.73164    	1.81744    	13.1012    	16.7044    	4.5073     	6.72652    	6.2464     	8.74595    	4.41447    	3.46573    	6.18759    	7.31055    	1.92141    	1.86924    	8.42401    	6.25473    	1.39124    	1.3191     	10.2213    	11.0867    	1.8398     	2.55599    	10.1034    	5.24075    	1.51445    	1.93868    	5.4528     	9.72785    	2.08101    	2.33378    	7.16142    	9.75108    	2.11657    	2.04       	10.3071    	8.11733    	2.047      	2.16756    	8.55394    	8.64255    	1.85139    	1.87054    	5.99848    	9.92484    	2.13005    	2.38205    	10.2877    	14.9201    	1.7637     	2.97108    	7.2044     	7.70331    	1.9168     	2.04647    	12.4762    	8.84905    	1.6391     	1.68164    	127.421	358.376	318.666	146.813	130.917	140.415	126.882	166.29	157.576	153.227	148.922	169.258	138.234	150.178	148.81	-0.000628816	0.00100125 	0.999999   	0.548898   	0.149552   	0.15299    	0.808782   	0.808727   	3.35246	
2.4e-10    	3.6        	0.0378297  	-0.132761  	0.990347   	0.553428   	0.183756   	0.335025   	0.923919   	0.496929   	-0.204275  	-0.15795   	0.965964   	0.561258   	0.213883   	0.171729   	0.961416   	0.474706   	-0.0168627 	0.0783786  	0.996721   	0.638469   	-0.186665  	-0.268882  	0.944684   	0.483342   	0.146656   	0.209208   	0.966654   	0.566289   	-0.22339   	-0.295412  	0.928639   	0.488007   	0.0468645  	0.04503    	0.997802   	0.547679   	-0.145267  	-0.0193765 	0.989132   	0.556693   	-0.0419029 	-0.196332  	0.979458   	0.551355   	0.211662   	0.25644    	0.942748   	0.486661   	-0.28843   	-0.36964   	0.882927   	0.423292   	0.128844   	0.0724484  	0.988932   	0.549744   	0.0738394  	0.180865   	0.980648   	0.643273   	6.47291    	6.34175    	1.40884    	1.44556    	8.66973    	17.4678    	1.46843    	3.35954    	7.03141    	13.1093    	1.5631     	1.5946     	6.00232    	21.2504    	1.67363    	2.15336    	5.94354    	7.28644    	1.41387    	1.53094    	7.9214     	20.1624    	1.51766    	2.54527    	5.60717    	20.7978    	1.40214    	1.6735     	9.37871    	20.8331    	1.4762     	2.32448    	6.25524    	7.18859    	1.27203    	1.25793    	6.56172    	5.19947    	1.28892    	1.39639    	6.71281    	23.2353    	1.48085    	2.11486    	10.3973    	32.6872    	1.20799    	2.08006    	8.40079    	23.4331    	1.43948    	3.67399    	6.02491    	7.1516     	1.4222     	1.31179    	5.39132    	13.2742    	1.42683    	1.81958    	102.556	114.213	133.073	123.644	120.642	115.239	107.85	113.472	101.905	104.648	111.987	95.0019	106.76	110.095	118.616	-0.00088782	0.0013412  	0.999999   	0.516229   	0.151884   	0.160338   	0.930645   	0.930569   	2.79623	
2.5e-10    	3.4        	0.0320114  	-0.156316  	0.986969   	0.520838   	0.18698    	0.379786   	0.905775   	0.464105   	-0.199684  	-0.16828   	0.96521    	0.53343    	0.222905   	0.192845   	0.955384   	0.432263   	-0.0116649 	0.0913026  	0.995648   	0.626293   	-0.199443  	-0.311906  	0.928743   	0.444625   	0.156101   	0.232819   	0.959758   	0.541703   	-0.226091  	-0.329971  	0.916221   	0.449914   	0.0324981  	0.0413392  	0.998433   	0.514615   	-0.13812   	-0.0219642 	0.990064   	0.526778   	-0.0496112 	-0.219518  	0.974202   	0.521501   	0.216636   	0.294298   	0.930613   	0.451275   	-0.319361  	-0.435009  	0.841478   	0.376433   	0.122795   	0.0796149  	0.9891     	0.519869   	0.0817364  	0.193086   	0.977618   	0.630678   	16.8483    	14.9049    	1.21602    	1.46457    	16.1953    	7.10552    	1.39861    	3.17365    	5.82075    	7.93612    	1.26175    	1.46516    	7.20556    	11.6268    	1.56519    	2.02349    	9.91504    	12.4992    	1.0415     	1.10897    	15.0545    	6.21269    	1.5738     	3.02928    	19.0933    	4.63       	0.993214   	1.62946    	18.0687    	12.1815    	1.293      	2.11775    	8.07764    	18.0478    	1.23867    	1.29979    	5.95743    	9.88818    	1.37464    	1.34296    	14.7965    	5.75729    	1.4771     	1.47914    	17.165     	6.21549    	1.44126    	1.94987    	22.2221    	7.496      	1.72783    	5.19035    	5.09325    	14.0579    	1.09404    	1.00458    	21.3479    	10.6799    	1.20498    	1.28599    	83.568	101.089	104.347	109.637	95.416	105.823	78.9954	97.3056	88.4926	108.226	108.285	98.1161	109.914	85.4729	110.557	-0.0012218 	0.00166247 	0.999998   	0.482782   	0.149533   	0.154865   	1.21797    	1.2178     	3.18547	
2.6e-10    	3.2        	0.0437094  	-0.22722   	0.972498   	0.443549   	0.159681   	0.455526   	0.875072   	0.43585    	-0.168192  	-0.175197  	0.969781   	0.546194   	0.238734   	0.198993   	0.950163   	0.383062   	-0.00883189	0.1025     	0.994622   	0.616182   	-0.212255  	-0.344104  	0.914457   	0.401581   	0.151287   	0.247211   	0.95699    	0.514038   	-0.224969  	-0.346302  	0.91049    	0.404628   	0.0271794  	0.0230734  	0.999138   	0.481054   	-0.13958   	-0.00543411	0.990063   	0.496963   	-0.0462286 	-0.241446  	0.96924    	0.490598   	0.220086   	0.314922   	0.923062   	0.410098   	-0.341153  	-0.491936  	0.800672   	0.321285   	0.120028   	0.0696952  	0.99013    	0.484005   	0.0753256  	0.197644   	0.977335   	0.619315   	8.43463    	11.7544    	157.292    	138.556    	11.8928    	63.2002    	1.28389    	13.3006    	5.36017    	50.2246    	119.187    	132.13     	3.9985     	19.6453    	2.51322    	2.59567    	4.69473    	10.0059    	1.20281    	1.26653    	6.05226    	8.14323    	1.21703    	1.99328    	8.37904    	3.9416     	1.04056    	1.2844     	4.8705     	18.1151    	1.41689    	3.59314    	6.97392    	21.2049    	1.08978    	1.10121    	5.55157    	12.0683    	0.940625   	1.10238    	3.89374    	5.1539     	1.11832    	1.11332    	5.87477    	10.4529    	1.1985     	2.08718    	5.10738    	13.5679    	1.87308    	5.54795    	4.65226    	18.7597    	2.95612    	2.51303    	3.53616    	4.60177    	0.966202   	0.855118   	8020.38	149.008	7073.77	157.926	157.259	81.4909	81.9422	94.3152	74.7954	66.3633	82.0348	83.7567	139.477	195.217	136.145	-0.00133996	0.00112708 	0.999998   	0.447684   	0.152057   	0.208272   	2.24103    	2.24154    	6.21616	
2.7e-10    	3          	0.0881581  	-0.203182  	0.974568   	0.377739   	0.140969   	0.466151   	0.873135   	0.387407   	-0.167518  	-0.186897  	0.967877   	0.54152    	0.289233   	0.229394   	0.929085   	0.335078   	-0.0310659 	0.0749923  	0.996566   	0.605452   	-0.218488  	-0.346034  	0.912179   	0.34971    	0.144141   	0.225468   	0.963392   	0.481443   	-0.24856   	-0.362402  	0.898035   	0.357249   	0.0437207  	0.0422601  	0.997901   	0.446981   	-0.160292  	-0.0279056 	0.986455   	0.467953   	-0.0315032 	-0.21927   	0.974929   	0.453056   	0.237518   	0.330983   	0.913081   	0.366229   	-0.388119  	-0.561158  	0.730636   	0.260397   	0.139217   	0.100941   	0.984942   	0.451717   	0.0554775  	0.161833   	0.985163   	0.604493   	29.2267    	15.8022    	1.69726    	2.15728    	15.6909    	5.1941     	1.27856    	3.36763    	8.65904    	9.48647    	0.888031   	1.65176    	9.43123    	7.18787    	1.68541    	2.50576    	21.2666    	5.03106    	0.750069   	0.741873   	11.0852    	4.7336     	1.4156     	2.38413    	11.4442    	5.71623    	0.838072   	1.55146    	9.93659    	5.05725    	1.53907    	2.26817    	22.0007    	4.72676    	0.938259   	0.979902   	17.0565    	8.89686    	0.856549   	1.30909    	12.0217    	13.2898    	1.16402    	2.0882     	6.97435    	5.10819    	1.4074     	1.98933    	8.61989    	4.50042    	2.31397    	3.79167    	9.32157    	8.37619    	0.877163   	1.0892     	8.87786    	9.56863    	0.71352    	0.841469   	81.9509	77.7082	87.2504	82.7097	92.071	71.6905	65.1317	78.4508	65.565	65.475	69.5076	77.3374	107.297	70.9508	81.0756	-0.00128332	0.00128915 	0.999998   	0.410881   	0.155686   	0.151316   	3.23958    	3.23943    	4.26632	
2.8e-10    	2.8        	0.0736974  	-0.156435  	0.984667   	0.327547   	0.138811   	0.438557   	0.887444   	0.325632   	-0.140235  	-0.169899  	0.9753     	0.516546   	0.322037   	0.265366   	0.9082     	0.283648   	-0.036156  	0.0533815  	0.997861   	0.595809   	-0.231065  	-0.356869  	0.904473   	0.295176   	0.11572    	0.199815   	0.972711   	0.445222   	-0.251206  	-0.34599   	0.903425   	0.298103   	0.0544246  	0.0295811  	0.997936   	0.412759   	-0.164585  	-0.0454505 	0.985167   	0.434128   	-0.0177339 	-0.1984    	0.979735   	0.417549   	0.244977   	0.349622   	0.903777   	0.315595   	-0.428319  	-0.663311  	0.61206    	0.190906   	0.142022   	0.127838   	0.981404   	0.417978   	0.031374   	0.117848   	0.992472   	0.591377   	9.62748    	6.30278    	1.60789    	2.24144    	11.3012    	16.7556    	1.5448     	5.5487     	5.89219    	13.4052    	0.640914   	1.39727    	6.39381    	18.7189    	2.00468    	4.37601    	7.26871    	3.83336    	0.670622   	0.67353    	12.4846    	18.2609    	1.99917    	5.06244    	8.53208    	20.3871    	0.881942   	2.28457    	5.70408    	21.6555    	1.71665    	4.88106    	9.47993    	3.76894    	1.2268     	1.31811    	7.21558    	7.78237    	0.990603   	1.21188    	6.11656    	15.1542    	0.89102    	1.46447    	7.37526    	20.964     	1.99083    	5.21343    	13.3954    	20.8953    	3.14988    	18.3076    	6.27373    	9.65994    	1.20456    	1.52919    	5.11735    	6.81716    	0.684214   	0.768547   	53.6455	54.8021	65.565	69.122	112.024	72.666	55.065	51.0765	62.1751	51.6001	62.2851	69.8739	103.982	51.0266	116.212	-0.00140272	0.00139339 	0.999998   	0.372289   	0.151981   	0.147652   	7.40131    	7.40088    	7.18332	
2.9e-10    	2.6        	-0.0103786 	-0.0934089 	0.99519    	0.295014   	0.191243   	0.271326   	0.941362   	0.244724   	-0.0895177 	-0.0785709 	0.992539   	0.487466   	0.237249   	0.171577   	0.95446    	0.222918   	-0.0155684 	0.0330595  	0.999217   	0.577328   	-0.187208  	-0.246421  	0.949657   	0.23091    	0.0664072  	0.130677   	0.988851   	0.401093   	-0.194061  	-0.212891  	0.955917   	0.23105    	0.0431872  	-0.0125417 	0.998656   	0.389601   	-0.0782814 	-0.0400934 	0.995811   	0.393447   	-0.0486517 	-0.121809  	0.990786   	0.389311   	0.207122   	0.266801   	0.939274   	0.246573   	-0.52364   	-0.697908  	0.47402    	0.0970084  	0.0879017  	0.0803452  	0.992554   	0.391574   	0.025336   	0.0602181  	0.997759   	0.573636   	7.06697    	11.2304    	0.707998   	1.07474    	19.5373    	51.9228    	4.07       	15.0816    	13.018     	31.6187    	0.562002   	1.52523    	19.4417    	33.0659    	2.062      	9.53022    	7.34428    	13.3285    	0.583531   	0.591541   	18.4497    	23.4275    	2.21648    	9.20098    	10.0713    	21.4289    	1.72078    	3.31517    	15.3358    	37.9926    	2.31091    	8.19188    	11.1718    	15.9254    	0.474082   	0.466329   	14.0699    	12.759     	1.67137    	2.35176    	24.1817    	23.0631    	0.547117   	1.29333    	29.7237    	37.3704    	2.69056    	8.82723    	23.6613    	42.0997    	4.95061    	34.5683    	9.72293    	17.923     	0.403422   	0.94078    	10.31      	8.34865    	0.65304    	0.8094     	30.5888	75.0776	52.951	25.0373	51.7964	29.455	20.871	29.7599	51.3635	23.9466	39.7464	38.387	111.295	56.3343	56.7635	-0.000177419	3.28617e-05	1          	0.335921   	0.148018   	0.144869   	15.8942    	15.8948    	11.4935	
3e-10      	2.4        	0.00030587 	-5.33451e-05	0.999758   	0.288403   	0.00257612 	0.00525839 	0.998674   	0.201536   	-0.00140105	-0.00221386	0.999857   	0.475804   	0.00604334 	0.00439401 	0.999152   	0.198112   	-0.000463462	0.00143167 	0.999948   	0.569006   	-0.00478246	-0.00870201	0.998976   	0.19888    	0.00292064 	0.00638133 	0.99975    	0.384205   	-0.00917818	-0.00609249	0.998909   	0.199438   	0.001939   	-0.00298413	0.999898   	0.381857   	-0.00176992	-0.0021841 	0.999875   	0.383439   	-0.00274125	-0.00493259	0.999752   	0.3813     	0.00826772 	0.0135581  	0.998543   	0.201408   	0.0129802  	-0.0842424 	0.909256   	0.0174482  	0.00187298 	0.0036355  	0.999827   	0.381898   	2.83279e-05	0.00150278 	0.999928   	0.568267   	4.29256    	6.50676    	0.115483   	0.103093   	14.0706    	16.9265    	0.679555   	1.8459     	10.3685    	6.64902    	0.0939213  	0.101525   	10.889     	6.86099    	0.128754   	0.323252   	3.8883     	5.03296    	0.0951087  	0.0972858  	9.9488     	11.7685    	0.255194   	0.722098   	7.46881    	10.5349    	0.111238   	0.182101   	11.3479    	11.8578    	0.372352   	0.946442   	3.21524    	4.25997    	0.0847982  	0.0853465  	5.11345    	4.43186    	0.105364   	0.103966   	9.05851    	9.08825    	0.123571   	0.0934885  	18.0946    	14.065     	0.840675   	2.40906    	17.4225    	15.1815    	0.794605   	14.7097    	7.3796     	5.52063    	0.0957567  	0.0951948  	6.05209    	6.20996    	0.112161   	0.0963862  	13.8911	23.0519	9.9226	5.91877	8.5944	7.40965	6.90382	10.7432	9.53118	11.2832	16.7579	26.8115	27.6354	11.6085	15.2112	7.61508e-06	2.23706e-05	1          	0.321797   	0.137671   	0.140255   	0.694738   	0.694734   	2.83654	
3.1e-10    	2.2        	0.000166891	-3.22536e-05	0.999863   	0.28048    	0.00110654 	-0.00260712	0.999637   	0.191563   	-0.000476461	0.00108494 	0.999951   	0.467929   	0.00158116 	-0.00516384	0.999658   	0.189267   	-0.00105079	0.000288186	0.999961   	0.561054   	0.00163481 	0.00420793 	0.999689   	0.189641   	-0.00169823	-0.00115937	0.999921   	0.37566    	0.00100399 	0.00412437 	0.999659   	0.190271   	0.0012085  	-0.000842653	0.999932   	0.373941   	-0.00107185	-0.000839166	0.999905   	0.375059   	4.49768e-05	7.68815e-05	0.999914   	0.373568   	0.00193294 	0.00167545 	0.999616   	0.191291   	0.000149357	-0.00497539	0.745924   	0.00701676 	-0.000168337	0.000999996	0.999921   	0.374082   	5.02125e-05	-0.000726815	0.999964   	0.560669   	3.45465    	2.32192    	0.0884332  	0.0886309  	4.18463    	2.88644    	0.106892   	0.107837   	2.82587    	2.81033    	0.0826753  	0.0832818  	3.02408    	3.28639    	0.087407   	0.0882737  	3.53953    	3.01846    	0.0751146  	0.0747654  	2.95136    	2.86631    	0.0898301  	0.0915128  	3.00226    	2.8149     	0.0833972  	0.0842097  	3.24765    	3.22185    	0.0905012  	0.0912509  	2.3701     	2.66473    	0.0857783  	0.0864599  	3.4052     	3.74196    	0.0829535  	0.0825369  	3.45397    	2.9923     	0.0891994  	0.0897895  	3.77668    	3.7071     	0.0958326  	0.0959032  	3.70428    	3.32475    	0.0995086  	0.685748   	3.13642    	2.74854    	0.0954819  	0.0956037  	3.15464    	2.95107    	0.0783435  	0.078332   	4.68836	4.4839	4.99067	4.59881	4.67625	4.54045	4.57432	4.38913	4.44194	4.84007	4.87583	4.93729	4.24993	4.89419	4.65907	8.67034e-06	9.10061e-06	1          	0.313261   	0.140385   	0.140954   	0.109367   	0.109364   	1.56395	
3.2e-10    	2          	0.00135358 	0.00204713 	0.999813   	0.270869   	-0.00140301	-0.00375034	0.999624   	0.18177    	-0.00019747	0.000267365	0.999933   	0.458013   	0.000106031	-0.00431929	0.999561   	0.17975    	-0.000612332	-0.000629057	0.999958   	0.55081    	0.00174404 	0.00639995 	0.999641   	0.18001    	-0.00120469	-0.000278058	0.999903   	0.365802   	-0.000848153	0.000169544	0.99962    	0.180722   	0.00165881 	0.000205471	0.999897   	0.364264   	-0.00256246	-0.00104312	0.999897   	0.365046   	0.000481584	0.00129381 	0.999899   	0.363762   	0.00401871 	-0.000546147	0.999581   	0.181643   	-0.00988456	0.08621    	-0.710349  	0.00641708 	0.00138285 	-0.000761344	0.999913   	0.364424   	-0.00072243	-0.00063765	0.999959   	0.550634   	4.04734    	3.19284    	0.102635   	0.102979   	3.19173    	3.33558    	0.101379   	0.100977   	3.8414     	3.7599     	0.0941572  	0.0938421  	3.77138    	3.69439    	0.0884266  	0.0904424  	3.19563    	3.55401    	0.106708   	0.106427   	2.8945     	2.98087    	0.0949406  	0.095682   	3.2579     	3.63452    	0.105394   	0.106379   	3.34403    	3.31459    	0.103724   	0.104031   	3.42259    	3.85552    	0.0917876  	0.0914915  	3.59189    	3.49054    	0.0990166  	0.0987605  	2.96376    	4.15151    	0.10391    	0.104084   	3.53498    	3.75439    	0.107585   	0.111196   	2.91253    	3.66715    	0.0911418  	0.751298   	3.03804    	3.10881    	0.0942051  	0.0941468  	2.99965    	3.66828    	0.101022   	0.101121   	4.88666	4.83035	5.12079	4.58981	4.80807	4.7135	4.79312	4.41789	4.64746	4.65536	5.01434	4.87295	4.68924	4.84089	4.86368	1.045e-05  	9.5519e-06 	1          	0.303502   	0.14253    	0.139751   	0.167472   	0.167472   	1.63369	
3.3e-10    	1.8        	-0.00354656	-0.0162921 	0.99951    	0.256393   	-0.00581261	0.0140241  	0.999051   	0.168876   	0.00432088 	0.00411268 	0.999816   	0.442949   	-0.0093371 	-0.0218787 	0.998909   	0.16651    	0.00199981 	0.00804975 	0.999862   	0.534662   	0.00262157 	-0.00364926	0.999033   	0.166798   	0.0019498  	-0.00126554	0.999768   	0.351284   	0.00661431 	0.0180911  	0.998838   	0.167873   	-0.00515632	-0.00753397	0.999705   	0.349303   	0.00619942 	0.00501758 	0.999703   	0.350091   	-0.00937453	-0.00397332	0.999685   	0.348782   	0.00681318 	-0.00210419	0.99901    	0.168719   	-0.0231541 	-0.08302   	-0.920952  	0.0174444  	-0.00477267	-0.00538332	0.99974    	0.34968    	0.00385529 	0.00636524 	0.999876   	0.534672   	5.88082    	6.50256    	0.157313   	0.156382   	5.26841    	7.51713    	0.129337   	0.130139   	7.3098     	10.1752    	0.176241   	0.177244   	5.70129    	6.34014    	0.142869   	0.147552   	7.54087    	8.44132    	0.177578   	0.17818    	5.92992    	8.37808    	0.138906   	0.141777   	4.5848     	10.6419    	0.15382    	0.153539   	5.66472    	9.15417    	0.132779   	0.153152   	8.4267     	8.2018     	0.171535   	0.17451    	6.69831    	10.7945    	0.160913   	0.165041   	5.83473    	11.3868    	0.16258    	0.159162   	5.55928    	9.20676    	0.154121   	0.158249   	6.54897    	6.23211    	0.128161   	0.540607   	8.50189    	6.87947    	0.167057   	0.168459   	7.55804    	7.18213    	0.18873    	0.189731   	6.40661	6.63951	6.16453	6.17587	6.60267	6.30746	5.94628	6.13181	6.41301	6.37085	6.16645	6.53713	6.8603	6.63742	6.86622	4.90053e-06	3.73543e-06	1          	0.28926    	0.138224   	0.141058   	0.528074   	0.528068   	1.67457	
3.4e-10    	1.6        	0.191713   	-0.190266  	0.958617   	0.231057   	-0.0294227 	0.168649   	0.982861   	0.142445   	-0.0982992 	0.0483417  	0.992974   	0.411178   	0.300326   	-0.0975987 	0.940572   	0.146202   	-0.136047  	0.0835181  	0.985822   	0.501843   	0.181219   	-0.196285  	0.960119   	0.142305   	-0.0754539 	0.0989845  	0.991437   	0.31954    	-0.298343  	0.0415063  	0.944478   	0.148406   	0.207323   	-0.113922  	0.968538   	0.322955   	-0.206821  	0.0926932  	0.970922   	0.323284   	0.114477   	-0.100088  	0.987017   	0.317698   	0.214887   	0.00694212 	0.97048    	0.144824   	-0.374655  	-0.249128  	-0.858325  	0.0490009  	0.204046   	-0.0850704 	0.973221   	0.32347    	-0.0938322 	0.0811833  	0.991549   	0.500587   	51.4958    	67.7254    	2.63318    	4.65556    	11.2677    	14.3717    	1.37668    	1.23377    	44.3023    	46.4458    	1.66282    	1.12089    	45.6165    	44.1717    	1.35746    	1.6506     	85.0262    	95.7588    	3.10155    	2.35354    	14.8529    	23.0976    	1.60033    	2.13036    	9.00778    	33.8182    	2.15762    	1.79715    	83.0876    	18.2993    	1.36343    	1.77166    	101.923    	64.9952    	2.62695    	2.05587    	108.087    	58.3738    	2.43219    	1.77228    	22.4504    	50.5488    	2.31069    	2.1784     	55.4753    	11.9666    	1.40887    	1.16889    	31.4368    	11.9079    	1.15341    	8.67721    	71.7974    	39.2986    	1.99934    	1.32481    	34.1378    	62.934     	2.64954    	2.43388    	12.4142	11.7857	39.0805	12.3754	44.9872	12.2631	27.8024	11.0111	18.5554	19.9092	24.1004	13.2769	24.1117	26.4785	57.3835	1.89986e-05	-3.08718e-05	0.999999   	0.25638    	0.13632    	0.148176   	24.7742    	24.7742    	90.4207	
3.5e-10    	1.4        	0.261547   	-0.195659  	0.944228   	0.196049   	-0.0405525 	0.194876   	0.977356   	0.111413   	-0.123192  	0.0429901  	0.991269   	0.375493   	0.394107   	-0.0767349 	0.913967   	0.117425   	-0.168368  	0.0711227  	0.982951   	0.460442   	0.285112   	-0.216022  	0.931083   	0.113088   	-0.093294  	0.0841748  	0.991518   	0.283539   	-0.436493  	0.0317772  	0.897383   	0.123416   	0.275461   	-0.0919701 	0.956408   	0.287242   	-0.293309  	0.0378464  	0.954857   	0.288654   	0.164093   	-0.0376622 	0.985188   	0.281881   	0.33168    	-0.0104008 	0.941127   	0.118302   	-0.323344  	-0.154041  	-0.928764  	0.0741778  	0.266972   	-0.0496973 	0.962015   	0.289951   	-0.11833   	0.0571631  	0.991103   	0.460559   	6.92578    	11.4037    	0.800422   	1.09847    	5.99201    	11.613     	0.54829    	1.01314    	4.93357    	8.85547    	0.716458   	0.78691    	5.4331     	8.04675    	0.505374   	1.16662    	8.70734    	14.2679    	0.681034   	0.829452   	9.61958    	8.54697    	0.523902   	0.969346   	13.2601    	10.7461    	0.685257   	0.790412   	7.02139    	7.21709    	0.445074   	1.6964     	8.6407     	12.8572    	0.644259   	1.11917    	6.76142    	11.2152    	0.750351   	1.10428    	10.5329    	12.5786    	0.735557   	1.17521    	5.80282    	10.3036    	0.534536   	1.03662    	6.46631    	8.01776    	0.545352   	1.44507    	6.43704    	11.7978    	0.750154   	1.24731    	10.0353    	15.5049    	0.644528   	0.783023   	14.6152	13.5828	17.6776	11.3044	15.4206	12.6029	14.569	11.4442	13.1423	13.3018	14.9852	12.9372	14.5436	14.0972	18.5499	2.03914e-05	-7.47238e-05	0.999999   	0.22194    	0.138548   	0.139559   	2.8826     	2.8826     	6.06975	
3.6e-10    	1.2        	0.486776   	-0.171021  	0.855319   	0.177746   	-0.343374  	0.403285   	0.83814    	0.0952572  	-0.154147  	-0.0264647 	0.986629   	0.343494   	0.468866   	0.205495   	0.842578   	0.0950583  	-0.264667  	0.0398928  	0.963251   	0.429365   	0.631934   	-0.338409  	0.690633   	0.110333   	-0.264059  	0.118829   	0.95626    	0.259194   	-0.409431  	-0.242228  	0.865206   	0.0971356  	0.408993   	-0.0210723 	0.91152    	0.262139   	-0.417552  	-0.0405824 	0.906758   	0.264575   	0.342061   	-0.040812  	0.937968   	0.260927   	0.242691   	0.221669   	0.931966   	0.0907036  	-0.0060182 	-0.313074  	-0.940264  	0.0999053  	0.357182   	0.0357769  	0.932258   	0.262317   	-0.218674  	0.0524912  	0.974091   	0.431195   	11.8646    	9.77659    	0.934622   	3.64228    	14.362     	38.7126    	0.832987   	12.3234    	3.76781    	62.9973    	0.645311   	0.739482   	6.17141    	64.9688    	0.66033    	2.7605     	11.6532    	13.7687    	0.91887    	1.195      	19.5231    	28.8523    	0.794553   	19.6021    	16.5876    	16.2054    	0.7539     	2.48634    	13.5477    	53.5311    	0.536151   	2.71084    	4.34166    	22.4195    	0.729036   	1.37414    	7.43258    	27.3717    	0.755936   	1.77306    	19.6054    	10.7736    	0.68809    	2.94686    	9.88704    	44.8993    	0.669408   	2.67862    	15.3759    	36.9273    	0.574448   	4.83004    	4.32063    	33.9102    	0.780647   	1.31706    	21.0739    	8.61574    	0.780935   	1.87883    	15.1151	14.7158	14.7084	13.6023	17.7887	14.9098	14.7072	12.495	14.677	14.3913	14.641	13.8102	15.3831	15.1962	16.7946	7.85807e-05	-0.00012629	0.999999   	0.190015   	0.147695   	0.143493   	1.60223    	1.60223    	2.83643	
3.7e-10    	1          	0.619205   	-0.11972   	0.771656   	0.152892   	-0.4807    	0.6999     	0.523177   	0.0975654  	-0.148534  	-0.161636  	0.974544   	0.31531    	0.338324   	0.73492    	0.570643   	0.0934165  	-0.294502  	-0.0170242 	0.954805   	0.393297   	0.733535   	-0.54329   	0.404515   	0.116095   	-0.360771  	0.207925   	0.908143   	0.23653    	-0.220207  	-0.752442  	0.607805   	0.0972685  	0.456872   	0.113924   	0.880266   	0.230777   	-0.457514  	-0.194673  	0.865548   	0.236228   	0.431608   	-0.0670626 	0.898534   	0.236611   	0.0836214  	0.708533   	0.69044    	0.0847083  	0.119297   	-0.446416  	-0.883682  	0.135593   	0.373626   	0.184159   	0.906852   	0.234168   	-0.26295   	0.0463661  	0.963266   	0.398742   	10.4958    	36.6068    	1.07205    	5.41356    	14.5942    	8.80909    	1.07146    	10.495     	11.8059    	44.4639    	1.08988    	1.94282    	13.8634    	42.8602    	0.949532   	13.1465    	13.2343    	42.7353    	1.17107    	2.01124    	14.3116    	7.34075    	0.921043   	11.215     	21.9153    	9.88838    	0.955037   	4.14015    	17.4012    	33.507     	0.761563   	12.8042    	12.5851    	38.3695    	1.15617    	3.04531    	13.8042    	42.8702    	1.16503    	3.46611    	19.6088    	12.4637    	1.09821    	5.12873    	13.3412    	22.7187    	0.945444   	10.2636    	18.7896    	12.6145    	0.793502   	4.57925    	16.3693    	45.4131    	0.970326   	1.9825     	16.2619    	19.8146    	1.30522    	2.07919    	15.2047	14.5834	18.2261	15.572	16.5379	16.2159	15.1342	13.9004	16.5008	15.3899	16.7551	14.899	14.6389	15.3898	17.9295	0.00010844 	-0.00016626	0.999999   	0.158665   	0.141698   	0.146505   	1.1744     	1.17441    	2.11094	
3.8e-10    	0.8        	0.852268   	-0.035705  	0.519252   	0.160149   	-0.689067  	0.702622   	0.173271   	0.131483   	-0.15201   	-0.298065  	0.941711   	0.294099   	0.184642   	0.950817   	0.242303   	0.110859   	-0.415271  	-0.0611808 	0.907224   	0.370762   	0.842709   	-0.5244    	0.118399   	0.159188   	-0.583642  	0.268579   	0.765227   	0.238676   	0.0342995  	-0.954894  	0.289496   	0.117348   	0.608746   	0.227555   	0.758852   	0.220234   	-0.55981   	-0.337078  	0.755898   	0.223878   	0.639425   	-0.101299  	0.761068   	0.236885   	-0.233733  	0.919309   	0.309227   	0.106546   	0.306126   	-0.51291   	-0.800413  	0.182078   	0.430816   	0.358413   	0.827105   	0.218205   	-0.397107  	0.0421858  	0.916341   	0.380356   	20.5272    	12.0509    	1.52248    	15.5137    	20.2457    	10.6304    	1.08368    	25.3385    	5.45327    	24.0595    	1.43632    	2.34982    	7.13188    	16.6498    	1.42782    	14.807     	18.284     	11.6401    	1.48684    	3.68793    	18.8524    	9.23037    	1.34064    	23.862     	27.3655    	7.12954    	1.8842     	11.5501    	8.90916    	21.8719    	1.13495    	20.3291    	17.4812    	13.7867    	1.60966    	9.57908    	9.80765    	18.8647    	1.18206    	8.059      	28.2751    	5.75556    	1.28472    	10.9099    	13.3431    	17.6755    	1.02178    	18.7205    	15.6521    	14.9079    	0.931062   	9.41566    	7.08062    	21.0378    	1.46643    	6.14534    	27.7745    	7.95761    	1.68882    	4.71696    	16.2896	15.9055	17.5094	16.2632	17.0608	15.2044	19.1644	15.5267	16.8016	14.2266	15.2091	14.3725	14.0328	17.5408	18.6119	0.000235433	-0.000154086	0.999998   	0.127543   	0.144754   	0.144932   	0.935029   	0.935014   	1.90451	
3.9e-10    	0.6        	0.952537   	0.0910457  	0.287339   	0.167727   	-0.673374  	0.737169   	-0.0424568 	0.156511   	-0.186005  	-0.461099  	0.866245   	0.285878   	0.153744   	0.986827   	0.0167075  	0.15076    	-0.48949   	-0.141501  	0.859823   	0.346831   	0.823323   	-0.562818  	-0.0673236 	0.178679   	-0.691597  	0.305315   	0.653161   	0.232097   	0.0466104  	-0.995889  	0.063571   	0.152118   	0.703951   	0.382655   	0.596476   	0.216768   	-0.630712  	-0.49783   	0.593133   	0.221822   	0.752319   	-0.109554  	0.648413   	0.229919   	-0.23277   	0.969115   	0.0624606  	0.137995   	0.305405   	-0.543207  	-0.779917  	0.220235   	0.480598   	0.544576   	0.68537    	0.215031   	-0.479303  	0.0100979  	0.877194   	0.358593   	11.5602    	12.0083    	2.09209    	11.8017    	15.1486    	31.0237    	2.24552    	39.769     	5.87552    	59.2357    	2.00727    	14.6665    	7.80413    	57.6478    	2.08734    	54.6899    	12.7541    	23.9719    	2.35708    	4.10846    	16.837     	21.1354    	1.87747    	32.7368    	22.9958    	20.8877    	2.44576    	19.8272    	10.7228    	55.7742    	1.73207    	56.2322    	12.2744    	27.0064    	3.09391    	14.0305    	6.43114    	40.7261    	2.02238    	15.2662    	24.9019    	13.1168    	1.80247    	17.5662    	17.4037    	61.178     	1.69491    	66.794     	17.717     	43.2713    	2.22786    	19.7361    	4.85275    	43.4768    	2.15476    	16.5325    	15.9641    	9.54239    	2.80821    	4.27136    	15.065	18.5147	20.0103	18.5595	17.8229	16.9869	19.0306	16.778	20.0318	16.7701	16.037	14.6932	16.325	16.7299	21.0605	0.000340639	-0.000563359	0.999996   	0.0964633  	0.14767    	0.141844   	0.821838   	0.821824   	1.77254	
4e-10      	0.4        	0.992635   	0.0987852  	0.0559193  	0.199154   	-0.645198  	0.742999   	-0.175599  	0.1979     	-0.240366  	-0.591663  	0.768909   	0.284687   	0.148277   	0.979992   	-0.128956  	0.19492    	-0.593977  	-0.184172  	0.782485   	0.333069   	0.776949   	-0.600516  	-0.185266  	0.217174   	-0.783495  	0.383281   	0.487908   	0.245451   	0.053642   	-0.995448  	-0.0715164 	0.194735   	0.797074   	0.451725   	0.399562   	0.227677   	-0.699008  	-0.582677  	0.413142   	0.232986   	0.855482   	-0.184278  	0.482872   	0.242792   	-0.238698  	0.965782   	-0.0955244 	0.18409    	0.323672   	-0.592081  	-0.7375    	0.268965   	0.527358   	0.677747   	0.511272   	0.225843   	-0.595119  	0.021837   	0.802888   	0.348583   	17.5336    	17.0858    	3.08695    	18.4518    	10.9093    	14.78      	2.48875    	19.3169    	10.8908    	15.8055    	3.74768    	10.2091    	6.5201     	15.1964    	4.6338     	16.137     	14.6379    	18.1558    	4.04622    	7.48867    	12.6109    	20.9113    	4.53729    	20.1091    	13.6418    	17.0651    	2.77041    	14.3424    	8.78642    	13.9787    	2.89002    	14.4833    	11.1025    	12.378     	4.08437    	14.0499    	10.4894    	17.6165    	4.02443    	14.7771    	14.7294    	7.94107    	4.00846    	10.5174    	8.55195    	16.173     	2.27684    	16.4693    	6.65941    	14.4158    	3.20291    	9.3172     	13.1683    	17.0694    	3.37455    	18.0411    	14.9449    	13.9944    	4.18734    	9.41757    	19.8043	15.1659	18.6196	18.3048	18.5318	17.6834	17.3665	16.6748	16.4241	18.4838	19.0731	15.3069	18.3095	15.8298	18.8495	0.000529011	-0.000701958	0.999991   	0.0653157  	0.150845   	0.145046   	0.754826   	0.754814   	1.851	
4.1e-10    	0.2        	0.980241   	0.107555   	-0.157539  	0.232177   	-0.661932  	0.70136    	-0.262582  	0.223869   	-0.276071  	-0.65605   	0.700703   	0.28022    	0.137489   	0.963186   	-0.228558  	0.216811   	-0.682167  	-0.235667  	0.691413   	0.309474   	0.765625   	-0.580383  	-0.27366   	0.236079   	-0.860409  	0.366912   	0.352327   	0.257049   	0.0915911  	-0.981006  	-0.167788  	0.211518   	0.847292   	0.490593   	0.198785   	0.238293   	-0.730123  	-0.637405  	0.241988   	0.239584   	0.921175   	-0.179973  	0.343316   	0.253534   	-0.275407  	0.937132   	-0.208169  	0.208759   	0.346767   	-0.56723   	-0.745885  	0.306731   	0.554657   	0.749501   	0.357936   	0.228099   	-0.683593  	0.0135116  	0.728772   	0.342185   	22.1421    	6.63429    	28.3613    	17.5093    	27.4012    	35.8106    	8.35892    	58.2308    	5.44461    	43.7044    	12.7565    	11.547     	7.14924    	42.6707    	7.36906    	43.0706    	25.0627    	8.48466    	6.0848     	12.2786    	24.6981    	24.2456    	7.45816    	25.15      	22.2761    	11.3872    	7.24725    	24.2925    	7.34775    	26.6024    	5.70823    	26.5936    	12.8913    	13.0465    	14.6447    	11.647     	19.0451    	14.4627    	14.481     	16.0221    	23.4777    	9.45657    	6.47782    	19.0096    	28.1383    	16.3523    	7.70045    	21.5289    	32.2917    	23.7355    	13.5398    	28.4205    	9.52705    	33.7398    	24.0421    	33.1909    	36.1794    	7.19593    	15.3229    	14.1656    	30.9698	19.2985	18.8582	23.8444	19.6412	18.2849	17.014	16.6072	15.8007	26.7383	21.3031	19.9811	23.5244	39.5075	32.5875	0.00322609 	-0.0010123 	0.999961   	0.0338196  	0.157969   	0.152253   	0.71309    	0.713092   	1.59053	
4.2e-10    	-0         	0.747771   	0.0918817  	-0.56      	0.194903   	-0.417722  	0.787683   	0.161411   	0.326143   	-0.155346  	-0.904196  	0.147876   	0.30963    	-0.0357982 	0.939679   	0.0925092  	0.325999   	-0.52756   	-0.41116   	0.695344   	0.207228   	0.414155   	-0.655109  	-0.5456    	0.335029   	-0.46321   	0.515696   	0.591021   	0.343271   	0.104588   	-0.932893  	-0.293285  	0.356869   	0.482979   	0.622968   	-0.445772  	0.242165   	-0.444306  	-0.816544  	0.0442727  	0.241275   	0.517509   	-0.373509  	-0.51937   	0.287647   	-0.147985  	0.862653   	0.337073   	0.367408   	0.209123   	-0.708256  	-0.618193  	0.430637   	0.258917   	0.906153   	0.185795   	0.288076   	-0.52836   	0.169666   	0.776868   	0.282156   	1192.76    	41.4377    	215.702    	348.77     	1048.31    	3013.21    	3471.15    	2677.95    	162.643    	2652.43    	2399.41    	1936.34    	638.893    	2639.42    	2141.35    	2867.63    	1142.73    	208.818    	299.929    	845.677    	1414.04    	1384.79    	1801.51    	1511.94    	2437.02    	858.27     	2928.18    	865.703    	809.671    	2830.28    	478.456    	3039.3     	1490.94    	527.336    	1382.14    	458.69     	995.426    	1602.19    	284.984    	853.526    	2057.87    	622.946    	4876.06    	521.719    	500.088    	4328.54    	3719.91    	5498.11    	1124.4     	3125.11    	436.661    	1094.86    	291.022    	1612.54    	717.985    	1051.2     	1577.91    	341.417    	329.481    	272.471    	4675.66	155.285	253.796	485.5	2407.62	940.871	3058.75	1220.06	1513.69	796.233	6168.42	1472.19	263.544	239.221	6188.57	0.151145   	-0.143222  	-0.100936  	0.000669105	0.186705   	0.187143   	3.27614    	1.93879    	6711.21	
