#----------------------------------------------------------------------------------------------------------------------------------------------------------
# Output file for vampire simulation
#   time       : 2025-05-29 23:18:38     process id : 3494724
#   hostname   : thor3.psi.ch
#   path       : /scratch/dossan_f/Na2BaMn(PO4)2/vampire_tripleUC_15mat_J2Ja_small_k0.035_Jnn0.11_Bc_highstatistics
#   version    : 6.0.0
#   githash    : 4c9651daecc86c3e6b6df0c8055fcd9e89fd900c
#----------------------------------------------------------------------------------------------------------------------------------------------------------
2e-11      	8          	6.17592e-07	-0.000338178	0.99946    	0.927044   	7.91426e-06	0.00025662 	0.999978   	0.927704   	0.000176084	-0.000206308	0.999965   	0.92739    	-0.000171286	0.000197532	0.999944   	0.927412   	-5.27255e-05	3.35617e-05	0.999995   	0.92768    	0.000223376	-0.000408402	0.999431   	0.927093   	-5.87218e-05	0.000132464	0.999987   	0.927767   	0.000242686	-0.000396614	0.999794   	0.927254   	-5.34802e-05	8.25142e-05	0.999606   	0.927123   	0.000103081	-5.79533e-06	0.999991   	0.927553   	6.10161e-05	-0.000556018	0.999393   	0.927083   	-0.000102942	0.000336921	0.999967   	0.927609   	0.00038284 	-0.000467136	0.999594   	0.927141   	-0.000173626	0.000225448	0.999839   	0.927244   	-0.000174234	0.000212475	0.999993   	0.927774   	0.506268   	0.618694   	67.048     	48.6968    	0.694376   	1.70322    	6.48169    	5.89983    	0.421325   	0.88078    	25.4237    	24.4605    	0.583772   	2.09229    	22.9152    	21.0516    	0.425166   	0.398636   	7.58806    	7.57671    	0.665948   	1.84745    	69.0101    	44.7085    	0.585194   	1.0937     	4.28097    	4.008      	0.508248   	1.37739    	40.4901    	35.0452    	0.38585    	0.384064   	54.084     	45.7764    	0.341555   	0.623908   	14.0198    	13.8355    	0.587516   	0.983462   	73.4535    	48.2427    	0.626372   	2.0069     	12.5777    	11.5279    	0.665388   	1.56989    	55.5094    	41.3483    	0.403963   	1.00437    	38.6036    	35.7423    	0.498082   	0.549199   	4.29813    	4.21353    	12211.2	107.69	2730.54	2245.69	145.472	12673	97.5338	5888.99	9055.58	801.591	13787.9	626.412	9391.01	5463.65	91.6482	-1.19612e-05	-2.2549e-06	1          	0.927346   	0.109662   	0.112642   	414.71     	414.708    	47400	
3e-11      	7.8        	0.000111487	0.000201483	0.999995   	0.923383   	-1.31803e-05	-0.000232463	0.999995   	0.923409   	-6.51811e-05	6.68101e-05	0.999995   	0.923401   	-0.000175321	-4.62676e-05	0.999995   	0.923386   	0.000119164	2.97334e-05	0.999995   	0.923403   	1.49726e-05	-2.13809e-05	0.999995   	0.923392   	-6.70489e-05	-2.98146e-05	0.999995   	0.923421   	3.67786e-05	5.5976e-05 	0.999995   	0.923394   	0.000122612	-1.80325e-05	0.999995   	0.923396   	9.69916e-05	-7.6154e-05	0.999995   	0.923373   	-0.000123327	7.19634e-05	0.999995   	0.923408   	-9.76304e-06	7.14464e-05	0.999995   	0.92339    	-8.6398e-05	6.51065e-05	0.999995   	0.923409   	3.209e-05  	4.24899e-05	0.999995   	0.92343    	6.10063e-05	-5.56955e-05	0.999995   	0.92341    	0.410018   	0.404289   	0.0257724  	0.0257629  	0.411138   	0.403418   	0.0250132  	0.0250248  	0.41705    	0.413085   	0.0239332  	0.0239402  	0.406736   	0.394888   	0.0243831  	0.0243809  	0.421507   	0.442021   	0.025205   	0.0252097  	0.403712   	0.410234   	0.024802   	0.0247956  	0.434255   	0.404775   	0.025057   	0.0250587  	0.403518   	0.41153    	0.0239625  	0.0239583  	0.455168   	0.438431   	0.0242148  	0.0242141  	0.405572   	0.406027   	0.0249263  	0.0249301  	0.408509   	0.403612   	0.0251639  	0.0251552  	0.415867   	0.391682   	0.0263721  	0.0263848  	0.422355   	0.415342   	0.0243462  	0.0243435  	0.400096   	0.401991   	0.0261871  	0.0261877  	0.40409    	0.424184   	0.0243123  	0.0242992  	4.91659	4.90069	4.77545	4.71032	4.81813	4.77687	4.83625	4.65931	4.75597	4.83552	4.886	5.0276	4.68519	4.98642	4.65958	3.6664e-06 	8.34292e-06	1          	0.923396   	0.112001   	0.115007   	0.0324956  	0.0324952  	1.70384	
4e-11      	7.6        	5.78163e-05	-0.00015916	0.999995   	0.918237   	1.46387e-05	-9.42787e-06	0.999995   	0.918256   	-4.47041e-05	0.00013419 	0.999995   	0.918271   	-1.83797e-05	-0.000146359	0.999995   	0.91828    	2.12944e-05	-3.76596e-05	0.999995   	0.918267   	-5.91067e-06	0.000212031	0.999995   	0.91826    	5.79248e-05	8.20556e-05	0.999995   	0.918247   	1.47759e-06	4.93692e-05	0.999994   	0.918236   	-5.95079e-05	-0.000141334	0.999995   	0.918247   	-5.73807e-05	0.000109057	0.999995   	0.918236   	5.42288e-05	0.000177433	0.999995   	0.918249   	-3.02957e-05	-0.000164276	0.999995   	0.918237   	-1.0952e-05	8.63619e-05	0.999995   	0.918279   	7.22988e-05	-0.000155352	0.999995   	0.918288   	-7.8592e-05	2.20461e-05	0.999995   	0.918257   	0.441552   	0.429784   	0.0270614  	0.0270543  	0.463878   	0.444328   	0.0287014  	0.0286936  	0.434833   	0.445801   	0.0285906  	0.028597   	0.453988   	0.451908   	0.028976   	0.0289733  	0.490752   	0.440707   	0.0281022  	0.0281035  	0.445431   	0.440661   	0.0263913  	0.0263921  	0.46335    	0.421564   	0.0266694  	0.0266617  	0.462317   	0.484871   	0.0275474  	0.0275503  	0.472271   	0.459504   	0.0289062  	0.0289117  	0.473711   	0.457733   	0.026384   	0.0263908  	0.465021   	0.439459   	0.0292663  	0.0292568  	0.455016   	0.440704   	0.0268983  	0.0268779  	0.44652    	0.434049   	0.028243   	0.0282485  	0.483372   	0.441844   	0.0285891  	0.0285888  	0.441395   	0.434456   	0.0281208  	0.0281246  	5.00333	5.0672	5.16906	5.36704	5.0839	4.90943	4.85497	4.90912	5.20471	4.8561	5.3337	4.89379	5.03608	5.17195	4.9802	-1.74565e-06	3.94597e-06	1          	0.918252   	0.114648   	0.119603   	0.03513    	0.0351297  	1.57374	
5e-11      	7.4        	-9.27637e-05	-0.000128955	0.999994   	0.912438   	-4.0221e-05	1.59569e-05	0.999994   	0.912438   	8.08069e-05	7.33983e-05	0.999994   	0.912472   	-1.90489e-05	0.000101993	0.999994   	0.912431   	0.000184202	-1.82017e-05	0.999994   	0.912476   	-0.000189691	-5.5854e-05	0.999994   	0.91245    	-0.000106795	6.5547e-05 	0.999994   	0.912422   	0.000137659	1.57959e-05	0.999994   	0.912431   	5.42934e-06	1.99325e-06	0.999994   	0.912445   	-5.88553e-05	-0.000138827	0.999994   	0.912425   	-7.559e-05 	3.382e-05  	0.999994   	0.912406   	0.000111007	0.000149395	0.999994   	0.912419   	-1.59159e-05	-9.79662e-05	0.999994   	0.912478   	1.17485e-05	0.000153703	0.999994   	0.912454   	7.67568e-05	-6.08325e-05	0.999994   	0.912427   	0.50434    	0.53595    	0.0336287  	0.033614   	0.496635   	0.493791   	0.0317504  	0.0317622  	0.485335   	0.479724   	0.0326864  	0.0326776  	0.486772   	0.527786   	0.030742   	0.0307638  	0.476649   	0.51816    	0.031573   	0.031566   	0.485846   	0.521659   	0.0316386  	0.0316394  	0.470652   	0.521592   	0.0323924  	0.0323792  	0.462967   	0.509378   	0.0314305  	0.0314394  	0.464415   	0.462405   	0.031701   	0.031683   	0.52189    	0.478432   	0.030624   	0.03062    	0.50593    	0.472505   	0.0312648  	0.0312595  	0.537316   	0.494164   	0.0325785  	0.0325809  	0.496734   	0.507115   	0.0331725  	0.0331636  	0.501288   	0.480064   	0.0323736  	0.0323647  	0.479082   	0.47985    	0.0330286  	0.0330328  	5.6083	5.34159	5.55588	5.23288	5.42156	5.26503	5.41362	5.22641	5.28847	5.12872	5.11351	5.43957	5.45084	5.55733	5.64373	5.53802e-07	7.39946e-06	1          	0.912435   	0.119799   	0.122136   	0.0397041  	0.0397037  	1.61128	
6e-11      	7.2        	-9.09581e-05	1.0914e-05 	0.999993   	0.905883   	0.000167378	2.97053e-05	0.999994   	0.905862   	-0.000141114	-5.87285e-05	0.999993   	0.905846   	1.9614e-05 	-6.14023e-05	0.999994   	0.905857   	-9.67976e-05	3.56968e-05	0.999993   	0.905835   	8.70498e-05	4.0079e-05 	0.999994   	0.905839   	0.000135753	0.000232035	0.999994   	0.905845   	-0.000174297	-0.000136713	0.999993   	0.90585    	4.96676e-05	-0.000129744	0.999993   	0.905863   	3.00163e-05	-0.00011038	0.999993   	0.905861   	-0.000120092	2.60388e-05	0.999993   	0.905844   	4.02303e-05	2.25841e-05	0.999993   	0.905855   	-0.000233849	0.000150248	0.999993   	0.905863   	7.24673e-05	7.79638e-05	0.999993   	0.905849   	0.000127263	-0.000231799	0.999993   	0.905848   	0.568248   	0.52696    	0.0368901  	0.036859   	0.507422   	0.552549   	0.0379238  	0.0379172  	0.558529   	0.562991   	0.0357786  	0.0357558  	0.516675   	0.548536   	0.0372174  	0.0372184  	0.557729   	0.570153   	0.0384931  	0.0384861  	0.554422   	0.500602   	0.0370246  	0.037017   	0.526704   	0.531403   	0.035834   	0.0358205  	0.577218   	0.547608   	0.0392829  	0.039293   	0.575568   	0.53158    	0.0372415  	0.0372091  	0.578529   	0.583428   	0.0396625  	0.0396443  	0.596822   	0.600008   	0.036704   	0.0367295  	0.549935   	0.56957    	0.036854   	0.0368446  	0.593216   	0.517324   	0.0359118  	0.0359216  	0.543965   	0.566907   	0.0366996  	0.0366821  	0.575929   	0.554101   	0.0386929  	0.0387084  	5.63773	5.93626	5.61993	5.98165	6.09468	5.9082	5.71395	6.15205	6.01461	6.25431	5.68761	5.65991	5.62545	5.85694	6.20481	-8.5172e-06	-6.90311e-06	1          	0.905847   	0.125643   	0.123788   	0.0486538  	0.048654   	1.61602	
7e-11      	7          	-0.000138265	-2.53661e-05	0.999992   	0.898314   	3.59916e-05	5.92236e-05	0.999992   	0.898287   	5.2373e-05 	2.11646e-05	0.999992   	0.898327   	-0.000117434	-0.000154313	0.999992   	0.898323   	0.000112112	0.000180782	0.999992   	0.898371   	-2.24122e-05	-1.85939e-05	0.999992   	0.898359   	-0.000220828	-3.18168e-05	0.999992   	0.898357   	0.000152596	3.93035e-05	0.999992   	0.89835    	5.12953e-05	-1.89859e-05	0.999992   	0.898336   	-8.77263e-05	8.96899e-05	0.999992   	0.898303   	-5.42305e-05	7.08628e-05	0.999993   	0.898358   	0.000106895	-9.01465e-05	0.999993   	0.898376   	8.06516e-05	-6.5964e-06	0.999992   	0.898367   	-0.000112233	3.04819e-05	0.999992   	0.898404   	-2.45428e-05	-3.91733e-05	0.999993   	0.898314   	0.650187   	0.638547   	0.044075   	0.0441129  	0.629942   	0.613195   	0.0425676  	0.0425768  	0.608118   	0.636187   	0.0432068  	0.0432112  	0.669523   	0.620509   	0.0418466  	0.0418118  	0.609554   	0.650891   	0.0433748  	0.0433734  	0.59838    	0.651479   	0.0445286  	0.0445243  	0.602167   	0.651479   	0.0474003  	0.0473778  	0.596289   	0.646159   	0.043932   	0.0439318  	0.636803   	0.63761    	0.0437001  	0.0436633  	0.624359   	0.628576   	0.0424766  	0.0424747  	0.591222   	0.593347   	0.0431649  	0.0431668  	0.602233   	0.613273   	0.0447103  	0.0446869  	0.647012   	0.599317   	0.0424779  	0.0424646  	0.633418   	0.601471   	0.0447444  	0.0447571  	0.57421    	0.599678   	0.0445548  	0.0446114  	6.50387	6.2272	6.40949	6.14678	6.41889	6.46432	6.85692	6.29155	6.39079	6.09694	6.32853	6.37275	6.29046	6.47604	6.40396	-1.24041e-05	7.10164e-06	1          	0.898336   	0.123295   	0.127611   	0.0543225  	0.0543214  	1.56128	
8e-11      	6.8        	-0.000113048	0.000157944	0.999991   	0.889774   	0.000122696	7.64347e-05	0.999992   	0.889712   	-5.22717e-05	-0.000214542	0.999991   	0.889788   	-9.87062e-06	1.49401e-05	0.999991   	0.889771   	7.70833e-05	-6.07496e-05	0.999991   	0.88976    	-8.31078e-05	4.89167e-05	0.999991   	0.889806   	-0.000311547	-0.000275246	0.999991   	0.889815   	2.68137e-05	-5.17562e-07	0.999991   	0.889753   	0.00023104 	0.000254412	0.999991   	0.889785   	-0.000111103	-7.2428e-05	0.999991   	0.889749   	5.30724e-05	0.000229087	0.999992   	0.889786   	7.74337e-05	-7.32244e-05	0.999992   	0.889805   	0.000320393	0.000300136	0.999991   	0.889794   	-0.000188599	-5.08883e-05	0.999991   	0.88979    	-0.000103434	-0.000219286	0.999991   	0.88976    	0.699556   	0.722151   	0.0484642  	0.0484367  	0.678971   	0.671166   	0.0489408  	0.0489309  	0.656699   	0.705621   	0.0505917  	0.0505549  	0.703594   	0.739527   	0.0535397  	0.0535335  	0.653414   	0.701992   	0.051409   	0.0513467  	0.63154    	0.730194   	0.0508729  	0.0508679  	0.718479   	0.750317   	0.0499809  	0.0499639  	0.717563   	0.678154   	0.0493321  	0.0493282  	0.789547   	0.70596    	0.0527419  	0.0527351  	0.716061   	0.675365   	0.048179   	0.0481865  	0.674207   	0.636011   	0.0505321  	0.0505317  	0.644935   	0.696454   	0.0534183  	0.0534096  	0.744122   	0.723979   	0.0510211  	0.0510403  	0.750302   	0.6648     	0.0521209  	0.0521212  	0.722931   	0.724017   	0.0486611  	0.0486782  	6.49494	6.5743	6.64488	7.1885	6.85055	6.93967	6.7247	6.61418	6.91281	6.73394	6.95821	6.93555	6.63842	6.99446	6.52198	-4.29455e-06	7.65662e-06	1          	0.889769   	0.125175   	0.126588   	0.0668207  	0.0668199  	1.59323	
9e-11      	6.6        	0.000135699	9.34864e-05	0.99999    	0.879955   	-0.000287887	3.57896e-05	0.999989   	0.88003    	0.000120098	-3.34654e-05	0.999989   	0.879958   	0.000271978	0.000145099	0.99999    	0.879951   	-9.99313e-06	-5.26113e-06	0.99999    	0.879938   	-0.000189796	-6.15021e-05	0.99999    	0.879947   	0.000145819	0.00014155 	0.999989   	0.879927   	-3.47246e-05	0.000105974	0.999989   	0.879938   	-0.000105507	-0.000295733	0.99999    	0.880016   	0.000215382	-0.000402205	0.999989   	0.879936   	0.00010668 	6.26801e-05	0.999989   	0.879968   	-0.000334416	0.00034046 	0.999989   	0.879982   	9.2253e-05 	0.00018605 	0.99999    	0.879959   	1.77654e-05	9.25584e-07	0.999989   	0.879944   	-0.000118417	-0.000150679	0.99999    	0.879973   	0.815322   	0.770598   	0.0593771  	0.0594254  	0.794135   	0.885994   	0.0621758  	0.0621911  	0.84024    	0.809386   	0.0616819  	0.0616382  	0.836433   	0.793355   	0.063562   	0.0635911  	0.795478   	0.768989   	0.0577204  	0.0576731  	0.788723   	0.737392   	0.0586925  	0.058721   	0.85874    	0.826996   	0.0634723  	0.0633742  	0.818168   	0.875054   	0.0620712  	0.0621028  	0.77857    	0.770655   	0.059577   	0.0595479  	0.795921   	0.835101   	0.0559893  	0.0560087  	0.793316   	0.871661   	0.0614566  	0.0614387  	0.808835   	0.831019   	0.0581592  	0.0581305  	0.825936   	0.774159   	0.0613058  	0.0612562  	0.836529   	0.864005   	0.0600511  	0.0600823  	0.82667    	0.771623   	0.0619231  	0.0619682  	7.33705	7.61433	7.51104	7.78544	7.36618	7.31565	7.95101	7.92828	7.51404	7.12038	7.67973	7.29828	7.7199	7.36229	7.66574	1.65369e-06	1.089e-05  	1          	0.879952   	0.12664    	0.126735   	0.0773579  	0.0773585  	1.49164	
1e-10      	6.4        	0.000110595	-0.00014174	0.999988   	0.868655   	-0.000416428	0.000414711	0.999987   	0.868749   	0.00027166 	-0.000254109	0.999988   	0.8687     	3.6299e-05 	0.000350393	0.999987   	0.868694   	-0.000185169	3.61151e-05	0.999987   	0.868719   	0.000232034	-0.000459633	0.999987   	0.868675   	-0.000170614	0.00022675 	0.999987   	0.86869    	0.000200666	3.01737e-05	0.999988   	0.868688   	-7.21623e-06	-0.000244821	0.999988   	0.868689   	0.000352892	0.000170315	0.999988   	0.868716   	6.92391e-05	-0.000136329	0.999988   	0.86872    	-0.000368933	-5.58993e-05	0.999987   	0.868684   	1.94381e-05	0.000117558	0.999987   	0.868681   	-5.52095e-05	-0.00028352	0.999989   	0.868725   	3.63586e-05	0.000183309	0.999988   	0.868736   	0.879719   	0.985148   	0.0727559  	0.0728101  	1.01196    	0.86569    	0.070936   	0.0710055  	0.905648   	0.959354   	0.0710326  	0.0710243  	0.939293   	0.984287   	0.0739497  	0.0739413  	0.958534   	1.00711    	0.0740442  	0.0740916  	0.958909   	1.00241    	0.0707532  	0.0707402  	0.964172   	1.01534    	0.0743741  	0.0744496  	0.922487   	0.886619   	0.0724996  	0.0724859  	0.852978   	0.97579    	0.0714789  	0.0714551  	0.857297   	0.882201   	0.0743646  	0.0743892  	0.861192   	1.01648    	0.0721737  	0.0721584  	0.922143   	0.970973   	0.0717385  	0.0717127  	1.00745    	0.939705   	0.0716641  	0.071612   	0.893446   	0.847503   	0.0732002  	0.0731851  	0.961158   	0.79718    	0.0717361  	0.0716456  	8.29167	7.93037	8.12579	8.52994	8.66746	8.11464	8.45793	8.06106	7.85306	8.22334	8.28374	8.35165	8.08357	8.37327	8.11804	8.36032e-06	-3.11308e-06	1          	0.868691   	0.133413   	0.130528   	0.0954429  	0.0954417  	1.50506	
1.1e-10    	6.2        	-0.000433371	-0.000471695	0.999984   	0.855809   	-0.000175922	0.000142137	0.999986   	0.855824   	0.000616921	0.000285979	0.999984   	0.855733   	-0.00033212	0.000129017	0.999986   	0.855786   	-0.000111024	0.000180812	0.999986   	0.855748   	0.000463555	-0.000324131	0.999986   	0.855776   	-9.77767e-05	-4.89817e-05	0.999985   	0.855833   	-0.000110382	-0.000338252	0.999986   	0.855838   	0.000179675	0.00034731 	0.999986   	0.855752   	-0.000204969	-0.000108706	0.999987   	0.855853   	0.00023179 	-3.73886e-05	0.999986   	0.85581    	-7.46069e-05	9.2761e-05 	0.999986   	0.85575    	-0.000360976	0.00032103 	0.999986   	0.85584    	0.000486885	-0.000250412	0.999984   	0.855801   	-0.000106745	-2.41462e-05	0.999986   	0.855843   	1.13634    	1.16291    	0.086399   	0.0864369  	1.15517    	0.978352   	0.0846581  	0.0846879  	1.09493    	1.16539    	0.0826561  	0.082755   	0.98357    	1.12566    	0.0854488  	0.0853239  	0.996884   	1.11386    	0.0859854  	0.0859834  	1.01598    	1.08732    	0.0888412  	0.0888469  	1.09657    	1.18114    	0.0901117  	0.0900835  	0.961976   	1.08425    	0.0883207  	0.0883683  	1.04966    	1.04488    	0.0885885  	0.0885179  	1.02112    	0.939379   	0.0836691  	0.0836379  	1.09342    	1.03138    	0.0818428  	0.0817852  	1.08475    	0.982267   	0.0843318  	0.0842489  	1.04486    	1.03669    	0.0857886  	0.0857488  	1.0994     	1.18466    	0.088351   	0.0883664  	0.978535   	1.07463    	0.0846413  	0.0847148  	8.98614	8.88016	8.84032	8.9545	9.27101	9.33108	9.44138	9.3028	9.11059	8.62269	8.65641	8.87805	9.22421	9.11404	8.55927	-1.96489e-06	-6.99683e-06	1          	0.855787   	0.13085    	0.132026   	0.116977   	0.116977   	1.46237	
1.2e-10    	6          	-8.0944e-05	-4.12921e-05	0.999982   	0.84106    	-0.000355388	-0.000213322	0.999982   	0.841131   	0.000414892	0.000239989	0.999982   	0.841079   	0.000166162	0.00060573 	0.999982   	0.841066   	-0.000512669	0.000113803	0.999983   	0.841066   	0.000285832	-0.000699819	0.999982   	0.841052   	0.000159043	0.000350497	0.999981   	0.841048   	-0.000367068	0.00019812 	0.999982   	0.841065   	0.000243666	-0.000541582	0.999982   	0.841168   	-0.000183165	0.00035408 	0.999981   	0.841006   	-0.000166653	3.11505e-06	0.999982   	0.841075   	0.000313213	-0.000307441	0.999982   	0.841128   	-9.09298e-05	-2.19342e-06	0.999981   	0.841079   	-0.000294558	-0.000284891	0.99998    	0.841161   	0.000323768	0.000279962	0.999981   	0.84099    	1.33573    	1.26476    	0.105758   	0.105626   	1.21738    	1.3765     	0.105017   	0.104898   	1.17983    	1.34147    	0.103037   	0.103167   	1.23739    	1.2549     	0.103687   	0.103688   	1.27177    	1.16709    	0.100783   	0.100871   	1.22676    	1.26078    	0.100202   	0.100188   	1.351      	1.37414    	0.112584   	0.112607   	1.20066    	1.37228    	0.110973   	0.110971   	1.26536    	1.30073    	0.098742   	0.0986887  	1.22857    	1.46253    	0.103393   	0.103291   	1.33047    	1.2353     	0.108008   	0.108022   	1.19384    	1.32261    	0.10315    	0.103333   	1.39806    	1.25437    	0.104312   	0.104229   	1.49053    	1.3511     	0.10948    	0.10957    	1.39103    	1.30847    	0.103398   	0.103355   	10.1072	10.1505	10.2753	10.1261	9.78088	9.92655	10.6129	10.7689	10.2575	9.99151	10.0668	10.2186	10.1896	10.8484	10.1805	-9.63307e-06	3.58363e-06	1          	0.841063   	0.135105   	0.1385     	0.132725   	0.132726   	1.41573	
1.3e-10    	5.8        	-0.000119782	0.000126777	0.999979   	0.824387   	0.000589259	0.000295872	0.999977   	0.824384   	-0.000510826	-0.000373163	0.999977   	0.824403   	-0.000172658	0.000386175	0.999975   	0.824415   	0.000208068	-0.000475224	0.999976   	0.824374   	-8.44697e-05	0.000115677	0.999975   	0.824383   	0.000127956	-0.000240668	0.999979   	0.824293   	-0.000532794	0.000168043	0.999977   	0.824329   	0.000477449	4.70111e-05	0.999977   	0.824364   	3.56293e-06	8.88178e-06	0.999977   	0.824419   	-0.000177487	-0.00020843	0.999974   	0.82442    	0.000133268	0.000153777	0.999977   	0.824334   	0.000158919	-6.03994e-05	0.999977   	0.824403   	-0.000550029	0.000215292	0.99998    	0.824359   	0.000411268	-0.000169812	0.999978   	0.824365   	1.35124    	1.56055    	0.13435    	0.134334   	1.51627    	1.60559    	0.137155   	0.137134   	1.65303    	1.52895    	0.137017   	0.136913   	1.70371    	1.67207    	0.127515   	0.12738    	1.50091    	1.73391    	0.134372   	0.134299   	1.66331    	1.71629    	0.120108   	0.120149   	1.48839    	1.43699    	0.129262   	0.129397   	1.73968    	1.44584    	0.124795   	0.124769   	1.60612    	1.46899    	0.124797   	0.124816   	1.62138    	1.53474    	0.127447   	0.127411   	1.98789    	1.58332    	0.128975   	0.128939   	1.69592    	1.4528     	0.122243   	0.121987   	1.80191    	1.32954    	0.126656   	0.12667    	1.3552     	1.41187    	0.127844   	0.127679   	1.60526    	1.35351    	0.130799   	0.130775   	11.6469	12.312	12.4114	11.6509	11.934	11.0626	11.4393	11.256	11.3081	11.1761	11.7192	10.8419	11.5599	11.3408	11.8314	-2.5247e-06	-6.70325e-07	1          	0.824356   	0.142543   	0.140865   	0.156392   	0.156394   	1.27406	
1.4e-10    	5.6        	0.000793174	-0.00062699	0.999973   	0.805527   	-0.000698275	-2.70055e-05	0.99997    	0.805504   	-2.15146e-05	0.000646176	0.999973   	0.805465   	0.000783324	-0.000253173	0.999969   	0.805395   	-0.00035576	6.19695e-05	0.999969   	0.805593   	-0.000379271	0.000248057	0.999971   	0.805611   	-0.000400587	0.000412925	0.999971   	0.805586   	-9.82016e-05	2.34453e-05	0.999973   	0.80553    	0.000552497	-0.000438953	0.999974   	0.805484   	0.000213759	0.000429128	0.999969   	0.805435   	0.000263627	-0.000369576	0.999971   	0.805599   	-0.00046118	2.0544e-05 	0.999972   	0.80555    	0.000543391	-0.000123517	0.99997    	0.805541   	5.97328e-06	-0.000513833	0.999968   	0.80547    	-0.000514453	0.000664115	0.999968   	0.805581   	1.81072    	1.69323    	0.155964   	0.15591    	1.87452    	2.06284    	0.180306   	0.180007   	1.66001    	1.86914    	0.157812   	0.158178   	2.28306    	1.69985    	0.151657   	0.151832   	2.17916    	1.84953    	0.165626   	0.165861   	1.86661    	1.84714    	0.159542   	0.159175   	1.94362    	1.85105    	0.152917   	0.152959   	1.76743    	1.82216    	0.16291    	0.163137   	1.58706    	1.7271     	0.147794   	0.148027   	2.08574    	1.90842    	0.159192   	0.159044   	1.86353    	1.92857    	0.157258   	0.157261   	2.18276    	1.49272    	0.164464   	0.16474    	1.87445    	1.98875    	0.156185   	0.156098   	2.33135    	1.78483    	0.155629   	0.155781   	2.10526    	1.97972    	0.161614   	0.16201    	12.9074	14.3694	12.9583	12.6218	13.8273	13.0977	12.78	13.2869	12.6717	13.3625	13.0906	13.9348	13.3028	12.9623	13.5139	1.49456e-05	1.01744e-05	1          	0.805501   	0.140761   	0.138795   	0.183318   	0.183318   	1.26158	
1.5e-10    	5.4        	0.000226223	-8.93575e-05	0.999962   	0.784429   	-0.000399689	-0.000267505	0.999957   	0.784456   	0.000176611	0.000425438	0.999962   	0.784608   	0.0005824  	-0.000342665	0.99996    	0.78453    	-6.98293e-05	-0.000124669	0.999963   	0.784399   	-0.000479168	0.000427809	0.999962   	0.784498   	0.000183063	-0.000563156	0.999954   	0.784474   	0.00031684 	0.00142327 	0.999958   	0.784512   	-0.000397975	-0.000876057	0.999958   	0.784505   	-0.000372099	0.000653674	0.999963   	0.784435   	0.000195492	8.66138e-06	0.999959   	0.784514   	0.000133495	-0.000541869	0.999961   	0.78443    	3.97447e-05	0.000450272	0.999958   	0.784434   	0.000623948	-0.000885839	0.999959   	0.784585   	-0.000684137	0.000487363	0.999955   	0.784516   	2.2724     	2.40001    	0.195487   	0.195648   	2.65482    	2.68362    	0.19582    	0.195535   	2.21649    	2.53635    	0.200046   	0.199574   	2.30975    	2.56096    	0.200934   	0.200887   	2.33318    	2.26198    	0.202229   	0.202031   	2.38364    	2.26148    	0.206042   	0.206104   	2.91258    	2.71048    	0.196846   	0.197216   	2.32809    	2.75097    	0.200715   	0.200644   	2.58972    	2.57351    	0.20182    	0.201371   	2.32873    	2.1703     	0.208067   	0.207561   	2.55731    	2.52431    	0.187997   	0.188017   	2.57861    	2.17817    	0.193112   	0.193166   	2.67257    	2.48344    	0.189129   	0.189135   	2.34678    	2.7033     	0.190493   	0.190769   	2.73357    	2.76936    	0.198601   	0.19835    	15.1776	15.2712	15.4052	15.2228	15.639	15.9173	14.9908	15.2975	15.6038	16.116	14.7908	15.0106	14.7239	14.4397	15.1088	4.92146e-06	1.20883e-05	1          	0.784457   	0.142389   	0.139617   	0.209566   	0.209569   	1.19411	
1.6e-10    	5.2        	0.00150269 	0.00114905 	0.999934   	0.761309   	-0.00106955	-0.000612494	0.999941   	0.761405   	-0.000340625	-0.000529784	0.999944   	0.761261   	0.00127669 	-0.000647181	0.999946   	0.761342   	-0.000981973	-0.000841232	0.999946   	0.761272   	-0.000259607	0.00145638 	0.99995    	0.761289   	-0.000544225	-0.000899934	0.999949   	0.761266   	-7.3967e-05	0.000802236	0.999936   	0.761289   	0.000597765	1.80202e-05	0.999928   	0.761292   	-0.00013527	-0.000163746	0.999943   	0.761229   	-0.000451372	0.000166504	0.99994    	0.761453   	0.000577779	1.86978e-05	0.999944   	0.761227   	0.000346747	-5.69696e-05	0.999945   	0.761313   	-0.000323147	7.87044e-06	0.999945   	0.761407   	3.48643e-05	9.8022e-05 	0.999946   	0.761266   	3.65383    	3.81508    	0.241935   	0.241609   	3.31824    	3.43108    	0.244104   	0.243907   	3.39956    	3.13348    	0.250552   	0.249586   	2.95097    	3.19481    	0.251528   	0.251627   	3.3562     	2.85204    	0.261679   	0.260858   	2.99436    	2.6688     	0.243973   	0.243905   	3.01399    	2.89507    	0.269505   	0.269181   	4.04971    	3.37041    	0.254734   	0.254185   	4.51068    	3.89086    	0.24736    	0.248736   	3.50855    	3.15754    	0.26663    	0.265786   	3.40399    	3.63623    	0.255291   	0.255052   	3.31207    	3.17047    	0.250631   	0.251041   	3.35156    	3.05748    	0.25465    	0.254506   	3.30128    	3.17442    	0.247982   	0.248441   	3.37502    	2.88307    	0.246939   	0.247505   	17.2772	17.1583	17.4349	17.7395	18.3143	17.2321	18.3277	18.426	17.6684	18.3997	18.2301	18.1315	18.0231	17.2921	17.2869	1.04211e-05	-2.4692e-06	1          	0.761265   	0.141812   	0.14782    	0.23846    	0.238461   	1.22711	
1.7e-10    	5          	-0.00148395	-0.00065656	0.999916   	0.736328   	0.00140202 	-0.000907012	0.999909   	0.735863   	-2.76557e-06	0.00164729 	0.99993    	0.736053   	0.000246154	-0.00249044	0.999903   	0.736145   	0.00018717 	0.00197613 	0.999919   	0.735964   	-0.000365357	0.000547208	0.99992    	0.736112   	-0.000211419	0.000172511	0.999924   	0.73608    	0.0013313  	0.000744526	0.999924   	0.736012   	-0.00118378	-0.000970808	0.999929   	0.736013   	-0.000833351	0.000841838	0.999921   	0.735898   	0.000724193	0.00139108 	0.999914   	0.736      	9.68376e-05	-0.00225664	0.99991    	0.736209   	-0.000129951	0.00192985 	0.999919   	0.736175   	-0.000356766	-0.000825932	0.999929   	0.736002   	0.000536421	-0.000950655	0.999915   	0.736097   	3.42161    	5.62174    	0.311417   	0.310979   	4.66819    	5.09847    	0.332018   	0.333123   	3.48311    	4.04658    	0.31407    	0.313773   	5.03338    	5.25294    	0.328704   	0.329419   	4.37361    	4.26124    	0.323476   	0.323463   	4.0237     	4.67066    	0.335016   	0.335333   	3.67572    	4.64679    	0.318596   	0.318792   	4.05033    	4.13899    	0.321031   	0.322061   	3.5609     	4.09939    	0.33732    	0.338434   	4.08539    	4.50126    	0.330633   	0.329674   	3.94683    	5.31982    	0.338761   	0.338502   	4.30123    	5.2482     	0.355658   	0.354344   	4.91821    	3.76055    	0.320287   	0.320083   	3.78125    	3.93577    	0.31993    	0.319579   	4.59632    	4.61875    	0.317309   	0.317506   	20.346	21.3057	20.472	20.8177	20.766	21.459	20.7806	20.0649	21.1564	21.6562	21.7464	22.2823	20.1614	20.7617	20.8115	-3.32421e-06	1.29938e-05	1          	0.736004   	0.141814   	0.141275   	0.256776   	0.256774   	1.2082	
1.8e-10    	4.8        	0.00172795 	0.000857529	0.999896   	0.708866   	-0.00268165	-0.00115212	0.999889   	0.70895    	0.000871023	0.00030958 	0.999882   	0.709037   	-0.00166436	-0.00127529	0.999889   	0.708966   	0.00116742 	-0.00110024	0.999883   	0.708954   	0.000465075	0.00243977 	0.999872   	0.708945   	0.000909567	-0.00156244	0.999853   	0.708868   	-0.000871829	0.00232225 	0.99987    	0.709049   	-2.08487e-05	-0.000808699	0.999883   	0.709061   	-0.00211182	0.00144447 	0.999879   	0.709055   	0.00107623 	0.00113762 	0.999851   	0.708856   	0.00101459 	-0.0026277 	0.999866   	0.708826   	-4.69498e-05	0.000893049	0.999864   	0.708932   	0.00141655 	-0.000425005	0.999877   	0.709034   	-0.00133213	-0.000568474	0.999888   	0.708942   	5.14822    	5.14281    	0.426226   	0.425635   	5.7238     	5.10564    	0.468419   	0.470734   	5.66027    	6.21183    	0.446368   	0.443445   	5.92927    	5.05193    	0.44451    	0.445004   	6.09071    	5.66799    	0.421006   	0.421609   	6.1976     	6.44432    	0.445679   	0.444053   	7.01775    	7.67286    	0.459025   	0.463825   	5.14749    	7.669      	0.432554   	0.429224   	4.82233    	7.00798    	0.40256    	0.402718   	6.93144    	5.02507    	0.432237   	0.432248   	8.2403     	6.70424    	0.459452   	0.460674   	6.78253    	6.38385    	0.446106   	0.450331   	6.57766    	7.12241    	0.467737   	0.466364   	5.67887    	6.62714    	0.426922   	0.426747   	5.48284    	5.71247    	0.463342   	0.466129   	24.1966	26.7382	25.9353	25.5366	25.5662	26.1669	28.0659	25.055	23.5482	26.5965	26.3543	25.2858	28.1716	24.9519	26.9307	-5.66803e-06	-8.0922e-06	1          	0.708869   	0.149153   	0.143706   	0.281878   	0.281877   	1.59853	
1.9e-10    	4.6        	0.00479424 	-0.000612413	0.99972    	0.679907   	-0.00684831	-0.000328198	0.999778   	0.680093   	0.00204035 	0.000826869	0.999756   	0.680551   	-0.00233207	0.000725326	0.999842   	0.680189   	-0.00126644	0.0022289  	0.999796   	0.680225   	0.00365502 	-0.00302446	0.99973    	0.680171   	-0.00422072	0.00546724 	0.999729   	0.68037    	0.00158422 	-0.00317169	0.999775   	0.679903   	0.00267982 	-0.00230909	0.999785   	0.680393   	-0.00220882	0.000377402	0.999779   	0.679949   	0.00596652 	0.00119992 	0.999767   	0.680661   	-0.00376051	-0.0016039 	0.999736   	0.680074   	0.00511336 	0.00355862 	0.999732   	0.680078   	-0.00300324	-0.00194625	0.999711   	0.680456   	-0.00202936	-0.00164911	0.999732   	0.680091   	10.8339    	14.1279    	0.583157   	0.584255   	7.26653    	11.2515    	0.527069   	0.529479   	11.7625    	10.7959    	0.554994   	0.554103   	6.50648    	7.98429    	0.595103   	0.594865   	5.85703    	12.9084    	0.593379   	0.596513   	10.1944    	13.9281    	0.583475   	0.584364   	8.80506    	14.2691    	0.500737   	0.504218   	10.1116    	10.2961    	0.633524   	0.633326   	6.55904    	12.9021    	0.585107   	0.584864   	8.05394    	12.2834    	0.622997   	0.618184   	7.45564    	12.5343    	0.580027   	0.578798   	8.45506    	15.3244    	0.648997   	0.646074   	9.96169    	13.2435    	0.597884   	0.596685   	15.8139    	10.6055    	0.598946   	0.604511   	11.8598    	12.7882    	0.598467   	0.60024    	31.1026	27.1476	29.9283	31.2273	31.396	30.2949	27.2076	32.5604	28.9114	32.443	30.8075	33.6344	31.1548	30.9436	31.184	9.99448e-06	-1.66998e-05	1          	0.680043   	0.141946   	0.14501    	0.308047   	0.308048   	2.09806	
2e-10      	4.4        	-0.00017632	-0.00601017	0.999629   	0.649771   	0.00952736 	0.00586563 	0.999524   	0.649944   	-0.00934624	9.79391e-05	0.999447   	0.650492   	0.00812893 	0.00013843 	0.999609   	0.64974    	0.000662408	0.00452714 	0.999678   	0.650382   	-0.0088046 	-0.00468375	0.999557   	0.649788   	0.0113243  	0.00283845 	0.999583   	0.650287   	-0.010542  	-9.56709e-05	0.999598   	0.649772   	-0.000787592	-0.00277082	0.999631   	0.649985   	-0.000226716	-0.00147728	0.999625   	0.650049   	-0.00743001	0.00341123 	0.999653   	0.649863   	0.00762398 	-0.00203517	0.999639   	0.650114   	-0.0103833 	0.00386183 	0.999519   	0.650333   	0.00652284 	-0.0013449 	0.999469   	0.649911   	0.00382294 	-0.00246896	0.999648   	0.649999   	20.3628    	9.63183    	0.88144    	0.877373   	19.6213    	15.5238    	0.877555   	0.868148   	17.358     	26.1028    	0.909728   	0.915279   	13.3705    	17.0304    	0.788852   	0.773443   	17.08      	9.50423    	0.964109   	0.966548   	23.3036    	10.1918    	0.847343   	0.876122   	18.5349    	11.1197    	1.01397    	0.980257   	11.7384    	17.7883    	0.934062   	0.947582   	16.666     	14.3243    	0.970695   	0.938968   	16.3923    	15.4449    	0.866407   	0.877529   	15.9708    	10.6873    	0.920183   	0.923941   	8.01635    	20.0462    	0.898886   	0.90567    	13.2325    	22.566     	0.854021   	0.866508   	17.9882    	25.3546    	0.767454   	0.771335   	18.881     	10.159     	0.821169   	0.812344   	39.8998	39.6965	42.1703	38.0182	40.7286	39.6482	44.9799	44.2214	41.9615	39.0199	41.3567	41.4457	38.6785	35.1236	40.0449	-1.07428e-05	-9.78476e-06	1          	0.649761   	0.137933   	0.146661   	0.328507   	0.328507   	3.23824	
2.1e-10    	4.2        	-0.0986    	0.00823048 	0.994226   	0.619439   	0.11095    	0.0520054  	0.991094   	0.619728   	-0.0122809 	-0.0597536 	0.997025   	0.625349   	0.0364467  	0.0700849  	0.995474   	0.624664   	0.0817503  	-0.0218854 	0.99564    	0.62122    	-0.118855  	-0.0488076 	0.990125   	0.61926    	0.11601    	0.0385497  	0.991018   	0.618257   	-0.060031  	-0.0748843 	0.994032   	0.623946   	-0.0548805 	0.0370436  	0.997064   	0.622331   	0.0302267  	-0.0483959 	0.997517   	0.623271   	-0.11701   	-0.0217053 	0.991797   	0.619001   	0.0860469  	0.0699742  	0.992492   	0.622409   	-0.098837  	-0.0591659 	0.991978   	0.621214   	-0.008791  	0.0539118  	0.997285   	0.624389   	0.108129   	0.00494934 	0.993177   	0.618674   	58.3947    	8.58986    	1.78542    	2.07694    	49.4542    	55.6055    	2.38154    	2.31816    	22.0607    	65.7858    	1.83062    	2.14138    	24.0783    	86.2294    	1.64863    	2.28691    	41.8253    	18.3797    	1.30832    	1.61359    	70.6105    	51.0181    	2.07427    	2.25053    	71.1946    	40.7776    	2.74783    	1.41687    	28.1246    	78.303     	1.58884    	2.59189    	34.7019    	23.3437    	1.66878    	2.05235    	34.3151    	32.5528    	2.04668    	2.24586    	60.8796    	22.7736    	1.93639    	1.60521    	27.6099    	76.3525    	1.86744    	2.10238    	34.2216    	71.09      	1.6283     	1.53362    	35.4202    	60.3373    	1.5638     	1.62119    	57.6675    	15.0037    	1.9296     	1.73282    	66.4697	80.8522	79.3739	71.1031	51.8792	69.1001	80.8858	67.4911	72.7486	82.6069	64.6261	68.9648	67.1749	66.4855	62.5772	-7.09598e-06	-3.60846e-06	1          	0.61781    	0.144687   	0.148099   	0.503443   	0.503445   	18.2389	
2.2e-10    	4          	-0.250728  	-0.0330591 	0.965664   	0.594163   	0.227645   	0.168161   	0.958171   	0.590348   	0.023499   	-0.128162  	0.990886   	0.621744   	0.0317717  	0.150481   	0.987705   	0.619334   	0.216802   	0.000262264	0.974464   	0.602968   	-0.257562  	-0.159518  	0.951518   	0.584634   	0.278098   	0.141265   	0.948345   	0.583195   	-0.0930851 	-0.169443  	0.980557   	0.613      	-0.171467  	0.0351818  	0.983311   	0.611609   	0.123993   	-0.0743349 	0.988398   	0.617244   	-0.280879  	-0.112563  	0.95135    	0.585795   	0.144923   	0.184555   	0.971548   	0.605354   	-0.18822   	-0.178425  	0.964989   	0.598181   	-0.0775397 	0.101893   	0.991064   	0.621127   	0.273534   	0.0737052  	0.957099   	0.587773   	111.131    	16.907     	2.97384    	5.33422    	41.2374    	21.1587    	3.54261    	2.50907    	37.3799    	8.67213    	4.60488    	5.19515    	18.3881    	12.1565    	3.94429    	4.21874    	108.127    	20.7495    	2.46026    	6.15749    	65.0274    	30.7827    	4.49319    	3.18351    	84.7635    	28.4567    	4.36373    	3.06712    	15.9532    	28.3576    	3.46275    	5.30701    	81.3436    	15.5062    	3.42328    	7.47387    	62.5838    	22.9569    	3.06561    	5.48227    	88.5105    	24.3489    	6.77104    	2.87557    	15.6521    	23.5713    	2.74674    	4.25146    	33.5948    	21.319     	3.20266    	2.9668     	42.0985    	14.0217    	6.23946    	8.246      	103.437    	24.1185    	5.11198    	3.73944    	94.0947	97.7216	159.098	137.888	73.7443	130.746	114.378	125.154	115.168	112.19	177.599	102.924	98.2477	214.152	137.065	-1.93769e-05	-8.44699e-06	1          	0.585133   	0.141738   	0.14659    	0.41562    	0.415617   	13.7365	
2.3e-10    	3.8        	-0.389761  	0.0278658  	0.920046   	0.587297   	0.287906   	0.175132   	0.941084   	0.557673   	0.112118   	-0.187254  	0.975323   	0.609518   	-0.0340878 	0.204614   	0.977727   	0.597662   	0.351161   	-0.0701251 	0.93316    	0.600242   	-0.342941  	-0.143912  	0.927791   	0.555189   	0.382642   	0.101012   	0.917845   	0.558078   	-0.0500467 	-0.213429  	0.975119   	0.58743    	-0.302748  	0.113198   	0.945677   	0.607707   	0.245127   	-0.142649  	0.958507   	0.611521   	-0.402495  	-0.0525832 	0.913341   	0.565089   	0.134501   	0.203323   	0.96941    	0.575059   	-0.213767  	-0.190362  	0.957705   	0.566088   	-0.184652  	0.164272   	0.968375   	0.612685   	0.40774    	0.0126392  	0.912479   	0.574347   	9.20142    	19.1975    	5.41363    	5.24803    	15.5967    	8.0332     	4.05979    	2.60084    	21.0858    	17.8406    	8.17212    	5.59494    	13.7062    	19.2917    	12.4234    	8.69047    	9.69995    	25.109     	4.46041    	3.76198    	14.1034    	11.9093    	7.101      	5.64037    	10.4261    	20.3916    	9.21343    	10.5342    	12.2164    	22.2912    	8.36122    	5.07821    	10.253     	35.9929    	2.44154    	3.23354    	9.10876    	20.9359    	4.65369    	3.57042    	14.4919    	17.3032    	10.1894    	8.51635    	8.98557    	17.8792    	6.24982    	6.11255    	17.303     	10.5615    	4.70798    	4.51737    	20.6797    	21.1949    	5.594      	3.30629    	16.4828    	14.9449    	9.49213    	8.69813    	153.707	115.971	215.538	318.512	136.215	196.584	253.032	221.867	77.1059	132.749	271.183	170.198	136.091	151.899	261.452	5.81733e-06	2.77378e-05	1          	0.553216   	0.1432     	0.144567   	0.323737   	0.323729   	6.66601	
2.4e-10    	3.6        	-0.460324  	0.0706476  	0.884342   	0.590335   	0.372119   	0.152684   	0.914655   	0.518772   	0.134601   	-0.206312  	0.968068   	0.587056   	-0.0409573 	0.210354   	0.975472   	0.567218   	0.413879   	-0.104906  	0.903418   	0.60587    	-0.438199  	-0.107605  	0.891695   	0.520601   	0.482249   	0.0590497  	0.873376   	0.533563   	-0.062405  	-0.209063  	0.975111   	0.546193   	-0.362052  	0.13444    	0.921529   	0.614576   	0.302262   	-0.158391  	0.939015   	0.612546   	-0.494773  	-0.0157957 	0.868061   	0.550038   	0.163324   	0.198964   	0.965579   	0.530785   	-0.270734  	-0.188181  	0.943391   	0.517917   	-0.226259  	0.183645   	0.955807   	0.605438   	0.486278   	-0.0246132 	0.872669   	0.570049   	25.8637    	19.1315    	8.89442    	16.9804    	10.9105    	36.3777    	12.535     	15.352     	30.8835    	42.5724    	5.44559    	3.9741     	32.2119    	54.3959    	7.7266     	12.1497    	32.4392    	30.9152    	12.4786    	18.8665    	9.96295    	26.3347    	7.79533    	8.85274    	16.1119    	18.4887    	9.35505    	10.609     	27.8858    	23.5816    	8.98324    	13.5672    	44.5453    	20.3719    	6.03747    	9.04661    	49.9328    	17.7757    	6.04478    	5.68758    	17.5215    	29.9193    	5.51211    	9.64077    	20.7617    	20.1699    	6.23464    	7.41389    	9.59024    	27.4049    	6.34843    	8.01969    	35.3107    	20.2847    	3.7958     	3.53722    	24.6836    	26.0989    	5.89207    	11.4153    	224.913	311.241	145.684	195.806	312.498	192.7	228.563	228.001	160.407	165.505	137.328	159.785	154.296	104.047	153.046	2.16019e-07	-6.77763e-05	1          	0.521606   	0.14588    	0.147907   	0.303481   	0.303478   	4.81257	
2.5e-10    	3.4        	-0.519636  	0.0874294  	0.849028   	0.583351   	0.348665   	0.128742   	0.926439   	0.471396   	0.245145   	-0.197025  	0.948604   	0.567311   	-0.163205  	0.199964   	0.965458   	0.546119   	0.505114   	-0.112974  	0.854918   	0.59751    	-0.43898   	-0.0865222 	0.892831   	0.483957   	0.511266   	0.0474039  	0.856439   	0.501083   	0.0514519  	-0.212969  	0.974419   	0.520823   	-0.463195  	0.14235    	0.874005   	0.610133   	0.4016     	-0.168037  	0.899478   	0.608306   	-0.542503  	0.00559234 	0.839011   	0.528447   	0.0855791  	0.202801   	0.974131   	0.492141   	-0.223468  	-0.17746   	0.956983   	0.478945   	-0.331812  	0.189575   	0.923535   	0.591945   	0.545923   	-0.0500793 	0.835165   	0.556495   	33.9826    	18.049     	9.97965    	11.2816    	59.0812    	16.5582    	15.3233    	11.0914    	20.1982    	18.5909    	5.60612    	4.31153    	25.1921    	16.129     	3.57762    	6.95331    	22.5333    	20.4876    	9.71884    	9.29047    	50.9051    	17.7583    	8.94155    	14.9712    	45.3811    	21.0938    	18.8619    	13.0416    	48.1083    	19.7379    	7.89434    	7.39706    	12.9675    	33.7767    	8.47081    	6.27231    	15.7959    	36.1158    	5.42549    	4.39112    	32.542     	21.2954    	6.01896    	11.4751    	42.4835    	21.4014    	11.2808    	11.515     	47.4433    	22.1632    	8.86212    	14.575     	14.4893    	22.8506    	5.5806     	6.04099    	34.083     	19.5896    	13.0555    	5.42529    	243.156	363.689	140.865	99.2857	230.638	211.783	435.962	201.543	215.603	139.379	157.18	265.945	226.527	142.233	318.63	2.82434e-05	-0.000100927	1          	0.489956   	0.166192   	0.144958   	0.330997   	0.330995   	4.89686	
2.6e-10    	3.2        	-0.564754  	0.0293101  	0.821554   	0.501053   	0.239788   	0.164107   	0.955612   	0.447608   	0.307899   	-0.1616    	0.936349   	0.556375   	-0.177089  	0.183878   	0.96637    	0.542466   	0.433519   	-0.0520288 	0.898317   	0.582674   	-0.445106  	-0.198349  	0.868876   	0.359042   	0.401917   	0.0924629  	0.90959    	0.464177   	0.181314   	-0.256207  	0.94884    	0.507287   	-0.515671  	0.160137   	0.839206   	0.546189   	0.454588   	-0.11854   	0.881625   	0.591713   	-0.56064   	-0.0903548 	0.819495   	0.446517   	-0.0464479 	0.226329   	0.972016   	0.487959   	-0.239654  	-0.25981   	0.933958   	0.375179   	-0.306512  	0.15379    	0.938762   	0.561592   	0.471832   	0.0163776  	0.879908   	0.549588   	17.9845    	43.1628    	139.956    	67.7687    	23.6247    	9.93127    	54.0278    	39.8991    	51.3038    	28.5681    	11.84      	19.7747    	10.0674    	18.824     	8.05138    	8.46252    	18.7748    	44.2139    	69.9471    	52.1587    	30.1288    	28.0538    	109.87     	70.1351    	12.2122    	16.6036    	87.4344    	62.1049    	23.1667    	14.6052    	9.95767    	17.2879    	16.6881    	25.1536    	177.908    	93.1031    	7.30599    	62.7119    	6.71461    	4.67933    	24.5571    	56.3865    	66.13      	27.3078    	28.2462    	9.3725     	41.1861    	35.5713    	12.8928    	12.6402    	64.8133    	50.5341    	18.2709    	25.4654    	36.1404    	44.2405    	13.0183    	33         	108.047    	66.2939    	2578.21	1636.88	461.816	217.178	2201.43	2009.9	2408.69	358.073	3205.89	219.793	1182.21	1210.24	1223.25	663.772	2844.08	-0.00225319	-0.000226643	0.999995   	0.453917   	1.03301    	0.187159   	6.92791    	6.9174     	89.8488	
2.7e-10    	3          	-0.575247  	-0.179525  	0.792635   	0.306906   	0.0744021  	0.0890216  	0.992345   	0.483248   	0.258065   	0.0153269  	0.963499   	0.505226   	-0.000321577	0.117296   	0.989533   	0.523084   	0.181088   	0.0552046  	0.979405   	0.560531   	-0.546487  	-0.463725  	0.691588   	0.20513    	0.117823   	0.0969584  	0.984409   	0.469233   	0.20066    	-0.263699  	0.94003    	0.458367   	-0.424324  	0.20652    	0.874412   	0.362428   	0.233122   	-0.0144619 	0.969325   	0.60085    	-0.523101  	-0.21788   	0.819937   	0.249277   	-0.0439306 	0.138986   	0.986615   	0.427075   	-0.191408  	-0.257041  	0.942951   	0.249103   	-0.233658  	0.0929888  	0.965056   	0.414153   	0.227958   	0.0333876  	0.971505   	0.59258    	81.0402    	44.4943    	19.754     	60.5776    	21.8633    	14.4528    	16.0179    	11.4116    	52.2481    	78.665     	9.58074    	14.4419    	182.968    	9.5352     	4.12863    	2.5221     	160.607    	15.7083    	6.88163    	22.8258    	33.949     	13.76      	11.5194    	24.757     	87.4819    	70.0201    	35.8552    	24.1546    	117.649    	14.5829    	16.3117    	11.2098    	223.744    	38.432     	95.9082    	186.719    	165.006    	7.37071    	53.9958    	16.1377    	102.589    	42.5769    	113.444    	216.899    	29.4954    	65.5488    	18.7273    	14.8954    	14.3507    	46.2507    	7.96949    	17.5393    	76.9699    	40.5358    	23.1632    	48.2233    	85.1628    	9.10918    	21.801     	6.74492    	265.684	537.132	132.561	231.136	119.671	157.024	1094.57	380.271	1577.78	1693.52	1905.01	370.317	90.1664	286.938	780.176	-0.00863604	-0.00359259	0.999954   	0.402913   	0.421322   	0.800798   	12.2069    	12.1783    	94.2881	
2.8e-10    	2.8        	-0.0783351 	-0.0675481 	0.978301   	0.143506   	0.0279626  	0.0357838  	0.998212   	0.46553    	-0.000378013	-0.0124656 	0.998586   	0.467219   	0.0166598  	0.0177867  	0.999091   	0.497456   	-0.00301378	-0.00247223	0.99946    	0.542294   	-0.102255  	-0.127982  	0.819584   	0.0371885  	0.000195415	-0.00627159	0.999488   	0.474343   	0.00731442 	-0.0155296 	0.998466   	0.400859   	-0.0150148 	0.0429797  	0.991526   	0.193035   	0.0194365  	0.004106   	0.999471   	0.611958   	-0.280984  	-0.164904  	0.898822   	0.0577662  	0.0117651  	0.0158352  	0.999391   	0.401468   	-0.162866  	-0.1447    	0.969534   	0.136141   	0.0123237  	0.0311335  	0.998452   	0.326358   	0.0276732  	0.013684   	0.99919    	0.611443   	55.5928    	37.6735    	4.21973    	20.1848    	17.1894    	15.9772    	1.1951     	1.33178    	49.1676    	10.0498    	0.709435   	0.798604   	9.87203    	21.1967    	1.82942    	2.20819    	21.4607    	9.76154    	0.768813   	0.605043   	45.5305    	39.7231    	5.99789    	41.7946    	12.8648    	9.39593    	0.553135   	0.525731   	12.3508    	33.9876    	0.816634   	1.52847    	37.2862    	31.9707    	3.58404    	11.0545    	19.4152    	5.27931    	0.900061   	0.675388   	27.2694    	15.8683    	6.30556    	19.3168    	4.57815    	8.88804    	0.678258   	0.684592   	11.8257    	13.4248    	4.10967    	5.86545    	11.7404    	9.74043    	1.36734    	1.48828    	17.4202    	7.24531    	0.951398   	0.680941   	49.3805	30.7406	44.0134	38.2973	64.8478	72.7576	39.0279	19.9532	35.2292	77.6214	74.9113	20.2476	44.2116	17.4304	71.8914	-0.000529114	-0.000499994	0.999998   	0.355768   	0.445205   	0.403178   	6.67892    	6.68942    	16.4477	
2.9e-10    	2.6        	0.00978391 	-0.0183219 	0.996644   	0.115765   	-0.000648781	0.00583544 	0.999744   	0.426663   	-0.00184724	-0.00124602	0.999804   	0.453673   	-0.00173748	0.0037212  	0.999818   	0.455659   	-0.000761455	-0.00102798	0.99989    	0.532901   	0.109783   	-0.106227  	0.446432   	0.0105467  	-0.0011366 	0.00159652 	0.999816   	0.459051   	0.00160764 	-0.00108073	0.999707   	0.379898   	-0.00108716	-0.00180374	0.997962   	0.154086   	0.000673015	-0.000431604	0.999922   	0.607581   	-0.0341564 	-0.0141607 	0.316959   	0.00944331 	0.000738278	0.00122573 	0.999751   	0.381334   	0.00724943 	-0.021613  	0.990199   	0.0843686  	0.00437856 	0.00551284 	0.99949    	0.30231    	-0.00285969	0.000410378	0.999889   	0.608259   	4.23842    	4.16736    	3.51795    	3.50743    	5.18411    	3.60935    	3.75405    	3.77214    	3.85978    	4.17224    	0.396768   	0.39047    	3.37354    	3.93243    	1.92853    	1.95705    	2.48907    	3.7474     	0.290675   	0.288351   	4.12568    	5.03783    	1.63169    	1.6329     	3.50805    	4.20935    	0.305143   	0.307819   	3.19624    	5.28263    	0.347347   	0.351667   	4.28748    	5.4503     	0.536607   	0.535129   	3.5519     	2.24103    	0.269      	0.266438   	6.08486    	4.44609    	0.618479   	2.95237    	3.62094    	3.65745    	0.346073   	0.349433   	8.36959    	6.29673    	0.815144   	1.34542    	4.32672    	4.60245    	0.438631   	0.436662   	5.0683     	2.86908    	0.315094   	0.310419   	54.3233	55.933	11.8101	26.0125	9.95322	30.1385	8.54507	8.55435	8.20369	9.31587	8.96564	8.42762	10.6102	9.88311	11.0254	1.90691e-05	-6.73854e-05	0.999999   	0.331063   	0.148283   	0.144627   	0.388463   	0.38847    	4.44353	
3e-10      	2.4        	-0.00523359	-0.0175193 	0.995607   	0.0895733  	-0.000105212	0.0028618  	0.999842   	0.410457   	0.00141934 	0.000608533	0.999858   	0.440356   	-0.000128333	0.000744605	0.999887   	0.440458   	-0.000851725	-0.00161274	0.999914   	0.521568   	0.020248   	0.0250354  	-0.949099  	0.0250735  	0.00066472 	-0.00336397	0.999871   	0.445223   	0.00103625 	-0.000965521	0.999771   	0.363512   	-0.0048807 	0.0151241  	0.997874   	0.129991   	6.25718e-05	-0.000594111	0.999939   	0.598626   	0.00465007 	0.00126062 	-0.956691  	0.0272773  	-0.000751636	0.000971561	0.999809   	0.365335   	0.00775166 	-0.0223081 	0.99053    	0.0560695  	-0.00376209	0.00450576 	0.999653   	0.283834   	0.00110656 	-5.19153e-05	0.999945   	0.59961    	2.84688    	4.00651    	2.47307    	2.48758    	2.54006    	2.68316    	2.34521    	2.3383     	2.26684    	3.25693    	0.250597   	0.252133   	2.09147    	2.30177    	0.280283   	0.280591   	2.11941    	2.50071    	0.259549   	0.260287   	3.09036    	3.46192    	0.392794   	0.521566   	2.65564    	2.25411    	0.22372    	0.221889   	3.10524    	2.97538    	0.272851   	0.273222   	3.22072    	3.60464    	0.367005   	0.377804   	2.18153    	2.22795    	0.194804   	0.194841   	3.42477    	3.17319    	0.35606    	0.442723   	2.55785    	2.56478    	0.240702   	0.241317   	2.82447    	2.99941    	0.394336   	0.399456   	2.79641    	2.56288    	0.313415   	0.314941   	2.09978    	1.85072    	0.235246   	0.234923   	29.1625	30.0509	6.00757	6.03396	5.92047	5.89213	5.0915	5.86048	5.40985	5.68962	5.08105	4.85233	5.63095	6.39618	6.5346	2.40471e-05	4.2184e-05 	0.999999   	0.312866   	0.136512   	0.136787   	0.160067   	0.160068   	2.6713	
3.1e-10    	2.2        	-0.00840137	-0.0214363 	0.992005   	0.0626345  	0.000870976	0.00445168 	0.999818   	0.402656   	0.00026986 	-0.0010162 	0.999864   	0.426495   	0.00140662 	0.000310348	0.999875   	0.426403   	-0.000870116	0.00136202 	0.999924   	0.509173   	-0.00382819	-0.0190583 	-0.987799  	0.0456732  	0.000831982	0.000305644	0.999888   	0.431869   	-0.0016805 	-0.000665836	0.999822   	0.348197   	0.00196201 	0.000785125	0.998064   	0.110634   	-0.000257778	0.000705225	0.999945   	0.587116   	0.013416   	-0.00778343	-0.987839  	0.0480002  	-0.00149184	-0.000259406	0.999808   	0.350613   	-0.0176389 	-0.00125701	0.975971   	0.0355671  	0.0015394  	-0.000688837	0.999675   	0.2673     	0.000451691	0.000328227	0.999944   	0.588841   	2.99844    	3.16652    	0.994348   	1.02371    	2.70392    	2.91305    	0.916187   	0.915798   	2.65699    	2.30815    	0.233482   	0.232801   	2.06858    	2.48823    	0.229393   	0.229816   	1.77098    	2.13402    	0.209626   	0.209286   	2.76412    	2.33143    	0.312244   	0.338978   	1.96356    	2.24144    	0.226681   	0.22616    	2.27725    	2.03934    	0.233911   	0.233159   	2.29718    	2.48083    	0.298161   	0.30323    	1.77277    	2.0402     	0.208903   	0.208692   	2.946      	2.68029    	0.278929   	0.302708   	2.29524    	2.42693    	0.231114   	0.232475   	3.00405    	3.15174    	0.277922   	0.332791   	2.30493    	2.3576     	0.267255   	0.268978   	2.03295    	1.89247    	0.201002   	0.200467   	10.0729	9.79732	4.46658	4.53696	4.70472	3.95556	4.6905	4.31787	4.54244	4.99843	3.76733	4.32171	3.964	4.70153	4.69809	-2.03128e-05	-2.72279e-05	0.999999   	0.296856   	0.132742   	0.131847   	0.129384   	0.129386   	1.93336	
3.2e-10    	2          	-0.0110538 	0.0138584  	0.975666   	0.0331207  	0.000614921	-0.000451348	0.999861   	0.399832   	0.000206894	-0.000128736	0.99986    	0.411668   	2.65156e-05	0.00195986 	0.999869   	0.411356   	0.000215244	-4.54419e-06	0.999919   	0.495217   	-0.00150856	-0.0126376 	-0.993702  	0.0631912  	-0.00235354	6.27389e-05	0.999876   	0.417625   	0.00231464 	-0.00104472	0.999808   	0.332725   	0.00200289 	0.00331545 	0.997148   	0.0937508  	0.000792343	0.00112773 	0.999938   	0.57335    	-0.0147895 	-0.0038265 	-0.994048  	0.0653407  	0.00151721 	-0.00108599	0.999807   	0.33548    	-0.0226323 	-0.0141052 	0.923936   	0.0186071  	0.00189425 	0.000280168	0.999626   	0.251265   	8.56768e-05	0.000313266	0.99993    	0.575486   	2.14726    	2.40307    	6.23277    	6.07389    	2.07267    	2.37358    	6.06958    	6.06316    	2.45983    	2.30822    	0.217154   	0.217692   	2.14409    	2.24395    	0.219353   	0.218706   	1.9713     	2.05494    	0.212437   	0.212747   	2.67483    	2.34093    	0.236705   	0.246903   	2.14846    	2.1064     	0.20265    	0.202858   	2.17593    	2.03451    	0.239421   	0.240632   	2.48019    	2.55739    	0.253357   	0.254576   	1.92943    	2.11687    	0.215238   	0.214951   	2.41487    	2.64123    	0.265601   	0.285242   	1.94809    	2.38067    	0.229996   	0.230781   	2.92155    	2.54629    	0.277302   	0.431785   	2.31972    	2.40891    	0.254463   	0.254099   	2.32695    	2.3339     	0.20561    	0.205718   	37.7005	45.1695	3.89712	4.02418	4.15356	3.3458	4.1461	4.15899	3.54526	4.36231	3.36168	4.03814	3.78429	4.21978	4.56208	6.01604e-06	8.71318e-06	0.999999   	0.281248   	0.136266   	0.137665   	0.129304   	0.129308   	1.84268	
3.3e-10    	1.8        	-0.0306388 	-0.0426252 	-0.448112  	0.00711042 	0.000178261	-0.00245807	0.999861   	0.402407   	0.000217363	0.00351822 	0.999849   	0.394855   	-0.00126113	0.00015774 	0.999854   	0.394412   	0.000848585	0.000874888	0.999903   	0.479026   	-3.72007e-05	-0.0061136 	-0.99634   	0.0790081  	0.000201952	0.000439136	0.999858   	0.402103   	-0.000798762	-0.000803213	0.999781   	0.31569    	0.00151989 	3.95812e-06	0.996294   	0.0772192  	-0.000579335	-0.000168345	0.999923   	0.556367   	0.00668587 	-0.00441817	-0.996474  	0.0810132  	-0.000645653	0.00143693 	0.99976    	0.319362   	-0.00422849	0.0699251  	0.152338   	0.00654275 	0.00229695 	-0.00195732	0.999547   	0.234364   	-0.000617794	-0.000419459	0.999932   	0.559366   	2.42822    	2.4514     	0.243743   	0.876532   	2.06969    	2.3797     	0.215731   	0.216384   	2.25431    	2.28493    	0.226809   	0.226912   	2.05946    	2.47911    	0.249198   	0.248507   	2.03306    	2.40688    	0.222938   	0.222813   	2.26285    	2.31679    	0.261998   	0.262637   	2.16508    	2.46632    	0.228089   	0.227253   	2.31398    	2.06967    	0.259568   	0.25837    	2.01098    	2.46872    	0.263765   	0.278579   	2.22385    	2.54276    	0.228129   	0.228228   	2.13266    	2.49492    	0.248086   	0.252526   	2.36308    	2.53648    	0.238458   	0.237033   	2.25995    	2.60096    	0.268988   	0.957073   	3.0102     	1.96036    	0.246376   	0.247517   	2.14902    	2.14031    	0.242772   	0.242689   	3.38144	3.93864	3.92939	4.27433	3.85326	2.98917	4.08046	3.82957	3.61894	4.06718	3.29875	4.05535	3.47077	3.90576	4.55137	-3.15871e-05	-1.03068e-05	0.999999   	0.26486    	0.134826   	0.133079   	0.14059    	0.140587   	1.84139	
3.4e-10    	1.6        	0.0424328  	0.0323597  	-0.943475  	0.0205313  	-2.98261e-05	0.000205423	0.999847   	0.384124   	-0.00242353	-0.00201214	0.999818   	0.375003   	0.000508846	-7.64886e-05	0.999813   	0.374418   	-0.000780562	-0.000163529	0.999872   	0.459578   	0.00291558 	0.000388203	-0.997204  	0.0938593  	-0.000315963	0.00266393 	0.999823   	0.38435    	-0.000597179	-0.00307451	0.999672   	0.296679   	0.0052635  	-0.00208267	0.992527   	0.0599487  	-0.000137074	0.00133683 	0.999904   	0.535626   	-0.00357792	-0.00456116	-0.996953  	0.0963536  	0.0014382  	-0.000971065	0.999706   	0.301519   	-0.0032604 	-0.0479254 	-0.907802  	0.0162733  	0.00160799 	-0.000221718	0.999419   	0.215516   	-0.000623662	0.00147629 	0.999918   	0.539415   	2.37642    	2.43859    	0.278592   	0.389761   	2.41563    	2.146      	0.250885   	0.251996   	2.75442    	2.26519    	0.290221   	0.291406   	2.40253    	2.87853    	0.278452   	0.278085   	2.97178    	2.44807    	0.247428   	0.248227   	2.50862    	2.45811    	0.244557   	0.251095   	2.45541    	2.69405    	0.267038   	0.267695   	2.56355    	3.16173    	0.267434   	0.266483   	2.63083    	2.78843    	0.296926   	0.3093     	2.79864    	2.67597    	0.279526   	0.27973    	2.82409    	2.85497    	0.253258   	0.259184   	2.82278    	2.52944    	0.26493    	0.266067   	2.52578    	2.54115    	0.25107    	0.42465    	2.76824    	2.66084    	0.288859   	0.291485   	2.27514    	2.43011    	0.264592   	0.264279   	3.53646	3.76517	4.0397	4.31792	4.13984	3.10426	4.12121	3.94251	3.76619	4.26832	3.21781	3.93749	3.5627	3.98506	4.52409	2.41841e-05	-4.53425e-05	0.999998   	0.246756   	0.137796   	0.138149   	0.165997   	0.165997   	1.75965	
3.5e-10    	1.4        	-0.0194711 	0.0166651  	-0.977814  	0.0377441  	0.000359175	0.000785731	0.999783   	0.363215   	0.0016208  	-0.00277528	0.99973    	0.351061   	-0.000936248	0.00103213 	0.999747   	0.350316   	0.00120236 	0.000473173	0.999844   	0.436615   	-0.0017054 	-0.00471354	-0.997594  	0.108657   	0.00266514 	-0.000278485	0.999764   	0.363579   	-0.00220275	0.00155962 	0.999565   	0.274276   	-0.00884473	-0.00491538	0.982024   	0.0414762  	0.0011985  	0.00143401 	0.999875   	0.510421   	-0.0135823 	-0.0135511 	-0.997629  	0.111676   	0.00339751 	0.00290223 	0.999589   	0.280623   	-0.00162056	-0.0403841 	-0.972433  	0.0323129  	-0.00237387	0.000471167	0.999097   	0.193765   	0.000968899	0.00231659 	0.999871   	0.515878   	3.48921    	2.87253    	0.335158   	0.397459   	2.88509    	2.86171    	0.336453   	0.33621    	3.59264    	2.97959    	0.340064   	0.33841    	2.94419    	3.29791    	0.369869   	0.370166   	3.03797    	2.94086    	0.322969   	0.32276    	2.76169    	2.95655    	0.29817    	0.312113   	2.91154    	3.28152    	0.304268   	0.305969   	2.99529    	3.55025    	0.371873   	0.375162   	2.95034    	3.34429    	0.348767   	0.394912   	3.5071     	2.98584    	0.339408   	0.338503   	2.88628    	2.63341    	0.291182   	0.30619    	3.43194    	2.92678    	0.312956   	0.311956   	2.87746    	2.81391    	0.298834   	0.349821   	3.57589    	3.23622    	0.354979   	0.35651    	3.61411    	3.11331    	0.336573   	0.335756   	3.78514	4.48576	4.16455	4.72331	4.81806	3.86436	4.41796	4.5249	4.22416	4.40169	3.75955	4.10375	3.53925	4.11517	4.69168	-7.93564e-06	1.87733e-05	0.999998   	0.226094   	0.145807   	0.145659   	0.211724   	0.211722   	1.85782	
3.6e-10    	1.2        	0.000893653	0.0185903  	-0.987778  	0.0575167  	0.000888734	-0.0057051 	0.999581   	0.338922   	-0.00106996	0.00264246 	0.999494   	0.322676   	0.00176783 	0.000431586	0.999413   	0.320862   	0.00170646 	-0.0028971 	0.999703   	0.409066   	-0.0104984 	0.00861594 	-0.997271  	0.124107   	0.00351059 	-0.00466939	0.999548   	0.339945   	-0.00980334	0.00520291 	0.999101   	0.247445   	0.052372   	0.0192456  	0.90844    	0.0209778  	0.000223347	-0.00225158	0.999784   	0.47915    	8.55752e-05	0.0123637  	-0.997278  	0.128579   	-0.000710709	-0.00214633	0.99928    	0.256927   	-0.0100316 	0.0307206  	-0.982962  	0.0501754  	0.00292821 	0.00624289 	0.998372   	0.16778    	-6.22756e-05	-0.00537485	0.99979    	0.487435   	3.87568    	4.18253    	0.43554    	0.458868   	5.75149    	3.55636    	0.417743   	0.416518   	5.8799     	4.64609    	0.437722   	0.435516   	6.47606    	5.66374    	0.471169   	0.469739   	4.941      	4.88144    	0.401434   	0.40813    	5.02487    	3.17686    	0.360696   	0.372218   	5.94049    	4.19356    	0.397916   	0.397877   	5.72841    	4.61587    	0.509438   	0.517211   	5.15097    	3.29126    	0.481154   	0.870291   	4.5668     	5.29496    	0.492405   	0.492314   	4.30452    	4.53853    	0.381083   	0.398624   	4.55143    	4.99298    	0.407329   	0.411233   	3.45272    	5.01551    	0.359742   	0.421793   	3.91556    	5.18894    	0.406192   	0.407523   	4.68292    	4.67622    	0.438116   	0.436953   	4.52743	5.0848	5.05495	4.47441	4.94895	4.19343	5.01405	4.94574	4.72295	5.17495	4.14439	4.7331	4.5482	4.55903	5.47071	-2.5799e-05	2.62808e-05	0.999998   	0.201958   	0.147558   	0.148588   	0.297947   	0.297947   	1.84731	
3.7e-10    	1          	-0.00664406	0.178578   	-0.97088   	0.0814743  	0.0287218  	-0.0189898 	0.998235   	0.31186    	-0.0315603 	-0.0301016 	0.996597   	0.286816   	0.0390219  	0.0259442  	0.996087   	0.283372   	-0.015284  	-0.0361226 	0.997958   	0.376863   	-0.0327135 	0.0408566  	-0.993958  	0.139217   	0.0252642  	-0.0300866 	0.998239   	0.314688   	-0.0578695 	-0.0210037 	0.993503   	0.214198   	0.217501   	0.530816   	-0.337245  	0.0235333  	-0.0141828 	-0.0309688 	0.998483   	0.440301   	-0.0267474 	0.0457275  	-0.994403  	0.146392   	0.0449198  	0.0277585  	0.995655   	0.229601   	-0.134696  	0.00143824 	-0.971555  	0.0704705  	0.053066   	0.0869268  	0.985368   	0.135843   	0.0058058  	-0.0252568 	0.999142   	0.454523   	9.3224     	8.30252    	0.711465   	1.10929    	16.428     	6.59334    	0.566934   	0.615082   	27.9277    	12.6565    	0.756207   	0.759395   	31.691     	13.869     	0.846445   	0.91373    	16.9729    	19.3839    	0.746662   	0.73784    	10.9097    	7.46031    	0.478283   	0.547572   	10.4079    	9.33253    	0.547562   	0.565803   	30.4446    	12.1291    	0.686697   	0.737499   	16.2743    	19.9514    	0.608387   	9.17032    	18.8404    	17.7723    	0.801905   	0.818992   	7.25086    	10.88      	0.523528   	0.558185   	21.8945    	9.41058    	0.532247   	0.535654   	13.4772    	5.97006    	0.596015   	0.869536   	23.8344    	11.0202    	0.805743   	0.875018   	8.87197    	12.8715    	0.541738   	0.553908   	4.93159	6.65339	5.91216	6.28355	6.18508	5.13383	6.51377	5.60547	5.19666	6.24154	5.777	5.78076	5.24985	5.7948	6.36832	-7.17826e-05	0.000125857	0.999997   	0.173367   	0.150317   	0.145478   	0.482235   	0.482231   	2.05933	
3.8e-10    	0.8        	0.178697   	0.312162   	-0.911376  	0.125832   	-0.197403  	-0.0602167 	0.974882   	0.294171   	0.151552   	-0.0884003 	0.981756   	0.238519   	-0.340493  	-0.0477749 	0.932781   	0.23869    	0.0677272  	-0.0970509 	0.991477   	0.337175   	0.335368   	0.239643   	-0.894074  	0.165109   	-0.236748  	-0.158064  	0.951118   	0.305743   	0.508732   	0.0399178  	0.844644   	0.193086   	-0.343464  	0.660049   	-0.630566  	0.0683212  	0.0975101  	-0.126369  	0.986512   	0.388765   	0.220723   	0.162373   	-0.953808  	0.172512   	-0.356516  	0.0852577  	0.92448    	0.213486   	0.576421   	-0.00268746	-0.788541  	0.110033   	-0.456926  	0.462      	0.744579   	0.104747   	-0.0427524 	-0.108236  	0.991492   	0.421974   	46.085     	18.6469    	3.71112    	5.95512    	46.5028    	15.518     	2.32906    	4.06482    	14.1216    	17.0389    	2.18197    	2.41616    	51.0719    	14.4035    	3.79397    	2.19051    	15.8375    	18.417     	1.72468    	2.06002    	68.9821    	16.2956    	1.1853     	4.43963    	106.265    	30.147     	0.966539   	5.4192     	84.8139    	15.5313    	2.44805    	9.91255    	13.6641    	16.9196    	1.52928    	9.75976    	7.52493    	12.1843    	2.34107    	1.94145    	34.4632    	11.4396    	0.989626   	1.95559    	38.0742    	13.6944    	0.983553   	3.85021    	42.3897    	18.5318    	1.5981     	10.4471    	15.3424    	12.6035    	4.2726     	6.16886    	44.4928    	16.687     	1.14702    	1.38222    	7.24711	16.1381	15.0218	9.94036	21.7543	5.65746	20.138	8.27117	6.52045	15.9309	6.3597	12.8699	6.1082	7.50747	23.5092	9.40752e-05	0.000148453	0.999995   	0.136865   	0.15033    	0.14893    	3.48371    	3.48374    	40.8567	
3.9e-10    	0.6        	-0.0117936 	0.206312   	-0.972663  	0.242714   	-0.228008  	0.00351911 	0.971537   	0.353239   	0.397606   	-0.250711  	0.875489   	0.214757   	-0.510815  	0.0548272  	0.851046   	0.236219   	0.130719   	-0.105138  	0.983751   	0.314446   	0.340033   	0.0744781  	-0.928368  	0.227679   	-0.296626  	-0.0549081 	0.951482   	0.295086   	0.826855   	-0.213247  	0.506881   	0.173224   	-0.474844  	0.538667   	-0.671861  	0.106123   	0.226387   	-0.250609  	0.939807   	0.33927    	0.205933   	0.131984   	-0.967188  	0.187859   	-0.537908  	0.268019   	0.796457   	0.214313   	0.660392   	-0.186291  	-0.720467  	0.146538   	-0.71036   	0.688298   	0.0948346  	0.132449   	-0.011932  	-0.153219  	0.987154   	0.398064   	48.7019    	12.9035    	128.297    	129.391    	16.7585    	19.4162    	96.9856    	82.1487    	26.8186    	38.4143    	8.73533    	17.7745    	14.4435    	30.9239    	58.2145    	40.6694    	27.147     	15.3577    	3.1252     	5.19863    	38.1111    	7.47745    	76.1987    	37.3471    	24.1426    	6.41245    	3.60783    	1.78526    	14.7495    	23.7529    	22.6313    	19.072     	19.1974    	16.0046    	8.87792    	8.27872    	13.7582    	16.8219    	6.08106    	5.24511    	10.9261    	6.31318    	2.55748    	2.95515    	8.98742    	12.2452    	3.06385    	3.74094    	12.0448    	9.18522    	5.60115    	4.88208    	24.9501    	22.3545    	7.02544    	35.5679    	20.166     	10.6041    	4.90829    	5.42317    	12.8256	53.1987	12.0738	10.3956	15.1268	13.122	24.8986	15.8228	6.98686	9.01092	6.7971	10.5588	12.9693	8.42123	27.7204	0.000324103	5.46802e-05	0.99999    	0.0998866  	0.143982   	0.149068   	1.0814     	1.08135    	7.79203	
4e-10      	0.4        	-0.184103  	0.376539   	-0.892373  	0.226655   	-0.0825865 	0.00434523 	0.992011   	0.291996   	0.404279   	-0.551379  	0.716038   	0.154467   	-0.386525  	0.317581   	0.855452   	0.157951   	0.16459    	-0.278827  	0.942617   	0.261098   	0.0898716  	0.134839   	-0.97752   	0.189217   	-0.0576623 	-0.0942022 	0.986856   	0.244332   	0.643477   	-0.716754  	0.0261968  	0.0845619  	-0.382442  	0.781733   	-0.404792  	0.106367   	0.227917   	-0.423025  	0.874051   	0.235555   	-0.0649843 	0.262314   	-0.929369  	0.154815   	-0.280195  	0.360858   	0.860697   	0.167586   	0.306381   	-0.313862  	-0.842309  	0.111603   	-0.506151  	0.825501   	-0.137564  	0.133698   	0.0881452  	-0.235582  	0.964087   	0.320165   	6.88668    	19.3662    	345.801    	248.481    	53.3335    	31.1304    	167.578    	179.02     	57.7637    	10.1743    	39.7688    	64.2438    	65.2775    	11.9897    	57.7753    	92.0133    	13.7494    	15.3168    	73.1212    	57.9093    	29.3485    	22.5924    	223.609    	217.599    	71.6083    	14.9555    	77.3612    	81.1071    	141.064    	24.144     	5.87299    	127.938    	18.4497    	8.91442    	111.735    	52.2666    	35.7108    	15.8534    	189.489    	214.163    	62.3073    	13.1057    	253.402    	202.957    	171.531    	31.4755    	13.0005    	76.7426    	149.877    	18.4806    	77.4402    	156.25     	65.0014    	12.8574    	48.9892    	53.6415    	25.7411    	9.30244    	237.814    	203.864    	9.29329	32.1505	26.6424	45.5897	81.1953	9.57017	134.497	55.8489	44.3277	8.71298	7.89721	10.2332	19.6821	67.1201	113.497	0.000446649	5.76675e-05	0.999978   	0.0656905  	0.150343   	0.141283   	0.550667   	0.550631   	3.28945	
4.1e-10    	0.2        	-0.344082  	0.652454   	-0.599767  	0.0934444  	0.144793   	-0.0548454 	0.980448   	0.136117   	0.17703    	-0.85511   	0.433318   	0.0601208  	-0.0327296 	0.41438    	0.892891   	0.0898319  	0.251691   	-0.441774  	0.846799   	0.122029   	-0.307352  	0.172171   	-0.912768  	0.092115   	0.215516   	-0.125614  	0.956601   	0.136661   	-0.162891  	-0.804472  	-0.458166  	0.0457008  	-0.329257  	0.843693   	-0.102895  	0.0639234  	0.141142   	-0.642437  	0.734574   	0.0929664  	-0.422629  	0.473114   	-0.648998  	0.0726565  	0.16474    	0.318612   	0.911742   	0.0913744  	-0.387138  	-0.19908   	-0.807736  	0.050182   	-0.170296  	0.852926   	0.245973   	0.0700442  	0.226553   	-0.348542  	0.899925   	0.137878   	23.2687    	15.9553    	158.846    	127.544    	11.2453    	11.4228    	73.5248    	71.1985    	9.46139    	30.0405    	21.1606    	45.6374    	9.81927    	18.0345    	6.1187     	9.70882    	21.3886    	15.1971    	82.3287    	86.7844    	15.5058    	5.75321    	79.1239    	68.6879    	24.5928    	8.82402    	81.1429    	76.3743    	16.576     	16.5607    	8.02038    	18.52      	21.7552    	20.4303    	52.1646    	32.6335    	23.9338    	31.3183    	62.7746    	96.614     	24.5323    	7.93503    	123.265    	87.025     	17.7017    	23.5256    	17.0691    	26.3285    	12.9885    	22.1121    	28.252     	31.7933    	17.5686    	44.1204    	60.1102    	32.7793    	21.3728    	14.3896    	159.237    	165.721    	12.0062	8.28524	8.54572	13.995	12.6704	6.82622	27.9363	7.78891	19.3275	7.92247	9.83451	9.88776	12.4907	7.49932	15.4565	0.000972337	-0.000211927	0.99991    	0.0327042  	0.143245   	0.145138   	0.388682   	0.388651   	2.53007	
4.2e-10    	-0         	0.523948   	0.525614   	-0.446634  	0.0358923  	0.5371     	0.0118422  	0.713048   	0.0338822  	-0.848116  	-0.420426  	-0.104275  	0.045462   	0.863045   	0.362348   	0.190341   	0.0480138  	-0.653128  	-0.581938  	0.309373   	0.0420211  	-0.378084  	0.107896   	-0.703894  	0.0315159  	0.0706202  	-0.487052  	0.613876   	0.029553   	-0.863576  	-0.262809  	-0.212667  	0.0448585  	0.747111   	0.534775   	-0.228502  	0.0491822  	-0.791123  	-0.4652    	0.180432   	0.0496646  	0.184985   	0.544207   	-0.653419  	0.0358199  	0.860689   	0.0640399  	0.274277   	0.037881   	-0.740608  	0.0261476  	-0.541682  	0.0329045  	0.805242   	0.445105   	-0.0826478 	0.0456336  	-0.348727  	-0.452003  	0.668675   	0.0352929  	16.9434    	17.4108    	10.3204    	14.5131    	17.4702    	9.06956    	12.65      	17.4065    	8.32866    	8.59863    	8.6103     	6.88911    	10.4137    	4.84632    	13.1366    	9.22684    	16.805     	12.5359    	6.87127    	12.4263    	25.0835    	12.8953    	13.7363    	20.6408    	22.2406    	12.4679    	9.21372    	11.4909    	13.6912    	9.66931    	13.4402    	11.2438    	15.4305    	10.75      	8.20927    	10.182     	9.96215    	13.347     	13.9554    	6.85219    	17.4278    	15.1502    	6.0769     	8.78962    	11.8104    	11.06      	12.6973    	12.032     	10.7619    	7.88307    	9.35607    	12.6342    	9.1057     	14.8759    	11.4105    	5.11827    	11.6202    	20.1556    	6.9714     	12.0234    	8.469	7.31203	6.51638	7.37709	6.62622	6.48026	6.83757	5.9904	7.62548	8.17133	7.18096	9.275	7.94035	6.88541	8.83581	0.0313554  	-0.00787629	0.0238589  	0.00053023 	0.149025   	0.144685   	0.375792   	0.246498   	2.22115	
