#----------------------------------------------------------------------------------------------------------------------------------------------------------
# Output file for vampire simulation
#   time       : 2025-05-29 17:45:16     process id : 3461202
#   hostname   : thor3.psi.ch
#   path       : /scratch/dossan_f/Na2BaMn(PO4)2/vampire_tripleUC_15mat_J2Ja_small_k0.035_Jnn0.11_Bc_highstatistics
#   version    : 6.0.0
#   githash    : 4c9651daecc86c3e6b6df0c8055fcd9e89fd900c
#----------------------------------------------------------------------------------------------------------------------------------------------------------
2e-11      	8          	-0.000444078	-0.000315641	0.999938   	0.964898   	-2.12502e-05	8.68226e-05	0.999975   	0.96453    	0.000610325	0.000239487	0.999801   	0.964623   	-0.000378336	-0.000497312	0.999872   	0.964712   	0.000604182	0.000231382	0.999771   	0.964687   	-0.000248797	0.000269029	0.999979   	0.964689   	0.000353231	0.000338501	0.999842   	0.964552   	0.000396282	0.000341419	0.999865   	0.964583   	-0.00038901	-0.000390789	0.999915   	0.964932   	0.000422233	0.000165204	0.999798   	0.964672   	-0.000274129	6.43952e-05	0.999967   	0.964826   	-0.000175962	-0.000278696	0.999927   	0.96457    	0.000142333	0.000405575	0.999949   	0.964627   	-0.000394502	-0.0006508 	0.99987    	0.964838   	0.000484294	0.000472164	0.99978    	0.964638   	3.83027    	1.39521    	90.4572    	85.317     	0.48051    	1.0819     	152.625    	152.002    	4.83059    	1.02979    	143.712    	130.362    	2.48858    	5.3976     	122.91     	112.887    	3.90328    	1.49169    	139.249    	124.273    	1.08339    	1.54549    	120.138    	118.677    	0.768348   	2.63948    	153.787    	148.689    	3.08839    	1.1056     	144.257    	136.127    	3.64799    	3.7508     	88.0367    	80.6991    	4.14871    	0.975366   	138.146    	124.922    	2.83018    	0.508852   	97.9365    	95.4527    	0.776959   	1.04891    	144.434    	140.998    	0.875395   	2.5639     	132.162    	128.803    	3.2528     	7.56709    	103.427    	92.2948    	1.7061     	2.63855    	146.504    	134.94     	15348.1	39045.7	35689.4	26665.1	34465.8	25480.8	40059.8	35525.1	14677.3	33890.2	17622.9	35536.1	30235.8	19638	37426.3	4.10594e-06	1.46071e-06	1          	0.964664   	0.123106   	0.117411   	1900.13    	1900.12    	427762	
3e-11      	7.8        	-1.01339e-05	-3.55069e-05	0.999998   	0.963145   	-7.16397e-06	-3.63624e-05	0.999998   	0.963158   	-1.06788e-05	4.72809e-05	0.999998   	0.963164   	-5.82723e-05	-9.62846e-07	0.999998   	0.963161   	7.64933e-05	2.09964e-05	0.999998   	0.963159   	-4.15435e-05	-1.02453e-05	0.999998   	0.963165   	-9.52738e-05	3.96402e-05	0.999998   	0.963149   	0.000309439	5.62914e-05	0.999998   	0.963161   	-0.000222765	-0.000123746	0.999998   	0.963157   	0.000111019	2.38821e-05	0.999998   	0.963164   	-6.73472e-05	-8.5071e-05	0.999998   	0.963162   	-3.52866e-05	8.55129e-05	0.999998   	0.963172   	-1.63041e-05	-7.02153e-06	0.999998   	0.963171   	5.87893e-05	0.000101723	0.999998   	0.963156   	-3.39613e-05	-4.46585e-05	0.999998   	0.963169   	0.502585   	0.517937   	0.0140284  	0.0140324  	0.498719   	0.485071   	0.0136994  	0.0137014  	0.518975   	0.490062   	0.0133922  	0.0133925  	0.502448   	0.528321   	0.013668   	0.0136667  	0.516411   	0.502296   	0.0134997  	0.0134975  	0.482967   	0.562393   	0.0134387  	0.0134416  	0.502587   	0.505674   	0.0129648  	0.0129591  	0.447687   	0.471427   	0.0132346  	0.0132261  	0.513434   	0.525643   	0.0134358  	0.0134403  	0.508469   	0.45335    	0.0138641  	0.0138628  	0.488899   	0.50216    	0.0132255  	0.0132234  	0.496356   	0.499389   	0.0136665  	0.0136706  	0.508657   	0.477431   	0.013468   	0.0134614  	0.522941   	0.497469   	0.013697   	0.0137057  	0.532154   	0.48317    	0.0136469  	0.0136526  	5.50545	5.48299	5.43034	5.54446	5.45884	5.46156	5.38	5.42674	5.40699	5.58257	5.39397	5.43258	5.34624	5.47922	5.51395	-2.86849e-06	2.1146e-06 	1          	0.963159   	0.120204   	0.120641   	0.0199538  	0.0199538  	1.9073	
4e-11      	7.6        	4.23891e-05	4.882e-05  	0.999997   	0.960092   	-4.06421e-05	-3.05085e-05	0.999997   	0.960105   	-1.32454e-05	5.70603e-06	0.999997   	0.960098   	-2.19325e-05	-0.000137746	0.999997   	0.96008    	-3.43702e-05	5.24632e-06	0.999997   	0.960085   	3.84548e-05	9.43931e-05	0.999997   	0.960083   	6.80715e-05	0.000121668	0.999997   	0.960088   	5.70377e-05	-8.18439e-05	0.999997   	0.96008    	-0.0001024 	1.55543e-05	0.999997   	0.960064   	-3.06531e-05	-1.09628e-05	0.999997   	0.960097   	-4.42681e-05	1.78655e-05	0.999997   	0.960091   	3.853e-05  	5.39556e-06	0.999997   	0.960086   	-4.00678e-05	7.01592e-05	0.999997   	0.960091   	2.24307e-05	-5.25261e-05	0.999997   	0.960072   	1.261e-05  	-1.55624e-05	0.999997   	0.960093   	0.552906   	0.593602   	0.0152572  	0.0152682  	0.555366   	0.608614   	0.0153085  	0.0153036  	0.612259   	0.607833   	0.0155752  	0.0155635  	0.614593   	0.575681   	0.0154752  	0.0154723  	0.624767   	0.543179   	0.0157841  	0.0157864  	0.546109   	0.621119   	0.0153977  	0.0153918  	0.557966   	0.535773   	0.0161313  	0.0161255  	0.561329   	0.525229   	0.0161095  	0.0161031  	0.544852   	0.601959   	0.015123   	0.0151212  	0.62731    	0.496296   	0.0156398  	0.0156522  	0.601124   	0.547915   	0.0158864  	0.0158826  	0.629783   	0.526231   	0.0165172  	0.0165357  	0.599864   	0.540185   	0.0161795  	0.0161897  	0.544708   	0.562482   	0.0153113  	0.015305   	0.553241   	0.579465   	0.0160106  	0.0160148  	5.82846	5.66483	5.63084	5.68823	5.9021	5.71804	5.83218	5.8991	5.71081	5.9537	5.93513	6.08607	6.101	5.61038	5.80632	-3.20526e-06	3.71183e-06	1          	0.960085   	0.120822   	0.124267   	0.0234866  	0.0234861  	1.82857	
5e-11      	7.4        	1.68322e-05	9.92677e-06	0.999997   	0.956448   	0.000139461	9.8068e-05 	0.999997   	0.956437   	-0.000152716	-6.74753e-05	0.999997   	0.956457   	3.38585e-06	1.51128e-05	0.999997   	0.956456   	1.63336e-05	-0.000117052	0.999997   	0.956449   	1.38475e-05	4.528e-05  	0.999997   	0.956437   	5.00296e-07	0.000153042	0.999997   	0.956458   	-1.15962e-05	-0.000114246	0.999997   	0.956455   	1.69e-05   	-2.04895e-05	0.999997   	0.956457   	7.44862e-05	-0.000153994	0.999997   	0.95643    	5.54329e-05	0.000158948	0.999997   	0.956449   	-0.000176979	-2.49334e-05	0.999997   	0.956443   	0.000163168	2.08448e-05	0.999997   	0.956463   	-0.000136813	1.61132e-05	0.999997   	0.956449   	-2.09152e-06	-5.7026e-05	0.999997   	0.956465   	0.647359   	0.6658     	0.0187608  	0.0187424  	0.625188   	0.66774    	0.0193917  	0.0193901  	0.64387    	0.639944   	0.0183349  	0.0183451  	0.679957   	0.71164    	0.019213   	0.0192029  	0.685707   	0.694448   	0.0186908  	0.0186984  	0.615253   	0.63324    	0.018312   	0.0183036  	0.728879   	0.69746    	0.019692   	0.0196793  	0.67315    	0.633661   	0.0192105  	0.0191956  	0.696914   	0.616605   	0.0200523  	0.0200608  	0.627211   	0.645757   	0.0202051  	0.0202058  	0.599213   	0.620649   	0.0184045  	0.0184081  	0.64869    	0.696163   	0.0188943  	0.018893   	0.586008   	0.670487   	0.0194044  	0.0194057  	0.687288   	0.663864   	0.0178984  	0.0178777  	0.619978   	0.681938   	0.018653   	0.0186571  	6.19423	6.33176	6.17709	6.36197	6.30949	6.42843	6.50676	6.43655	6.60024	6.79264	6.28958	6.67317	6.69227	6.28268	6.39358	1.35214e-06	-2.52426e-06	1          	0.956447   	0.122963   	0.130251   	0.0305313  	0.030532   	1.87634	
6e-11      	7.2        	-4.90933e-05	5.36087e-05	0.999996   	0.952097   	-8.97586e-05	-7.99197e-05	0.999996   	0.952083   	0.0001368  	6.23888e-05	0.999996   	0.952085   	1.11042e-05	-0.000214884	0.999996   	0.95209    	8.07234e-05	0.000129849	0.999996   	0.952081   	-0.000118399	9.20694e-05	0.999996   	0.952092   	0.000106574	-7.36195e-05	0.999996   	0.952083   	-0.000125139	3.28504e-05	0.999996   	0.952067   	1.47017e-06	1.90928e-05	0.999996   	0.952092   	-0.000152275	0.000222635	0.999996   	0.952098   	-6.40405e-05	-0.000213227	0.999996   	0.952094   	0.000166756	-3.95818e-05	0.999996   	0.952089   	3.21505e-05	9.10938e-05	0.999996   	0.952092   	-1.13611e-05	-0.000198866	0.999996   	0.952094   	-7.46167e-05	0.000107769	0.999997   	0.952073   	0.833624   	0.76232    	0.0228475  	0.0228463  	0.7588     	0.755194   	0.0225317  	0.0225249  	0.76221    	0.778485   	0.0234271  	0.0234297  	0.779531   	0.762869   	0.0244085  	0.0244171  	0.798301   	0.719664   	0.0243066  	0.0242999  	0.702572   	0.757489   	0.0223637  	0.0223657  	0.768617   	0.783448   	0.0249816  	0.0249641  	0.73973    	0.814469   	0.0234415  	0.0234479  	0.807363   	0.785734   	0.0250109  	0.0250075  	0.791068   	0.725327   	0.0240333  	0.0240334  	0.789502   	0.73649    	0.0218973  	0.021911   	0.76497    	0.746843   	0.0226572  	0.0226384  	0.75903    	0.801592   	0.022603   	0.0226005  	0.836119   	0.699354   	0.0229454  	0.0229206  	0.687062   	0.749163   	0.023091   	0.0231147  	6.80016	6.95768	7.01149	7.48127	7.44225	7.04571	7.44791	7.34693	7.55679	7.29729	6.6606	6.99481	7.00053	7.01006	7.16616	-9.94675e-06	-5.82242e-07	1          	0.952084   	0.126562   	0.128758   	0.0394045  	0.0394049  	1.94206	
7e-11      	7          	0.000144598	0.000182882	0.999995   	0.946781   	-7.16782e-05	-8.94933e-05	0.999995   	0.946764   	-5.07179e-05	-0.00013978	0.999995   	0.94675    	0.00018668 	-8.994e-05 	0.999995   	0.946769   	-0.000239422	1.88813e-05	0.999996   	0.946797   	1.82662e-05	6.79758e-05	0.999996   	0.946767   	-6.13811e-05	0.000246414	0.999996   	0.946795   	0.000193089	0.000146524	0.999995   	0.946773   	-0.000145107	-0.000392287	0.999996   	0.946794   	-0.00016395	1.24437e-05	0.999995   	0.946792   	0.000307996	8.23386e-05	0.999995   	0.946782   	-0.000229331	-8.13409e-05	0.999995   	0.946761   	6.09108e-05	3.99627e-05	0.999995   	0.946782   	0.000134179	0.000189771	0.999995   	0.946782   	-0.00020852	-0.0001964 	0.999995   	0.946769   	0.901332   	0.95996    	0.0287218  	0.0287143  	0.931048   	0.978672   	0.0290539  	0.0290397  	0.963833   	1.00239    	0.0285911  	0.0285603  	0.947479   	0.935611   	0.0295761  	0.0295394  	0.917051   	0.876941   	0.0314412  	0.0314616  	0.987217   	0.861164   	0.0293879  	0.0293955  	0.861374   	0.795826   	0.0303363  	0.0303513  	0.945081   	0.914656   	0.0300855  	0.0300705  	0.909856   	0.894905   	0.0297915  	0.0297648  	1.00924    	0.945861   	0.0302065  	0.0302149  	0.9752     	0.896088   	0.0271121  	0.0271301  	0.952922   	1.00767    	0.0279894  	0.0280187  	0.923178   	0.988459   	0.0287842  	0.0287609  	1.01318    	0.931059   	0.0286271  	0.0286785  	1.03666    	0.8859     	0.0259921  	0.0259821  	7.76817	8.00184	8.10914	8.52512	8.47799	8.16162	8.27222	8.54812	8.13723	8.16436	7.5498	7.74432	7.80172	7.77161	7.5693	-8.29648e-06	-1.42742e-07	1          	0.946773   	0.128641   	0.124918   	0.0528987  	0.0528996  	1.99439	
8e-11      	6.8        	-9.25369e-05	9.93399e-06	0.999994   	0.940203   	0.000216592	0.000223204	0.999994   	0.940227   	-0.000118035	-0.000212264	0.999994   	0.940218   	0.000192156	-4.08921e-06	0.999994   	0.940217   	-7.30682e-05	-0.000215759	0.999995   	0.940215   	-6.77785e-05	0.000233393	0.999994   	0.940224   	-0.000314347	-0.000133585	0.999994   	0.940225   	9.56172e-05	2.27658e-05	0.999995   	0.94022    	0.000197283	0.000109908	0.999994   	0.940192   	3.29043e-05	8.81181e-05	0.999994   	0.940207   	0.000181886	0.000201949	0.999994   	0.940199   	-0.000245706	-0.000264505	0.999994   	0.940204   	-0.000195178	-1.10511e-06	0.999994   	0.940247   	7.24449e-05	0.00023955 	0.999994   	0.940214   	0.000105997	-0.000199422	0.999994   	0.940215   	1.26065    	1.27686    	0.0374622  	0.0374615  	1.13844    	1.25627    	0.035762   	0.0357274  	1.24919    	1.18683    	0.0370683  	0.0371001  	1.25291    	1.20518    	0.0388262  	0.038805   	1.06126    	1.14945    	0.0383898  	0.0383627  	1.25281    	1.07726    	0.0378618  	0.0378488  	1.16371    	1.14991    	0.0351366  	0.0351172  	1.13893    	1.00344    	0.0378117  	0.037793   	1.23613    	1.11648    	0.0353689  	0.0353462  	1.21597    	1.09079    	0.0365138  	0.0365262  	1.18822    	1.177      	0.0400866  	0.0400612  	1.2874     	1.1411     	0.0354103  	0.0353794  	1.206      	1.21076    	0.0363633  	0.0363901  	1.18275    	1.1063     	0.0367114  	0.0366928  	1.17269    	1.30155    	0.0364544  	0.0364378  	9.05906	8.93225	8.6624	9.41086	9.71542	9.49848	9.11281	8.99896	9.01419	9.40532	9.70189	8.90947	8.95544	9.01248	8.76837	-7.75055e-07	6.55451e-06	1          	0.94021    	0.134849   	0.133368   	0.0725317  	0.0725314  	1.99789	
9e-11      	6.6        	-0.000277209	-0.000298265	0.999993   	0.931961   	0.000131577	5.46865e-05	0.999992   	0.931972   	0.000126892	0.000251517	0.999992   	0.931948   	-5.88977e-05	-0.000195948	0.999992   	0.931974   	0.000216986	-8.98474e-05	0.999992   	0.931977   	-0.000148669	0.000272448	0.999992   	0.931949   	0.000143459	-8.45337e-05	0.999993   	0.931946   	0.000191263	0.000169572	0.999992   	0.931942   	-0.000319561	-8.11985e-05	0.999993   	0.931961   	-0.000128735	0.000113977	0.999992   	0.93196    	-0.000130433	-9.84282e-05	0.999993   	0.931999   	0.000295701	-8.89501e-06	0.999993   	0.931992   	-0.000333274	0.000279856	0.999992   	0.931986   	3.6427e-05 	-0.000301663	0.999992   	0.931941   	0.000292214	4.81303e-05	0.999992   	0.931947   	1.49348    	1.42771    	0.0511276  	0.0511154  	1.49032    	1.56261    	0.0477906  	0.0478672  	1.65994    	1.50901    	0.048613   	0.0485468  	1.56093    	1.71508    	0.0492489  	0.0492167  	1.59137    	1.62164    	0.0478741  	0.047883   	1.57877    	1.53048    	0.0524067  	0.0523808  	1.44441    	1.51593    	0.0502999  	0.0502953  	1.48938    	1.55607    	0.045094   	0.0450893  	1.29269    	1.48365    	0.0492885  	0.0492487  	1.76272    	1.43815    	0.0493737  	0.0493384  	1.54955    	1.38254    	0.0506255  	0.0506358  	1.60505    	1.31234    	0.0499822  	0.0500119  	1.54756    	1.5125     	0.0496294  	0.0495683  	1.54609    	1.46432    	0.0505116  	0.0505036  	1.48928    	1.52491    	0.0500213  	0.0501041  	11.1827	10.7571	10.8842	10.8304	10.6842	10.984	11.0825	10.1657	10.8845	10.7468	10.769	11.0801	11.1546	10.8539	11.5638	2.50199e-06	2.09899e-06	1          	0.931956   	0.13626    	0.133404   	0.111679   	0.111678   	2.0093	
1e-10      	6.4        	0.0001271  	-0.000667226	0.999989   	0.921408   	-0.000209664	-1.38273e-05	0.999989   	0.921446   	0.000123198	0.000702073	0.999988   	0.921439   	0.000244429	-0.000136581	0.999989   	0.921474   	-0.000120583	-0.000115088	0.999989   	0.921415   	-6.81504e-05	0.000229793	0.999989   	0.92143    	-8.80644e-05	8.29435e-05	0.999989   	0.921407   	-0.000103113	1.21211e-05	0.999989   	0.921397   	0.000227695	-8.67042e-05	0.99999    	0.921405   	-0.000256675	0.000139184	0.999989   	0.921437   	0.00036376 	-0.000462937	0.999988   	0.921408   	-0.000132197	0.000314067	0.999989   	0.921427   	-0.000130355	0.000395391	0.999989   	0.921439   	0.000536516	-0.000102258	0.99999    	0.921422   	-0.000379623	-0.000303359	0.99999    	0.921438   	1.94623    	2.12579    	0.0667192  	0.066631   	1.86522    	2.32227    	0.0670119  	0.0669642  	1.95074    	2.46521    	0.0713798  	0.0713578  	2.19477    	2.24959    	0.0677241  	0.0677031  	2.27401    	2.01372    	0.0715289  	0.0714238  	1.93041    	2.45946    	0.0696442  	0.0696598  	2.39014    	1.923      	0.0683983  	0.0684747  	2.15128    	2.18723    	0.066445   	0.0665444  	1.95272    	1.75468    	0.0672219  	0.0673412  	2.0554     	2.29572    	0.0701673  	0.069964   	2.34467    	2.31697    	0.0686148  	0.0685792  	2.20985    	2.03459    	0.0710255  	0.0709135  	2.26132    	1.93034    	0.066898   	0.0668357  	2.11739    	1.91945    	0.0667757  	0.0668191  	1.9836     	2.01739    	0.0689696  	0.0688465  	13.1879	12.8799	13.3858	13.0949	13.3268	13.4327	13.4991	13.1786	12.8237	12.9788	13.1029	13.327	12.9887	12.9802	13.5529	8.926e-06  	-8.27488e-07	1          	0.921416   	0.136441   	0.144119   	0.160372   	0.160372   	1.91296	
1.1e-10    	6.2        	0.000137791	-0.000676717	0.999982   	0.907811   	-0.000370977	0.000210037	0.99998    	0.907747   	0.000226873	0.000511411	0.999982   	0.907741   	-0.000264104	3.8368e-05 	0.999981   	0.907767   	-0.000452487	0.000129535	0.999982   	0.907743   	0.000728249	-0.000139489	0.999981   	0.907733   	0.000331121	0.000536469	0.999983   	0.907741   	-3.99364e-05	-0.000481582	0.999985   	0.907824   	-0.000299697	-6.25296e-05	0.999983   	0.907768   	-0.000173425	-4.21449e-05	0.999984   	0.90775    	-1.55135e-05	-0.000296651	0.999983   	0.907791   	0.000164346	0.000383761	0.999981   	0.907795   	0.000781399	-0.000559506	0.999981   	0.907828   	0.000231012	0.000494057	0.999983   	0.907763   	-0.00103225	6.1531e-05 	0.999982   	0.907759   	3.06374    	3.83376    	0.100586   	0.100553   	3.02514    	4.51387    	0.100286   	0.10035    	3.36504    	3.57426    	0.102774   	0.102565   	3.02325    	4.17496    	0.106189   	0.105956   	2.95455    	3.95439    	0.102914   	0.103088   	3.11762    	3.83722    	0.0971745  	0.0972068  	3.10449    	3.16939    	0.0962254  	0.0962751  	2.96518    	2.78245    	0.100256   	0.10015    	3.06893    	3.22343    	0.0928519  	0.0931473  	3.3022     	2.68395    	0.0923367  	0.0923298  	3.17958    	3.35429    	0.0998883  	0.0998285  	3.61773    	3.65651    	0.0979778  	0.0977685  	3.422      	3.53524    	0.0923442  	0.0925075  	3.16433    	3.19686    	0.0981928  	0.0981328  	2.92909    	3.84931    	0.0940296  	0.094325   	16.2404	16.1919	16.3425	17.3084	17.2474	16.5287	15.6383	16.4666	15.3473	16.4767	16.7368	16.1648	15.7276	16.3377	15.8378	-3.16886e-06	7.11419e-06	1          	0.907754   	0.142663   	0.146054   	0.274355   	0.274355   	1.67559	
1.2e-10    	6          	-0.000227649	-0.000830357	0.999955   	0.889824   	-0.00123792	-9.43553e-06	0.999962   	0.889764   	0.00140887 	0.000835412	0.999961   	0.889904   	-0.00146624	-0.000123244	0.999956   	0.889853   	5.4976e-06 	0.00102845 	0.999952   	0.889858   	0.00147138 	-0.000911396	0.999952   	0.889854   	0.000562179	0.000889243	0.999963   	0.889822   	-0.000294686	0.000987151	0.999951   	0.889816   	-0.000290333	-0.00186332	0.999948   	0.889806   	0.00135032 	0.00117265 	0.999959   	0.889816   	-0.00261767	-0.000144653	0.999968   	0.889846   	0.00122507 	-0.000998976	0.999953   	0.8899     	0.000891073	0.000154079	0.999959   	0.889823   	-0.000672098	-0.00123195	0.999957   	0.88971    	-0.000230856	0.00104807 	0.999967   	0.889857   	9.66193    	6.59558    	0.160118   	0.161161   	6.72737    	6.90029    	0.149236   	0.148875   	7.62575    	6.29299    	0.163291   	0.164154   	5.03401    	10.4372    	0.155081   	0.154989   	7.19512    	9.96243    	0.157642   	0.157249   	8.28491    	8.68894    	0.161016   	0.160408   	7.14225    	6.28855    	0.165089   	0.165441   	8.18225    	9.38563    	0.145207   	0.14385    	7.40509    	10.8462    	0.156803   	0.156787   	6.78165    	7.57793    	0.16121    	0.161491   	5.51465    	4.77208    	0.154112   	0.153993   	8.00184    	8.76917    	0.15845    	0.158567   	8.05512    	6.89889    	0.153909   	0.15323    	7.01374    	8.36534    	0.163518   	0.162447   	6.1435     	5.66324    	0.153092   	0.153113   	23.1307	22.8906	22.8832	23.7303	22.364	22.9536	22.6824	21.2675	23.5098	23.1816	23.3402	22.1138	22.0459	23.0285	21.9059	-8.13666e-06	1.02956e-07	1          	0.889792   	0.148295   	0.144298   	0.46744    	0.467437   	1.55272	
1.3e-10    	5.8        	0.0221937  	-0.0137454 	0.999421   	0.865731   	-0.0330981 	0.015797   	0.999055   	0.865616   	0.010897   	-0.00202757	0.999824   	0.86513    	-0.0179882 	0.00504222 	0.999683   	0.865127   	-0.0147794 	0.0123935  	0.999661   	0.865525   	0.0327448  	-0.0174471 	0.999037   	0.865834   	-0.0337633 	0.0172683  	0.999054   	0.865872   	0.0242316  	-0.00686527	0.999526   	0.865357   	0.0095907  	-0.0104044 	0.999759   	0.86526    	-0.00161439	0.00606631 	0.99983    	0.865376   	0.0307215  	-0.0153795 	0.999163   	0.865739   	-0.02915   	0.00933698 	0.999387   	0.865301   	0.0320341  	-0.0143796 	0.999196   	0.865368   	-0.00423591	-0.00134611	0.999845   	0.865514   	-0.0278291 	0.0157063  	0.999227   	0.86566    	64.026     	18.1669    	0.393885   	0.358052   	75.6771    	18.2722    	0.315407   	0.327699   	19.4849    	19.9938    	0.322353   	0.329342   	27.7528    	21.5211    	0.421669   	0.434437   	38.0473    	14.5575    	0.383641   	0.370232   	73.9363    	20.7413    	0.355012   	0.327544   	65.2886    	12.8936    	0.477015   	0.416832   	42.2271    	11.9558    	0.410858   	0.400535   	33.9726    	14.5081    	0.326693   	0.313803   	36.8411    	14.8799    	0.326402   	0.326636   	73.0811    	12.0857    	0.377232   	0.312375   	40.0701    	9.62211    	0.403906   	0.422122   	47.6296    	16.9123    	0.435615   	0.454383   	31.8591    	18.2397    	0.338477   	0.333977   	74.2792    	16.12      	0.351256   	0.309956   	41.0758	36.8196	36.6801	48.5268	44.0463	35.8658	55.0352	49.9599	36.5045	37.8623	42.4264	46.5577	43.9819	40.7535	39.4382	-3.46999e-06	4.665e-07  	1          	0.865013   	0.14623    	0.142464   	1.44617    	1.44618    	9.06984	
1.4e-10    	5.6        	0.139632   	-0.0218421 	0.989649   	0.836356   	-0.19134   	0.0487245  	0.979522   	0.84579    	0.053666   	-0.0273912 	0.997649   	0.83965    	-0.0911155 	0.0380735  	0.994386   	0.842311   	-0.108895  	0.010231   	0.993746   	0.835331   	0.198689   	-0.0481284 	0.978127   	0.844527   	-0.19668   	0.045824   	0.978865   	0.843      	0.123021   	-0.0467431 	0.990499   	0.844191   	0.0740267  	0.00111948 	0.996953   	0.835045   	-0.0347591 	-0.0104566 	0.998997   	0.835475   	0.187961   	-0.0389258 	0.980963   	0.841151   	-0.152524  	0.0490026  	0.986328   	0.845476   	0.176637   	-0.050474  	0.982227   	0.846283   	-0.00849856	0.0192195  	0.999403   	0.837083   	-0.169929  	0.0317904  	0.984587   	0.838772   	82.3951    	17.4926    	3.04511    	2.68079    	197.668    	59.1905    	1.22479    	4.11518    	111.463    	62.5147    	1.62933    	2.90199    	148.919    	89.5398    	1.61995    	5.15636    	61.0433    	21.3279    	1.55053    	2.33246    	188.386    	52.3937    	2.12246    	1.98341    	149.996    	18.7388    	2.53897    	1.51748    	183.589    	81.2517    	1.16339    	6.15652    	64.99      	32.4797    	0.976361   	1.5931     	74.7329    	35.7656    	0.814285   	0.831398   	129.553    	10.1793    	3.43908    	1.75717    	194.797    	55.2675    	1.20085    	7.17625    	200.991    	47.3137    	1.07092    	6.84523    	82.1358    	39.0555    	1.21725    	1.28489    	98.1725    	13.4862    	4.45752    	2.28424    	206.067	76.5679	322.433	319.217	101.79	124.078	153.229	233.992	88.9899	115.305	228.639	222.523	138.804	236.907	334.471	-6.03637e-06	1.38572e-06	1          	0.831243   	0.147913   	0.145514   	4.83115    	4.83115    	68.9373	
1.5e-10    	5.4        	0.252294   	-0.0280061 	0.966459   	0.809903   	-0.291233  	0.0996428  	0.951262   	0.82224    	0.0420295  	-0.0708472 	0.996108   	0.834949   	-0.106932  	0.0828206  	0.990465   	0.836842   	-0.204766  	0.00648186 	0.97801    	0.813429   	0.313546   	-0.0913028 	0.944907   	0.817188   	-0.316323  	0.0778457  	0.945065   	0.811894   	0.163583   	-0.0881669 	0.982382   	0.835644   	0.146645   	0.0127843  	0.988383   	0.817881   	-0.0846921 	-0.0297544 	0.995305   	0.823727   	0.305241   	-0.066513  	0.949408   	0.809093   	-0.212869  	0.0941239  	0.972399   	0.831555   	0.255718   	-0.10168   	0.96128    	0.826669   	0.0221599  	0.0507611  	0.9979     	0.830147   	-0.284382  	0.0518955  	0.956624   	0.808604   	217.589    	11.8374    	4.60192    	4.9446     	26.8547    	24.6085    	6.57356    	2.66524    	128.435    	25.3739    	14.177     	10.5213    	88.2335    	17.026     	10.6385    	5.44641    	224.99     	13.8321    	2.00464    	8.86861    	53.2319    	15.7411    	11.0138    	2.54789    	81.5039    	18.097     	13.9227    	2.39554    	47.1208    	12.5333    	5.86083    	2.39173    	213.462    	14.1708    	3.1229     	11.2268    	194.475    	14.9825    	7.64048    	13.2733    	128.987    	13.8488    	14.3338    	1.8926     	22.5432    	19.1364    	2.6266     	1.65208    	13.0405    	20.044     	2.07239    	2.03016    	162.288    	16.8606    	12.8905    	13.6463    	176.086    	11.8125    	10.4404    	1.88187    	459.754	653.227	1636.83	1232.56	213.21	1119.21	1407.46	693.757	375.195	900.241	1464.09	303.756	206.058	1504.9	1050.24	-1.76769e-06	1.08659e-06	1          	0.798858   	0.147398   	0.146311   	1.43898    	1.43898    	12.1472	
1.6e-10    	5.2        	0.398595   	-0.0559387 	0.914971   	0.803134   	-0.426319  	0.135375   	0.893683   	0.813133   	0.0312558  	-0.0770379 	0.996397   	0.84395    	-0.126241  	0.0943196  	0.987335   	0.843177   	-0.330174  	0.0300771  	0.943089   	0.811017   	0.464856   	-0.129165  	0.875054   	0.805653   	-0.483324  	0.120038   	0.866228   	0.801608   	0.217568   	-0.111831  	0.969318   	0.838382   	0.249233   	-0.00288037	0.968224   	0.821437   	-0.15827   	-0.0255392 	0.986919   	0.832043   	0.476846   	-0.103789  	0.872006   	0.798364   	-0.299701  	0.125289   	0.945381   	0.830448   	0.370863   	-0.132168  	0.918659   	0.821815   	0.0640897  	0.0515644  	0.996478   	0.83942    	-0.448544  	0.0816509  	0.889383   	0.799464   	100.424    	30.1203    	2.20651    	10.9654    	158.785    	29.6484    	9.61757    	7.44017    	27.9357    	17.4053    	12.0951    	11.4226    	37.1421    	20.0743    	10.7881    	12.8113    	87.4012    	24.3659    	1.93451    	13.5218    	175.977    	37.1435    	17.4746    	6.28096    	195.403    	33.3853    	20.9031    	7.86943    	72.0838    	27.4536    	4.94473    	10.4653    	52.6111    	20.8465    	7.59783    	16.5243    	28.38      	20.3783    	11.9814    	14.8318    	181.065    	26.6935    	15.0616    	10.6412    	100.652    	23.168     	1.70687    	8.65512    	142.238    	25.5955    	3.88273    	7.70865    	13.4034    	27.7833    	14.799     	12.9136    	135.912    	34.8034    	6.7796     	10.5293    	210.398	949.564	1274.49	1150.86	200.167	1727.96	2064.61	530.536	814.323	1266.39	1468.98	195.844	378.663	1553.1	657.037	-5.08232e-06	-1.63978e-06	1          	0.767424   	0.141641   	0.140365   	0.9705     	0.970501   	5.70797	
1.7e-10    	5          	0.503195   	-0.0681206 	0.861161   	0.797748   	-0.530998  	0.150713   	0.833735   	0.805654   	0.0306654  	-0.0782049 	0.996266   	0.853845   	-0.146962  	0.101861   	0.983754   	0.852181   	-0.417456  	0.0375005  	0.90767    	0.809674   	0.58265    	-0.147754  	0.799053   	0.795976   	-0.605709  	0.13734    	0.783609   	0.789182   	0.259498   	-0.121521  	0.957966   	0.844126   	0.313413   	-0.00656063	0.9494     	0.823887   	-0.201899  	-0.0244929 	0.978924   	0.838315   	0.600068   	-0.119704  	0.790721   	0.78699    	-0.363532  	0.137659   	0.921238   	0.831761   	0.456545   	-0.145821  	0.877552   	0.817767   	0.0855371  	0.0513378  	0.994798   	0.849453   	-0.56525   	0.0957193  	0.819037   	0.789499   	57.4764    	20.0292    	10.3556    	6.73921    	22.1703    	13.1462    	5.01506    	8.63543    	37.8885    	28.3942    	2.98623    	2.53636    	23.3139    	16.6562    	6.26914    	3.66953    	51.7193    	13.6449    	7.19126    	3.26031    	23.6001    	11.9212    	2.80049    	8.89035    	26.2229    	8.20185    	4.04169    	8.27333    	14.425     	14.1894    	6.83557    	3.63119    	42.4599    	14.3656    	3.05761    	2.2915     	43.0811    	14.0996    	1.38924    	2.84132    	42.7878    	9.69392    	7.16382    	9.96341    	15.3258    	16.2929    	7.07564    	4.61792    	12.7481    	18.0604    	6.95275    	6.05495    	46.8821    	24.3841    	1.8066     	2.5483     	58.3699    	12.8991    	10.4631    	9.20101    	966.333	484.224	318.995	629.013	681.137	259.584	364.9	680.127	298.947	160.465	660.83	681.707	676.542	213.359	961.19	-4.42865e-06	-4.91404e-06	1          	0.736408   	0.14258    	0.145651   	0.772512   	0.772508   	4.24091	
1.8e-10    	4.8        	0.616575   	-0.0692039 	0.783939   	0.793555   	-0.606336  	0.134762   	0.783202   	0.807262   	0.000147313	-0.0617928 	0.997966   	0.864541   	-0.138139  	0.0857765  	0.986544   	0.864404   	-0.517561  	0.0410571  	0.854403   	0.808699   	0.678321   	-0.136053  	0.721472   	0.794585   	-0.718232  	0.127267   	0.683463   	0.787404   	0.270123   	-0.101441  	0.957202   	0.857186   	0.401375   	-0.0151919 	0.915643   	0.828087   	-0.276572  	-0.00686768	0.960843   	0.846683   	0.722681   	-0.11321   	0.681365   	0.784652   	-0.39309   	0.111876   	0.91236    	0.84255    	0.508253   	-0.12504   	0.851636   	0.824233   	0.140981   	0.0338772  	0.989303   	0.858824   	-0.688013  	0.0940842  	0.719141   	0.786263   	77.9222    	18.7264    	13.47      	40.4282    	101.64     	16.455     	15.2725    	14.7856    	30.9204    	11.3322    	1.19175    	1.31295    	36.4441    	12.8124    	3.34012    	2.58602    	66.6402    	16.7676    	13.7339    	31.2015    	122.394    	17.8319    	10.4224    	27.3655    	114.872    	26.2703    	7.97254    	32.186     	62.7008    	18.6352    	8.03526    	3.43535    	33.0349    	13.7829    	13.5802    	18.6758    	31.2017    	10.3428    	6.40453    	8.12851    	94.1816    	27.3794    	6.26771    	35.5343    	67.3588    	16.6149    	11.9787    	4.12736    	93.6741    	16.0672    	15.7265    	6.60761    	28.6048    	15.1994    	3.3155     	3.71973    	91.1444    	30.251     	9.9555     	43.7771    	1164.42	1349.66	135.729	328.394	1209.9	912.87	697.26	730.57	1217.07	582.719	544.906	1073.43	1398.53	325.708	864.486	5.86706e-06	-2.28989e-06	1          	0.705596   	0.144008   	0.145512   	0.650098   	0.6501     	3.34497	
1.9e-10    	4.6        	0.671355   	-0.0872374 	0.735786   	0.808249   	-0.712568  	0.120557   	0.690798   	0.812671   	0.0413505  	-0.031187  	0.998502   	0.870121   	-0.204622  	0.0526135  	0.977254   	0.869536   	-0.549262  	0.0662221  	0.83288    	0.826163   	0.786675   	-0.125292  	0.604141   	0.805893   	-0.818184  	0.122947   	0.561223   	0.802517   	0.34668    	-0.0729665 	0.934974   	0.862038   	0.418733   	-0.0415457 	0.907003   	0.846825   	-0.285312  	0.0199812  	0.958092   	0.860157   	0.810911   	-0.117316  	0.572948   	0.800642   	-0.47343   	0.0902695  	0.876032   	0.846703   	0.599155   	-0.106639  	0.793216   	0.827814   	0.131043   	0.00362407 	0.99123    	0.866358   	-0.763559  	0.106296   	0.636612   	0.800296   	29.0192    	18.9719    	9.02535    	13.1218    	50.0252    	27.8054    	11.5519    	11.9435    	26.5867    	27.3363    	3.23833    	3.00197    	28.2446    	31.106     	4.14805    	5.01536    	19.9663    	19.5704    	7.05564    	9.24764    	48.6702    	21.0419    	11.8295    	13.1119    	51.9643    	22.2195    	14.0237    	15.9887    	24.622     	30.3896    	5.80438    	7.36185    	22.6443    	26.7144    	7.15645    	9.85707    	23.8175    	20.528     	5.22096    	5.77913    	46.0096    	16.5458    	10.7528    	15.8226    	25.397     	23.1825    	7.21262    	8.86025    	40.2082    	30.524     	10.4422    	10.2853    	20.9101    	26.8031    	5.33886    	5.17572    	47.6844    	18.5396    	11.1443    	17.7882    	757.724	970.437	277.436	368.614	594.265	954.624	1123.57	504.495	627.468	465.285	845.316	616.203	876.411	471.369	919.653	4.03549e-06	2.46337e-06	1          	0.674862   	0.140353   	0.145059   	0.612178   	0.612179   	3.01281	
2e-10      	4.4        	0.71429    	-0.0830217 	0.694793   	0.820472   	-0.791192  	0.12202    	0.598954   	0.818988   	0.0691725  	-0.0354783 	0.996861   	0.874943   	-0.258893  	0.0544217  	0.964225   	0.875635   	-0.56706   	0.0636359  	0.821128   	0.841743   	0.865368   	-0.124604  	0.485134   	0.818156   	-0.888292  	0.122706   	0.442395   	0.818432   	0.392816   	-0.0642545 	0.917263   	0.870199   	0.441503   	-0.050892  	0.895748   	0.861573   	-0.320114  	0.0328046  	0.946748   	0.872416   	0.881897   	-0.120385  	0.455576   	0.817043   	-0.509533  	0.080712   	0.856586   	0.856898   	0.65052    	-0.103219  	0.752288   	0.835078   	0.152574   	-0.0012393 	0.988246   	0.87481    	-0.834479  	0.107319   	0.540357   	0.814268   	9.55004    	12.3989    	15.5167    	12.7327    	34.1209    	13.3322    	18.1009    	6.97178    	24.2364    	15.4223    	1.00281    	1.16158    	33.9932    	15.0193    	2.03694    	1.04069    	7.09136    	8.76587    	16.8504    	9.54822    	28.4509    	10.0108    	11.3746    	10.379     	22.8109    	11.8722    	4.08603    	13.112     	22.4832    	10.551     	2.72544    	1.73139    	8.67169    	10.6014    	6.36998    	5.07768    	14.1926    	7.31227    	2.56381    	3.23124    	25.8227    	16.1583    	5.0387     	13.9197    	11.5953    	8.48603    	4.33736    	3.70531    	21.9784    	10.6854    	7.74682    	3.32869    	9.47802    	6.12718    	1.84829    	1.51825    	17.2254    	13.0946    	4.52636    	13.227     	1207.99	1377.58	98.5681	170.733	1307.24	844.945	304.622	228.022	501.292	216.662	392.132	369.032	596.638	163.318	356.839	-3.28666e-05	2.38483e-05	1          	0.644125   	0.149523   	0.144097   	0.577509   	0.577508   	2.57583	
2.1e-10    	4.2        	0.729424   	-0.0796907 	0.679275   	0.826187   	-0.854256  	0.13838    	0.500839   	0.816658   	0.104635   	-0.0522073 	0.992991   	0.875679   	-0.309013  	0.0664273  	0.948612   	0.877658   	-0.561604  	0.0615965  	0.825015   	0.852692   	0.919294   	-0.13606   	0.369068   	0.822578   	-0.933187  	0.130562   	0.334721   	0.826228   	0.41931    	-0.0699176 	0.905092   	0.87422    	0.457514   	-0.0527603 	0.887578   	0.869828   	-0.365036  	0.0396621  	0.930044   	0.877877   	0.93064    	-0.129281  	0.342148   	0.825133   	-0.509553  	0.0819152  	0.856439   	0.865001   	0.656729   	-0.109399  	0.745915   	0.840197   	0.200051   	-0.00303233	0.979569   	0.879321   	-0.895503  	0.115961   	0.429238   	0.818792   	7.84545    	10.9113    	11.1059    	2.4473     	6.90814    	25.2294    	9.51938    	2.11262    	15.2098    	36.5878    	1.33435    	0.954402   	16.9927    	23.2183    	2.28609    	0.901939   	8.93496    	9.67725    	9.67932    	2.00773    	5.12304    	18.6405    	6.32372    	2.86426    	3.6342     	9.507      	2.6428     	3.63971    	5.38047    	10.8889    	2.1352     	0.888299   	8.08585    	8.35715    	2.3806     	0.838019   	23.6802    	9.1437     	2.6334     	1.03044    	7.28271    	12.7025    	5.23655    	4.70535    	10.7979    	9.34376    	8.62908    	1.68535    	16.4278    	14.2235    	31.1999    	5.06254    	59.158     	15.1175    	1.28343    	1.6978     	24.0716    	14.2179    	27.1705    	6.30138    	859.886	684.602	102.772	173.884	732.752	456.954	196.54	177.145	194.89	196.99	366.402	649.739	2340.25	108.698	1965.8	-0.000287354	6.29729e-05	1          	0.613221   	0.15145    	0.148344   	0.553842   	0.553839   	2.55937	
2.2e-10    	4          	0.730462   	-0.0322106 	0.681957   	0.829133   	-0.914685  	0.102218   	0.390226   	0.814948   	0.152519   	-0.0616486 	0.986188   	0.872351   	-0.369035  	0.0441638  	0.928197   	0.884267   	-0.547929  	0.0338908  	0.835715   	0.868858   	0.967535   	-0.082285  	0.238189   	0.838864   	-0.97144   	0.080841   	0.222444   	0.842046   	0.449102   	-0.0428169 	0.892331   	0.880513   	0.471303   	-0.0337453 	0.881248   	0.878916   	-0.410431  	0.0255239  	0.911437   	0.882898   	0.970594   	-0.0791351 	0.226631   	0.840915   	-0.508756  	0.0492962  	0.859384   	0.875031   	0.635794   	-0.0669662 	0.768722   	0.854657   	0.269538   	-0.00191303	0.962903   	0.883443   	-0.95544   	0.0721421  	0.285551   	0.828952   	9.11813    	17.0862    	31.6341    	6.8265     	33.3259    	46.4587    	25.1641    	9.45051    	48.6932    	15.2839    	1.67634    	0.741795   	42.3592    	12.0131    	3.07037    	1.24832    	8.41159    	15.2592    	16.7923    	4.9746     	25.878     	40.1338    	9.02386    	15.4151    	17.26      	38.8296    	2.79009    	12.2762    	20.0424    	16.4172    	3.56521    	1.12       	9.46431    	12.0537    	4.80472    	1.95304    	17.2839    	12.0863    	3.10852    	0.703637   	14.4494    	43.7162    	4.29206    	10.0117    	11.2619    	18.0611    	7.70434    	2.3129     	11.6044    	32.3493    	18.53      	4.1274     	22.0941    	6.37656    	1.40803    	0.598082   	13.7217    	39.6219    	14.7196    	6.58476    	2192.32	1622.1	95.7269	202.604	1112.03	570.22	193.326	249.041	342.62	225.602	282.492	538.577	1345.28	93.8988	973.298	-0.000886708	0.000343383	0.999999   	0.581968   	0.168993   	0.149043   	0.585094   	0.585046   	3.10641	
2.3e-10    	3.8        	0.700924   	-0.0211247 	0.712788   	0.826236   	-0.960862  	0.0975071  	0.258792   	0.803759   	0.208808   	-0.065915  	0.975669   	0.868216   	-0.41815   	0.0385962  	0.907482   	0.888727   	-0.517123  	0.0318683  	0.855241   	0.881491   	0.991165   	-0.0738001 	0.108988   	0.847463   	-0.99086   	0.0754011  	0.110662   	0.848188   	0.464681   	-0.0381776 	0.884575   	0.884737   	0.473615   	-0.0332076 	0.880044   	0.884452   	-0.439743  	0.0308389  	0.897519   	0.886668   	0.990639   	-0.0763318 	0.112027   	0.847738   	-0.498047  	0.0411943  	0.866065   	0.881738   	0.596472   	-0.0578093 	0.800396   	0.86541    	0.326442   	-0.00758198	0.945116   	0.887592   	-0.987979  	0.0697749  	0.137083   	0.832822   	7.56301    	13.4348    	10.6795    	1.34199    	4.57192    	28.8916    	8.39784    	2.73797    	11.3878    	9.20749    	1.57698    	0.573725   	9.04893    	14.3723    	2.19636    	0.628827   	6.47364    	12.9493    	5.42531    	1.48037    	4.19733    	39.8741    	4.01219    	3.95705    	5.23032    	41.1709    	2.37634    	4.97709    	6.71574    	16.6434    	2.69018    	0.729632   	6.79828    	10.9923    	2.63083    	0.809669   	12.252     	9.958      	2.8151     	0.710343   	5.49656    	37.6025    	4.30311    	4.91776    	10.4324    	16.6705    	6.94913    	1.30408    	13.0242    	16.2164    	15.2844    	2.23009    	16.4108    	6.29548    	2.07379    	0.617512   	6.28907    	25.1328    	11.8688    	5.39669    	762.457	510.627	85.2838	149.217	372.863	253.503	161.284	194.826	177.987	181.576	268.995	453.79	1072.28	105.582	717.549	-0.00193058	0.00056389 	0.999998   	0.550117   	0.159541   	0.140854   	0.689725   	0.689548   	3.23462	
2.4e-10    	3.6        	0.683824   	-0.0274    	0.728971   	0.812062   	-0.98322   	0.115448   	0.140097   	0.78449    	0.230882   	-0.073028  	0.97021    	0.866492   	-0.435091  	0.0429323  	0.899299   	0.892382   	-0.499531  	0.0377343  	0.865381   	0.888814   	0.996093   	-0.0847306 	-0.0161897 	0.851315   	-0.996604  	0.0796547  	-0.00976536	0.853459   	0.470654   	-0.0410004 	0.881295   	0.889662   	0.470161   	-0.0338028 	0.881871   	0.889931   	-0.427409  	0.0185094  	0.90374    	0.882607   	0.996764   	-0.0728661 	0.0250874  	0.841641   	-0.518525  	0.0516873  	0.853215   	0.868363   	0.567201   	-0.0556734 	0.821605   	0.870598   	0.349339   	-0.0153994 	0.936817   	0.890656   	-0.99674   	0.0780936  	-0.00562809	0.830411   	4.81606    	28.7881    	2.8929     	0.743063   	3.35783    	41.783     	3.03777    	2.23497    	3.6565     	5.01214    	0.841242   	0.523289   	5.54556    	13.9433    	2.03665    	0.487337   	6.91661    	18.7392    	4.26764    	0.686325   	2.4481     	55.4748    	3.45573    	1.63518    	2.28179    	53.2972    	3.17756    	1.73526    	4.09084    	17.2405    	1.94819    	0.634161   	4.3895     	13.877     	2.00335    	0.48987    	38.7472    	5.86527    	2.00925    	4.61056    	12.4175    	31.6008    	51.2262    	9.52626    	14.4983    	30.5885    	65.116     	25.6427    	6.19152    	16.2097    	4.09184    	0.514258   	3.81749    	13.85      	0.919347   	0.390671   	2.4996     	55.0398    	5.04848    	2.16067    	216.506	183.358	58.8574	125.525	284.67	212.854	205.458	146.48	145.352	165.994	3019.01	3552.76	316.429	72.5514	317.97	-0.00320653	0.00111603 	0.999994   	0.517711   	0.17599    	0.166355   	0.790558   	0.789908   	3.26544	
2.5e-10    	3.4        	0.682425   	-0.0154437 	0.730341   	0.784586   	-0.996281  	0.0769099  	0.0256733  	0.752081   	0.224134   	-0.0479345 	0.973148   	0.866964   	-0.469168  	0.0287085  	0.882406   	0.868095   	-0.459004  	0.018873   	0.888033   	0.881184   	0.992498   	-0.0489536 	-0.10829   	0.834975   	-0.990355  	0.0549452  	-0.12516   	0.84511    	0.489271   	-0.0273188 	0.871393   	0.879203   	0.437787   	-0.0235802 	0.898525   	0.890087   	-0.365211  	0.011161   	0.930515   	0.866692   	0.998032   	-0.0522727 	-0.00760045	0.800437   	-0.584143  	0.0395601  	0.809995   	0.811863   	0.533473   	-0.0382056 	0.844896   	0.871479   	0.357222   	-0.00894238	0.933939   	0.896023   	-0.985221  	0.0524719  	-0.162284  	0.826975   	15.0219    	12.3794    	84.3799    	18.8733    	15.838     	50.4133    	60.078     	16.1881    	45.5318    	32.7262    	0.89432    	1.58987    	20.8208    	24.7571    	75.34      	48.1285    	43.1386    	15.7822    	36.1451    	31.2377    	25.1354    	50.6058    	96.4137    	39.3474    	18.0435    	32.8963    	61.0178    	27.6041    	24.3       	10.7163    	108.393    	47.1517    	71.6262    	10.351     	4.17465    	5.87843    	101.894    	14.9377    	2.57655    	8.36246    	32.628     	26.9548    	147.799    	37.0404    	29.9677    	13.4593    	210.183    	81.2066    	3.51691    	11.8817    	2.18365    	0.460732   	2.7125     	10.014     	0.859206   	0.528041   	2.22818    	33.8629    	5.3513     	2.04627    	3883.69	3166.74	152.453	3379.36	1615.83	5120.86	3148.66	4630.24	451.676	292.83	7929.12	9793.43	198.254	107.792	317.922	-0.0056799 	0.00115238 	0.999983   	0.483394   	0.297136   	0.187336   	3.16881    	3.16575    	15.268	
2.6e-10    	3.2        	0.686725   	-0.027548  	0.726092   	0.723319   	-0.991705  	0.0857897  	-0.0912436 	0.68421    	0.183984   	-0.0389169 	0.982125   	0.872557   	-0.426875  	0.0143594  	0.90404    	0.840731   	-0.461143  	0.0398435  	0.88617    	0.832143   	0.978984   	-0.0556863 	-0.193823  	0.776567   	-0.971841  	0.0750109  	-0.216973  	0.790378   	0.517307   	-0.0347034 	0.853865   	0.820908   	0.36947    	-0.031606  	0.928055   	0.884038   	-0.353714  	0.0355264  	0.934231   	0.843364   	0.993667   	-0.0694448 	-0.0781969 	0.743208   	-0.571492  	0.0284881  	0.819721   	0.757      	0.482586   	-0.0401336 	0.874802   	0.863302   	0.341097   	-0.0130621 	0.939863   	0.902747   	-0.936957  	0.0604026  	-0.342987  	0.810467   	4.46938    	49.288     	1.01033    	1.73298    	7.29486    	83.3876    	4.6915     	4.9362     	2.59155    	8.92048    	0.541494   	0.452151   	28.4151    	18.5973    	1.49628    	2.46554    	6.07393    	34.6514    	82.3342    	50.7146    	19.4421    	80.7942    	51.3657    	24.5674    	106.544    	94.6961    	376.34     	177.397    	30.0641    	28.2076    	565.884    	303.716    	198.164    	24.8188    	4.42888    	10.8512    	14.2117    	48.4077    	244.43     	171.952    	41.7384    	67.0364    	150.94     	45.8272    	87.5372    	8.95764    	4.01492    	15.9105    	6.62771    	30.1058    	1.82968    	0.370754   	1.96697    	24.1504    	0.610049   	0.326652   	6.66745    	112.273    	8.66943    	2.82849    	105.143	256.001	108.431	289.847	3296.84	2466.15	18288.1	24043.7	803.319	10376	7218.99	551.711	215.667	130.526	497.444	-0.00719734	0.00173014 	0.999972   	0.446131   	0.221891   	0.371025   	5.08342    	5.08164    	21.1767	
2.7e-10    	3          	0.616968   	-0.0553997 	0.784705   	0.644064   	-0.940912  	0.0841283  	-0.327385  	0.588783   	0.151373   	-0.0127494 	0.98831    	0.890697   	-0.346294  	0.00977259 	0.938013   	0.82634    	-0.430621  	0.0446685  	0.901273   	0.766877   	0.932305   	-0.0582091 	-0.356229  	0.681915   	-0.952884  	0.0960753  	-0.285525  	0.652465   	0.543554   	-0.0277641 	0.838661   	0.661291   	0.277472   	-0.0437083 	0.959618   	0.88892    	-0.361743  	0.0756855  	0.92898    	0.750614   	0.982025   	-0.120328  	-0.142482  	0.624876   	-0.476054  	0.0274855  	0.878852   	0.700255   	0.422989   	-0.0512652 	0.904491   	0.806642   	0.264827   	-0.0275649 	0.963698   	0.908408   	-0.829728  	0.094625   	-0.54961   	0.742363   	40.7166    	29.7948    	2.97134    	23.438     	47.4364    	19.0327    	7.20697    	38.6397    	2.09203    	28.139     	0.902913   	0.670243   	12.0724    	6.38176    	0.937687   	1.10829    	22.6317    	16.7899    	2.99211    	4.63641    	55.6094    	30.3128    	10.0272    	39.5286    	78.9939    	52.6257    	115.848    	122.079    	18.5742    	19.5655    	161.038    	155.562    	25.9225    	15.5585    	2.06962    	1.25822    	25.3063    	35.581     	24.7822    	31.9741    	57.6691    	57.2082    	12.6688    	51.1743    	14.6391    	13.2872    	1.4643     	2.50581    	12.8206    	16.6124    	222.694    	199.151    	69.7257    	4.61039    	2.00676    	1.65716    	132.052    	20.1865    	149.063    	232.553    	175.694	345.976	250.853	168.79	214.476	459.13	5277.6	6172.37	348.623	770.674	619.155	302.331	8532.38	465.668	6934.4	-0.00721699	0.00251744 	0.99997    	0.403883   	0.370921   	0.390254   	8.07889    	8.09019    	23.0802	
2.8e-10    	2.8        	0.379502   	-0.0628116 	0.922444   	0.531896   	-0.63201   	0.0778954  	-0.768718  	0.441893   	0.0717459  	-0.00108112	0.997355   	0.91503    	-0.197603  	0.0276863  	0.97967    	0.820731   	-0.342209  	0.0506909  	0.938081   	0.590527   	0.815771   	-0.118364  	-0.564522  	0.467698   	-0.777763  	0.147661   	-0.609474  	0.524524   	0.362472   	-0.0619577 	0.929473   	0.572246   	0.20244    	-0.0424152 	0.978323   	0.907621   	-0.271765  	0.0613431  	0.960329   	0.732367   	0.883486   	-0.167207  	-0.436376  	0.48418    	-0.326059  	0.050228   	0.943784   	0.65298    	0.240006   	-0.0426034 	0.969605   	0.747781   	0.161983   	-0.0259377 	0.986405   	0.919101   	-0.530497  	0.0894102  	-0.842199  	0.662899   	82.474     	9.91644    	0.610455   	14.8947    	185.786    	20.4524    	20.7264    	47.7896    	19.8879    	5.19795    	1.69559    	0.94731    	51.8424    	13.3683    	2.46543    	0.338602   	65.1214    	12.6047    	344.657    	394.538    	227.852    	43.3192    	211.466    	380.894    	105.235    	33.3685    	19.7984    	35.3809    	57.9521    	15.8255    	0.686464   	7.88094    	11.6561    	6.5088     	2.26625    	0.828248   	9.70636    	8.88149    	0.603247   	0.664798   	65.115     	28.7707    	8.70854    	40.7643    	35.462     	11.2404    	0.50771    	3.6525     	53.6974    	6.51682    	1.00091    	2.32537    	11.6046    	5.6685     	1.19343    	0.383581   	111.717    	19.719     	17.8949    	13.5094    	178.948	847.395	425.256	586.477	11109.3	8852.9	816.521	154.493	450.923	129.428	338.446	97.9098	203.673	283.275	816.705	-0.00360536	0.000327572	0.999993   	0.36267    	0.180892   	0.197093   	11.2547    	11.2597    	22.4088	
2.9e-10    	2.6        	0.122438   	-0.0229998 	0.991733   	0.484995   	-0.189636  	0.0332644  	-0.980049  	0.428619   	0.0200791  	-0.00286086	0.999766   	0.929133   	-0.0866373 	0.0162514  	0.99601    	0.832063   	-0.143121  	0.0238285  	0.989086   	0.561001   	0.389716   	-0.0690999 	-0.916226  	0.413024   	-0.404826  	0.0687165  	-0.910349  	0.496805   	0.170804   	-0.0291592 	0.984576   	0.558847   	0.103944   	-0.0176339 	0.994336   	0.920167   	-0.126968  	0.0189689  	0.991535   	0.737082   	0.489681   	-0.0729535 	-0.866191  	0.41197    	-0.151636  	0.0225858  	0.987903   	0.648374   	0.0808946  	-0.0126796 	0.99646    	0.747443   	0.0571945  	-0.00837984	0.998252   	0.927284   	-0.176689  	0.0267285  	-0.983135  	0.686558   	48.8705    	5.91214    	0.150572   	2.09001    	92.8382    	8.5086     	5.3837     	1.24081    	7.39946    	3.77167    	0.573283   	0.467228   	23.4821    	6.23303    	1.53114    	0.534029   	40.893     	5.45935    	1.57311    	0.188491   	125.951    	19.2679    	19.014     	5.74923    	113.665    	32.095     	15.6468    	6.85329    	32.17      	9.18486    	1.18457    	0.292707   	25.5319    	8.71479    	1.36804    	0.457737   	35.5487    	9.65034    	2.09113    	0.344182   	152.578    	35.1373    	24.1013    	18.5114    	41.6236    	9.34262    	1.94364    	0.270978   	40.5143    	5.08845    	1.04554    	0.130235   	25.1729    	4.038      	0.865727   	0.296223   	136.227    	15.6097    	12.4875    	0.611803   	29.271	194.526	117.377	237.513	229.301	803.593	676.487	178.602	203.215	304.031	1020	283.793	157.09	152.599	530.256	-0.000440121	6.65111e-06	0.999999   	0.33457    	0.167909   	0.146267   	5.41959    	5.42041    	5.79734	
3e-10      	2.4        	0.00378303 	-0.000712415	0.999872   	0.473137   	-0.00519734	0.00239555 	-0.999733  	0.442142   	0.000496627	-0.000724061	0.999985   	0.927323   	-0.00260515	0.000750529	0.999936   	0.833802   	-0.00414292	0.000639226	0.999836   	0.558797   	0.0108442  	-0.00242022	-0.999012  	0.431847   	-0.0100484 	0.00139519 	-0.998849  	0.521442   	0.00403515 	-0.000831994	0.999756   	0.557841   	0.00301408 	-0.000241543	0.999908   	0.925134   	-0.00402592	0.000614911	0.999852   	0.739819   	0.0159033  	-0.00175697	-0.998263  	0.427254   	-0.00562009	0.000354384	0.999814   	0.649541   	0.00312649 	0.000245935	0.999945   	0.745675   	0.00205984 	-5.25347e-05	0.99997    	0.926784   	-0.00613675	-0.000240047	-0.999803  	0.713255   	10.2832    	2.15068    	0.0745546  	0.0884166  	19.3307    	3.11359    	0.219656   	0.133152   	3.452      	2.20232    	0.0755461  	0.0742121  	16.6733    	2.6576     	0.21177    	0.147176   	19.5186    	2.56125    	0.257075   	0.145968   	71.6272    	5.36715    	2.10627    	0.41887    	126.564    	5.97431    	4.08144    	0.618291   	30.4149    	3.00281    	0.423402   	0.174193   	31.3486    	2.65007    	0.399137   	0.233356   	31.6625    	3.29517    	0.357597   	0.164218   	124.554    	6.31651    	4.01032    	0.261668   	29.7089    	2.94197    	0.439553   	0.201163   	10.6337    	2.25271    	0.111817   	0.0872413  	8.64788    	2.48661    	0.0967574  	0.0825199  	36.0674    	5.18868    	0.675011   	0.342543   	4.74444	7.19033	7.27858	25.7784	27.8025	75.08	148.641	47.1416	47.6069	45.0753	143.649	49.2933	10.443	10.8044	24.1478	5.47135e-07	-1.59168e-05	1          	0.320213   	0.14143    	0.142095   	0.618317   	0.618318   	2.41654	
3.1e-10    	2.2        	-0.000679796	-0.000313039	0.999952   	0.465287   	-7.12077e-05	-0.000625755	-0.999944  	0.45281    	0.000368945	0.000426381	0.999988   	0.920115   	0.000409311	-0.000168462	0.999984   	0.827104   	0.000922958	-0.000397397	0.999968   	0.55174    	-0.00179108	0.000795044	-0.999923  	0.445766   	-7.42474e-05	0.00086178 	-0.99994   	0.536678   	-0.000116003	-0.000365279	0.999964   	0.551014   	0.000124599	-0.000287336	0.999987   	0.918875   	9.47763e-05	0.000280777	0.999975   	0.733118   	-0.00119901	0.000108974	-0.999897  	0.442794   	0.00071802 	-0.000358378	0.999971   	0.643028   	-0.000841238	0.000262694	0.999981   	0.738965   	-9.22329e-05	-0.000238586	0.999986   	0.919807   	0.0010003  	2.99445e-05	-0.999969  	0.72597    	2.18232    	2.53288    	0.0775928  	0.0780481  	2.79651    	2.48303    	0.0981326  	0.0982496  	2.40709    	2.25384    	0.0830876  	0.0828907  	2.83565    	2.13673    	0.0852149  	0.0853759  	2.20213    	2.18329    	0.0870797  	0.0870689  	3.681      	3.16572    	0.133321   	0.132638   	4.27839    	3.64376    	0.162863   	0.162274   	2.57137    	2.44611    	0.087378   	0.0873414  	2.24589    	2.90883    	0.0810128  	0.0810149  	3.17705    	3.03653    	0.102687   	0.102307   	5.02074    	4.193      	0.170764   	0.170483   	2.64859    	2.73913    	0.0881691  	0.0879533  	2.59858    	2.1954     	0.0734643  	0.0734291  	2.58851    	2.79257    	0.0800118  	0.0801097  	3.33277    	3.95996    	0.118606   	0.118756   	4.09536	3.48794	4.90014	5.2341	4.58844	4.58044	5.12734	4.95782	5.3377	5.59748	5.24937	5.33786	4.54895	4.8393	4.14697	1.50817e-05	-5.09047e-06	1          	0.311002   	0.138118   	0.133055   	0.107028   	0.107025   	1.49739	
3.2e-10    	2          	-0.00147153	0.000562535	0.999944   	0.455846   	0.00122671 	-6.72978e-05	-0.999948  	0.461195   	0.000133955	-0.000267511	0.999985   	0.908635   	-0.00154382	0.000707698	0.99998    	0.816118   	0.00113295 	-0.00182861	0.999954   	0.541508   	0.00139953 	0.000842131	-0.999936  	0.455284   	-0.00197411	-0.000157501	-0.999955  	0.546452   	0.00129157 	-0.00124897	0.999944   	0.540787   	0.000418882	0.000832249	0.999981   	0.907851   	5.53491e-05	-0.000771665	0.999967   	0.722125   	0.00121385 	0.000107274	-0.999924  	0.452994   	-0.00105606	0.000763228	0.999963   	0.63271    	-9.28793e-06	-0.000117584	0.999978   	0.729026   	-8.97845e-05	0.000207191	0.999983   	0.908396   	8.72924e-05	-0.000133677	-0.999977  	0.734405   	2.63062    	2.61527    	0.0799753  	0.0801158  	2.4012     	2.63184    	0.0813812  	0.0813108  	2.85625    	2.70581    	0.112549   	0.112436   	2.92477    	2.88882    	0.111266   	0.111236   	2.78141    	3.09021    	0.1124     	0.11266    	3.06147    	2.92712    	0.0946796  	0.0953925  	3.36304    	2.55257    	0.109316   	0.108776   	3.80707    	3.50745    	0.110327   	0.110267   	3.52067    	3.50465    	0.114774   	0.114547   	3.41246    	4.43163    	0.11632    	0.116196   	3.4956     	3.58763    	0.111427   	0.111945   	3.53779    	3.06326    	0.107103   	0.107392   	2.80133    	2.50855    	0.0937273  	0.0935048  	3.38424    	3.18099    	0.111293   	0.11081    	2.94133    	2.89283    	0.0844847  	0.0846171  	4.33724	3.48973	4.63445	5.32401	4.58433	4.51573	4.13299	5.02974	5.38473	5.01366	4.64629	4.71383	4.82029	4.90107	4.08399	-2.12768e-05	-1.65507e-05	1          	0.30084    	0.137736   	0.139457   	0.148773   	0.148771   	1.54908	
3.3e-10    	1.8        	-0.0010267 	0.000759082	0.999914   	0.443126   	-0.00131249	0.000232108	-0.999949  	0.468568   	0.00120071 	-0.000597552	0.999972   	0.890198   	-0.00208543	0.000683609	0.99995    	0.798536   	0.00226547 	-0.00238341	0.999895   	0.526199   	0.000837058	0.00144277 	-0.999935  	0.462703   	0.000242047	8.42849e-05	-0.999959  	0.553694   	0.000542307	-0.000415754	0.999896   	0.525212   	-0.000476845	0.000214842	0.999959   	0.889669   	0.00350008 	-0.00139177	0.999927   	0.704295   	5.89652e-05	6.77897e-05	-0.999928  	0.460798   	-0.00401988	0.00160103 	0.999911   	0.616742   	0.00189456 	-0.000770591	0.999953   	0.714015   	-0.00103713	0.000457298	0.999962   	0.889825   	-0.000490832	0.000208272	-0.999979  	0.740164   	3.76852    	3.96609    	0.122554   	0.121938   	2.47602    	2.59033    	0.0885027  	0.0888779  	4.29081    	5.45       	0.202916   	0.202889   	7.54039    	6.28834    	0.190165   	0.188199   	6.91143    	5.82638    	0.181248   	0.179503   	2.8946     	3.42618    	0.0853481  	0.0850477  	2.96235    	2.89128    	0.0948737  	0.0952399  	6.80177    	6.40066    	0.172082   	0.172738   	7.74574    	7.22482    	0.192573   	0.192278   	5.94827    	9.09365    	0.20671    	0.203843   	2.93229    	4.10601    	0.100771   	0.101047   	6.04121    	7.90745    	0.178521   	0.179007   	4.99101    	5.54766    	0.147841   	0.148115   	5.6881     	8.078      	0.187853   	0.187488   	2.28419    	2.97084    	0.0729258  	0.0728845  	5.22306	5.32268	5.53991	6.43066	5.69877	6.26468	5.90916	5.64508	6.37641	6.19455	6.39795	6.37854	5.83168	5.95276	5.79179	-3.04339e-06	-1.35863e-05	1          	0.28744    	0.138923   	0.141987   	0.307691   	0.307686   	1.63009	
3.4e-10    	1.6        	-0.125729  	-0.115225  	0.982593   	0.428989   	-0.0914541 	-0.0277482 	-0.99464   	0.476962   	0.117768   	0.0754942  	0.988534   	0.852386   	-0.124026  	-0.0814288 	0.987215   	0.765762   	0.158571   	0.11996    	0.977183   	0.50538    	0.0291495  	0.00339088 	-0.999275  	0.467743   	0.0185451  	0.0235398  	-0.99939   	0.557571   	0.170685   	0.0982079  	0.97746    	0.501806   	-0.113582  	-0.0742984 	0.989393   	0.855882   	0.149571   	0.0914432  	0.98194    	0.673032   	-0.0221665 	-0.0435261 	-0.998436  	0.465966   	-0.150033  	-0.0672157 	0.9841     	0.592167   	0.110469   	0.0615806  	0.990457   	0.692391   	-0.11911   	-0.0711438 	0.988537   	0.852653   	0.0311075  	0.0218301  	-0.999134  	0.741909   	91.6272    	140.494    	0.365825   	3.67469    	72.7762    	8.90999    	0.137452   	0.380776   	338.352    	200.476    	5.1736     	2.45196    	302.043    	155.704    	3.51392    	2.72163    	163.671    	166.732    	1.31398    	5.3748     	25.8093    	3.85631    	0.170307   	0.159425   	5.95143    	17.0637    	0.198222   	0.173617   	236.005    	103.708    	1.74131    	5.90581    	262.489    	189.686    	2.92662    	2.67456    	316.352    	211.855    	4.04029    	4.77686    	6.24063    	30.7574    	0.216823   	0.196284   	282.153    	85.5782    	1.50856    	4.63707    	210.728    	121.599    	0.726463   	2.34446    	371.058    	221.071    	5.19452    	2.86309    	22.1335    	14.1861    	0.21063    	0.140672   	31.1268	34.9324	29.6172	44.1534	43.3874	60.5743	72.5529	37.5116	61.5652	47.0073	79.074	58.1733	73.9589	36.0028	84.848	1.27398e-05	3.38327e-05	0.999999   	0.261181   	0.145845   	0.147116   	11.1328    	11.1328    	35.9749	
3.5e-10    	1.4        	-0.378334  	-0.274739  	0.883075   	0.449045   	-0.245133  	-0.0427159 	-0.968408  	0.492907   	0.359587   	0.177108   	0.915692   	0.831601   	-0.359199  	-0.179052  	0.915463   	0.756431   	0.416853   	0.262907   	0.869205   	0.520074   	0.108323   	-0.00192032	-0.994024  	0.473731   	0.0369876  	0.0649969  	-0.997111  	0.561508   	0.461159   	0.218858   	0.85917    	0.518825   	-0.310927  	-0.180256  	0.932767   	0.842727   	0.400065   	0.227074   	0.887303   	0.673579   	-0.0436306 	-0.126518  	-0.990817  	0.473815   	-0.408836  	-0.149388  	0.899887   	0.601512   	0.3181     	0.151158   	0.935615   	0.695119   	-0.353803  	-0.178015  	0.917786   	0.834455   	0.0920821  	0.0525903  	-0.994298  	0.742217   	72.2499    	9.32459    	0.331079   	9.85546    	9.42291    	5.93266    	0.211934   	0.418218   	119.68     	18.478     	3.55934    	8.25641    	97.6626    	20.4604    	1.67055    	8.76577    	88.567     	20.8807    	0.905543   	11.1359    	5.03099    	4.26269    	0.15564    	0.186988   	7.99945    	4.8632     	0.168718   	0.189486   	76.9902    	13.0898    	0.988486   	13.6194    	114.051    	19.3908    	1.73842    	7.73458    	107.658    	14.8419    	2.16669    	12.2707    	12.43      	6.81777    	0.186022   	0.261582   	59.6242    	8.27035    	0.906542   	7.60432    	60.4878    	9.06319    	0.489739   	4.83921    	115.88     	16.9257    	3.46585    	7.65639    	10.5161    	5.57295    	0.22421    	0.173924   	21.7624	21.7951	20.1386	20.6942	14.588	16.042	21.4853	14.6818	31.3017	18.4823	16.9727	21.7369	38.3238	19.8828	36.9577	-1.75631e-05	1.07597e-05	0.999999   	0.224894   	0.148527   	0.147676   	4.7295     	4.7295     	14.7222	
3.6e-10    	1.2        	-0.542815  	-0.303178  	0.782964   	0.479803   	-0.321076  	-0.0498972 	-0.945634  	0.506705   	0.523912   	0.210072   	0.825276   	0.8297     	-0.514774  	-0.211074  	0.830763   	0.76388    	0.58811    	0.286824   	0.756011   	0.547652   	0.139485   	0.00897699 	-0.990091  	0.478546   	0.0548878  	0.0735493  	-0.99573   	0.564862   	0.632451   	0.245244   	0.73448    	0.552378   	-0.4541    	-0.211757  	0.865296   	0.843813   	0.569543   	0.257039   	0.780529   	0.691945   	-0.0836894 	-0.142762  	-0.986107  	0.48026    	-0.561228  	-0.17016   	0.809792   	0.623101   	0.447172   	0.169539   	0.878126   	0.706309   	-0.51387   	-0.208581  	0.831971   	0.834106   	0.13988    	0.0660634  	-0.987922  	0.743847   	19.2859    	11.1763    	0.507905   	9.59174    	5.93518    	5.98632    	0.323433   	0.585723   	34.4208    	23.5821    	2.87943    	12.3571    	23.9833    	21.5815    	1.51687    	8.30584    	18.5012    	11.3578    	0.750371   	9.56042    	4.02283    	5.66389    	0.241304   	0.254261   	4.21608    	3.18937    	0.211423   	0.262319   	22.06      	15.8074    	0.977223   	10.8952    	25.6064    	16.876     	1.31435    	8.46157    	29.3815    	15.9735    	1.58383    	11.0288    	6.85309    	4.30636    	0.264477   	0.335843   	17.4561    	15.8246    	0.793729   	6.91109    	16.5574    	9.22489    	0.551969   	4.73379    	34.7176    	13.2005    	2.08403    	9.05588    	6.33197    	3.76497    	0.253122   	0.219951   	17.633	13.7936	16.9162	16.4365	13.4195	13.5841	14.5482	14.6251	20.1492	14.8768	12.3877	15.8796	20.5033	16.6699	19.2977	-6.54286e-05	6.83323e-05	0.999999   	0.19196    	0.141518   	0.140698   	1.61952    	1.61956    	3.51758	
3.7e-10    	1          	-0.615977  	-0.337429  	0.711637   	0.503363   	-0.376289  	-0.070096  	-0.923764  	0.518487   	0.629465   	0.25564    	0.733631   	0.824673   	-0.608951  	-0.255022  	0.750954   	0.767067   	0.672727   	0.327651   	0.663153   	0.569791   	0.16339    	0.0183412  	-0.986305  	0.481656   	0.0597066  	0.0868758  	-0.994361  	0.567687   	0.715659   	0.283756   	0.638038   	0.576698   	-0.536562  	-0.256073  	0.803987   	0.838616   	0.665055   	0.297969   	0.684642   	0.701505   	-0.109919  	-0.155567  	-0.981541  	0.484743   	-0.641454  	-0.204542  	0.739238   	0.63665    	0.518697   	0.192422   	0.832918   	0.713132   	-0.61563   	-0.249015  	0.747543   	0.828214   	0.173936   	0.0846438  	-0.981081  	0.744381   	12.2685    	8.36905    	0.62853    	4.57069    	3.64017    	5.93401    	0.428177   	0.523057   	19.7565    	14.8517    	2.883      	5.0053     	20.1       	12.2826    	1.65781    	5.4494     	18.4097    	11.4097    	1.20608    	7.72012    	2.33809    	6.77289    	0.264765   	0.336702   	3.89392    	6.10052    	0.271308   	0.370337   	12.6611    	8.49356    	1.17903    	5.32562    	14.7856    	10.6891    	1.7919     	5.85713    	14.8209    	9.53325    	2.63885    	6.35243    	7.86216    	8.25457    	0.338488   	0.594723   	13.6123    	9.83509    	1.60879    	3.99468    	10.3263    	11.1965    	0.789621   	1.88468    	17.8936    	12.1013    	2.61507    	5.51992    	3.99818    	3.90068    	0.360329   	0.347876   	15.6301	12.461	17.9083	16.898	14.3706	12.1167	13.4306	13.3414	17.9963	19.8573	12.0021	20.6942	18.6828	18.1719	14.8496	-5.82863e-05	5.16235e-05	0.999998   	0.159901   	0.142513   	0.151299   	1.13056    	1.13054    	2.31905	
3.8e-10    	0.8        	-0.659086  	-0.352303  	0.664321   	0.520186   	-0.416514  	-0.0879897 	-0.904785  	0.525911   	0.712173   	0.28994    	0.639238   	0.810996   	-0.682297  	-0.278696  	0.675764   	0.763116   	0.734593   	0.343467   	0.584985   	0.584575   	0.177869   	0.0239878  	-0.983682  	0.48176    	0.0575576  	0.095433   	-0.993706  	0.568801   	0.776831   	0.298785   	0.554089   	0.596795   	-0.603603  	-0.283148  	0.745219   	0.828714   	0.735231   	0.325911   	0.594168   	0.707295   	-0.132923  	-0.169585  	-0.976413  	0.488361   	-0.698969  	-0.22372   	0.679131   	0.643473   	0.566517   	0.203078   	0.798564   	0.714052   	-0.694164  	-0.284582  	0.661054   	0.816935   	0.202706   	0.108129   	-0.97321   	0.743039   	6.58666    	5.44603    	0.823103   	2.49736    	3.6176     	5.45759    	0.57925    	0.867503   	7.27033    	12.1424    	3.63195    	5.1445     	6.34244    	13.008     	2.69237    	2.90208    	6.26498    	12.0034    	1.77183    	4.60626    	4.00558    	4.45741    	0.34852    	0.404086   	4.72483    	4.98262    	0.392342   	0.506992   	7.34927    	15.06      	1.84024    	4.042      	6.99615    	15.3584    	2.3844     	2.75736    	6.72158    	15.5098    	2.42165    	3.71677    	5.494      	5.20611    	0.455992   	0.678052   	6.57466    	11.4785    	1.29208    	2.88866    	5.00299    	9.07178    	1.08178    	1.88502    	8.12379    	16.2709    	3.33852    	3.70941    	4.64705    	5.34067    	0.524076   	0.323694   	15.7969	12.6435	17.082	18.924	15.7881	12.1848	12.4861	15.328	17.6767	16.5879	12.3971	15.5508	18.2825	17.738	13.8766	-0.000194583	-9.60278e-05	0.999997   	0.128159   	0.149088   	0.143773   	0.896725   	0.896722   	1.94206	
3.9e-10    	0.6        	-0.684444  	-0.344696  	0.642253   	0.529822   	-0.451541  	-0.104449  	-0.885998  	0.528159   	0.786483   	0.310566   	0.533626   	0.786026   	-0.741191  	-0.292082  	0.604237   	0.75115    	0.780741   	0.354519   	0.51426    	0.590617   	0.188268   	0.0201138  	-0.98178   	0.477826   	0.0553065  	0.101128   	-0.993241  	0.568755   	0.819003   	0.298214   	0.489912   	0.604628   	-0.658308  	-0.297454  	0.691334   	0.80643    	0.791096   	0.336808   	0.510364   	0.701785   	-0.157065  	-0.174403  	-0.971945  	0.489502   	-0.739904  	-0.230933  	0.631614   	0.638697   	0.593969   	0.201265   	0.778807   	0.705831   	-0.75986   	-0.304591  	0.574162   	0.793331   	0.230627   	0.124733   	-0.964969  	0.739353   	6.04643    	8.94014    	1.86389    	1.86373    	6.40602    	6.83011    	1.42186    	1.1963     	12.2496    	16.9945    	7.98955    	3.41493    	6.56176    	20.0104    	6.64456    	4.31859    	9.3723     	13.4869    	4.45687    	3.45095    	6.33774    	7.36086    	0.742365   	0.846858   	6.54327    	7.56419    	0.483827   	0.677371   	5.32582    	17.9809    	3.53673    	2.58247    	6.01284    	22.8964    	4.58007    	2.35196    	6.02499    	20.0457    	5.70121    	2.68335    	6.98949    	6.13858    	0.697648   	0.739695   	7.07741    	17.9506    	3.67752    	2.88654    	10.4024    	8.13724    	1.74233    	2.72852    	9.741      	15.0936    	4.66412    	4.15541    	5.31688    	5.42242    	0.783897   	0.527589   	16.8933	12.1186	20.9218	25.4783	20.9706	12.6808	12.4275	17.495	21.1021	23.1295	12.2769	19.9886	19.3692	16.419	13.2904	-0.000108296	2.03528e-05	0.999995   	0.0964399  	0.146379   	0.145387   	0.783192   	0.783197   	1.82338	
4e-10      	0.4        	-0.686447  	-0.323677  	0.649876   	0.570554   	-0.498841  	-0.140175  	-0.854582  	0.525025   	0.868807   	0.342876   	0.351407   	0.773417   	-0.80427   	-0.27925   	0.52372    	0.76078    	0.868138   	0.358049   	0.331712   	0.573114   	0.267105   	0.0105573  	-0.961667  	0.411131   	0.0252145  	0.0937411  	-0.995086  	0.589875   	0.858518   	0.288919   	0.422823   	0.629476   	-0.70158   	-0.298097  	0.646859   	0.796976   	0.8489     	0.360202   	0.383782   	0.699124   	-0.214175  	-0.187017  	-0.957477  	0.473734   	-0.766119  	-0.253567  	0.590336   	0.634871   	0.633955   	0.227588   	0.738186   	0.665788   	-0.811601  	-0.349619  	0.467531   	0.790824   	0.291219   	0.169667   	-0.940966  	0.704956   	110.365    	20.817     	269.503    	270.853    	23.8332    	37.5882    	21.6565    	6.96493    	203.033    	38.8441    	420.516    	99.3204    	133.155    	85.2167    	39.536     	140.169    	95.4004    	61.6019    	512.038    	59.7417    	33.9374    	65.7596    	347.688    	305.029    	16.0376    	11.2117    	35.6967    	32.668     	68.1714    	28.6561    	11.7455    	45.2239    	48.1211    	43.9375    	56.2665    	74.9117    	58.9906    	35.7184    	182.555    	16.2575    	51.012     	48.1153    	179.725    	159.459    	7.32071    	15.8864    	11.9684    	10.239     	14.2459    	41.063     	123.585    	35.8138    	120.02     	41.3315    	34.98      	126.508    	64.0428    	13.5781    	96.7682    	61.0494    	164.299	69.6708	117.914	97.7044	143.741	93.8611	74.1881	35.8059	167.46	32.1812	110.303	72.1479	69.2422	79.0953	60.3792	0.000717826	0.000785991	0.999989   	0.0645817  	0.154877   	0.146333   	0.750466   	0.750463   	7.309	
4.1e-10    	0.2        	-0.527059  	-0.233636  	0.812014   	0.595996   	-0.671893  	-0.240429  	-0.689656  	0.451486   	0.915045   	0.364567   	-0.114827  	0.688496   	-0.794367  	-0.310831  	0.51815    	0.737608   	0.890308   	0.394393   	-0.16223   	0.48944    	0.55643    	0.134123   	-0.798306  	0.260313   	-0.0959578 	0.00801596 	-0.992242  	0.562699   	0.910721   	0.358509   	0.178147   	0.608131   	-0.648557  	-0.283689  	0.703508   	0.774384   	0.910908   	0.385176   	0.100047   	0.622791   	-0.149084  	-0.146326  	-0.970263  	0.331457   	-0.784498  	-0.295379  	0.542891   	0.650173   	0.725003   	0.267314   	0.628836   	0.602124   	-0.783834  	-0.316855  	0.52548    	0.774326   	0.224367   	0.119182   	-0.964947  	0.711131   	614.223    	21.6367    	71.9831    	38.8734    	48.3832    	111.747    	883.065    	317.698    	495.444    	118.927    	1427.4     	211.754    	167.036    	133.289    	197.077    	10.8629    	634.455    	37.6661    	1011.3     	285.049    	231.373    	76.04      	370.317    	108.989    	321.745    	53.8803    	436.375    	375.738    	94.8903    	158.857    	763.51     	124.953    	495.473    	72.1697    	49.0143    	70.847     	491.468    	163.036    	782.52     	362.424    	290.346    	71.9608    	434.233    	438.864    	141.307    	54.9416    	94.9964    	40.2267    	39.5231    	76.8091    	836.289    	327.739    	584.072    	94.8531    	600.49     	29.2626    	509.162    	33.9282    	31.9222    	79.3987    	36.0448	67.5631	170.066	289.444	26.0437	96.3172	19.8998	79.3918	261.154	62.6047	22.2568	104.872	320.57	1012.84	177.402	0.00410494 	0.00294396 	0.999944   	0.0323719  	0.166966   	0.149593   	0.804711   	0.804802   	70.4221	
4.2e-10    	-0         	-0.168263  	-0.190902  	0.955836   	0.643428   	-0.924825  	-0.151342  	-0.302924  	0.334117   	0.595738   	0.248763   	-0.720275  	0.695399   	-0.606041  	-0.217902  	0.752263   	0.661535   	0.353837   	0.259297   	-0.833722  	0.644165   	0.741858   	-0.0257091 	0.17481    	0.272202   	-0.39238   	0.0742015  	-0.913034  	0.408419   	0.785622   	0.24812    	-0.514028  	0.536102   	-0.371232  	-0.225275  	0.885271   	0.725327   	0.507461   	0.281153   	-0.733962  	0.670878   	0.230984   	-0.261647  	0.47651    	0.378001   	-0.821117  	-0.220173  	0.515673   	0.483053   	0.932696   	0.225698   	-0.0390097 	0.389073   	-0.514052  	-0.243899  	0.797078   	0.730551   	0.0118834  	0.149906   	-0.985009  	0.601168   	943.589    	491.895    	1028.82    	472.079    	399.952    	247.35     	1076.75    	916.158    	1963.5     	1308.43    	3844.44    	50.5332    	977.788    	957.053    	347.521    	299.866    	1768.15    	904.844    	9153.55    	2887.3     	383.731    	72.4003    	6914.09    	443.142    	82.4476    	103.399    	432.68     	347.815    	945.602    	731.603    	2377.58    	147.348    	1136.93    	1020.95    	1691.46    	438.34     	1290.78    	1255.8     	11815.9    	2576.89    	99.2027    	279.826    	18020      	4437.61    	771.251    	442.452    	981.772    	1609.3     	644.37     	410.572    	2856.06    	1053.21    	1539.88    	1252.1     	2303.26    	87.9062    	298.754    	292.453    	209.014    	196.456    	108.332	785.147	1902.3	444.83	921.869	473.442	237.364	233.431	925.026	1394.66	188.871	137.492	265.429	1592.35	106.821	0.194262   	-0.00574178	-0.0429952 	0.000492659	0.220064   	0.176961   	1.14044    	0.754683   	1187.01	
