#----------------------------------------------------------------------------------------------------------------------------------------------------------
# Output file for vampire simulation
#   time       : 2025-05-29 14:05:49     process id : 3439169
#   hostname   : thor3.psi.ch
#   path       : /scratch/dossan_f/Na2BaMn(PO4)2/vampire_tripleUC_15mat_J2Ja_small_k0.035_Jnn0.11_Bc_highstatistics
#   version    : 6.0.0
#   githash    : 4c9651daecc86c3e6b6df0c8055fcd9e89fd900c
#----------------------------------------------------------------------------------------------------------------------------------------------------------
2e-11      	8          	0.00159483 	0.000236822	0.997797   	0.990586   	0.000160147	0.00113314 	0.999889   	0.993693   	-0.00149625	-0.00270102	0.9976     	0.990739   	0.000263191	0.00231061 	0.999626   	0.993061   	0.000746417	-0.000804872	0.999912   	0.992241   	-0.00214643	-0.00372474	0.995148   	0.99032    	0.000307742	0.000495398	0.999964   	0.993478   	-0.00205966	-0.00311308	0.996126   	0.990363   	0.00124129 	0.00201102 	0.999153   	0.991328   	-0.000386326	-0.00212178	0.999182   	0.991393   	0.000247744	-0.00187826	0.996407   	0.990221   	0.000210924	0.00162757 	0.999774   	0.993499   	-0.00328659	-0.00394687	0.994962   	0.990598   	0.000540344	0.00305055 	0.999354   	0.992433   	0.000922722	-0.00021591	0.999945   	0.992993   	71.2516    	2.60336    	5207.87    	4286.18    	14.0814    	180.87     	398.855    	332.003    	59.028     	202.596    	5517.81    	3657.16    	13.4581    	533.981    	998.422    	742.212    	46.4885    	37.901     	1764.29    	1708.4     	117.013    	368.731    	8973.49    	4012.19    	14.6395    	37.4158    	501.808    	476.871    	109.07     	270.537    	7715.67    	4042.91    	57.8678    	128.86     	3346.62    	2898.8     	6.73233    	135.975    	3312.91    	2848.69    	17.7652    	45.1943    	7198.59    	4665.5     	18.4385    	367.729    	569.373    	427.418    	385.403    	556.376    	9119.7     	3431.34    	16.4       	651.142    	1846.89    	1371.77    	90.6348    	6.55508    	902.47     	872.466    	1.06182e+07	429250	1.15492e+07	221579	1.32396e+06	2.32765e+07	297632	1.88111e+07	5.02924e+06	4.9456e+06	1.71598e+07	170232	2.36531e+07	1.42198e+06	239982	-3.70524e-05	-1.8413e-07	1          	0.991249   	0.818493   	0.124188   	46572.6    	46571.8    	6.44288e+07	
3e-11      	7.8        	2.45413e-05	-5.92473e-05	1          	0.994246   	1.67032e-05	8.49759e-06	1          	0.994246   	-3.07082e-05	4.59459e-05	1          	0.994245   	-4.83666e-05	9.76607e-06	1          	0.994248   	2.79537e-05	2.30836e-06	1          	0.994245   	1.94085e-05	-1.32809e-05	1          	0.994249   	-1.12231e-05	6.67173e-07	1          	0.994248   	-1.50903e-05	-4.32601e-06	1          	0.994246   	6.0272e-06 	1.14243e-05	1          	0.994246   	-3.21142e-05	-1.71025e-05	1          	0.994246   	2.78704e-05	-9.39515e-06	1          	0.994246   	4.84758e-06	2.6515e-05 	1          	0.994247   	-7.89439e-06	2.06823e-05	1          	0.994245   	6.00357e-05	-2.27458e-05	1          	0.994245   	-5.20188e-05	1.41562e-05	1          	0.994247   	0.572757   	0.590001   	0.00232864 	0.00232944 	0.634412   	0.616569   	0.00251984 	0.00251993 	0.656787   	0.619265   	0.00229849 	0.00229976 	0.631863   	0.639989   	0.00236159 	0.00236275 	0.61856    	0.591998   	0.00239908 	0.00240038 	0.581394   	0.578419   	0.00234426 	0.00234483 	0.618533   	0.621956   	0.0023028  	0.00230299 	0.58401    	0.573899   	0.00240016 	0.00240032 	0.606334   	0.641419   	0.0024882  	0.00248984 	0.604507   	0.650778   	0.00234657 	0.00234607 	0.577625   	0.661711   	0.00246338 	0.00246398 	0.635808   	0.635699   	0.00239516 	0.00239553 	0.614744   	0.627328   	0.00236589 	0.00236643 	0.652383   	0.620283   	0.00246877 	0.00246765 	0.617081   	0.647982   	0.00242702 	0.00242637 	5.92312	6.17803	5.90899	6.05859	6.04282	5.9813	5.95691	6.08412	6.40922	5.97242	6.27914	5.94042	6.12125	6.28797	6.19243	-6.68605e-07	9.24313e-07	1          	0.994246   	0.126079   	0.126924   	0.00428455 	0.00428481 	2.18182	
4e-11      	7.6        	-8.85381e-07	-3.91173e-05	1          	0.993636   	-2.63292e-05	2.94319e-05	1          	0.993636   	-3.05494e-06	1.48696e-05	1          	0.993632   	6.10615e-05	-2.27068e-05	0.999999   	0.993637   	-2.13532e-05	1.6861e-05 	1          	0.993637   	-5.6717e-05	-5.1511e-06	1          	0.993638   	-4.7978e-05	9.62923e-05	1          	0.993637   	-2.54312e-05	-7.97271e-05	1          	0.993637   	8.00902e-05	-1.84992e-05	1          	0.993635   	-3.48321e-06	1.48388e-05	1          	0.993637   	-4.48044e-05	-5.72284e-05	1          	0.993637   	3.91013e-05	5.14141e-05	1          	0.993637   	-3.8641e-05	-9.4183e-06	1          	0.993638   	2.42722e-05	-3.78675e-05	1          	0.993636   	1.58921e-05	3.10526e-05	1          	0.993636   	0.682257   	0.696459   	0.00301529 	0.00301495 	0.71849    	0.732107   	0.00302583 	0.00302897 	0.715393   	0.772081   	0.0030113  	0.00301245 	0.811926   	0.774098   	0.00294391 	0.00294453 	0.764742   	0.719665   	0.00310645 	0.00310298 	0.74191    	0.722853   	0.00290653 	0.00290627 	0.675054   	0.732444   	0.00302021 	0.00301972 	0.653345   	0.810964   	0.0029868  	0.00299011 	0.741568   	0.774518   	0.00282469 	0.00282104 	0.681031   	0.689578   	0.00293012 	0.00293172 	0.788914   	0.663799   	0.00298965 	0.00298992 	0.768019   	0.766715   	0.00284774 	0.00284676 	0.831112   	0.719958   	0.00307097 	0.00306987 	0.792047   	0.68149    	0.0030213  	0.00301951 	0.770145   	0.704305   	0.00300226 	0.00300205 	6.95381	6.95147	6.75413	6.67628	6.95222	6.58358	6.96792	6.9733	6.60327	6.73165	6.76484	6.47317	7.0834	6.59702	6.95518	-3.21733e-06	-9.96682e-07	1          	0.993636   	0.122973   	0.125382   	0.00600299 	0.00600273 	2.21987	
5e-11      	7.4        	3.24032e-06	9.47697e-06	0.999999   	0.99285    	-4.26949e-05	0.000106392	0.999999   	0.992853   	4.92533e-05	-0.000105615	0.999999   	0.992852   	-5.26753e-05	5.86203e-05	0.999999   	0.992852   	8.69998e-05	-3.53129e-05	0.999999   	0.992853   	-3.46056e-05	-2.91968e-05	0.999999   	0.992855   	-8.94419e-06	-2.96673e-05	0.999999   	0.992857   	4.45367e-05	1.83854e-05	0.999999   	0.992856   	-1.4864e-05	6.17362e-06	0.999999   	0.992857   	3.77358e-05	4.59593e-06	0.999999   	0.992852   	4.69699e-05	-7.33989e-06	0.999999   	0.992857   	-9.63718e-05	8.22275e-06	0.999999   	0.992852   	5.01515e-06	-3.31014e-05	0.999999   	0.992855   	-3.40561e-05	3.45191e-05	0.999999   	0.992854   	4.16068e-05	7.54727e-06	0.999999   	0.992854   	0.970869   	0.934462   	0.00399911 	0.0040003  	0.903084   	0.92897    	0.00400746 	0.00400492 	0.949889   	0.90968    	0.00404231 	0.00404358 	0.996952   	0.908788   	0.00405519 	0.00405231 	0.93432    	0.90048    	0.00386852 	0.00386443 	0.95854    	0.798636   	0.00390625 	0.00390549 	0.970768   	0.863933   	0.00385434 	0.00385689 	0.824363   	0.879417   	0.00405398 	0.00405128 	0.889582   	0.839547   	0.00370778 	0.00370588 	0.962276   	0.933166   	0.00401021 	0.0040102  	0.852998   	0.878368   	0.00403151 	0.00403173 	0.89636    	0.956845   	0.0038733  	0.00387374 	0.948831   	0.970811   	0.00394877 	0.00394569 	0.957184   	0.980994   	0.00389913 	0.00389608 	0.902664   	0.979238   	0.00398837 	0.00398564 	7.97552	7.78971	7.68179	7.94216	7.88291	7.84303	7.69471	7.75651	7.48136	7.78816	7.76288	7.6707	7.66768	7.51958	7.74296	2.07642e-06	9.13381e-07	1          	0.992853   	0.134225   	0.133011   	0.00909981 	0.00909967 	2.50109	
6e-11      	7.2        	4.89025e-05	-7.54229e-05	0.999999   	0.991799   	-5.71506e-05	-5.13203e-05	0.999999   	0.991797   	1.30874e-05	0.000125361	0.999999   	0.991797   	1.39039e-05	8.96618e-05	0.999999   	0.991798   	2.80035e-05	2.70706e-06	0.999999   	0.991801   	-2.93845e-05	-9.39288e-05	0.999999   	0.991798   	-0.000101326	5.93019e-05	0.999999   	0.991792   	7.49381e-05	-0.00011353	0.999999   	0.991796   	2.59255e-05	4.77664e-05	0.999999   	0.991798   	-6.53813e-05	-0.000150719	0.999999   	0.991797   	-5.53377e-05	3.10759e-05	0.999999   	0.991798   	0.000112801	0.000118324	0.999999   	0.9918     	0.0001342  	4.81404e-05	0.999999   	0.991796   	-3.11947e-05	5.42762e-05	0.999999   	0.991801   	-0.000104015	-0.000109846	0.999999   	0.991794   	1.21966    	1.20151    	0.00537549 	0.00537531 	1.44965    	1.18488    	0.00539055 	0.00538809 	1.32242    	1.11669    	0.00567306 	0.0056704  	1.2008     	1.30116    	0.00544563 	0.00544627 	1.16271    	1.25804    	0.00523885 	0.00524509 	1.26681    	1.19465    	0.00553082 	0.00553711 	1.24675    	1.29955    	0.00609928 	0.00611201 	1.07904    	1.06847    	0.00566428 	0.00566178 	1.14144    	1.10232    	0.00561903 	0.00562301 	1.31769    	1.36154    	0.00591161 	0.00590421 	1.31199    	1.31344    	0.00548694 	0.0054835  	1.20884    	1.36764    	0.00549696 	0.00549811 	1.21314    	1.2425     	0.00541055 	0.0054119  	1.31764    	1.08595    	0.00562391 	0.00562586 	1.18762    	1.11841    	0.00561638 	0.00561488 	9.16224	8.71437	9.1836	9.3201	9.18816	9.25743	9.92646	9.71596	9.62348	9.60929	9.27169	8.93281	9.2798	9.05257	9.20601	5.31807e-07	-1.21023e-06	1          	0.991797   	0.133418   	0.132303   	0.0153288  	0.0153291  	2.8177	
7e-11      	7          	-8.4108e-05	-0.000112136	0.999999   	0.990262   	5.56055e-05	0.000141292	0.999999   	0.990263   	1.48367e-05	-3.47707e-05	0.999999   	0.99026    	-0.000102246	-2.27631e-05	0.999999   	0.990261   	0.000173687	9.86139e-05	0.999999   	0.990261   	-6.21859e-05	-6.14471e-05	0.999999   	0.990261   	0.000120681	-5.14241e-06	0.999999   	0.990264   	-1.12944e-05	5.48617e-05	0.999999   	0.99026    	-0.00012082	-6.01775e-05	0.999999   	0.990261   	3.28773e-05	-2.62751e-06	0.999999   	0.990259   	-0.000160943	7.21849e-05	0.999999   	0.990264   	0.00014008 	-6.1323e-05	0.999999   	0.990263   	1.04573e-05	-7.08721e-05	0.999999   	0.990263   	-7.34004e-05	-2.12772e-05	0.999999   	0.990257   	4.79975e-05	9.2243e-05 	0.999999   	0.990258   	1.71912    	1.85899    	0.00920345 	0.00919463 	1.711      	1.64699    	0.00861142 	0.00861049 	1.84556    	1.86506    	0.00879243 	0.0087836  	1.59826    	1.62478    	0.00902081 	0.00901498 	1.65794    	1.58095    	0.00900465 	0.00900697 	1.52316    	1.68384    	0.00894755 	0.00894542 	1.74933    	1.76188    	0.00859518 	0.00859203 	1.96324    	2.00148    	0.00961082 	0.00960112 	1.78833    	1.68003    	0.0091041  	0.00909218 	1.84158    	1.75323    	0.0087234  	0.0087298  	1.73329    	1.86054    	0.00920255 	0.00919034 	1.76271    	1.854      	0.00931525 	0.00929334 	2.05262    	1.94275    	0.00963284 	0.00962768 	1.9473     	2.1605     	0.00899929 	0.00899628 	2.07287    	1.67678    	0.0088034  	0.00880395 	11.9672	10.5629	11.1857	11.7518	11.8451	11.3943	11.5321	12.0629	11.2663	11.3514	12.0285	11.7211	12.1653	11.6434	11.2414	-1.25162e-06	4.44641e-07	1          	0.99026    	0.140446   	0.1342     	0.0324008  	0.0324011  	3.16582	
8e-11      	6.8        	0.000133435	-2.59816e-05	0.999998   	0.987671   	-0.000151234	4.38577e-05	0.999998   	0.987673   	2.03521e-05	3.30825e-06	0.999998   	0.987674   	0.000119454	-0.000200747	0.999998   	0.987671   	-0.000209992	-6.14148e-05	0.999998   	0.987671   	9.57025e-05	0.000275868	0.999998   	0.987669   	-8.64937e-05	-0.000278266	0.999998   	0.987668   	-6.4899e-05	0.000369655	0.999997   	0.987678   	0.000135655	-8.42086e-05	0.999998   	0.987673   	4.94831e-05	0.000222878	0.999998   	0.987672   	-0.000294627	-0.000184662	0.999998   	0.987673   	0.000231311	-3.92448e-05	0.999998   	0.987669   	-0.000270957	2.08636e-05	0.999998   	0.987677   	-8.5541e-05	-9.0884e-05	0.999997   	0.987678   	0.000353467	6.10071e-05	0.999998   	0.98767    	3.1575     	2.88384    	0.0184353  	0.0184254  	3.84215    	3.2124     	0.0204454  	0.0204125  	3.80121    	3.03398    	0.0183004  	0.0182591  	2.92385    	3.28414    	0.0196305  	0.0196492  	3.2301     	4.10751    	0.0188747  	0.0189193  	3.66705    	3.92238    	0.0202265  	0.0201968  	3.51917    	3.89214    	0.0197593  	0.0198196  	3.25948    	4.70943    	0.0213174  	0.0213154  	3.70628    	3.62871    	0.0203716  	0.0203485  	3.59053    	3.50634    	0.020616   	0.0205976  	3.16197    	3.9525     	0.020107   	0.0200701  	3.14951    	3.73909    	0.0215912  	0.021646   	3.15358    	4.39064    	0.0206858  	0.0206507  	3.99505    	3.9203     	0.0192508  	0.0192673  	3.79267    	3.78508    	0.0186488  	0.018636   	16.5571	17.31	17.7613	17.6111	17.2658	17.7591	16.7213	17.7491	17.1918	17.4606	18.0079	17.788	17.2761	17.0052	17.4036	-1.65998e-06	2.13669e-06	1          	0.98767    	0.137805   	0.140951   	0.106926   	0.106926   	3.84794	
9e-11      	6.6        	0.0314664  	0.0186223  	0.999205   	0.97862    	-0.00357233	-0.0352664 	0.999224   	0.978186   	-0.0279035 	0.0166561  	0.999315   	0.978261   	0.0235826  	-0.0238076 	0.999287   	0.978121   	-0.0330547 	-0.0116574 	0.999265   	0.978623   	0.0094899  	0.0354643  	0.999183   	0.978295   	-0.0166034 	-0.0323987 	0.999199   	0.978414   	-0.0177122 	0.0291854  	0.999261   	0.978033   	0.0343023  	0.0032186  	0.999298   	0.978537   	-0.0336737 	0.00335484 	0.999311   	0.97836    	0.0231946  	0.0289995  	0.99919    	0.978551   	0.0104933  	-0.0323734 	0.999263   	0.978028   	-0.00287128	0.0344505  	0.999251   	0.978112   	0.0312229  	-0.00992488	0.999333   	0.978294   	-0.0283213 	-0.0245248 	0.999177   	0.978574   	328.164    	61.3821    	1.67155    	1.01356    	19.9157    	435.166    	2.42941    	1.31397    	287.516    	196.181    	2.16658    	1.41741    	178.414    	288.073    	2.52617    	1.56372    	352.33     	20.3436    	1.55271    	1.03425    	51.6114    	388.996    	2.37315    	1.22343    	87.2705    	337.962    	2.03709    	1.00369    	113.911    	365.925    	2.63523    	1.61241    	323.473    	12.061     	1.49148    	1.0597     	313.102    	46.4102    	1.75419    	1.27476    	133.998    	234.972    	1.88374    	0.946708   	52.4949    	433.93     	2.44882    	1.391      	18.6642    	448.385    	2.40532    	1.37385    	293.576    	108.83     	1.76828    	1.21294    	233.355    	138.411    	1.84297    	0.943009   	171.956	183.071	170.204	149.633	214.015	173.9	179.508	140.696	197.571	233.857	146.071	124.708	117.968	214.67	160.642	2.76594e-06	1.11725e-07	1          	0.977601   	0.147467   	0.143612   	28.5794    	28.5794    	57.8516	
1e-10      	6.4        	0.156195   	0.0577891  	0.985817   	0.95936    	-0.0245394 	-0.147494  	0.988558   	0.961165   	-0.132291  	0.090534   	0.986966   	0.954189   	0.10703    	-0.113155  	0.987689   	0.954845   	-0.165379  	-0.0283495 	0.985631   	0.957783   	0.0583707  	0.140481   	0.988146   	0.961953   	-0.089253  	-0.127534  	0.987584   	0.962285   	-0.077528  	0.130386   	0.98831    	0.95606    	0.167425   	-0.00200282	0.985714   	0.956145   	-0.162754  	0.033497   	0.985953   	0.954689   	0.116706   	0.10826    	0.987004   	0.961779   	0.0449522  	-0.142057  	0.988692   	0.95791    	-0.00980082	0.147495   	0.988842   	0.959664   	0.151069   	-0.0633723 	0.98637    	0.954114   	-0.140186  	-0.0844222 	0.986288   	0.960781   	593.353    	43.744     	6.7959     	6.33426    	272.827    	331.933    	5.63861    	20.5668    	95.0891    	198.557    	5.73907    	3.76256    	40.0151    	270.8      	4.66629    	5.40085    	529.539    	24.0104    	8.19787    	4.05607    	380.312    	269.806    	5.04213    	21.5518    	488.284    	195.267    	3.93715    	20.261     	28.9807    	317.636    	4.39993    	8.43879    	442.788    	41.7548    	10.7624    	3.42937    	334.587    	80.4928    	10.8593    	3.85527    	583.635    	147.183    	3.15084    	15.3928    	68.1768    	365.37     	5.16397    	13.3544    	152.342    	366.4      	5.89764    	18.1889    	203.603    	139.059    	8.672      	3.25301    	606.851    	80.364     	4.54014    	10.4105    	1973.14	4666.06	785.803	379.601	3420.96	3786.63	2499.76	1147.01	5335.1	4486.49	797.485	3072.97	4839.47	2720.38	582.475	1.50845e-06	9.75703e-07	1          	0.945885   	0.146638   	0.148053   	55.2538    	55.2538    	202.692	
1.1e-10    	6.2        	0.251901   	0.0920661  	0.96334    	0.947795   	-0.0756269 	-0.232409  	0.969614   	0.952145   	-0.178331  	0.143484   	0.973397   	0.934733   	0.133797   	-0.178685  	0.974705   	0.93631    	-0.259637  	-0.045672  	0.964599   	0.943761   	0.125402   	0.220354   	0.967273   	0.954416   	-0.168814  	-0.200189  	0.965064   	0.955125   	-0.0841924 	0.206825   	0.974689   	0.939818   	0.255842   	-0.00328197	0.96668    	0.939683   	-0.240255  	0.0528945  	0.969227   	0.936636   	0.205278   	0.171247   	0.963578   	0.95384    	0.0309126  	-0.225476  	0.973694   	0.944148   	0.0227972  	0.234391   	0.971818   	0.948527   	0.214423   	-0.101093  	0.971452   	0.934882   	-0.233471  	-0.134416  	0.963005   	0.951317   	34.124     	34.8131    	3.16212    	4.54077    	107.351    	60.026     	2.48398    	2.03556    	57.3008    	95.1691    	2.622      	2.17849    	71.7645    	96.2774    	2.85598    	1.9088     	17.8209    	56.4973    	2.90787    	3.06461    	102.783    	47.3676    	2.38806    	2.84728    	83.1905    	30.6499    	2.75926    	3.11319    	81.6846    	82.4112    	3.22323    	1.26001    	17.5218    	72.1361    	3.5688     	2.91862    	28.7165    	80.5554    	3.23684    	2.21095    	58.7366    	19.7426    	3.11607    	3.70957    	97.1286    	79.4872    	3.87959    	1.26211    	96.5712    	61.1262    	3.18697    	1.43604    	37.9231    	79.348     	2.65128    	1.88446    	43.7885    	23.8099    	3.1184     	4.10757    	2170.14	1435.42	1411.77	1598.68	1803.2	1455.39	1676.05	2155.18	2391.44	2075.74	2128.05	2805.17	2070.54	1536.82	2022.47	-2.95092e-06	2.03141e-06	1          	0.915385   	0.146698   	0.136157   	16.5093    	16.5093    	41.4317	
1.2e-10    	6          	0.317769   	0.107656   	0.942016   	0.936582   	-0.0952641 	-0.285641  	0.95357    	0.942004   	-0.227135  	0.184131   	0.956263   	0.915113   	0.17125    	-0.227851  	0.95848    	0.9171     	-0.327278  	-0.0502584 	0.94356    	0.930675   	0.155953   	0.270122   	0.950092   	0.945712   	-0.211378  	-0.243776  	0.946502   	0.946909   	-0.1065    	0.261194   	0.959363   	0.921981   	0.322797   	-0.0106088 	0.946377   	0.924501   	-0.304791  	0.0729744  	0.949585   	0.919316   	0.25853    	0.206045   	0.943759   	0.9456     	0.0383845  	-0.282053  	0.958606   	0.928751   	0.0298437  	0.28991    	0.956563   	0.936142   	0.272146   	-0.132015  	0.953122   	0.915826   	-0.2943    	-0.159969  	0.942214   	0.94171    	21.66      	31.7432    	1.87174    	1.269      	37.9058    	13.7527    	3.76093    	1.57079    	70.7802    	17.0862    	3.17086    	1.11813    	76.1681    	23.2336    	1.50137    	1.14682    	32.596     	47.64      	3.08992    	1.45305    	30.8677    	22.41      	3.10969    	1.3781     	14.5494    	23.703     	2.39508    	1.67724    	63.5812    	15.4551    	2.07764    	2.03899    	42.0806    	39.7638    	3.34704    	1.65996    	54.0748    	31.9488    	3.33017    	1.46567    	10.5968    	26.6505    	2.37389    	1.96614    	57.8127    	7.45952    	2.16456    	1.89444    	56.1539    	12.3697    	2.56785    	1.78638    	66.7407    	21.0068    	4.01354    	1.36353    	11.3356    	31.6535    	2.26417    	1.67407    	870.69	3422.48	2107.01	732.852	2029.3	2695.07	1784.23	1376.87	2371.75	2301.06	1699.62	1552.09	2020.84	2876.6	1575.89	3.64453e-07	-2.5164e-06	1          	0.885224   	0.141688   	0.143144   	10.1011    	10.1011    	22.86	
1.3e-10    	5.8        	0.354937   	0.123978   	0.926609   	0.923094   	-0.101895  	-0.339484  	0.935049   	0.93033    	-0.260213  	0.225439   	0.938824   	0.894956   	0.196823   	-0.277557  	0.940291   	0.89776    	-0.367352  	-0.0550638 	0.928419   	0.915444   	0.170609   	0.319946   	0.931922   	0.935067   	-0.233099  	-0.288415  	0.928673   	0.936743   	-0.123794  	0.316985   	0.940272   	0.904167   	0.363964   	-0.0177494 	0.931201   	0.90788    	-0.344996  	0.0917986  	0.934059   	0.901022   	0.286575   	0.243821   	0.92649    	0.935069   	0.0467462  	-0.340346  	0.939095   	0.913124   	0.0292011  	0.347196   	0.937305   	0.922545   	0.310165   	-0.162553  	0.936641   	0.896244   	-0.327604  	-0.187915  	0.925919   	0.930254   	37.803     	14.5943    	10.2727    	1.19119    	10.2621    	55.8476    	7.63136    	2.18618    	25.0452    	71.9831    	2.29018    	1.85034    	13.9111    	82.646     	5.12927    	2.26152    	46.7146    	23.0046    	12.02      	2.0427     	21.2969    	44.915     	3.26959    	1.92386    	31.8602    	35.7455    	1.38259    	1.13562    	8.29923    	95.5705    	11.1619    	3.56503    	44.7952    	53.0633    	10.6831    	2.16937    	35.6578    	73.1667    	5.21792    	1.92694    	32.0332    	24.3156    	3.86628    	1.47018    	12.2612    	85.4572    	12.8242    	3.59546    	11.9291    	64.6753    	11.2453    	2.90376    	29.6635    	68.8318    	2.80816    	1.77473    	31.2199    	15.5001    	6.98619    	1.38661    	8713.36	6424.81	1345.28	3842.81	10233.6	2683.87	1040.79	9145.8	9088.74	4197.97	3233.04	10564.8	9276.68	1980.61	6034.64	2.15424e-06	3.47892e-07	1          	0.85516    	0.142466   	0.148197   	7.32658    	7.32658    	16.1548	
1.4e-10    	5.6        	0.389475   	0.124355   	0.912586   	0.906068   	-0.10787   	-0.388349  	0.915163   	0.918932   	-0.288075  	0.277674   	0.916437   	0.881225   	0.218723   	-0.334526  	0.916627   	0.885691   	-0.404754  	-0.0419132 	0.913438   	0.897455   	0.183565   	0.361225   	0.91422    	0.922902   	-0.252946  	-0.321508  	0.912485   	0.922515   	-0.139133  	0.374883   	0.916554   	0.893698   	0.401981   	-0.0427657 	0.914622   	0.89049    	-0.381233  	0.125895   	0.915845   	0.885478   	0.312039   	0.268208   	0.911414   	0.919131   	0.0559797  	-0.396831  	0.916168   	0.902353   	0.0271859  	0.400831   	0.915737   	0.911121   	0.342995   	-0.205749  	0.916503   	0.881627   	-0.357842  	-0.201431  	0.911785   	0.91367    	9.10592    	33.5273    	1.99567    	1.60762    	21.3234    	13.3081    	2.55385    	1.37102    	18.0487    	54.2182    	2.07639    	8.61511    	23.6816    	42.8793    	3.31615    	10.2912    	14.7347    	46.6108    	2.9943     	1.74106    	20.2284    	9.24884    	1.854      	1.21299    	18.2341    	12.688     	2.21516    	2.23649    	19.3955    	27.7507    	2.38007    	7.21183    	11.9746    	50.2922    	2.76591    	2.05818    	12.7565    	39.1777    	1.69739    	4.41533    	16.5608    	12.2101    	1.90871    	2.45794    	22.3099    	17.505     	1.68311    	4.89027    	16.1853    	13.624     	2.24151    	2.50448    	11.809     	47.6624    	2.4459     	7.18155    	8.56528    	22.6965    	1.55967    	1.49763    	1399.78	1866.06	1393.93	2438.83	2167.36	1361.92	1624.89	1715	1951.44	1119.23	1295.93	1127.85	1675.48	1691.59	1009.19	1.61861e-06	9.58873e-07	1          	0.825129   	0.14669    	0.148529   	5.80591    	5.80591    	12.802	
1.5e-10    	5.4        	0.42149    	0.13131    	0.897261   	0.888584   	-0.109371  	-0.421219  	0.900323   	0.907394   	-0.319885  	0.309288   	0.895529   	0.860912   	0.245277   	-0.369279  	0.896339   	0.866808   	-0.441495  	-0.043578  	0.896178   	0.878714   	0.191962   	0.391951   	0.89972    	0.912283   	-0.268275  	-0.350686  	0.89723    	0.911505   	-0.15853   	0.412236   	0.897154   	0.876935   	0.440844   	-0.0474585 	0.896301   	0.871      	-0.419521  	0.141212   	0.896665   	0.865037   	0.33433    	0.291769   	0.89614    	0.906713   	0.0667667  	-0.435591  	0.897644   	0.887979   	0.023641   	0.437939   	0.898673   	0.898291   	0.378826   	-0.231423  	0.896037   	0.861399   	-0.386185  	-0.216177  	0.896717   	0.899      	8.4932     	24.6565    	3.25498    	2.95209    	23.1735    	12.7349    	8.61405    	3.02181    	19.8036    	33.4659    	5.16448    	7.85441    	25.0916    	34.3371    	3.37976    	3.9765     	10.1445    	48.918     	5.57108    	5.87785    	21.1491    	14.8814    	5.8744     	2.05443    	15.5613    	14.448     	5.32132    	1.07836    	22.7377    	27.029     	6.79793    	1.38118    	7.9138     	51.7483    	7.13358    	6.68698    	13.3098    	50.748     	5.08184    	5.29235    	12.0228    	19.2443    	6.30554    	1.74065    	24.5291    	17.7271    	9.80844    	2.79972    	25.6563    	16.5552    	8.0019     	2.00005    	19.4601    	43.9897    	5.08232    	6.59464    	9.14947    	24.3471    	3.49468    	2.1981     	2302.99	6641.4	3656.04	2195.25	3958.02	4652.08	4170.57	4887.69	5183.09	3543.35	4878.22	7420.75	5939.01	3623.39	2630.45	8.3131e-08 	4.46989e-06	1          	0.795083   	0.140757   	0.143751   	4.88753    	4.88753    	10.2951	
1.6e-10    	5.2        	0.458196   	0.136835   	0.878242   	0.877955   	-0.114793  	-0.453447  	0.883836   	0.888506   	-0.355113  	0.334982   	0.872728   	0.846357   	0.273839   	-0.403113  	0.873195   	0.848623   	-0.478375  	-0.0394768 	0.877253   	0.86898    	0.204693   	0.419322   	0.884428   	0.895165   	-0.288705  	-0.370232  	0.882901   	0.89674    	-0.178646  	0.449676   	0.875117   	0.856594   	0.479007   	-0.0608713 	0.875682   	0.860689   	-0.458971  	0.160397   	0.87384    	0.852887   	0.361955   	0.304731   	0.880953   	0.893635   	0.0776614  	-0.47158   	0.87837    	0.868052   	0.0211925  	0.471034   	0.881844   	0.87878    	0.417112   	-0.252106  	0.873178   	0.847968   	-0.41929   	-0.226035  	0.879251   	0.886683   	17.66      	10.184     	4.31671    	2.26656    	39.7644    	11.8228    	2.92053    	1.28259    	19.5209    	11.6902    	3.30135    	2.93149    	33.4879    	13.0355    	5.77161    	2.27138    	14.3969    	15.6437    	3.91705    	1.92818    	59.2066    	16.0599    	2.14159    	2.02858    	59.3391    	24.2669    	1.57608    	1.95794    	36.7347    	13.7563    	8.46792    	1.99186    	13.8352    	14.8766    	7.39943    	3.05907    	7.82463    	16.2329    	4.17969    	2.81365    	43.803     	19.8558    	2.52482    	1.67356    	36.8686    	15.2431    	7.71845    	2.5928     	21.4636    	12.6095    	3.49399    	1.69562    	9.89986    	13.186     	3.46669    	3.15931    	18.2141    	10.1953    	1.93676    	1.53376    	3006.05	2051.66	2231.1	3986.1	2619.44	1499.99	1079	5857.17	5189.9	2815.13	1689.92	5426.1	2377.67	2360.02	1273.07	-3.0347e-06	2.1092e-06 	1          	0.765004   	0.145549   	0.146997   	4.28288    	4.28288    	9.10163	
1.7e-10    	5          	0.491268   	0.145217   	0.8588     	0.864793   	-0.116381  	-0.475043  	0.872208   	0.872703   	-0.392747  	0.351681   	0.849696   	0.824612   	0.304115   	-0.420673  	0.854673   	0.828559   	-0.517804  	-0.0470652 	0.854171   	0.853398   	0.215589   	0.440139   	0.871649   	0.880396   	-0.307145  	-0.3882    	0.868868   	0.883888   	-0.198262  	0.473841   	0.857974   	0.835612   	0.518725   	-0.0612167 	0.852721   	0.843874   	-0.496071  	0.167551   	0.851934   	0.835842   	0.390096   	0.320201   	0.863289   	0.879964   	0.0832615  	-0.49741   	0.863486   	0.848609   	0.0177854  	0.496118   	0.86805    	0.860602   	0.454875   	-0.263711  	0.850584   	0.828062   	-0.447553  	-0.239086  	0.86169    	0.873835   	10.622     	23.595     	3.9491     	1.50738    	29.4148    	18.0196    	8.64527    	2.35968    	51.2371    	40.6834    	4.71813    	1.85246    	47.1277    	41.18      	7.73357    	3.86625    	28.2767    	25.1851    	12.7653    	1.35868    	14.6136    	14.813     	6.49344    	1.44369    	15.791     	18.7956    	5.36666    	0.920483   	30.0569    	23.329     	4.80213    	4.93902    	13.1996    	32.5703    	7.7131     	2.58268    	13.6074    	40.7382    	4.82771    	4.82282    	15.0796    	20.567     	2.84512    	1.22086    	36.8279    	10.8725    	6.82387    	6.24154    	29.9934    	17.2243    	4.32925    	3.70925    	23.4084    	31.5625    	5.08795    	2.3101     	8.06452    	20.4257    	2.6041     	1.56854    	2512.82	5908.01	3004.14	5252.24	8580.35	4253.5	3692.09	3163.58	5054.8	3211.22	1927.45	4467.87	2829.06	3268.97	1721.77	5.62382e-06	3.04523e-05	1          	0.734826   	0.151032   	0.147568   	3.882      	3.88201    	8.53041	
1.8e-10    	4.8        	0.507799   	0.151854   	0.847958   	0.847074   	-0.101323  	-0.494875  	0.863011   	0.859795   	-0.43221   	0.374988   	0.820092   	0.796293   	0.338097   	-0.444055  	0.829743   	0.805139   	-0.543489  	-0.0571746 	0.837439   	0.832949   	0.207665   	0.464464   	0.86087    	0.868558   	-0.311021  	-0.41126   	0.856796   	0.871578   	-0.21655   	0.509676   	0.83265    	0.813531   	0.543758   	-0.0661002 	0.836614   	0.823859   	-0.519589  	0.179624   	0.835298   	0.816577   	0.402224   	0.342104   	0.849201   	0.863928   	0.0916018  	-0.533554  	0.840773   	0.829651   	0.00929046 	0.524751   	0.85119    	0.84454    	0.485108   	-0.282967  	0.827389   	0.804645   	-0.462932  	-0.251962  	0.849807   	0.857515   	41.6285    	12.5535    	4.88427    	2.87451    	38.4033    	12.2528    	4.61633    	2.13686    	12.5871    	14.1855    	10.76      	9.02004    	14.9176    	16.0781    	6.6912     	4.13352    	29.9246    	22.9201    	5.06765    	5.49001    	42.9881    	16.8364    	5.0996     	2.55332    	16.3586    	20.8893    	3.74972    	1.69979    	18.5407    	16.6024    	2.56337    	4.6171     	22.467     	17.2852    	3.50984    	5.27525    	31.0586    	9.52272    	6.22629    	4.74869    	24.9727    	20.7663    	2.88921    	2.79694    	13.9626    	18.2649    	3.44264    	2.28677    	14.5671    	13.5128    	3.18677    	2.51189    	14.9517    	15.6656    	2.60465    	4.75571    	30.8171    	12.9544    	3.16111    	2.72048    	3156.91	3120.42	6263.16	3830.97	3106.74	3395.39	2350.23	1531.36	2095.73	3991.53	1700.37	2011.09	1951.85	1535.61	1887.58	-9.6881e-06	6.94656e-05	1          	0.704444   	0.148313   	0.149583   	3.65979    	3.65979    	8.00747	
1.9e-10    	4.6        	0.524691   	0.154939   	0.837066   	0.827474   	-0.0943156 	-0.51624   	0.851227   	0.844547   	-0.461601  	0.401959   	0.790781   	0.771447   	0.364058   	-0.468682  	0.804846   	0.783887   	-0.567814  	-0.061966  	0.820812   	0.811282   	0.205138   	0.486907   	0.849013   	0.853346   	-0.317716  	-0.431515  	0.844298   	0.856124   	-0.229414  	0.543816   	0.807228   	0.793254   	0.567139   	-0.0745051 	0.820235   	0.802325   	-0.539539  	0.193061   	0.819514   	0.796323   	0.418083   	0.360358   	0.833867   	0.844964   	0.0930879  	-0.565806  	0.819259   	0.810806   	0.00658739 	0.549939   	0.835172   	0.827052   	0.509856   	-0.302786  	0.805199   	0.782051   	-0.480675  	-0.261146  	0.837103   	0.837616   	6.42991    	8.64398    	1.81577    	1.98286    	8.0321     	6.58784    	2.05735    	1.0767     	7.84717    	10.7911    	2.55144    	3.51035    	10.5122    	12.7279    	2.03248    	4.14011    	5.24323    	11.2485    	2.64751    	2.65721    	12.9971    	6.06102    	2.55383    	1.56501    	7.11484    	6.23626    	2.28459    	1.51126    	9.71163    	6.74204    	2.36217    	3.27936    	6.81455    	9.89608    	2.0561     	2.39949    	9.69047    	11.5762    	3.95627    	2.96417    	8.32449    	8.56087    	2.82137    	2.41248    	9.4214     	4.77296    	2.12248    	1.7382     	8.10223    	5.75208    	1.90176    	2.22915    	8.8262     	12.8591    	2.14763    	2.09618    	7.26582    	8.76556    	1.79578    	3.34566    	963.685	1367.16	1251.95	1126.07	1361.94	1540.76	1393.45	1177.72	1182.94	2389.11	1496.06	1097.41	1081.24	1148.34	1003.77	-1.10608e-05	0.000107193	1          	0.673814   	0.138794   	0.143896   	3.65673    	3.65673    	7.98668	
2e-10      	4.4        	0.545446   	0.154509   	0.82376    	0.807404   	-0.0949028 	-0.533925  	0.840167   	0.827794   	-0.487117  	0.428567   	0.760917   	0.74717    	0.383141   	-0.49295   	0.781125   	0.76214    	-0.593402  	-0.0618527 	0.8025     	0.78898    	0.210348   	0.504547   	0.83735    	0.836081   	-0.32787   	-0.445248  	0.833201   	0.838211   	-0.238911  	0.575584   	0.782042   	0.770645   	0.58937    	-0.0866497 	0.803166   	0.780922   	-0.559404  	0.20968    	0.801897   	0.77645    	0.435588   	0.372653   	0.819359   	0.823006   	0.0947315  	-0.594138  	0.798748   	0.791047   	0.00685488 	0.573312   	0.819289   	0.808367   	0.532643   	-0.32357   	0.782009   	0.760147   	-0.500359  	-0.26746   	0.823444   	0.816544   	6.55811    	30.0346    	1.68496    	1.96407    	34.5355    	5.12273    	1.49524    	1.34119    	25.9297    	22.4567    	2.15519    	3.77672    	25.8298    	20.2426    	1.70249    	3.28806    	4.5084     	37.3343    	2.57121    	2.1609     	24.0939    	11.107     	2.21057    	1.96973    	20.0514    	15.9151    	1.68409    	2.21689    	17.8379    	18.4169    	1.92303    	4.35553    	6.94605    	52.1342    	1.83731    	2.90812    	6.99905    	53.8588    	1.98495    	2.27349    	12.8768    	36.087     	2.09689    	2.50557    	19.2999    	9.21894    	1.77037    	2.61145    	28.4952    	4.84449    	1.81677    	1.45406    	10.4402    	42.628     	1.71448    	2.6384     	10.9436    	38.2949    	1.80557    	2.14424    	901.848	875.654	1012.78	916.539	1229.24	1205.49	943.77	846.011	1037.09	1075.59	1084.68	883.723	1054.16	840.104	876.966	-1.834e-05 	0.000168107	1          	0.642927   	0.14837    	0.141774   	3.64766    	3.64765    	8.11595	
2.1e-10    	4.2        	0.564131   	0.144481   	0.812927   	0.783444   	-0.105553  	-0.547763  	0.829939   	0.810501   	-0.498802  	0.464979   	0.731409   	0.719457   	0.387885   	-0.525593  	0.757148   	0.738671   	-0.616119  	-0.049741  	0.786059   	0.762876   	0.223518   	0.51711    	0.826208   	0.818034   	-0.345422  	-0.452171  	0.822317   	0.820028   	-0.23348   	0.61206    	0.75554    	0.74802    	0.60773    	-0.110767  	0.786363   	0.756481   	-0.571202  	0.236162   	0.786082   	0.752645   	0.459569   	0.37549    	0.804849   	0.800265   	0.0793892  	-0.621978  	0.778986   	0.76963    	0.0208391  	0.594632   	0.803719   	0.788927   	0.545481   	-0.353818  	0.759763   	0.735064   	-0.522953  	-0.264736  	0.810194   	0.793925   	7.44034    	25.9723    	1.26864    	3.43216    	10.0803    	5.71083    	1.42891    	1.25333    	12.1253    	16.8501    	2.2047     	4.79371    	14.1645    	10.0344    	1.57776    	4.14534    	5.12054    	28.9717    	1.42985    	2.4718     	11.2175    	9.69429    	1.18923    	2.12167    	11.7721    	9.37776    	1.53542    	1.68616    	20.2071    	7.33646    	1.59299    	3.11201    	7.10092    	19.8381    	1.63416    	2.75777    	8.56642    	20.5767    	1.42082    	2.71877    	8.90489    	13.0993    	1.61158    	2.25633    	14.3088    	7.44841    	1.51863    	3.05801    	9.7544     	5.48301    	1.26951    	2.28348    	7.72225    	15.1402    	1.67405    	3.74685    	7.57626    	14.6655    	1.45842    	2.35686    	650.3	835.097	912.319	716.956	615.984	694.591	843.562	685.422	775.517	755.363	715.957	711.55	685.642	759.813	690.302	-1.03462e-05	0.000244702	1          	0.611731   	0.1436     	0.146723   	3.866      	3.86599    	7.91082	
2.2e-10    	4          	0.582574   	0.13688    	0.801154   	0.759893   	-0.109544  	-0.558961  	0.821916   	0.790469   	-0.5185    	0.494493   	0.697564   	0.692283   	0.399669   	-0.551049  	0.732514   	0.712949   	-0.638122  	-0.0416045 	0.76879    	0.736073   	0.230783   	0.526866   	0.818004   	0.7968     	-0.356116  	-0.457246  	0.814915   	0.798202   	-0.238312  	0.641026   	0.729567   	0.721608   	0.626616   	-0.128201  	0.768683   	0.731503   	-0.587266  	0.256811   	0.767542   	0.729576   	0.478204   	0.379915   	0.791807   	0.775834   	0.0754191  	-0.646694  	0.758994   	0.746185   	0.0263469  	0.612225   	0.790233   	0.76652    	0.563883   	-0.377034  	0.734738   	0.710024   	-0.542851  	-0.26355   	0.79739    	0.770001   	4.77686    	17.9341    	1.35559    	1.94371    	12.5087    	4.4131     	1.07618    	1.45622    	11.7562    	20.2349    	1.74883    	3.42998    	14.6184    	14.2632    	1.56933    	4.02612    	4.6198     	24.7513    	1.31548    	2.79298    	14.8907    	7.96665    	1.19859    	2.31657    	10.2533    	12.1851    	1.02235    	1.79995    	12.9573    	9.84438    	1.55306    	3.47192    	3.95398    	35.19      	1.35119    	2.56764    	5.41638    	35.0901    	1.09801    	2.4395     	9.68401    	17.1163    	1.4696     	2.08802    	16.3115    	9.83969    	1.32611    	3.83884    	13.5317    	5.36984    	1.30981    	2.26822    	10.5057    	23.8318    	1.38259    	2.06728    	6.9709     	16.6542    	1.20905    	2.94147    	659.992	586.546	687.327	631.955	555.821	670.486	619.542	581.423	575.742	544.72	611.137	576.509	630.954	591.851	561.414	-1.96781e-05	0.000325991	1          	0.580171   	0.144131   	0.147364   	4.21873    	4.21872    	8.28579	
2.3e-10    	3.8        	0.596796   	0.150155   	0.788205   	0.7367     	-0.106144  	-0.569178  	0.815324   	0.768784   	-0.549499  	0.505004   	0.665576   	0.65823    	0.422648   	-0.560612  	0.712077   	0.680234   	-0.658903  	-0.0575443 	0.750016   	0.708386   	0.230161   	0.538973   	0.810257   	0.774852   	-0.358623  	-0.469091  	0.807051   	0.776573   	-0.252639  	0.659295   	0.708152   	0.68767    	0.647263   	-0.120175  	0.752723   	0.702409   	-0.608843  	0.252738   	0.751941   	0.701909   	0.488163   	0.396161   	0.777646   	0.751041   	0.0830346  	-0.663623  	0.743429   	0.716587   	0.0218801  	0.625796   	0.779668   	0.740316   	0.591665   	-0.379211  	0.711414   	0.679396   	-0.5559    	-0.277452  	0.783567   	0.746629   	5.25218    	14.1389    	1.11718    	1.75153    	10.1711    	6.00615    	0.928799   	1.73671    	10.2007    	13.5471    	1.81743    	4.44336    	12.0838    	14.2667    	1.2185     	5.17384    	3.70612    	6.91061    	1.3411     	2.0451     	12.7844    	5.95125    	1.00101    	2.85306    	8.94985    	4.51635    	0.975045   	1.75437    	15.8757    	4.88052    	1.34314    	2.88728    	5.66443    	8.6927     	1.33722    	2.75778    	7.40991    	8.79755    	1.19068    	2.89813    	8.82693    	10.5171    	1.25115    	2.30707    	15.5473    	4.44364    	1.14907    	2.52887    	12.0044    	6.075      	1.14364    	2.75591    	7.31487    	9.81593    	1.4278     	2.68797    	5.03515    	11.8188    	1.25729    	1.50989    	504.335	543.829	610.089	455.129	529.406	457.05	514.282	445.526	530.346	501.643	468.074	466.87	533.82	538.321	500.853	-2.89791e-05	0.000430031	1          	0.548109   	0.142058   	0.14842    	4.9425     	4.94246    	9.17768	
2.4e-10    	3.6        	0.606988   	0.149643   	0.780452   	0.707975   	-0.0959184 	-0.577079  	0.811024   	0.744881   	-0.577781  	0.526596   	0.62356    	0.627415   	0.44764    	-0.576762  	0.683323   	0.651114   	-0.67782   	-0.0537637 	0.733214   	0.676626   	0.222351   	0.544881   	0.808481   	0.747062   	-0.355553  	-0.470711  	0.807455   	0.747385   	-0.273547  	0.679492   	0.680763   	0.654633   	0.665098   	-0.130474  	0.735229   	0.672478   	-0.625692  	0.262906   	0.734399   	0.673103   	0.494015   	0.400523   	0.771672   	0.717929   	0.095529   	-0.679482  	0.727432   	0.684737   	0.0109939  	0.637711   	0.770182   	0.712068   	0.614857   	-0.39357   	0.683381   	0.649171   	-0.56403   	-0.28004   	0.776776   	0.715552   	11.6389    	44.2414    	1.03017    	2.49593    	9.18354    	10.5938    	0.943106   	3.33336    	12.4168    	23.8812    	1.95305    	13.6284    	15.4808    	16.2087    	1.45773    	10.3806    	10.6333    	42.3978    	1.48032    	4.50946    	11.0447    	11.1255    	0.948724   	3.28463    	9.80067    	21.0258    	0.844014   	5.6893     	12.684     	7.54677    	1.57373    	4.62988    	5.59545    	41.6982    	1.3044     	5.07299    	5.78316    	32.8758    	1.20754    	5.0697     	8.31526    	40.6697    	1.06216    	6.1237     	13.0628    	5.49266    	1.24688    	3.17752    	13.1773    	7.54857    	1.19048    	3.21474    	9.04237    	30.2314    	1.5533     	11.0062    	9.27791    	46.983     	1.24616    	2.31062    	443.962	516.848	588.742	456.019	479.493	521.378	454.775	467.641	445.512	458.352	423.126	386.863	504.686	478.767	495.927	-6.62951e-05	0.000563875	1          	0.515382   	0.145981   	0.146713   	6.19828    	6.19825    	10.3077	
2.5e-10    	3.4        	0.616689   	0.135698   	0.775408   	0.67542    	-0.0949652 	-0.569974  	0.816145   	0.712961   	-0.601361  	0.547408   	0.58197    	0.587485   	0.462326   	-0.593775  	0.658538   	0.613176   	-0.694641  	-0.0404101 	0.718204   	0.639434   	0.222844   	0.538629   	0.81253    	0.714401   	-0.360156  	-0.462746  	0.810026   	0.716488   	-0.28252   	0.699424   	0.656486   	0.613557   	0.680511   	-0.143427  	0.718551   	0.637995   	-0.640545  	0.272254   	0.718023   	0.640218   	0.506993   	0.394753   	0.766233   	0.683082   	0.0971063  	-0.690236  	0.717031   	0.645022   	0.00990518 	0.638794   	0.769305   	0.674667   	0.635528   	-0.406426  	0.65643    	0.612788   	-0.576002  	-0.269232  	0.771827   	0.681694   	5.45071    	12.9183    	1.0212     	2.89442    	6.46587    	13.1273    	0.834182   	4.69778    	5.24666    	7.66811    	2.27354    	3.70138    	5.03454    	6.11783    	1.63221    	4.35476    	5.50429    	11.8159    	1.66299    	3.5324     	5.34993    	8.32707    	0.851871   	2.96733    	6.43602    	4.20553    	0.932411   	1.83652    	6.91668    	5.30529    	1.77844    	5.34879    	9.30442    	7.20195    	1.38906    	6.58611    	8.43338    	11.1978    	1.27977    	5.84652    	4.16376    	8.10067    	1.34469    	2.23479    	5.5979     	3.44255    	1.50056    	3.01424    	5.86027    	7.00735    	1.12234    	4.10497    	6.53865    	8.60297    	1.62046    	4.26376    	4.56012    	11.0858    	1.12387    	3.11812    	357.077	499.438	580.815	412.262	435.36	544.981	496.009	415.408	373.979	420.66	402.065	418.451	383.196	452.66	361.031	-0.000118375	0.000684567	1          	0.481708   	0.146511   	0.148365   	8.62121    	8.62113    	12.9144	
2.6e-10    	3.2        	0.610672   	0.129654   	0.781184   	0.633389   	-0.103824  	-0.557269  	0.823785   	0.679505   	-0.607683  	0.576337   	0.546317   	0.528368   	0.453596   	-0.615116  	0.644819   	0.558624   	-0.696924  	-0.0313565 	0.716437   	0.587151   	0.226952   	0.524541   	0.820556   	0.678849   	-0.356899  	-0.449191  	0.819037   	0.680652   	-0.271258  	0.720749   	0.637829   	0.559765   	0.679105   	-0.155409  	0.717375   	0.586293   	-0.637493  	0.283539   	0.716349   	0.590889   	0.509158   	0.389728   	0.767357   	0.64127    	0.0811924  	-0.699187  	0.710223   	0.59874    	0.0242149  	0.635988   	0.771263   	0.63354    	0.640409   	-0.423547  	0.640629   	0.559002   	-0.57586   	-0.262417  	0.774271   	0.641093   	5.69111    	10.7009    	1.15971    	3.9254     	34.3607    	5.81699    	0.928159   	3.19124    	37.1811    	15.4584    	3.39678    	12.7264    	43.6541    	11.7176    	2.23466    	11.1101    	9.89552    	14.1314    	2.11858    	8.552      	21.6708    	8.01622    	0.89867    	3.17087    	17.1729    	6.78886    	0.828358   	3.51172    	56.8475    	6.33264    	2.69853    	8.54081    	16.7361    	11.4631    	1.90343    	9.74705    	19.5294    	16.1464    	1.69012    	7.87951    	21.1357    	6.4533     	1.3498     	6.3843     	69.3072    	9.15273    	1.60242    	5.31239    	52.5804    	6.01649    	1.32741    	4.27924    	25.507     	20.8554    	2.27256    	9.1561     	11.5135    	10.4182    	1.16048    	4.92064    	383.316	540.572	696.394	390.437	363.787	560.581	533.533	469.511	376.145	336.271	378.889	321.95	370.752	425.764	387.71	-9.12649e-05	0.000801289	1          	0.44666    	0.149752   	0.147774   	13.6933    	13.6932    	17.1779	
2.7e-10    	3          	0.584253   	0.132596   	0.800637   	0.580775   	-0.092193  	-0.528276  	0.844032   	0.637292   	-0.628743  	0.589686   	0.506844   	0.454646   	0.459611   	-0.617793  	0.637988   	0.490675   	-0.683178  	-0.0354816 	0.729345   	0.520246   	0.202636   	0.497679   	0.843339   	0.632848   	-0.322082  	-0.424923  	0.845966   	0.632059   	-0.277105  	0.724184   	0.631409   	0.487577   	0.661567   	-0.15048   	0.734583   	0.517477   	-0.621881  	0.277779   	0.732156   	0.525027   	0.479722   	0.382724   	0.789508   	0.582494   	0.084174   	-0.689597  	0.719231   	0.535974   	0.017417   	0.613998   	0.78908    	0.579184   	0.647589   	-0.420617  	0.63533    	0.4885     	-0.548778  	-0.260421  	0.794332   	0.58652    	13.8297    	19.2137    	1.5088     	8.38416    	16.9786    	9.49368    	0.953766   	4.67321    	14.8671    	24.6921    	5.96818    	25.0217    	23.4233    	20.3019    	3.57509    	23.2079    	15.1602    	23.2703    	3.24022    	13.4803    	16.1193    	11.4246    	0.947622   	6.44926    	22.3149    	16.7059    	0.938479   	10.0901    	34.653     	13.0276    	4.67189    	16.766     	20.5418    	25.0623    	2.65639    	16.5532    	19.1838    	16.6482    	2.32155    	15.5121    	31.2301    	19.5131    	1.87784    	16.5626    	32.0687    	12.4086    	2.79317    	11.3458    	25.5111    	10.2812    	2.00143    	8.00503    	16.2667    	24.5856    	3.83862    	19.5477    	22.959     	22.1934    	1.56898    	12.8327    	378.342	698.054	993.38	404.393	345.07	615.354	629.961	505.652	302.433	321.209	341.95	305.29	360.647	472.72	407.3	-0.00011009	0.000816097	1          	0.409677   	0.145414   	0.138793   	25.7976    	25.7973    	26.3386	
2.8e-10    	2.8        	0.503195   	0.106551   	0.857508   	0.505888   	-0.069453  	-0.441478  	0.894544   	0.577224   	-0.63254   	0.604445   	0.484044   	0.344738   	0.433771   	-0.601006  	0.671158   	0.38977    	-0.608711  	-0.00666125	0.793254   	0.423689   	0.15371    	0.406675   	0.900506   	0.567654   	-0.250159  	-0.343227  	0.905282   	0.566332   	-0.274761  	0.693034   	0.666398   	0.382375   	0.587784   	-0.152801  	0.794321   	0.424571   	-0.561531  	0.259991   	0.785422   	0.436634   	0.404783   	0.329441   	0.852946   	0.500289   	0.0918955  	-0.628469  	0.772336   	0.444185   	0.00405337 	0.532384   	0.846447   	0.5022     	0.626257   	-0.408227  	0.664038   	0.388828   	-0.475096  	-0.21926   	0.85211    	0.509202   	53.6781    	24.9       	2.82874    	29.0317    	9.8214     	40.6352    	1.48048    	15.7968    	49.2536    	43.9954    	12.1762    	59.3149    	43.1932    	44.438     	7.6474     	50.0704    	69.5956    	28.1476    	6.40211    	51.3166    	13.5961    	46.1464    	1.70649    	19.7595    	23.1876    	37.778     	1.35158    	18.3821    	20.5498    	58.7158    	8.89157    	58.4154    	63.9403    	39.2149    	6.14599    	44.8144    	50.8215    	46.5242    	4.86346    	39.1628    	32.9758    	37.6934    	3.68229    	31.1488    	9.02459    	54.0822    	5.77455    	42.4836    	7.43906    	50.5482    	3.31976    	27.9038    	46.8819    	48.1118    	7.95481    	51.9996    	46.101     	32.6615    	3.05534    	30.8277    	423.113	837.469	1343.61	444.128	275.903	892.096	1007.27	547.473	287.519	296.451	402.918	262.764	409.836	589.283	364.033	-0.000102852	0.000561004	1          	0.370683   	0.135417   	0.139168   	61.3387    	61.3387    	53.6469	
2.9e-10    	2.6        	0.174302   	-0.000320366	0.983398   	0.408608   	-0.0209253 	-0.123331  	0.991046   	0.501846   	-0.430278  	0.453627   	0.776634   	0.140927   	0.181182   	-0.306493  	0.931621   	0.223327   	-0.200522  	0.0525257  	0.976291   	0.30888    	0.0422014  	0.100073   	0.993047   	0.499814   	-0.0677541 	-0.080512  	0.993547   	0.500055   	-0.108481  	0.316925   	0.93904    	0.219898   	0.188438   	-0.0900557 	0.976079   	0.30921    	-0.211661  	0.123019   	0.967899   	0.313924   	0.133969   	0.08201    	0.986252   	0.405333   	0.0372734  	-0.231679  	0.970037   	0.312659   	-0.00215753	0.167168   	0.984494   	0.40609    	0.316531   	-0.225493  	0.918882   	0.225365   	-0.171713  	-0.0436984 	0.98286    	0.408659   	681.173    	153.658    	7.98633    	104.195    	41.0491    	956.497    	3.00408    	70.8255    	442.647    	464.42     	27.695     	663.29     	292.735    	593.382    	24.9921    	372.08     	742.053    	60.7761    	8.74744    	140.16     	109.798    	810.325    	1.41235    	52.2723    	244.113    	555.769    	1.70881    	46.125     	140.786    	766.55     	18.7596    	342.402    	730.257    	40.4867    	9.38108    	145.1      	636.437    	119.437    	12.7567    	179.948    	446.419    	396.663    	5.0549     	95.1779    	30.3268    	883.516    	12.6892    	208.391    	9.63586    	903.737    	4.41565    	106.599    	555.85     	260.191    	21.2499    	360.224    	613.495    	247.038    	8.87343    	115.191    	249.747	1442.18	1861.09	1804.03	74.1502	2023.85	1496.28	966.852	69.7342	173.184	571.519	144.782	811.901	916.547	165.638	1.73339e-06	2.53261e-06	1          	0.335416   	0.138953   	0.151818   	142.74     	142.741    	108.064	
3e-10      	2.4        	0.00270847 	-0.000889042	0.999875   	0.396614   	-0.00103163	-0.00130933	0.999948   	0.495247   	-0.00491011	0.00942096 	0.997713   	0.100462   	0.00317753 	-0.00453202	0.999399   	0.199249   	-0.00279768	-3.11034e-05	0.999819   	0.297697   	0.000404139	0.00183686 	0.999958   	0.495177   	-0.000592103	-0.00158007	0.999951   	0.495231   	-0.00176308	0.00473145 	0.999478   	0.199105   	0.00219789 	-0.000529563	0.999832   	0.297749   	-0.00274577	0.00221895 	0.999766   	0.297854   	0.0015926  	0.000891481	0.999902   	0.396449   	0.000687182	-0.00342254	0.999799   	0.297818   	0.000220196	0.00210685 	0.999905   	0.396458   	0.00486206 	-0.00349448	0.999323   	0.19917    	-0.00269653	-0.000279315	0.999878   	0.396598   	56.8512    	5.18189    	0.0785747  	0.462269   	6.33357    	33.746     	0.0141756  	0.0503769  	38.6319    	50.2012    	0.177753   	7.05137    	17.23      	62.7101    	0.231633   	2.32878    	38.0423    	13.3289    	0.0315475  	0.31449    	7.41769    	24.1893    	0.0224225  	0.0189252  	16.7726    	20.884     	0.0124691  	0.0470968  	7.09737    	61.5934    	0.154486   	1.65835    	33.6127    	14.3126    	0.0295094  	0.301625   	45.2773    	21.7074    	0.0750183  	0.767066   	39.1824    	10.0329    	0.0289735  	0.209504   	4.6832     	52.2501    	0.0651105  	0.539861   	4.11716    	43.3719    	0.0211343  	0.163574   	54.8261    	35.4146    	0.132785   	2.56042    	56.682     	4.41796    	0.0778362  	0.435659   	5.73357	31.3431	17.6769	38.1348	7.35853	35.6076	20.5287	21.1016	6.54159	6.15302	9.63985	5.8428	18.2405	10.3489	5.34414	8.42927e-06	5.40403e-06	1          	0.330651   	0.13981    	0.133401   	0.574355   	0.574357   	3.979	
3.1e-10    	2.2        	0.000473055	5.44615e-05	0.999982   	0.394277   	-0.000713633	9.62132e-05	0.999988   	0.492963   	0.00186628 	-0.000797335	0.999707   	0.0980079  	-0.00062082	-0.00117286	0.999937   	0.196918   	-0.0004871 	0.000654909	0.999968   	0.295464   	0.000552747	6.74586e-05	0.99999    	0.492933   	-0.000677322	0.000600949	0.99999    	0.493      	0.00228303 	-0.00201946	0.999941   	0.196817   	-0.000416904	0.000285918	0.999974   	0.295521   	-8.79753e-05	-0.000267757	0.999972   	0.295548   	0.000250864	-0.000622356	0.999983   	0.39418    	-0.000255724	0.00111436 	0.999971   	0.295528   	0.000225382	0.000355556	0.99998    	0.394174   	-0.00122573	-0.00139135	0.999917   	0.196813   	0.000397484	0.00037654 	0.999981   	0.394244   	3.9057     	5.27206    	0.0207466  	0.020816   	4.90253    	4.60254    	0.0219832  	0.0219876  	4.19373    	4.8142     	0.0201029  	0.0216013  	3.71594    	4.04396    	0.0186012  	0.0185991  	4.47146    	4.33667    	0.0208908  	0.0208174  	3.96115    	3.66624    	0.0208799  	0.0207558  	4.00137    	3.84051    	0.0211471  	0.0211296  	3.55497    	3.28903    	0.0208134  	0.0210597  	3.50113    	3.66296    	0.0192577  	0.0193716  	4.04987    	3.86268    	0.0196798  	0.0195304  	4.38046    	3.85412    	0.0212499  	0.021305   	4.55963    	3.54461    	0.0192831  	0.0193607  	5.37698    	4.66185    	0.0215486  	0.0216096  	4.98056    	5.21748    	0.0211436  	0.0213537  	4.01362    	5.33141    	0.0217047  	0.0215759  	6.00107	6.22168	5.89296	6.39166	6.1987	5.9646	5.82292	5.87468	5.89243	6.30404	5.97375	6.02997	6.11232	6.0345	5.7754	3.57806e-06	-2.13791e-06	1          	0.328416   	0.136211   	0.136519   	0.0789121  	0.0789121  	1.70352	
3.2e-10    	2          	-0.120679  	-0.000177384	0.992068   	0.378264   	0.143061   	0.0892637  	0.983826   	0.480389   	-0.219838  	-0.413986  	0.850145   	0.0989     	0.213268   	0.227827   	0.940797   	0.1935     	0.0921247  	-0.0630847 	0.992555   	0.280081   	-0.140712  	-0.0576357 	0.987036   	0.478933   	0.140367   	0.0302903  	0.988646   	0.478544   	-0.309917  	-0.240715  	0.908541   	0.200091   	-0.0167025 	0.12512    	0.989654   	0.281776   	-0.0480402 	-0.160024  	0.982578   	0.283819   	-0.163233  	-0.0282288 	0.984858   	0.380464   	0.256105   	0.186036   	0.942196   	0.295559   	-0.193614  	-0.1473    	0.966231   	0.388351   	0.0875322  	0.257587   	0.953281   	0.189967   	0.153193   	0.0216332  	0.986976   	0.379816   	226.716    	55.2986    	11.9201    	5.9414     	915.279    	444.131    	13.6655    	12.3003    	331.235    	694.289    	7.21118    	157.511    	474.375    	626.62     	7.33285    	59.6588    	107.345    	190.246    	9.71101    	5.56953    	824.944    	147.259    	13.6792    	7.19946    	694.669    	23.6393    	13.4597    	5.20942    	805.286    	607.199    	8.06434    	124.294    	62.5586    	532.323    	8.53422    	6.29345    	113.19     	754.497    	8.75303    	13.8204    	576.145    	28.5986    	12.6095    	4.16473    	1035.43    	711.992    	10.1591    	82.476     	1017.21    	753.585    	11.5016    	38.938     	202.945    	833.444    	8.06176    	43.3951    	409.744    	36.6642    	12.3954    	4.077      	157.899	351.756	312.643	137.384	41.2476	389.454	425.916	134.483	41.1812	33.8352	154.176	55.8117	160.996	93.7376	124.077	1.51113e-05	-1.01989e-05	1          	0.310646   	0.145028   	0.144356   	152.933    	152.933    	213.693	
3.3e-10    	1.8        	-0.162432  	0.074355   	0.983036   	0.347623   	0.287856   	0.212725   	0.933469   	0.467689   	-0.489607  	-0.792142  	0.362476   	0.157435   	0.482071   	0.550131   	0.680789   	0.225593   	0.0830808  	-0.221032  	0.969847   	0.254757   	-0.281939  	-0.149805  	0.94732    	0.460647   	0.262972   	0.0707148  	0.961818   	0.454518   	-0.598068  	-0.505249  	0.621408   	0.244881   	0.0962926  	0.348805   	0.930446   	0.267188   	-0.226936  	-0.426221  	0.874393   	0.284752   	-0.271133  	-0.0361705 	0.961194   	0.35385    	0.500766   	0.409551   	0.762121   	0.324033   	-0.377905  	-0.33141   	0.864197   	0.395705   	0.320453   	0.62905    	0.706543   	0.216606   	0.224448   	-0.0137618 	0.973603   	0.349452   	318.385    	24.3972    	2.71832    	9.25675    	85.0153    	97.3702    	3.00657    	1.23206    	95.5132    	200.216    	1.55873    	245.006    	60.6359    	160.487    	2.04446    	102.574    	355.927    	25.4337    	2.21871    	2.34309    	156.026    	71.1003    	3.09798    	6.56005    	245.897    	18.2416    	3.20095    	16.9885    	26.5538    	107.201    	2.24553    	51.9662    	351.564    	48.3661    	2.2107     	17.576     	231.756    	128.819    	2.0026     	65.6503    	268.53     	10.7438    	2.82087    	22.9841    	19.7783    	104.908    	2.40657    	14.1415    	42.2192    	88.535     	2.49085    	2.36952    	149.966    	164.061    	1.75445    	136.003    	295.634    	18.9981    	2.96402    	16.8016    	69.1606	121.409	117.504	58.7457	51.168	109.298	128.609	62.7249	54.4699	49.5778	64.3758	45.6194	70.677	64.8377	68.3616	1.75282e-05	-5.5083e-06	1          	0.278693   	0.144351   	0.139416   	33.6502    	33.6502    	49.0392	
3.4e-10    	1.6        	-0.0355054 	0.128293   	0.990135   	0.3125     	0.306282   	0.32614    	0.894058   	0.450278   	-0.55269   	-0.821343  	0.14028    	0.226744   	0.570443   	0.679176   	0.461568   	0.273949   	-0.133232  	-0.341045  	0.928882   	0.234216   	-0.288013  	-0.247978  	0.924571   	0.434428   	0.239035   	0.13009    	0.961746   	0.418674   	-0.647106  	-0.630497  	0.428092   	0.290296   	0.319585   	0.484056   	0.813576   	0.270001   	-0.408483  	-0.565294  	0.716103   	0.307948   	-0.199949  	-0.0626446 	0.976848   	0.314188   	0.549602   	0.552891   	0.625929   	0.347227   	-0.412113  	-0.465779  	0.782804   	0.396796   	0.471479   	0.740643   	0.478069   	0.264133   	0.11891    	-0.0333679 	0.99131    	0.309652   	297.403    	5.26368    	1.47499    	2.46756    	94.0692    	65.0407    	1.46925    	2.00754    	64.6887    	49.8169    	0.916113   	95.1458    	22.5927    	72.5178    	1.0189     	63.6409    	276.863    	3.57178    	1.21989    	5.87421    	160.602    	63.8453    	1.6719     	5.34063    	256.081    	32.5483    	1.58343    	12.0388    	8.89579    	76.1073    	1.08107    	22.9851    	216.018    	14.7707    	1.14491    	38.1562    	145.258    	24.7992    	1.13707    	52.1634    	298.019    	10.7695    	1.50465    	13.0519    	35.7385    	56.9641    	1.16607    	4.03328    	65.1897    	45.298     	1.32952    	2.5759     	105.476    	32.2682    	0.997552   	71.175     	316.746    	6.11208    	1.56683    	6.59917    	70.8985	99.2336	86.1408	62.5419	63.8453	86.636	89.2666	69.4725	60.6106	64.0693	73.9791	60.0979	75.7999	70.6349	73.1122	6.41535e-06	4.25194e-06	1          	0.248283   	0.150792   	0.138051   	14.7765    	14.7765    	19.3108	
3.5e-10    	1.4        	0.146223   	0.158416   	0.974808   	0.284588   	0.309517   	0.429304   	0.848136   	0.434573   	-0.60222   	-0.797699  	0.0246815  	0.289246   	0.61839    	0.722789   	0.308258   	0.32364    	-0.388566  	-0.409842  	0.822657   	0.228873   	-0.27253   	-0.347338  	0.89676    	0.40922    	0.185629   	0.203492   	0.960575   	0.383321   	-0.660222  	-0.693175  	0.288848   	0.334043   	0.51341    	0.542118   	0.6639     	0.287968   	-0.542612  	-0.619087  	0.567095   	0.339791   	-0.0808005 	-0.114689  	0.988586   	0.276554   	0.565797   	0.649033   	0.508166   	0.369898   	-0.424702  	-0.573967  	0.699793   	0.399538   	0.569241   	0.757257   	0.319285   	0.313138   	-0.0404723 	-0.0266326 	0.997122   	0.27441    	385.49     	44.9183    	1.12065    	4.28493    	84.9049    	88.2869    	1.16718    	2.69773    	118.992    	12.7979    	0.76102    	79.5032    	59.8989    	36.6258    	0.862005   	72.804     	369.413    	23.8902    	0.899641   	34.4771    	144.259    	100.834    	1.39044    	1.88208    	255.541    	85.3006    	1.33035    	3.40182    	7.3622     	54.0123    	0.91797    	29.4357    	280.542    	11.6169    	0.980778   	59.5719    	181.145    	8.46212    	0.879898   	59.5393    	307.479    	65.655     	1.16894    	2.00089    	24.646     	71.9257    	1.07243    	9.99372    	52.3302    	75.6313    	1.0393     	5.26414    	148.894    	7.80131    	0.781855   	65.7542    	356.849    	56.7861    	1.2687     	1.70396    	75.8136	86.6733	89.6128	73.1365	69.4217	90.7439	95.6698	76.5262	77.9021	72.6767	69.9751	68.8705	83.3884	71.8279	76.0866	1.04743e-05	-8.57055e-06	1          	0.218061   	0.139185   	0.14862    	9.59109    	9.59111    	12.1306	
3.6e-10    	1.2        	0.350562   	0.139366   	0.925476   	0.26528    	0.298977   	0.535204   	0.78973    	0.423742   	-0.636902  	-0.769218  	-0.0508987 	0.341426   	0.647149   	0.73591    	0.198781   	0.367928   	-0.61801   	-0.398596  	0.676596   	0.235047   	-0.240457  	-0.460943  	0.853707   	0.389216   	0.114357   	0.304592   	0.944998   	0.353298   	-0.657677  	-0.730418  	0.183552   	0.373851   	0.6571     	0.541528   	0.523935   	0.310624   	-0.63955   	-0.626857  	0.444836   	0.371082   	0.0726876  	-0.21086   	0.97384    	0.246443   	0.565464   	0.719139   	0.403374   	0.392899   	-0.42446   	-0.664994  	0.614188   	0.405067   	0.638199   	0.741198   	0.207974   	0.356069   	-0.235326  	0.0239955  	0.970876   	0.247138   	119.459    	24.7378    	1.01533    	11.3823    	62.2262    	89.7059    	1.13273    	9.37131    	22.1341    	26.4618    	0.70645    	36.468     	10.3023    	41.9169    	0.960114   	26.9321    	134.04     	21.4645    	1.10975    	31.3476    	117.091    	108.343    	1.36315    	7.1526     	133.221    	96.6717    	1.32378    	4.42317    	15.3171    	59.1306    	0.971175   	17.0432    	84.2779    	9.35945    	0.938657   	23.0427    	41.5581    	6.88161    	0.858672   	16.9942    	121.48     	70.8347    	1.16717    	7.75468    	34.2065    	70.868     	1.13579    	11.8962    	37.8127    	76.8343    	1.16409    	12.5288    	28.8069    	10.9127    	0.885235   	25.5231    	109.178    	39.4953    	1.34755    	7.11691    	75.0269	89.1856	84.5494	85.6345	80.9774	98.8879	88.8257	81.7749	77.7339	78.3656	82.4874	83.7659	87.9919	80.1368	89.9311	1.15068e-05	4.68627e-06	1          	0.187904   	0.139766   	0.141829   	7.03545    	7.03544    	9.0503	
3.7e-10    	1          	0.550579   	0.0622303  	0.830761   	0.256928   	0.259383   	0.656948   	0.707204   	0.425516   	-0.64285   	-0.758329  	-0.107823  	0.387754   	0.637997   	0.761489   	0.113928   	0.40908    	-0.781147  	-0.337298  	0.523495   	0.248039   	-0.17834   	-0.602328  	0.777024   	0.382945   	0.0189195  	0.456075   	0.888456   	0.336909   	-0.622742  	-0.775963  	0.0988372  	0.41255    	0.75485    	0.513044   	0.407656   	0.330214   	-0.703454  	-0.618355  	0.349949   	0.394809   	0.246179   	-0.383294  	0.887992   	0.231922   	0.532157   	0.788441   	0.307725   	0.41988    	-0.392607  	-0.759119  	0.518653   	0.42063    	0.676016   	0.726426   	0.122956   	0.39229    	-0.441407  	0.148475   	0.882991   	0.233541   	249.431    	108.686    	1.23677    	61.5096    	148.578    	172.598    	1.35346    	30.8435    	20.87      	14.6526    	0.826037   	23.069     	7.40189    	45.7595    	0.945387   	23.3038    	197.856    	67.144     	1.24592    	70.5704    	210.034    	210.104    	1.50435    	36.9177    	243.018    	213.022    	1.55704    	40.9881    	22.4899    	80.4936    	0.904517   	20.5196    	133.408    	40.04      	1.39273    	34.0346    	77.6734    	18.4252    	1.06415    	15.9376    	236.112    	175.688    	1.621      	73.8691    	55.8822    	95.8147    	1.31796    	18.6281    	81.9185    	109.784    	1.27044    	23.1881    	51.2244    	9.8517     	1.15127    	15.625     	229.655    	135.984    	1.53219    	67.8579    	85.3094	101.006	87.9692	77.685	85.371	95.1152	109.806	80.3557	93.6014	77.7399	93.8433	89.2441	94.3995	92.8154	101.924	2.87655e-05	3.92781e-06	1          	0.157763   	0.141998   	0.149761   	5.61285    	5.61285    	7.02982	
3.8e-10    	0.8        	0.714326   	-0.0121683 	0.698894   	0.259428   	0.222571   	0.749203   	0.623756   	0.427818   	-0.652123  	-0.741794  	-0.155224  	0.425562   	0.633489   	0.772197   	0.0469124  	0.44195    	-0.885049  	-0.272753  	0.375849   	0.267816   	-0.116402  	-0.71472   	0.689531   	0.379874   	-0.0832123 	0.588221   	0.804149   	0.328547   	-0.597646  	-0.801204  	0.0284576  	0.444257   	0.827364   	0.471379   	0.304256   	0.352088   	-0.758074  	-0.59357   	0.269263   	0.415907   	0.417239   	-0.528247  	0.738878   	0.231596   	0.504346   	0.833328   	0.226167   	0.440388   	-0.36332   	-0.82431   	0.434117   	0.432122   	0.710021   	0.701739   	0.0545045  	0.421373   	-0.624755  	0.261337   	0.735059   	0.233418   	113.137    	65.8363    	1.56019    	58.0096    	14.5586    	13.7206    	1.66773    	5.10452    	71.7824    	43.6277    	1.39618    	4.93045    	42.6099    	23.6226    	1.31132    	3.36726    	101.469    	65.0409    	1.61172    	48.8972    	23.4852    	24.2338    	1.32563    	8.8846     	44.9702    	45.9496    	1.5189     	20.0712    	16.9121    	10.8038    	1.26662    	3.15025    	90.6387    	69.552     	1.09752    	21.0362    	69.6804    	72.4238    	1.18378    	4.85713    	69.7496    	59.278     	1.75965    	51.4626    	8.59866    	9.05849    	1.40607    	4.21701    	9.88848    	8.97857    	1.43757    	4.43053    	72.9653    	62.4564    	1.29719    	4.08939    	93.223     	57.5605    	1.56468    	59.3212    	95.6091	98.064	94.516	86.8531	83.2088	90.9282	97.6328	89.0838	77.7056	87.3939	94.2871	84.4078	87.0168	92.299	88.3681	1.41571e-05	-1.18445e-05	1          	0.127588   	0.141944   	0.144135   	4.75453    	4.75455    	6.03506	
3.9e-10    	0.6        	0.834354   	-0.081257  	0.54414    	0.274287   	0.208756   	0.811653   	0.545205   	0.426204   	-0.685253  	-0.701228  	-0.196454  	0.45864    	0.657058   	0.753734   	-0.011233  	0.469026   	-0.949485  	-0.199623  	0.240435   	0.296909   	-0.0741672 	-0.793985  	0.602835   	0.375414   	-0.166342  	0.68794    	0.705772   	0.324575   	-0.600477  	-0.798868  	-0.0337186 	0.470487   	0.885561   	0.413297   	0.210996   	0.378185   	-0.811524  	-0.549752  	0.197081   	0.438605   	0.542982   	-0.623363  	0.561732   	0.240946   	0.501544   	0.851247   	0.153921   	0.456698   	-0.357178  	-0.861978  	0.359428   	0.438948   	0.755491   	0.654932   	-0.00488854	0.448722   	-0.757616  	0.345394   	0.552807   	0.24616    	169.999    	98.629     	2.16346    	130.077    	81.27      	50.5221    	2.66678    	19.7906    	25.0535    	16.6269    	1.37628    	4.7283     	7.61857    	6.94232    	1.85637    	4.32833    	113.982    	74.2781    	1.93039    	73.5802    	110.452    	85.218     	2.21114    	43.4683    	134.748    	104.147    	2.85762    	78.7294    	21.4867    	16.6837    	1.69997    	4.12434    	70.5333    	54.5186    	1.86905    	23.6315    	63.6333    	56.4355    	2.11942    	10.4456    	159.249    	106.346    	2.71476    	170.279    	34.0751    	14.5036    	1.87305    	3.33233    	47.8662    	29.2822    	2.06469    	7.8071     	45.3758    	46.6216    	1.35067    	4.60222    	161.837    	126.479    	2.71837    	181.676    	98.1762	111.749	83.1121	96.6446	89.3254	97.436	113.976	88.4382	91.0408	101.725	109.328	85.2098	108.844	82.3545	106.407	7.03375e-05	1.70865e-05	0.999999   	0.0973208  	0.140099   	0.153502   	4.14183    	4.1418     	5.36225	
4e-10      	0.4        	0.91191    	-0.132249  	0.387674   	0.298183   	0.162195   	0.873102   	0.45946    	0.433309   	-0.689364  	-0.685821  	-0.232948  	0.490668   	0.646637   	0.760082   	-0.0638881 	0.494156   	-0.979879  	-0.149435  	0.129876   	0.328534   	0.00212349 	-0.867311  	0.497226   	0.381658   	-0.261453  	0.769922   	0.581476   	0.333447   	-0.573383  	-0.814125  	-0.0915982 	0.49632    	0.917192   	0.375633   	0.131162   	0.403206   	-0.841676  	-0.522628  	0.1346     	0.457761   	0.63508    	-0.678226  	0.368947   	0.265193   	0.467765   	0.879488   	0.087136   	0.473267   	-0.317843  	-0.904458  	0.284183   	0.449928   	0.773587   	0.63097    	-0.0559967 	0.47313    	-0.839541  	0.4018     	0.365082   	0.271346   	174.232    	85.9184    	3.89013    	171.095    	71.5593    	20.1079    	2.99468    	9.15281    	34.6533    	31.003     	2.7584     	5.32263    	7.9788     	16.8102    	3.20098    	6.14581    	133.869    	78.24      	4.07062    	103.735    	112.961    	40.9279    	3.09751    	31.338     	149.411    	68.4119    	3.63768    	86.3498    	13.0797    	7.45898    	2.5154     	5.85024    	97.4487    	61.6424    	2.9479     	42.347     	69.2607    	54.2188    	3.19014    	16.4568    	171.303    	65.745     	5.82615    	179.54     	34.6129    	6.5817     	4.05799    	7.69595    	48.1288    	8.46469    	3.42688    	3.9367     	58.6042    	54.7839    	2.68341    	6.44077    	183.282    	82.4805    	3.56722    	216.359    	113.912	101.689	106.778	94.0534	108.262	96.8679	107.997	84.3546	89.9047	110.191	122.501	120.699	101.284	91.815	92.5086	0.000152419	-0.000188061	0.999999   	0.0668686  	0.145558   	0.153686   	3.86981    	3.86978    	5.24061	
4.1e-10    	0.2        	0.949542   	-0.192362  	0.247081   	0.332937   	0.121831   	0.919223   	0.374169   	0.441924   	-0.705714  	-0.655393  	-0.269003  	0.518283   	0.652492   	0.749545   	-0.111368  	0.51154    	-0.996109  	-0.0794173 	0.0332256  	0.366479   	0.0755279  	-0.917408  	0.390383   	0.391604   	-0.339187  	0.827127   	0.447727   	0.351146   	-0.561279  	-0.814174  	-0.148466  	0.516256   	0.947533   	0.312657   	0.0644112  	0.429016   	-0.876444  	-0.473915  	0.0837271  	0.474422   	0.68038    	-0.706353  	0.19486    	0.301105   	0.445142   	0.895179   	0.0204701  	0.485606   	-0.287491  	-0.932895  	0.216612   	0.459059   	0.801981   	0.588997   	-0.0989057 	0.493189   	-0.873251  	0.44988    	0.1866     	0.308054   	76.9345    	67.2459    	5.62786    	92.5471    	41.354     	28.6281    	6.69613    	18.881     	11.8566    	17.9849    	3.97662    	6.16803    	8.44435    	6.8406     	4.93819    	5.98159    	61.9393    	62.2112    	7.89242    	54.4197    	58.8195    	42.2282    	10.8332    	47.7225    	84.138     	46.5326    	8.53869    	69.0874    	15.03      	5.68365    	5.11444    	6.87987    	49.5069    	50.1335    	6.15733    	23.5117    	37.4041    	51.0603    	6.24588    	7.39964    	91.522     	63.312     	6.62393    	135.841    	22.532     	10.8309    	6.79611    	8.09874    	31.7261    	13.2562    	7.14283    	6.4741     	24.1257    	28.6042    	4.35222    	6.95601    	97.1628    	51.9051    	11.4081    	127.198    	98.3683	109.571	86.191	86.9598	111.314	127.887	116.779	93.0024	114.755	123.481	84.985	129.506	105.819	91.9976	97.6028	-0.000173114	-0.000324829	0.999995   	0.0360469  	0.159096   	0.160615   	3.71896    	3.71887    	4.59911	
4.2e-10    	-0         	0.706045   	-0.190795  	0.435488   	0.27793    	-0.128485  	0.70309    	0.0828674  	0.356941   	-0.265963  	-0.44716   	-0.318047  	0.389859   	0.168697   	0.498094   	-0.356851  	0.376868   	-0.658799  	-0.143239  	-0.269811  	0.272106   	0.356016   	-0.549208  	0.460332   	0.324225   	-0.497918  	0.545576   	-0.06423   	0.301757   	-0.094189  	-0.54463   	-0.00741025	0.395897   	0.564845   	0.182982   	0.225665   	0.335957   	-0.363893  	-0.369125  	0.0664419  	0.366107   	0.629509   	-0.425002  	0.380771   	0.269277   	0.0622679  	0.617905   	-0.276152  	0.427111   	-0.00102536	-0.647495  	0.443435   	0.402529   	0.374254   	0.406117   	-0.353259  	0.367897   	-0.687122  	0.312556   	-0.319257  	0.284543   	26860.2    	4916.55    	3813.73    	12149.5    	11794.8    	61386.1    	22400      	21702.4    	70363.3    	35666.3    	10330.3    	45583.9    	68671.2    	54666.3    	380.64     	34266.4    	47569.3    	456.438    	1606.85    	28317.2    	2974.4     	55972.5    	1337.7     	9161.67    	597.582    	36702.7    	25572.8    	6416.62    	70304.1    	71158.5    	7384.72    	36326.3    	76027.1    	6302.74    	5290.55    	31773.4    	91691.4    	19199.7    	417.05     	41841.8    	6618.12    	22165.4    	3866.46    	8067.07    	49176.8    	79687      	5833.11    	20130      	27008      	59046.4    	9969.87    	5389.91    	84550.6    	22167      	782.363    	38245.3    	18914.3    	11252.1    	10881      	7858.21    	21127.1	20121.4	21110.3	5732.08	22285.7	30549.4	14890.7	13869.4	32040.6	14471.8	10004.1	21286.2	11279.3	5819	41980.7	0.0593803  	0.185233   	0.221764   	0.00255115 	1.47446    	1.61854    	191.352    	60.7225    	200391	
