#----------------------------------------------------------------------------------------------------------------------------------------------------------
# Output file for vampire simulation
#   time       : 2025-05-29 19:39:47     process id : 3472707
#   hostname   : thor3.psi.ch
#   path       : /scratch/dossan_f/Na2BaMn(PO4)2/vampire_tripleUC_15mat_J2Ja_small_k0.035_Jnn0.11_Bc_highstatistics
#   version    : 6.0.0
#   githash    : 4c9651daecc86c3e6b6df0c8055fcd9e89fd900c
#----------------------------------------------------------------------------------------------------------------------------------------------------------
2e-11      	8          	0.000396128	0.000584336	0.999813   	0.951757   	-0.000122964	-0.000255386	0.999969   	0.952064   	-0.00016844	-0.00048223	0.999481   	0.951408   	8.15372e-05	-9.61467e-05	0.999996   	0.952067   	-0.00049864	-0.000529222	0.999793   	0.951746   	0.000519841	0.000726016	0.999414   	0.951496   	-0.000250167	-0.000326486	0.999941   	0.952051   	0.000530333	-3.69261e-05	0.999289   	0.951319   	0.000124428	0.000464797	0.999936   	0.951878   	-0.000374153	-0.000469429	0.999658   	0.951535   	0.000396633	0.000540481	0.999618   	0.951598   	-0.000103651	-7.62496e-05	0.99999    	0.952084   	0.000477793	0.000697215	0.999332   	0.951397   	9.74231e-05	0.000111426	0.999985   	0.951966   	-0.000392335	-0.00056137	0.999882   	0.951903   	1.4866     	5.24218    	68.6862    	57.6168    	1.27964    	2.49632    	25.8586    	23.9752    	0.435795   	1.18017    	126.387    	106.25     	0.569471   	0.440761   	24.734     	24.7106    	4.54077    	3.87139    	71.3853    	59.3803    	3.09069    	4.45385    	126.029    	88.2946    	2.86997    	3.67259    	29.9498    	26.1985    	1.4658     	0.439446   	150.757    	114.135    	1.04148    	2.98812    	47.9728    	44.0788    	1.52479    	2.57115    	99.8845    	84.6151    	1.96408    	5.47893    	98.5025    	75.7171    	0.526594   	1.1517     	22.7136    	22.2832    	2.03124    	2.31117    	142.372    	103.469    	0.596689   	1.11126    	34.5027    	33.6637    	3.55386    	5.1118     	46.6368    	38.8635    	11748.5	1253.49	30773.2	1006.35	12440.5	30808.1	2012.55	39667.4	5888.81	21529.4	21146.8	753.901	36602	2753.99	5639.57	2.00884e-06	-1.08577e-05	1          	0.95169    	0.115743   	0.116269   	1011.32    	1011.32    	167678	
3e-11      	7.8        	1.92615e-05	3.61687e-05	0.999997   	0.949205   	-2.36163e-06	-3.04331e-05	0.999997   	0.949197   	2.27948e-05	6.71562e-05	0.999997   	0.949196   	-3.1467e-05	-9.03828e-05	0.999997   	0.949196   	0.000120809	1.91002e-05	0.999997   	0.949189   	-7.5964e-05	9.42517e-05	0.999997   	0.949193   	0.000171359	-4.88876e-06	0.999997   	0.949196   	-5.29587e-05	-3.25559e-05	0.999997   	0.949202   	-7.35315e-05	1.76487e-05	0.999997   	0.949226   	-0.000126059	-7.31044e-05	0.999997   	0.949194   	1.50852e-05	1.06627e-05	0.999996   	0.949214   	0.000151848	5.15959e-05	0.999997   	0.949189   	-6.75002e-05	7.43126e-05	0.999997   	0.949197   	3.84635e-05	3.39103e-05	0.999997   	0.949211   	5.62001e-05	-5.51248e-05	0.999997   	0.949208   	0.482144   	0.510117   	0.0172278  	0.0172197  	0.462213   	0.517029   	0.0175765  	0.0175828  	0.505527   	0.489564   	0.0172644  	0.017256   	0.454893   	0.477125   	0.0179558  	0.0179595  	0.474918   	0.478216   	0.0164933  	0.0164991  	0.454767   	0.455046   	0.017811   	0.0178074  	0.46092    	0.46123    	0.0174573  	0.017461   	0.483424   	0.467172   	0.0178045  	0.0178155  	0.469145   	0.469098   	0.017912   	0.0179011  	0.468573   	0.518751   	0.0172663  	0.0172585  	0.482335   	0.550653   	0.0188403  	0.0188317  	0.461404   	0.527791   	0.0176159  	0.0176182  	0.445295   	0.480572   	0.0178147  	0.0178174  	0.461153   	0.490602   	0.0185524  	0.0185482  	0.456761   	0.462025   	0.0178495  	0.0178565  	4.98765	5.15732	5.04355	5.41481	4.9173	5.18019	5.17804	5.3276	5.3048	5.12883	5.59395	5.23553	5.19311	5.45177	5.24371	1.10676e-05	7.88301e-06	1          	0.949198   	0.121544   	0.124712   	0.0238478  	0.0238477  	1.71209	
4e-11      	7.6        	7.84218e-06	-7.39865e-05	0.999996   	0.945308   	-0.000101235	0.000129569	0.999996   	0.945298   	6.04289e-05	-4.12663e-05	0.999996   	0.945311   	0.000242445	-8.86298e-05	0.999996   	0.945302   	-0.000178829	6.85237e-06	0.999996   	0.94531    	-4.01665e-05	0.000121326	0.999996   	0.945287   	-0.000116371	2.30095e-05	0.999996   	0.945312   	8.10273e-05	0.000143996	0.999996   	0.945292   	6.32879e-05	-0.000183759	0.999997   	0.945312   	6.96812e-05	-0.000114854	0.999996   	0.945296   	-6.77379e-05	-2.96081e-05	0.999996   	0.945288   	-2.04212e-05	0.00013559 	0.999996   	0.945322   	-0.000170455	4.40755e-05	0.999997   	0.945284   	0.000101213	-9.10784e-05	0.999997   	0.945294   	6.3879e-05 	0.000125409	0.999996   	0.945305   	0.48107    	0.554697   	0.0204783  	0.0204632  	0.511304   	0.513629   	0.0204039  	0.0203925  	0.527326   	0.541859   	0.0204282  	0.0204247  	0.516537   	0.511682   	0.0201031  	0.0200951  	0.571909   	0.498641   	0.0203495  	0.0203444  	0.515239   	0.530433   	0.0214862  	0.0214818  	0.517941   	0.510854   	0.0189939  	0.0189944  	0.495332   	0.522941   	0.0191612  	0.0191493  	0.486611   	0.490054   	0.0206395  	0.0206433  	0.511691   	0.494733   	0.0203704  	0.0203707  	0.507296   	0.533714   	0.020899   	0.0208942  	0.516818   	0.527601   	0.0214987  	0.0214981  	0.50003    	0.493437   	0.0205624  	0.0205719  	0.496968   	0.493153   	0.0198253  	0.019821   	0.544558   	0.522648   	0.0196083  	0.0196157  	5.63671	5.55056	5.64636	5.45406	5.55605	5.82068	5.10745	5.35637	5.53671	5.46236	5.59966	5.83779	5.69346	5.4516	5.45683	-3.55554e-07	7.11206e-06	1          	0.945298   	0.12187    	0.125098   	0.028088   	0.0280883  	1.73926	
5e-11      	7.4        	0.000100788	-7.89637e-05	0.999996   	0.940782   	-7.86881e-05	6.95791e-05	0.999996   	0.940785   	-4.60124e-05	3.48308e-05	0.999996   	0.940798   	-1.50258e-06	-8.06126e-06	0.999996   	0.940795   	-2.50287e-05	0.000105461	0.999996   	0.940771   	6.99952e-05	-9.96146e-05	0.999995   	0.940781   	-9.09239e-05	-0.000167285	0.999996   	0.940801   	-2.18689e-06	7.2303e-05 	0.999996   	0.940791   	0.000111751	7.30798e-05	0.999996   	0.940795   	-0.000148652	-0.000102298	0.999996   	0.940808   	0.000129853	6.99419e-05	0.999996   	0.940792   	3.71484e-05	-1.21067e-05	0.999996   	0.940782   	-0.000153039	5.6166e-05 	0.999996   	0.940785   	-1.2472e-06	-5.81428e-05	0.999996   	0.940809   	0.000130978	7.93018e-06	0.999996   	0.940779   	0.568001   	0.55902    	0.0240059  	0.0239931  	0.605484   	0.575513   	0.0232808  	0.0232835  	0.553334   	0.549391   	0.0244413  	0.0244351  	0.62195    	0.62029    	0.0243787  	0.0243519  	0.633265   	0.567159   	0.0249822  	0.0249796  	0.691601   	0.612028   	0.0252223  	0.0252041  	0.530927   	0.596534   	0.0226473  	0.0226423  	0.633505   	0.600836   	0.022456   	0.0224499  	0.612325   	0.583739   	0.023147   	0.0231345  	0.596107   	0.665528   	0.024038   	0.0240273  	0.569958   	0.557743   	0.0245152  	0.0245187  	0.583461   	0.583033   	0.0231164  	0.023098   	0.632685   	0.610897   	0.0257883  	0.0257774  	0.601136   	0.613442   	0.0249889  	0.0249738  	0.580384   	0.601673   	0.0238934  	0.0238909  	5.92128	5.64606	5.93061	6.12065	6.13787	6.31633	5.80336	5.694	5.74442	5.90178	6.04626	5.66459	6.34904	6.26491	6.028	2.21063e-06	-2.48937e-06	1          	0.940786   	0.126218   	0.12118    	0.0358387  	0.0358383  	1.80423	
6e-11      	7.2        	-2.44289e-05	-1.28344e-05	0.999995   	0.935499   	2.63962e-05	-0.000162097	0.999995   	0.935496   	3.49571e-05	0.000171548	0.999995   	0.935504   	-7.9571e-05	-3.04959e-06	0.999995   	0.935498   	-0.000154726	-5.08058e-05	0.999995   	0.93549    	0.000181327	3.01152e-05	0.999995   	0.935503   	-0.000127791	0.000224869	0.999995   	0.935497   	3.8435e-05 	5.63679e-05	0.999995   	0.935504   	0.000100018	-0.000277738	0.999995   	0.935512   	-0.000264122	0.000187625	0.999995   	0.935517   	0.000394187	-0.000258171	0.999995   	0.935494   	-0.000144308	4.80789e-05	0.999995   	0.935537   	0.000119804	-3.89271e-05	0.999995   	0.935494   	-0.0001336 	-9.46819e-05	0.999995   	0.935517   	-2.06598e-05	0.000161156	0.999995   	0.935496   	0.700618   	0.626764   	0.0291637  	0.0291509  	0.66905    	0.703705   	0.0285236  	0.0285041  	0.655918   	0.706956   	0.0271776  	0.0271702  	0.727353   	0.702415   	0.0277284  	0.0277346  	0.678697   	0.712627   	0.0291431  	0.0291423  	0.73373    	0.675172   	0.0285724  	0.0285889  	0.664221   	0.731294   	0.0297649  	0.0297547  	0.638047   	0.699519   	0.0290055  	0.0289829  	0.668423   	0.64867    	0.0273409  	0.0273329  	0.607195   	0.672967   	0.0291307  	0.0291274  	0.660702   	0.71266    	0.0298954  	0.0299086  	0.676291   	0.711027   	0.0279283  	0.0279325  	0.687207   	0.710193   	0.0281016  	0.0280775  	0.6955     	0.717603   	0.0272509  	0.0272501  	0.747338   	0.707115   	0.0284099  	0.0284312  	6.65834	6.57201	6.19238	6.42138	6.57298	6.35919	6.71588	6.79145	6.57123	6.65495	6.7434	6.35614	6.66168	6.3731	6.47458	-3.61639e-06	-1.23548e-06	1          	0.935499   	0.124825   	0.12094    	0.0430905  	0.0430901  	1.79915	
7e-11      	7          	0.000230361	4.59242e-05	0.999994   	0.929278   	-9.72731e-05	6.75945e-05	0.999994   	0.929271   	-0.000105557	-8.70904e-05	0.999994   	0.929268   	-6.95816e-05	-0.000115619	0.999995   	0.929282   	0.000217557	0.000153725	0.999994   	0.929294   	-0.000109345	-1.91394e-05	0.999994   	0.929269   	0.000228204	2.18558e-06	0.999995   	0.929262   	9.19187e-05	6.23957e-06	0.999994   	0.929254   	-0.000317845	-7.32723e-05	0.999994   	0.929267   	0.000226429	5.65986e-05	0.999994   	0.929277   	-0.000118446	-3.48785e-05	0.999994   	0.929287   	-0.000134681	-3.20604e-05	0.999994   	0.92928    	8.21155e-05	-5.5097e-05	0.999994   	0.929265   	9.11359e-05	-7.18604e-05	0.999995   	0.929237   	-0.00016089	0.000155874	0.999995   	0.929285   	0.846671   	0.866217   	0.0322045  	0.0322137  	0.848608   	0.751668   	0.0344273  	0.0344196  	0.752933   	0.868459   	0.03491    	0.0349141  	0.758234   	0.739597   	0.0324346  	0.0324429  	0.768697   	0.789191   	0.0333706  	0.0333652  	0.786679   	0.800501   	0.0373638  	0.0373619  	0.715546   	0.769859   	0.0358975  	0.03586    	0.793925   	0.792805   	0.0354432  	0.0354432  	0.757198   	0.813932   	0.0351966  	0.0351909  	0.782579   	0.80185    	0.0307651  	0.0307482  	0.779128   	0.773766   	0.0328832  	0.0328801  	0.792424   	0.770821   	0.035522   	0.0354968  	0.794286   	0.868181   	0.0347955  	0.0348062  	0.769133   	0.722886   	0.034637   	0.0346374  	0.755773   	0.726519   	0.0347113  	0.0347415  	6.95752	7.40416	7.25213	6.89192	7.01082	7.50839	7.4522	7.24086	7.39557	6.60023	6.7691	7.15807	7.36395	7.17144	7.08674	3.61966e-06	-6.54036e-08	1          	0.929267   	0.131166   	0.131423   	0.0537533  	0.0537528  	1.75172	
8e-11      	6.8        	5.17343e-05	-9.50822e-06	0.999992   	0.921829   	-8.83901e-06	0.000117599	0.999993   	0.921847   	-4.56605e-05	-1.48022e-05	0.999993   	0.921884   	9.76627e-05	-0.000336698	0.999993   	0.921872   	-0.00022434	0.000115168	0.999993   	0.921877   	0.000123591	0.000253088	0.999993   	0.921837   	-3.42802e-05	-1.70506e-05	0.999993   	0.921856   	0.000105474	-2.59513e-05	0.999993   	0.92186    	-9.08852e-05	5.29346e-05	0.999993   	0.921863   	-0.000190147	-9.55176e-05	0.999993   	0.921866   	-0.00011668	-2.15179e-05	0.999993   	0.921833   	0.00027426 	0.000203721	0.999992   	0.921904   	7.08962e-06	-0.000108579	0.999993   	0.921837   	-4.91234e-05	-7.10048e-05	0.999993   	0.921882   	0.00010966 	0.000188381	0.999993   	0.92187    	1.02726    	1.06266    	0.0428069  	0.0427712  	0.933523   	0.954827   	0.0453288  	0.0452743  	0.95476    	1.0928     	0.042181   	0.0421834  	0.977238   	0.926559   	0.0430265  	0.0430112  	0.924585   	0.951823   	0.0438581  	0.0438304  	0.975377   	0.943109   	0.0420308  	0.0420174  	0.945978   	0.967941   	0.0420256  	0.042002   	0.987247   	0.948491   	0.0405017  	0.040497   	0.9428     	0.960402   	0.0415341  	0.0415379  	0.89486    	1.01029    	0.043377   	0.0433579  	0.950963   	1.04248    	0.0420072  	0.0419616  	0.988231   	1.05245    	0.0421773  	0.0421633  	0.947574   	0.846982   	0.0391573  	0.0391767  	0.947055   	1.05363    	0.0412054  	0.0412168  	1.00129    	0.962118   	0.0439943  	0.0439623  	8.05842	8.6287	8.08787	8.16734	8.37829	8.17747	7.83872	7.83219	7.80716	8.21868	8.13414	8.09278	7.57046	7.86336	7.98792	6.48551e-07	1.53602e-05	1          	0.921855   	0.133095   	0.130948   	0.0721431  	0.0721436  	1.83501	
9e-11      	6.6        	0.000205309	-5.37098e-05	0.999991   	0.912938   	0.000134746	-0.000125836	0.999992   	0.912966   	-0.000258045	0.00020821 	0.999992   	0.912932   	-3.67572e-05	7.1942e-05 	0.999992   	0.912972   	2.32798e-06	-0.000299717	0.999991   	0.912981   	6.16824e-05	0.000228318	0.999992   	0.912968   	0.000190527	-0.000113082	0.999991   	0.913009   	-0.000214124	-1.19946e-05	0.999991   	0.91294    	3.81575e-06	0.000102205	0.999991   	0.913001   	0.000106997	2.075e-05  	0.999991   	0.91296    	4.41252e-05	-0.000118896	0.999991   	0.91296    	-0.000141033	7.73999e-05	0.999991   	0.912979   	0.000117367	0.000235201	0.999992   	0.912974   	-7.40074e-05	-0.000203152	0.999992   	0.912939   	-6.47075e-07	-1.60394e-05	0.999992   	0.912955   	1.26458    	1.0646     	0.0547176  	0.0547362  	1.09194    	1.15883    	0.0512439  	0.0512329  	1.04908    	1.13674    	0.0512946  	0.0513111  	1.22871    	1.05256    	0.0521358  	0.0521427  	1.16835    	1.14066    	0.051221   	0.0512726  	1.11096    	1.13572    	0.0523391  	0.0523754  	1.09888    	1.18532    	0.0527483  	0.0527433  	1.248      	1.07067    	0.0524485  	0.0524154  	1.23099    	1.10089    	0.0507836  	0.0507268  	1.27339    	1.19014    	0.0522401  	0.0523132  	1.1245     	1.1661     	0.050075   	0.0501025  	1.11778    	1.21721    	0.053059   	0.0529968  	1.11106    	1.05662    	0.0537343  	0.0537109  	1.07319    	1.06763    	0.0508091  	0.0508174  	1.08886    	1.04919    	0.0527558  	0.0528332  	9.28278	8.82026	8.81536	8.85588	8.99641	8.97907	9.19553	9.06485	9.1136	9.06957	8.53755	9.20031	9.26159	8.71678	9.27338	9.5093e-06 	1.01718e-07	1          	0.912957   	0.132502   	0.131037   	0.0909205  	0.0909206  	1.72108	
1e-10      	6.4        	0.000214968	4.68189e-05	0.999989   	0.902225   	-0.000389995	0.000271837	0.999989   	0.902213   	0.000168455	-0.000360962	0.99999    	0.902215   	-0.000419484	0.000484942	0.999989   	0.902233   	0.000264872	-9.1219e-05	0.999989   	0.902247   	0.000131565	-0.000396671	0.999989   	0.902194   	5.64625e-05	0.000380568	0.999988   	0.902246   	-0.000195451	0.000143723	0.999989   	0.902265   	0.00011794 	-0.000459552	0.999989   	0.902221   	-0.000306661	5.24618e-05	0.999988   	0.902252   	0.000173048	-0.000273865	0.999989   	0.902232   	0.00015813 	0.000244107	0.999989   	0.902226   	0.000264122	0.000269978	0.999989   	0.902276   	-0.000407176	-0.000258763	0.999989   	0.902201   	0.000109478	-5.8831e-05	0.999988   	0.902242   	1.48977    	1.29936    	0.071119   	0.0711421  	1.36748    	1.40643    	0.064316   	0.0642634  	1.33769    	1.29831    	0.0679601  	0.0680089  	1.45597    	1.37633    	0.0661631  	0.0661219  	1.3925     	1.54588    	0.0684265  	0.0684223  	1.44057    	1.41024    	0.0657496  	0.0657274  	1.54838    	1.50267    	0.0669683  	0.0669492  	1.59404    	1.32326    	0.068995   	0.0689678  	1.44464    	1.43634    	0.064043   	0.0641069  	1.47433    	1.57454    	0.0653173  	0.0652831  	1.50965    	1.40795    	0.0648697  	0.0648791  	1.46896    	1.32668    	0.0673429  	0.0673338  	1.46112    	1.44809    	0.0681601  	0.0682147  	1.55135    	1.35666    	0.0669201  	0.0669604  	1.48822    	1.60786    	0.0671463  	0.0670277  	10.967	10.2237	10.5017	10.3836	10.6279	10.4129	10.0565	10.5414	10.0657	10.3419	10.3294	10.2784	10.7531	11.0107	10.9067	-3.97551e-06	-3.39683e-07	1          	0.902223   	0.138294   	0.139553   	0.117996   	0.117996   	1.69087	
1.1e-10    	6.2        	-0.000434056	-0.000556432	0.999983   	0.889255   	-9.57871e-05	-0.000165344	0.999985   	0.889234   	0.000527332	0.000638685	0.999984   	0.889262   	0.000290787	-0.000351206	0.999986   	0.889241   	-0.000299128	0.000748652	0.999986   	0.889294   	2.33786e-05	-0.000375715	0.999983   	0.889258   	-0.000297459	0.00015372 	0.999985   	0.889241   	0.000196925	-0.000278224	0.999984   	0.88921    	5.92894e-06	0.000140547	0.999985   	0.889256   	0.000294443	2.62475e-05	0.999985   	0.889303   	0.000197262	-0.000626358	0.999986   	0.88926    	-0.000493527	0.000581457	0.999984   	0.889252   	6.8065e-05 	2.20218e-05	0.999985   	0.889288   	-0.000401109	-2.12519e-05	0.999984   	0.889262   	0.000340528	3.58509e-05	0.999984   	0.889232   	1.95206    	2.25895    	0.0882014  	0.0880102  	1.95324    	1.85553    	0.0839756  	0.0840173  	1.82643    	2.05121    	0.0852482  	0.0851734  	1.91369    	1.74328    	0.0907488  	0.0907575  	1.67047    	1.93431    	0.0836348  	0.083591   	2.00344    	2.23261    	0.0912186  	0.0912481  	1.83751    	1.89584    	0.0839484  	0.0839514  	1.92064    	2.21228    	0.0850321  	0.084917   	1.94464    	1.92286    	0.0866155  	0.0866093  	1.7741     	2.1087     	0.0946049  	0.0946105  	1.68243    	1.7159     	0.0862491  	0.0862204  	2.03398    	2.08117    	0.0909683  	0.090595   	1.77301    	2.01281    	0.0916686  	0.0916483  	2.08559    	1.98947    	0.0879031  	0.0878232  	1.83635    	2.3265     	0.0896733  	0.0896954  	12.7237	11.6133	12.0847	12.7115	12.3909	12.9683	11.7672	12.1364	12.2436	12.9643	12.6524	13.3131	13.2775	12.0984	12.6561	-5.08242e-06	-1.81678e-06	1          	0.889243   	0.132009   	0.139941   	0.167448   	0.167446   	1.66698	
1.2e-10    	6          	-0.000303321	-0.00105983	0.999979   	0.873446   	0.000472034	0.000563507	0.999979   	0.873582   	-0.000182472	0.000494378	0.999979   	0.873629   	-0.000137466	-0.000466817	0.999977   	0.873513   	0.000733221	0.000394615	0.999977   	0.873508   	-0.000555563	3.87798e-05	0.99998    	0.873592   	0.000565002	4.88838e-05	0.999977   	0.873519   	-0.000622687	0.000293722	0.999977   	0.873529   	5.83978e-05	-0.000290851	0.999978   	0.873547   	-0.000358539	0.000983789	0.999979   	0.87357    	-3.46142e-05	-0.000514662	0.99998    	0.873546   	0.000355325	-0.00042237	0.999978   	0.873549   	0.000531241	0.000135843	0.99998    	0.873595   	-0.000334463	-0.00032705	0.99998    	0.873514   	-0.000115929	0.000173192	0.999978   	0.873525   	2.51861    	2.39896    	0.11124    	0.110973   	2.41871    	2.7392     	0.12538    	0.125385   	2.49229    	2.54196    	0.116829   	0.116881   	2.71855    	2.83255    	0.117171   	0.117126   	2.81011    	2.77156    	0.12835    	0.128304   	2.34736    	2.43466    	0.108233   	0.108324   	2.79887    	2.73431    	0.120163   	0.12032    	3.06978    	2.56034    	0.115621   	0.115629   	2.66616    	2.69837    	0.119791   	0.119817   	2.56376    	2.51398    	0.112173   	0.112075   	2.5526     	2.29643    	0.116409   	0.116354   	2.78688    	2.59704    	0.11428    	0.114172   	2.76598    	2.18395    	0.115563   	0.115513   	2.34847    	2.51115    	0.114411   	0.114548   	2.59082    	2.76606    	0.118186   	0.117797   	14.874	15.1592	14.0413	15.135	15.6237	13.9992	15.2601	14.9351	14.9585	15.1925	14.9073	14.5023	14.2238	14.7015	14.9731	4.69471e-06	3.03921e-06	1          	0.873526   	0.140795   	0.141832   	0.223221   	0.22322    	1.4657	
1.3e-10    	5.8        	-0.00028967	-0.000580904	0.999962   	0.854644   	-5.50514e-05	0.000387168	0.999958   	0.854617   	0.000391608	0.000167372	0.999966   	0.854745   	0.00114135 	-0.000329566	0.999965   	0.854655   	0.000697322	0.000292597	0.999968   	0.854614   	-0.00187762	1.86448e-05	0.999964   	0.85475    	-0.000326646	0.000104635	0.999967   	0.8546     	0.000170551	-0.000714591	0.999967   	0.854597   	0.000170388	0.000607695	0.999967   	0.854682   	0.000941772	-0.00118487	0.999965   	0.854668   	-0.000819968	-0.00034412	0.999965   	0.854618   	-0.00014179	0.00153267 	0.999963   	0.854632   	-0.000360057	-0.00108593	0.999952   	0.854675   	-0.000946043	1.91171e-05	0.999964   	0.854721   	0.00131955 	0.00106348 	0.999958   	0.854586   	4.56485    	4.39824    	0.161156   	0.161557   	4.82037    	5.02037    	0.161939   	0.161516   	4.22667    	3.82409    	0.167558   	0.167267   	3.66659    	4.34967    	0.154808   	0.15468    	3.74967    	3.70249    	0.166428   	0.166481   	3.70643    	4.284      	0.14111    	0.140696   	3.96186    	3.86251    	0.14892    	0.148351   	4.12787    	3.61294    	0.164413   	0.164792   	3.82157    	3.99214    	0.157637   	0.158146   	3.86313    	4.22276    	0.167966   	0.16808    	3.82126    	4.26996    	0.150499   	0.15063    	3.64099    	4.77544    	0.172944   	0.173004   	4.84562    	6.37925    	0.158727   	0.158919   	4.36603    	4.0494     	0.168844   	0.168687   	4.42909    	5.14542    	0.16355    	0.163467   	19.0655	18.9811	18.6085	18.0648	18.59	17.1754	17.2542	18.3292	18.4995	18.8166	17.2738	19.9545	18.7545	19.4802	18.7072	9.9841e-07 	-3.25817e-06	1          	0.854622   	0.140447   	0.138995   	0.281347   	0.281345   	1.31174	
1.4e-10    	5.6        	0.00151935 	-0.000929263	0.999938   	0.832209   	4.53715e-05	-0.00278153	0.99994    	0.832137   	-0.00163422	0.003679   	0.999926   	0.832096   	0.00402672 	-0.00187106	0.999921   	0.832144   	-0.00408926	0.00342138 	0.999909   	0.832192   	4.43939e-05	-0.00153963	0.999931   	0.832067   	-0.00124106	0.00127517 	0.999934   	0.832101   	-0.00182004	0.00102777 	0.999928   	0.832177   	0.00308437 	-0.00229487	0.999935   	0.832116   	-0.00230033	0.00036474 	0.999928   	0.832161   	0.00116748 	-0.000193808	0.999933   	0.832049   	0.00109088 	-0.000149315	0.999913   	0.832071   	-0.000421358	0.00240798 	0.999919   	0.832136   	0.0011109  	-0.00209762	0.999932   	0.832144   	-0.000673155	-0.000357444	0.999935   	0.832149   	6.79416    	6.67809    	0.22165    	0.221685   	4.61998    	7.9016     	0.248748   	0.248326   	8.70513    	6.02313    	0.212439   	0.211406   	6.7844     	8.65986    	0.254651   	0.254542   	8.63004    	8.4983     	0.222216   	0.222189   	7.16702    	8.06879    	0.254511   	0.254876   	6.26183    	8.17541    	0.242082   	0.241706   	6.78168    	8.89652    	0.232684   	0.234011   	5.52758    	7.29255    	0.244907   	0.24491    	8.27359    	7.25704    	0.245497   	0.246722   	6.40538    	8.4697     	0.259863   	0.259408   	8.52051    	10.6583    	0.232615   	0.232405   	7.60994    	9.9178     	0.247401   	0.251312   	7.68534    	6.82167    	0.232449   	0.232877   	5.75043    	8.66734    	0.236325   	0.236691   	24.5516	24.4169	21.9083	26.6961	23.2183	26.5988	25.8341	24.599	26.0955	24.8484	26.9279	23.6646	24.1929	25.3135	24.5809	-5.98193e-06	-2.4615e-06	1          	0.83207    	0.146376   	0.144679   	0.410161   	0.41016    	1.48131	
1.5e-10    	5.4        	-0.00034397	-0.0159928 	0.9996     	0.805515   	0.0153189  	0.0109454  	0.999634   	0.805153   	-0.015024  	0.00502226 	0.999494   	0.805284   	0.0131067  	-0.00383213	0.999601   	0.805298   	0.000310252	0.0159107  	0.999586   	0.805664   	-0.0133545 	-0.0121617 	0.999662   	0.80497    	0.0116993  	0.0134913  	0.999665   	0.80497    	-0.0133278 	0.000619773	0.999656   	0.805482   	0.0016781  	-0.0140986 	0.999608   	0.80555    	-0.00498827	0.0100979  	0.999633   	0.805391   	-0.00889798	-0.0132619 	0.99969    	0.805452   	0.0139133  	0.00321954 	0.999697   	0.805111   	-0.0171735 	-0.00723014	0.999613   	0.80483    	0.0104253  	-0.00692063	0.999627   	0.805569   	0.00673819 	0.0141395  	0.999648   	0.80553    	23.7627    	33.0736    	0.398984   	0.385834   	24.7531    	14.7692    	0.389323   	0.392555   	34.9075    	44.7124    	0.469993   	0.470364   	33.6363    	30.3891    	0.361139   	0.376312   	21.3043    	38.8375    	0.359977   	0.367997   	24.6287    	11.8847    	0.424254   	0.410562   	23.8921    	12.7192    	0.397474   	0.39961    	26.7993    	26.5391    	0.374938   	0.375756   	21.6552    	39.2058    	0.371946   	0.401222   	18.3635    	45.1933    	0.426981   	0.446891   	21.624     	16.5482    	0.423171   	0.415554   	18.4831    	23.5757    	0.390557   	0.390085   	28.5674    	15.9746    	0.447963   	0.427214   	24.483     	37.2096    	0.391946   	0.41798    	26.6298    	21.3375    	0.445135   	0.454503   	34.8011	38.1098	39.2519	33.2321	33.4788	35.8995	33.1384	33.8628	35.7899	37.0212	38.2295	36.6952	39.3976	36.6983	40.2794	7.01349e-06	-4.13068e-06	1          	0.805018   	0.145899   	0.143833   	0.683689   	0.683687   	4.58109	
1.6e-10    	5.2        	0.041367   	-0.01052   	0.998664   	0.77505    	-0.0448228 	-0.0754867 	0.995498   	0.766491   	0.00294745 	0.0843452  	0.996101   	0.781695   	-0.0132127 	-0.0906865 	0.995449   	0.779057   	-0.0373857 	0.026314   	0.998599   	0.778995   	0.0515712  	0.0657911  	0.995808   	0.765271   	-0.0552386 	-0.0511652 	0.996475   	0.766036   	0.0280009  	0.094698   	0.994636   	0.776159   	0.0263172  	-0.0441212 	0.998423   	0.781415   	-0.0144468 	0.0655889  	0.99746    	0.783362   	0.0524762  	0.0337334  	0.997492   	0.768126   	-0.0373638 	-0.099995  	0.993796   	0.772621   	0.0431139  	0.0898294  	0.99444    	0.769335   	0.00594125 	-0.0773664 	0.996741   	0.783147   	-0.0491483 	-0.0110814 	0.998166   	0.771214   	51.1286    	30.975     	1.11297    	1.08221    	38.2856    	80.8636    	4.22433    	2.24162    	25.0795    	40.4667    	2.97015    	3.71554    	15.5714    	52.0433    	1.70669    	2.55396    	53.6643    	15.9438    	0.917523   	1.16053    	55.4725    	73.0494    	4.91878    	2.93954    	56.017     	71.8954    	5.62019    	3.73704    	21.563     	71.1669    	1.25721    	1.95772    	40.5476    	9.87199    	2.05489    	2.23536    	40.5359    	15.512     	3.17066    	3.57803    	51.2299    	54.0284    	4.60432    	3.36708    	22.148     	71.2838    	1.49736    	1.0106     	36.9106    	72.4738    	3.17004    	1.54027    	31.9803    	16.4226    	3.79065    	4.11491    	54.1239    	53.4751    	2.61729    	2.21487    	80.5759	189.777	311.726	174.458	132.902	224.375	282.84	99.5707	244.335	352.955	234.354	64.1674	135.176	395.578	147.234	1.77899e-06	5.44284e-07	1          	0.771837   	0.146067   	0.145289   	2.99576    	2.99577    	66.6101	
1.7e-10    	5          	0.0456505  	0.0483606  	0.997654   	0.752524   	-0.0844177 	-0.18748   	0.978341   	0.713008   	0.0332471  	0.125396   	0.991334   	0.775239   	-0.0521221 	-0.154216  	0.98643    	0.763395   	-0.0287631 	-0.00716786	0.99938    	0.767323   	0.0870505  	0.173497   	0.980776   	0.710657   	-0.0859636 	-0.146953  	0.985216   	0.714328   	0.0691253  	0.174449   	0.981967   	0.748921   	0.0125126  	-0.0329324 	0.999196   	0.778133   	0.000724091	0.0647949  	0.997737   	0.782946   	0.0764021  	0.119412   	0.989745   	0.724559   	-0.0762664 	-0.1871    	0.979081   	0.733929   	0.0830504  	0.191132   	0.977671   	0.721171   	-0.0169864 	-0.0933708 	0.995278   	0.781918   	-0.0630052 	-0.0877184 	0.994006   	0.737956   	12.9321    	11.2418    	6.52214    	6.63092    	28.0306    	15.3156    	9.71137    	5.90503    	25.0001    	16.8864    	1.03314    	1.52259    	27.6044    	14.2424    	2.47823    	1.45762    	20.9461    	13.3368    	9.07833    	9.00122    	19.7573    	10.6754    	5.20979    	3.0667     	18.4713    	10.8491    	2.65632    	1.9939     	31.7998    	13.5082    	5.61188    	3.01591    	26.5564    	9.3026     	10.3392    	10.4312    	21.9305    	10.5066    	6.91919    	7.50856    	13.9379    	12.4734    	2.09566    	2.46821    	30.2813    	15.8003    	9.03769    	4.82637    	35.9245    	20.3436    	10.2771    	5.23503    	24.3627    	17.6247    	2.91989    	3.92928    	13.4365    	11.9446    	3.78411    	3.93844    	467.386	594.722	96.1483	174.617	634.648	314.189	159.916	364.871	724.187	504.647	130.011	569.055	627.828	246.457	259.941	1.16875e-05	8.44763e-06	1          	0.738944   	0.136077   	0.142912   	0.862456   	0.862456   	11.635	
1.8e-10    	4.8        	0.0233241  	0.0766294  	0.996558   	0.741186   	-0.128336  	-0.335141  	0.932405   	0.67913    	0.0902844  	0.22109    	0.970222   	0.772883   	-0.105178  	-0.265541  	0.95735    	0.754139   	2.24096e-05	-0.0099157 	0.999693   	0.762188   	0.117439   	0.307581   	0.943484   	0.675827   	-0.0974055 	-0.263459  	0.959191   	0.682259   	0.120436   	0.307179   	0.942949   	0.732408   	-0.0278778 	-0.0582554 	0.997531   	0.778382   	0.0524583  	0.119515   	0.990952   	0.785835   	0.0753661  	0.205085   	0.975512   	0.69754    	-0.132118  	-0.333534  	0.932326   	0.710492   	0.133827   	0.344833   	0.927996   	0.691184   	-0.0752233 	-0.173193  	0.981385   	0.784634   	-0.0464084 	-0.14262   	0.988462   	0.718371   	8.81338    	30.4009    	6.00286    	4.78713    	15.0624    	132.981    	2.20282    	14.4141    	16.6818    	138.793    	5.14618    	3.50822    	21.4551    	152.162    	6.34149    	5.71087    	12.2966    	35.7109    	4.49785    	4.303      	8.40978    	106.201    	2.60728    	11.272     	6.36012    	76.7306    	4.47823    	8.50374    	20.1642    	151.431    	6.89102    	7.41124    	20.2824    	54.8071    	2.35227    	3.13841    	18.9426    	78.6245    	2.60322    	2.94635    	7.57706    	44.5325    	7.05964    	9.14773    	13.3405    	157.95     	6.08174    	9.26909    	13.0627    	149.03     	4.27811    	12.1373    	9.89394    	110.939    	3.16555    	2.45833    	7.64591    	29.2872    	6.99369    	6.43981    	385.161	128.772	331.606	399.156	301.529	157.182	281.733	413.705	172.658	187.617	445.224	370.236	250.635	210.455	446.609	5.41029e-06	-5.25566e-07	1          	0.707156   	0.141548   	0.148593   	0.596005   	0.596004   	5.70597	
1.9e-10    	4.6        	-0.0176401 	0.108941   	0.993551   	0.728726   	-0.12197   	-0.465821  	0.87571    	0.657983   	0.121068   	0.295395   	0.94737    	0.767648   	-0.131326  	-0.356119  	0.92479    	0.746976   	0.0457537  	-0.019626  	0.998493   	0.753418   	0.0979238  	0.431143   	0.896267   	0.652107   	-0.0734961 	-0.3717    	0.924654   	0.658493   	0.138916   	0.408013   	0.901925   	0.721185   	-0.067109  	-0.0643212 	0.995413   	0.771881   	0.0868341  	0.144243   	0.985475   	0.781483   	0.0466773  	0.296537   	0.953168   	0.676076   	-0.143083  	-0.450232  	0.880861   	0.695792   	0.137327   	0.468717   	0.87191    	0.672704   	-0.106077  	-0.221753  	0.969068   	0.77942    	-0.0135301 	-0.202997  	0.978526   	0.700624   	42.4544    	14.8601    	4.13033    	3.75436    	31.8867    	68.8079    	3.26471    	15.0028    	14.1919    	39.4391    	5.31388    	4.20216    	10.6936    	56.3542    	3.52295    	7.4965     	38.5279    	9.85962    	3.08571    	2.6754     	42.5447    	52.9791    	6.88014    	17.6682    	51.1641    	55.8219    	2.92498    	8.11597    	11.4241    	64.7199    	3.72587    	15.8107    	33.565     	14.6153    	3.97485    	3.07778    	29.126     	18.3439    	3.18192    	2.24766    	49.3349    	52.0163    	4.20512    	5.2974     	15.5155    	72.203     	3.80344    	20.4468    	26.2264    	77.9148    	2.60034    	16.9349    	23.0517    	23.167     	3.28268    	2.40297    	52.7799    	32.9275    	5.03523    	4.23998    	258.464	182.815	320.025	219.636	195.646	395.448	169.485	225.633	249.697	202.74	251.866	220.227	146.49	195.258	309.611	3.92813e-06	2.03466e-06	1          	0.675798   	0.144902   	0.152366   	0.514587   	0.514589   	3.96315	
2e-10      	4.4        	-0.0713722 	0.148836   	0.985742   	0.717273   	-0.0598428 	-0.5903    	0.8045     	0.643212   	0.117202   	0.355438   	0.927138   	0.765268   	-0.12006   	-0.440114  	0.889754   	0.743816   	0.0924304  	-0.0328705 	0.994792   	0.747036   	0.0314426  	0.553943   	0.83145    	0.636381   	-0.00499179	-0.47746   	0.878143   	0.640915   	0.115355   	0.507355   	0.85381    	0.715764   	-0.103112  	-0.0747495 	0.991578   	0.766628   	0.111071   	0.179245   	0.977275   	0.776717   	-0.0249931 	0.374896   	0.926088   	0.660852   	-0.101915  	-0.563815  	0.819337   	0.687023   	0.0813829  	0.591308   	0.80197    	0.661663   	-0.115248  	-0.26881   	0.956041   	0.776074   	0.0519494  	-0.264578  	0.9623     	0.687389   	62.068     	25.5927    	4.62189    	3.97935    	34.1766    	19.6647    	2.90822    	7.17903    	12.5695    	15.7712    	6.14196    	2.09905    	10.3311    	9.04094    	3.45156    	2.91989    	52.413     	16.658     	1.47039    	1.7552     	40.4186    	16.2492    	4.22812    	5.58403    	42.3351    	13.94      	5.15449    	3.85464    	10.4131    	12.9938    	4.72301    	3.88908    	34.3081    	18.1588    	1.50394    	1.56414    	28.6244    	15.9083    	2.43749    	1.40236    	62.0071    	20.0701    	4.19818    	2.58173    	20.4516    	13.2874    	3.7275     	6.1068     	26.7547    	17.142     	3.2575     	6.47704    	26.0236    	15.7498    	2.79055    	1.35582    	70.2427    	25.1072    	5.67091    	3.6972     	261.344	157.662	343.109	193.886	100.487	227.509	281.656	261.843	96.1621	149.113	235.349	200.615	177.426	157.832	321.096	-9.15883e-06	-1.49816e-05	1          	0.644673   	0.139791   	0.147236   	0.46071    	0.46071    	3.3183	
2.1e-10    	4.2        	-0.0944055 	0.139178   	0.985574   	0.713675   	-0.057085  	-0.664687  	0.744197   	0.605406   	0.134219   	0.398091   	0.907144   	0.757216   	-0.131584  	-0.483433  	0.865061   	0.725009   	0.109959   	-0.0226205 	0.993571   	0.744196   	0.0223256  	0.612859   	0.789142   	0.601057   	0.00860097 	-0.518385  	0.854525   	0.613097   	0.129117   	0.560915   	0.817153   	0.687743   	-0.122581  	-0.0892004 	0.988323   	0.764085   	0.132178   	0.199812   	0.970766   	0.771883   	-0.0412387 	0.396669   	0.916764   	0.641835   	-0.116107  	-0.626461  	0.770029   	0.653693   	0.0924676  	0.667121   	0.73843    	0.625605   	-0.138963  	-0.308342  	0.940791   	0.770417   	0.0728992  	-0.262523  	0.961965   	0.680021   	17.1622    	11.2398    	10.7453    	9.73967    	36.6209    	33.6339    	7.08397    	11.9421    	20.2096    	30.8891    	6.9444     	2.75305    	27.0032    	26.176     	9.39582    	7.60428    	9.16275    	9.62859    	4.09747    	3.8029     	40.7629    	26.9914    	8.43161    	8.42679    	33.2229    	22.9236    	16.576     	12.3928    	32.2213    	36.6012    	12.2416    	7.3283     	7.93942    	13.8046    	5.38521    	5.1411     	6.83855    	13.8913    	4.32846    	4.24565    	21.5655    	14.8712    	11.3629    	14.7048    	34.3165    	36.5367    	11.2759    	4.63321    	31.0262    	40.3565    	7.80665    	8.36568    	13.6084    	32.5282    	6.78132    	2.45683    	14.3844    	14.2325    	15.0988    	14.6945    	552.695	340.594	349.903	471.11	210.824	414.762	831.483	609.049	280.995	225.068	562.425	556.135	381.667	339.359	757.263	-8.08988e-07	-1.26477e-05	1          	0.613635   	0.14035    	0.149051   	0.426238   	0.426235   	2.66409	
2.2e-10    	4          	-0.11596   	0.180101   	0.976621   	0.703388   	0.00194864 	-0.777618  	0.628212   	0.601227   	0.104061   	0.441008   	0.891215   	0.766482   	-0.0948394 	-0.529228  	0.842861   	0.737426   	0.120147   	-0.0583398 	0.990841   	0.734012   	-0.03091   	0.736392   	0.675199   	0.590835   	0.0626207  	-0.630403  	0.773111   	0.596202   	0.0833114  	0.632531   	0.769754   	0.696127   	-0.124696  	-0.0853616 	0.988364   	0.759912   	0.125921   	0.238283   	0.962808   	0.776959   	-0.0902078 	0.46353    	0.881078   	0.628435   	-0.0639912 	-0.729323  	0.680614   	0.655576   	0.032425   	0.778314   	0.626521   	0.625408   	-0.116195  	-0.354592  	0.92758    	0.778337   	0.105512   	-0.310277  	0.944535   	0.67121    	9.97529    	13.4995    	6.09157    	3.45174    	25.3468    	27.3113    	2.61285    	17.1248    	20.715     	19.0872    	5.50427    	5.56034    	22.8281    	19.7106    	10.5381    	8.47138    	12.7557    	21.2225    	2.92549    	2.58242    	23.3937    	33.5051    	8.29698    	15.8953    	19.4792    	33.5054    	9.19347    	6.76404    	21.652     	14.7803    	13.0436    	14.7876    	9.89466    	18.0449    	2.6675     	2.70085    	23.2878    	11.8658    	2.89266    	2.40897    	16.7062    	23.5883    	10.4079    	5.99157    	30.4376    	25.0554    	13.3322    	16.4969    	27.9552    	26.6267    	7.78847    	21.895     	20.5706    	14.0261    	2.70491    	2.28562    	16.2362    	12.3755    	10.1359    	6.0377     	292.408	128.056	259.929	497.123	148.064	389.944	434.951	611.033	134.414	155.563	493.195	601.459	360.661	137.073	465.106	-3.33727e-05	-4.87589e-05	1          	0.582582   	0.146526   	0.155326   	0.425851   	0.425849   	2.50225	
2.3e-10    	3.8        	-0.139464  	0.196509   	0.970369   	0.682487   	-0.00288625	-0.831574  	0.554296   	0.564896   	0.126039   	0.435759   	0.89086    	0.76202    	-0.11968   	-0.513699  	0.849009   	0.733456   	0.146087   	-0.085826  	0.98542    	0.713027   	-0.0294763 	0.801046   	0.597049   	0.550576   	0.0571785  	-0.695085  	0.71591    	0.555821   	0.102497   	0.62939    	0.768731   	0.682916   	-0.138273  	-0.0606515 	0.988145   	0.739395   	0.146149   	0.221826   	0.963927   	0.770434   	-0.10414   	0.515904   	0.849759   	0.586761   	-0.0836514 	-0.752335  	0.652458   	0.632436   	0.056795   	0.825804   	0.560047   	0.597983   	-0.144428  	-0.358428  	0.922146   	0.772604   	0.121371   	-0.329141  	0.936168   	0.647732   	6.92958    	18.266     	10.5688    	11.8453    	42.518     	39.8573    	6.44647    	26.0359    	36.6684    	16.0669    	7.91003    	4.63053    	34.3372    	38.404     	18.2124    	6.51624    	9.95655    	8.92834    	6.65568    	5.99622    	39.5964    	21.6498    	15.8356    	29.3734    	36.5211    	22.8794    	60.8202    	67.891     	36.0452    	88.3962    	65.8881    	8.2752     	28.5232    	40.6319    	3.64429    	4.64802    	11.9337    	14.6312    	1.81027    	1.77533    	31.8496    	31.7363    	18.5419    	31.8251    	28.0396    	47.743     	19.6902    	12.695     	49.5831    	26.2655    	4.61245    	13.3435    	22.9853    	6.61202    	3.87981    	3.04878    	17.3607    	26.166     	8.36084    	16.4402    	460.309	286.232	340.582	751.307	297.596	649.914	2523.1	2798.05	167.069	90.4534	767.97	817.697	201.826	178.088	360.889	-0.00015988	-4.91638e-05	1          	0.551278   	0.144845   	0.152798   	0.433707   	0.433705   	2.39764	
2.4e-10    	3.6        	-0.1138    	0.211346   	0.970425   	0.660668   	-0.0349599 	-0.883565  	0.465545   	0.505508   	0.12401    	0.403291   	0.906066   	0.749867   	-0.129149  	-0.507133  	0.851569   	0.71163    	0.103546   	-0.10282   	0.988909   	0.697239   	0.0408686  	0.858084   	0.511164   	0.508112   	0.0366513  	-0.775503  	0.627885   	0.484899   	0.118853   	0.584866   	0.801511   	0.666037   	-0.134521  	-0.0234437 	0.990177   	0.719317   	0.148207   	0.212436   	0.965674   	0.75356    	-0.0905973 	0.527293   	0.844254   	0.528585   	-0.11085   	-0.754851  	0.645872   	0.585553   	0.114069   	0.854944   	0.504765   	0.548419   	-0.142247  	-0.309714  	0.938096   	0.767049   	0.0792398  	-0.376229  	0.921095   	0.605441   	22.0458    	22.5146    	11.2019    	9.61321    	28.1072    	14.9593    	23.4164    	10.701     	63.4225    	44.5785    	8.99178    	24.8729    	29.7336    	23.1002    	42.6939    	16.6128    	36.258     	22.5122    	6.67231    	5.42575    	12.4881    	9.922      	20.6061    	12.6286    	19.8979    	30.5809    	80.1552    	15.9938    	15.9751    	20.7806    	98.5182    	36.7535    	8.71802    	67.1706    	2.86431    	3.21394    	13.2193    	16.5001    	11.7907    	6.75175    	14.3501    	23.5321    	15.0384    	8.24538    	16.0929    	11.6321    	29.826     	15.3624    	34.1675    	27.8393    	17.6385    	18.3543    	121.265    	212.86     	30.5578    	2.63131    	40.8864    	122.928    	90.7598    	32.048     	415.387	1005.32	311.801	1359.12	370.078	895.161	3426.45	3411.09	115.111	575.461	635.217	989.481	812.419	1569.87	3223.08	0.000279539	-0.000468104	1          	0.517902   	0.194357   	0.159077   	3.33473    	3.33466    	18.5669	
2.5e-10    	3.4        	-0.116012  	0.186855   	0.975135   	0.551905   	0.0585741  	-0.692757  	0.706071   	0.500888   	0.0609247  	0.418623   	0.905691   	0.590291   	-0.0850007 	-0.566621  	0.818851   	0.625674   	0.059474   	-0.100612  	0.992958   	0.708958   	0.0238432  	0.895007   	0.443893   	0.481621   	0.0598602  	-0.650537  	0.754614   	0.51308    	0.123544   	0.730421   	0.668371   	0.567816   	-0.153471  	-0.122108  	0.980173   	0.674981   	0.1314     	0.210305   	0.96866    	0.725872   	-0.168955  	0.557723   	0.811919   	0.457307   	-0.0381293 	-0.752753  	0.65573    	0.544931   	0.029866   	0.856222   	0.514892   	0.487603   	-0.0969666 	-0.248201  	0.963697   	0.726267   	0.107965   	-0.43673   	0.892224   	0.533895   	18.6233    	23.8571    	153.338    	159.456    	30.7362    	114.89     	626.671    	78.6349    	35.0704    	48.8827    	264.167    	304.417    	61.6386    	7.07924    	77.0348    	67.9441    	23.7958    	6.12814    	10.4183    	10.161     	24.5834    	9.21572    	26.115     	9.69666    	9.71792    	8.79567    	281.004    	151.889    	33.4053    	35.7631    	223.109    	52.1254    	18.2672    	35.9615    	22.8366    	17.6445    	11.5509    	5.44062    	15.2288    	14.8567    	28.3597    	10.4673    	14.1132    	12.2841    	58.7694    	10.827     	33.5449    	11.9271    	23.4632    	6.35634    	7.61379    	3.63442    	13.0992    	6.80611    	14.4948    	10.37      	51.0719    	13.5292    	17.1978    	10.3847    	4228.33	24285.9	7648.52	1735.89	680.333	959.181	11002.6	7106.53	560.282	331.902	461.34	1591.41	280.158	384.118	499.425	-9.02916e-05	0.00158324 	0.999998   	0.476553   	0.254752   	0.440551   	9.53926    	9.53624    	53.8413	
2.6e-10    	3.2        	-0.0752761 	0.174162   	0.981654   	0.475946   	0.0609768  	-0.589964  	0.804512   	0.441701   	0.0243977  	0.361229   	0.931842   	0.513852   	-0.0732408 	-0.530092  	0.844485   	0.554396   	0.0198617  	-0.0832371 	0.996205   	0.704658   	0.0701399  	0.932764   	0.351784   	0.384252   	0.0342808  	-0.599006  	0.799642   	0.459491   	0.144598   	0.762501   	0.629955   	0.468655   	-0.133018  	-0.126632  	0.982907   	0.656399   	0.119273   	0.189724   	0.974492   	0.715726   	-0.199194  	0.544985   	0.814119   	0.37756    	-0.0260879 	-0.745554  	0.665444   	0.462116   	0.0628014  	0.886129   	0.457402   	0.390929   	-0.110357  	-0.213846  	0.970483   	0.725106   	0.127733   	-0.400385  	0.906917   	0.464349   	6.43331    	7.30885    	1.17883    	1.852      	14.5552    	26.4037    	1.08439    	10.914     	9.21519    	18.7052    	1.0989     	3.91131    	8.11805    	22.0901    	1.0492     	7.18784    	13.7475    	6.39234    	0.737693   	0.660451   	26.527     	14.2415    	2.5032     	12.3301    	12.113     	13.444     	1.23027    	6.6791     	21.176     	15.0144    	1.57264    	7.87918    	7.56562    	4.05898    	0.685706   	0.862048   	6.84076    	5.03289    	0.778326   	0.81512    	7.4256     	7.45538    	1.78901    	4.64522    	14.4778    	16.2584    	1.60592    	9.99455    	29.4532    	36.2262    	2.46518    	28.6775    	14.4641    	7.12028    	0.717835   	0.79417    	10.7025    	24.587     	1.01584    	5.58765    	50.4884	52.1204	46.2675	52.5531	66.1531	85.6598	47.3229	54.6862	52.0826	70.2929	58.4585	60.7335	85.3267	65.9595	47.958	0.000254352	0.002314   	0.999997   	0.435331   	0.373842   	0.169101   	2.24496    	2.24483    	5.4012	
2.7e-10    	3          	-0.030451  	0.128431   	0.990541   	0.430369   	0.0378581  	-0.523563  	0.850759   	0.352422   	0.00916907 	0.299094   	0.953772   	0.459093   	-0.102936  	-0.432784  	0.895292   	0.480083   	0.00883923 	-0.0775418 	0.996828   	0.714256   	0.161736   	0.980463   	0.104191   	0.275583   	0.0039087  	-0.531918  	0.845825   	0.371756   	0.183483   	0.752386   	0.631941   	0.350514   	-0.107502  	-0.101258  	0.988883   	0.64645    	0.0950679  	0.135851   	0.986036   	0.712826   	-0.194844  	0.518479   	0.831434   	0.284161   	-0.0448501 	-0.712673  	0.699256   	0.345093   	0.0742027  	0.947486   	0.30908    	0.2657     	-0.103918  	-0.155611  	0.982273   	0.725737   	0.147544   	-0.330072  	0.931993   	0.399459   	23.6318    	19.254     	1.0427     	1.87075    	5.70657    	12.2595    	1.61077    	6.35337    	17.3871    	10.1132    	1.01367    	2.09366    	8.78782    	16.6668    	1.09483    	5.62285    	12.4594    	7.70129    	0.839385   	0.932295   	14.7883    	19.3873    	5.35712    	18.4922    	18.9087    	25.2727    	1.3595     	9.10126    	14.6356    	14.7024    	2.8312     	14.2741    	8.6023     	11.6945    	0.635795   	0.695693   	10.2417    	9.37599    	0.823033   	0.78393    	14.1434    	19.3566    	2.2765     	10.8277    	16.6853    	14.7677    	2.36013    	11.9732    	12.2476    	14.8688    	3.95265    	16.9815    	5.03449    	5.56331    	0.642652   	0.599996   	7.22274    	11.337     	1.56437    	2.78996    	37.1725	41.0698	40.2814	44.7624	124.802	144.327	45.5062	70.6126	77.1651	106.058	58.875	57.5691	104.574	107.031	52.7781	0.000357917	0.00353718 	0.999993   	0.390472   	0.214048   	0.254273   	6.03821    	6.03677    	6.69017	
2.8e-10    	2.8        	-0.0112382 	0.0196615  	0.999433   	0.392641   	0.077301   	-0.163006  	0.980792   	0.247548   	-0.0315589 	0.0900545  	0.994689   	0.40294    	-0.0134646 	-0.147954  	0.987797   	0.402203   	-0.00184001	-0.0260543 	0.999589   	0.72699    	0.0632095  	0.683795   	-0.714244  	0.117995   	-0.0166789 	-0.246114  	0.96749    	0.262845   	0.046066   	0.422947   	0.899126   	0.168652   	-0.0100714 	-0.0154051 	0.999629   	0.640062   	0.0324695  	0.0508338  	0.998038   	0.719771   	-0.22931   	0.172376   	0.953847   	0.171039   	0.0648837  	-0.382812  	0.916104   	0.185369   	-0.268115  	0.899774   	-0.255208  	0.057249   	-0.0322702 	-0.0452243 	0.998272   	0.727421   	0.11841    	-0.0472345 	0.99027    	0.328873   	5.6517     	9.99257    	0.651419   	0.777525   	8.38402    	59.2887    	1.5783     	10.2082    	9.90421    	32.2725    	1.13446    	3.2257     	15.0457    	48.7424    	0.638274   	4.99578    	5.16508    	6.63225    	0.811323   	0.722681   	15.6931    	72.7381    	7.69962    	41.0242    	8.1644     	37.9618    	2.37207    	11.1215    	17.6351    	78.353     	2.84442    	40.6783    	12.9006    	13.5162    	0.388042   	0.284156   	7.02897    	16.046     	0.914093   	0.541321   	9.90312    	41.775     	3.78454    	14.419     	14.3361    	79.4839    	2.88958    	33.2553    	14.5436    	105.304    	5.84067    	94.4056    	11.2345    	19.3454    	0.771765   	0.297631   	9.6149     	49.131     	1.31276    	3.97513    	20.9417	19.1287	24.9481	23.7773	150.63	172.633	30.6184	37.8917	100.116	165.97	57.1152	38.4067	113.642	154.774	17.7601	-0.000354643	0.000401395	0.999999   	0.347447   	0.197237   	0.223751   	10.2697    	10.2712    	9.91014	
2.9e-10    	2.6        	-0.0006181 	0.00214161 	0.999858   	0.382693   	0.00350845 	-0.00621614	0.9993     	0.215012   	-0.00136761	0.00143684 	0.999768   	0.384224   	0.00259967 	-0.00353039	0.999703   	0.385067   	-0.000917413	-1.91599e-05	0.999967   	0.728614   	-0.00167944	0.010922   	-0.995635  	0.131167   	0.000522092	-0.00784205	0.998428   	0.218246   	0.00640679 	0.0144293  	0.995785   	0.126271   	-0.00134901	-0.000373234	0.999951   	0.640147   	0.00115713 	0.00337449 	0.99992    	0.726188   	-0.0166873 	0.00149836 	0.997212   	0.128841   	0.00950408 	-0.0216174 	0.995864   	0.131221   	-0.0208698 	0.0269351  	-0.978281  	0.047547   	-0.000770937	-0.00127751	0.99994    	0.728275   	0.00531034 	-0.00155671	0.999661   	0.300698   	3.03593    	3.54861    	0.173645   	0.174811   	4.03058    	6.269      	0.382415   	0.512155   	3.59726    	7.40856    	0.17737    	0.194646   	3.50495    	10.3041    	0.172194   	0.196487   	2.23072    	3.29705    	0.165348   	0.162203   	4.91274    	18.3668    	0.933285   	0.284541   	6.09885    	19.0901    	0.823163   	1.58169    	4.30439    	18.7775    	0.276395   	1.1792     	2.57388    	3.76711    	0.20937    	0.208704   	5.2808     	7.04801    	0.302896   	0.244361   	7.31689    	7.39686    	0.532286   	0.822465   	6.40633    	17.6221    	0.73961    	2.09277    	5.52035    	10.5219    	0.348289   	0.523941   	4.35059    	5.7413     	0.163218   	0.150314   	5.97541    	3.59138    	0.366672   	0.436799   	9.81126	8.66205	6.65936	9.48924	15.5489	20.8298	16.826	7.49213	19.8298	29.8971	9.40479	13.3536	7.71682	14.1614	8.76065	1.97222e-05	-6.88704e-05	0.999999   	0.327727   	0.152196   	0.155588   	0.776078   	0.776079   	3.34607	
3e-10      	2.4        	0.000952315	0.000571633	0.999883   	0.372519   	-0.000953905	-0.0032083 	0.999603   	0.201564   	-0.000518108	0.00125537 	0.999887   	0.372919   	-3.75083e-05	-0.00215989	0.999874   	0.374416   	5.64344e-05	-0.000148899	0.999974   	0.722548   	-3.7287e-05	0.00649162 	-0.998951  	0.149617   	0.00280283 	0.00310882 	0.999523   	0.202861   	-9.4124e-05	0.00402351 	0.998355   	0.111742   	-0.000823825	-0.00151629	0.999957   	0.633364   	-0.000344235	0.0009188  	0.999971   	0.720672   	0.00116309 	-0.00123419	0.998591   	0.113067   	0.00118251 	-0.00468352	0.998525   	0.114947   	-0.00453659	0.0179549  	-0.995284  	0.0631876  	0.000450257	-0.000482541	0.999973   	0.722226   	-0.000394519	-0.00261523	0.999799   	0.287882   	2.32193    	2.89267    	0.126267   	0.125935   	2.64441    	2.4854     	0.144426   	0.146828   	2.3435     	2.67664    	0.137263   	0.137843   	2.66227    	2.92967    	0.119242   	0.119418   	2.26113    	2.16179    	0.098832   	0.0988756  	3.53299    	3.88622    	0.180293   	0.181415   	3.31217    	2.90767    	0.15361    	0.15518    	2.7226     	3.87574    	0.146926   	0.150772   	2.14613    	3.20248    	0.105532   	0.105636   	2.38921    	2.41882    	0.110592   	0.110514   	2.9399     	2.8725     	0.155697   	0.162035   	2.97494    	3.26849    	0.169579   	0.174016   	3.04342    	2.82095    	0.180717   	0.188828   	2.27286    	2.31222    	0.112406   	0.112429   	2.48945    	2.79091    	0.147076   	0.147405   	4.53033	4.33856	4.94188	4.19877	5.00336	4.67828	4.76658	4.41398	4.85976	5.76448	4.28175	4.63336	4.49676	5.64769	4.81871	-9.66153e-06	4.70062e-05	0.999999   	0.315827   	0.134279   	0.137472   	0.119963   	0.119958   	1.68548	
3.1e-10    	2.2        	-0.000803691	0.00153339 	0.999873   	0.362028   	-5.70211e-05	0.000943379	0.999615   	0.190378   	0.000836382	-0.00195174	0.999895   	0.36217    	0.000548934	0.00141274 	0.999906   	0.363933   	0.000254704	-0.000666409	0.999975   	0.713586   	-0.00234973	1.93917e-05	-0.99944   	0.163028   	-0.00146324	-2.24726e-05	0.999527   	0.190964   	0.00210238 	-0.000228938	0.998423   	0.100004   	0.000141898	2.17872e-05	0.999965   	0.623969   	-0.00102812	0.00103608 	0.999971   	0.711828   	0.0132915  	-0.0108691 	0.998373   	0.100782   	-0.00591307	0.00382997 	0.998414   	0.102615   	-0.00210677	0.0010537  	-0.997389  	0.0756033  	0.000545418	-0.00115502	0.999974   	0.713314   	-0.000785794	0.0028121  	0.999809   	0.276703   	2.90996    	2.40541    	0.110636   	0.110036   	2.30125    	2.19687    	0.110352   	0.11173    	2.29199    	2.03711    	0.129658   	0.131351   	1.8207     	2.13593    	0.116417   	0.116119   	2.14465    	1.92925    	0.109025   	0.108995   	2.5778     	2.19604    	0.152008   	0.153237   	3.02717    	2.51614    	0.121447   	0.121772   	2.99236    	2.08772    	0.120866   	0.122882   	2.34069    	2.01422    	0.113453   	0.113753   	2.23088    	2.36856    	0.110767   	0.111049   	2.52252    	2.32908    	0.136893   	0.140257   	2.39257    	2.91139    	0.117654   	0.119605   	2.55004    	2.27098    	0.135951   	0.142793   	2.06581    	2.14017    	0.112      	0.112021   	2.29641    	2.3117     	0.118318   	0.120164   	3.68322	3.62604	3.79323	3.73525	4.56289	3.65589	3.82257	3.80718	4.59735	4.19316	3.78919	3.60544	3.37328	4.49505	3.92046	6.2232e-06 	2.60236e-05	0.999999   	0.304869   	0.135801   	0.133934   	0.107848   	0.107846   	1.70983	
3.2e-10    	2          	0.000451936	0.000969486	0.99988    	0.350275   	0.0016697  	0.00179152 	0.999589   	0.179545   	-0.00124465	-0.00197328	0.999873   	0.35031    	0.00171096 	0.000907922	0.999879   	0.352535   	0.000218266	-0.000520152	0.999971   	0.70157    	-0.00435872	0.000300134	-0.999562  	0.174334   	0.000199635	0.00104268 	0.999581   	0.179574   	-0.00408416	0.000894989	0.998234   	0.0888301  	0.000558464	-0.00056528	0.999954   	0.611733   	5.68483e-05	0.00117843 	0.999968   	0.699461   	-0.000246731	-0.00645841	0.997965   	0.0892603  	-0.000685113	-0.00254423	0.998234   	0.0912766  	-0.0071145 	0.00244613 	-0.997965  	0.0865615  	0.000748135	-0.000373057	0.999967   	0.701143   	0.000420427	0.000159785	0.999789   	0.265205   	2.18996    	2.52223    	0.130305   	0.129871   	1.85229    	2.39025    	0.113716   	0.115274   	2.30213    	2.62335    	0.135216   	0.134759   	2.41032    	2.3702     	0.130611   	0.130572   	2.15063    	2.48445    	0.12577    	0.12606    	2.00679    	2.19285    	0.123058   	0.123778   	2.05083    	2.30478    	0.121724   	0.12297    	2.12646    	2.35398    	0.131647   	0.136859   	2.71328    	2.84692    	0.117696   	0.117692   	2.28365    	2.64517    	0.130285   	0.129894   	2.45622    	2.7308     	0.127712   	0.134705   	2.21639    	2.52776    	0.127944   	0.132858   	2.69399    	2.1605     	0.112862   	0.116666   	2.42966    	2.68657    	0.13247    	0.133094   	2.20384    	2.57475    	0.1209     	0.12066    	3.80191	3.51444	4.01697	3.86072	4.25054	3.19066	3.57758	3.5153	4.12806	3.97653	3.87494	3.56935	3.2322	4.27322	3.58632	9.6191e-07 	-2.19089e-05	0.999999   	0.293277   	0.137846   	0.137269   	0.130682   	0.130682   	1.64137	
3.3e-10    	1.8        	-0.00142031	0.00159317 	0.999841   	0.33627    	0.00147048 	0.000456516	0.999451   	0.167799   	0.000695767	-0.0018583 	0.999826   	0.335864   	0.00201896 	0.00187953 	0.999833   	0.3391     	-0.000413207	-0.000192126	0.999955   	0.685175   	-0.00202884	-0.00318616	-0.999486  	0.184977   	0.000244024	0.000332621	0.999403   	0.167401   	0.00263628 	-0.013762  	0.99711    	0.0769028  	-0.000362997	0.00177681 	0.999945   	0.595343   	0.00135552 	-0.000802756	0.99995    	0.682607   	-0.00188462	-0.00041173	0.996846   	0.0768498  	-0.009071  	0.00669984 	0.997502   	0.0795293  	0.002931   	0.00455381 	-0.998275  	0.0971101  	-0.000751648	-2.55954e-05	0.999962   	0.684545   	0.000827986	-0.0018906 	0.999725   	0.252034   	2.92981    	2.78062    	0.150633   	0.151257   	2.5066     	2.47411    	0.117233   	0.120134   	3.15449    	3.11218    	0.164373   	0.164518   	2.9031     	3.13124    	0.149524   	0.149847   	3.51884    	3.32378    	0.165378   	0.164335   	2.67481    	2.91499    	0.126176   	0.127327   	2.66525    	2.73623    	0.142773   	0.145755   	2.29157    	3.05786    	0.138098   	0.150941   	2.83818    	3.22315    	0.146626   	0.146189   	4.09036    	3.2698     	0.175907   	0.175892   	3.04617    	2.97253    	0.137896   	0.14626    	2.56106    	2.41055    	0.134457   	0.138502   	2.57991    	2.63475    	0.11272    	0.119393   	2.85303    	2.78725    	0.162025   	0.162471   	2.65882    	2.94225    	0.142682   	0.143691   	4.48004	4.21635	4.24364	4.28949	4.79246	3.59615	3.73826	3.97707	4.26091	4.90276	4.05667	3.97021	3.60073	4.60862	3.86909	2.34734e-05	-3.51295e-05	0.999999   	0.279759   	0.135314   	0.145669   	0.171911   	0.171914   	1.64513	
3.4e-10    	1.6        	0.000725251	0.00398115 	0.999721   	0.317861   	-0.000845458	-0.00274564	0.998954   	0.154132   	-0.000532347	-0.00244114	0.999723   	0.31703    	-0.00536335	0.00464836 	0.999712   	0.321743   	0.00400018 	-0.00209667	0.999892   	0.661919   	-0.00468569	-0.00020431	-0.999448  	0.19569    	0.00580425 	-0.00179856	0.999001   	0.153018   	0.0135218  	-0.018496  	0.9948     	0.062976   	-0.00310838	0.00273575 	0.999887   	0.57215    	0.00112407 	-0.00107131	0.999903   	0.658325   	0.0191035  	0.0185527  	0.991568   	0.062783   	-0.0294552 	-0.0074386 	0.993847   	0.0664177  	0.00737463 	-0.0035097 	-0.99803   	0.108425   	-0.00016401	0.000743385	0.999935   	0.660984   	-0.00322783	-0.000394534	0.999567   	0.235617   	4.10749    	4.72552    	0.208687   	0.210292   	3.92921    	4.06473    	0.149868   	0.155273   	4.17906    	4.70172    	0.198687   	0.198824   	3.60848    	5.16671    	0.197207   	0.199456   	6.42523    	7.45691    	0.239138   	0.237512   	3.00267    	3.68166    	0.155474   	0.155409   	3.33226    	4.07977    	0.15433    	0.159473   	3.22156    	3.12027    	0.156796   	0.173762   	4.94975    	6.1196     	0.265097   	0.26507    	7.03864    	6.33336    	0.279748   	0.278996   	4.82599    	5.49338    	0.182403   	0.218946   	4.84971    	3.29033    	0.158989   	0.188128   	3.70306    	3.65064    	0.132038   	0.140838   	4.86198    	4.28253    	0.262792   	0.261888   	3.54634    	4.108      	0.196795   	0.194104   	4.92334	4.59988	4.76228	5.06668	5.38566	4.7101	4.6388	4.45281	5.37011	5.40922	4.59291	4.72198	4.77044	5.44192	4.78636	-4.66946e-05	6.03773e-05	0.999999   	0.262598   	0.146666   	0.146023   	0.315245   	0.315254   	1.67193	
3.5e-10    	1.4        	0.0154134  	-0.120595  	0.988911   	0.291269   	0.170827   	0.0809774  	0.97442    	0.141729   	-0.104181  	0.0815423  	0.989722   	0.287594   	0.0713401  	-0.0521209 	0.995215   	0.296783   	-0.000365364	0.0655469  	0.997049   	0.622715   	-0.0980588 	-0.11444   	-0.983972  	0.210482   	0.131182   	0.236659   	0.948265   	0.142483   	-0.639678  	0.095867   	0.734669   	0.0612101  	0.0409905  	-0.0773376 	0.994939   	0.532435   	-0.0540651 	0.0579333  	0.996193   	0.615927   	0.0738988  	-0.613259  	0.698599   	0.0640772  	0.468282   	0.113286   	0.852528   	0.0592429  	-0.192826  	-0.0151484 	-0.978149  	0.122049   	0.0618194  	-0.0564587 	0.99585    	0.620488   	-0.0617268 	0.168023   	0.979939   	0.215647   	13.8731    	86.2078    	0.609991   	1.0321     	19.9731    	29.2855    	0.220285   	1.53895    	17.6201    	21.4575    	0.99443    	0.72146    	13.6818    	10.9547    	0.577645   	0.450295   	17.5254    	81.9293    	1.29226    	0.790605   	25.0189    	41.0467    	0.219192   	1.43642    	21.7859    	75.5854    	0.275303   	6.93505    	27.6949    	7.32215    	0.290376   	10.9086    	14.4768    	96.3097    	1.78797    	1.10431    	16.4203    	63.7       	2.1027     	1.32879    	12.9038    	90.5651    	0.362061   	29.204     	18.9283    	9.87257    	0.243774   	5.76384    	8.44236    	5.83444    	0.192828   	0.48166    	19.1652    	59.1827    	1.99446    	1.20621    	8.53256    	49.8339    	0.347056   	1.23993    	7.57409	8.65731	8.16494	11.5528	12.6666	8.82698	7.1242	7.66815	8.51948	12.5862	6.60134	7.83677	6.78813	10.3637	8.28474	1.32101e-05	8.82642e-06	0.999999   	0.23632    	0.140967   	0.147469   	3.68143    	3.6814     	15.6845	
3.6e-10    	1.2        	0.029368   	-0.559597  	0.826089   	0.291815   	0.430896   	0.407983   	0.8024     	0.153775   	-0.295413  	0.376121   	0.876221   	0.263159   	0.200462   	-0.27611   	0.938853   	0.277386   	-0.0278996 	0.334565   	0.941092   	0.583119   	-0.15881   	-0.455306  	-0.873761  	0.247028   	0.194995   	0.772333   	0.600749   	0.193135   	-0.89653   	0.355627   	0.2428     	0.0984626  	0.108456   	-0.384389  	0.915667   	0.495422   	-0.116213  	0.285457   	0.950633   	0.564399   	-0.00684494	-0.993644  	0.10055    	0.17074    	0.847827   	0.16263    	0.497075   	0.0747428  	-0.302409  	-0.0384589 	-0.950402  	0.131444   	0.114136   	-0.255625  	0.959508   	0.564352   	-0.0925011 	0.63403    	0.765492   	0.232067   	11.7633    	43.1477    	1.18704    	9.08905    	10.3894    	6.95011    	0.355086   	2.49283    	10.819     	29.6434    	1.67676    	3.79888    	7.24136    	19.6485    	0.667678   	1.35638    	18.8975    	71.1002    	3.26304    	3.93538    	21.6486    	19.5224    	0.374775   	2.41867    	9.90139    	30.0659    	0.383038   	15.2486    	9.14765    	12.8126    	0.385852   	6.11192    	9.40187    	71.6748    	3.67861    	4.58862    	10.4909    	56.4951    	3.12106    	3.03418    	9.24463    	42.1569    	0.614349   	40.9763    	6.09347    	5.20774    	0.428382   	4.88164    	7.10617    	4.0798     	0.441346   	0.962917   	8.05654    	41.1766    	3.3486     	2.30206    	7.73695    	30.4028    	0.686992   	10.2692    	9.37231	12.4343	9.06492	14.3822	15.5359	9.16981	13.1719	8.16363	11.1996	14.0758	8.23539	10.976	7.82813	12.1024	11.8332	6.52321e-05	-4.30949e-05	0.999998   	0.197701   	0.145845   	0.143858   	4.79086    	4.79084    	23.1699	
3.7e-10    	1          	-0.00139321	-0.754198  	0.655474   	0.30224    	0.403705   	0.541443   	0.735343   	0.152642   	-0.267262  	0.598487   	0.751911   	0.23986    	0.190024   	-0.430609  	0.880365   	0.262629   	-0.029547  	0.499718   	0.865293   	0.555238   	-0.120458  	-0.571893  	-0.810938  	0.274188   	0.102862   	0.897297   	0.428054   	0.232998   	-0.781098  	0.598703   	0.0788027  	0.0872531  	0.103265   	-0.570276  	0.814139   	0.47131    	-0.0984173 	0.442869   	0.890465   	0.522699   	0.00698862 	-0.999338  	-0.0243251 	0.234806   	0.826638   	0.149247   	0.509248   	0.0552371  	-0.148387  	-0.0751717 	-0.982215  	0.13118    	0.0802192  	-0.397787  	0.913231   	0.515764   	-0.0748728 	0.815755   	0.571991   	0.259753   	16.171     	13.4499    	1.18316    	8.20065    	10.2269    	5.20367    	0.422315   	4.16855    	34.6291    	13.8347    	1.29908    	3.17871    	28.5731    	10.7595    	0.946268   	2.24275    	18.9035    	17.0211    	2.16326    	4.48637    	7.26845    	3.59529    	0.547425   	1.63848    	6.37075    	8.12298    	0.652004   	6.11802    	40.006     	4.90323    	0.647149   	17.7335    	31.2989    	17         	2.48085    	4.2732     	34.4085    	21.0521    	2.39712    	2.56646    	5.15942    	7.16725    	0.795945   	7.09537    	25.1901    	7.61456    	0.674639   	18.6176    	17.387     	4.17235    	0.601117   	1.11102    	41.6816    	16.4047    	2.48165    	3.04946    	11.0724    	18.9624    	0.808809   	11.7945    	9.16117	10.1109	8.63867	10.0466	11.9111	8.20345	9.7469	8.94382	11.1169	11.5454	8.39026	8.61325	9.66736	11.2994	9.08482	8.61749e-05	-9.56763e-05	0.999998   	0.16314    	0.14438    	0.142956   	1.27504    	1.27505    	3.76858	
3.8e-10    	0.8        	-0.134247  	-0.880267  	0.453122   	0.347517   	0.365343   	0.591846   	0.715875   	0.144963   	-0.0349663 	0.858937   	0.506979   	0.255003   	0.00720334 	-0.638061  	0.767372   	0.267878   	0.0751134  	0.663321   	0.743384   	0.548965   	-0.142657  	-0.626208  	-0.76565   	0.293835   	0.154011   	0.935103   	0.315574   	0.269577   	-0.288792  	0.946221   	-0.0912984 	0.094771   	-0.0247947 	-0.74541   	0.664687   	0.473617   	0.0138528  	0.655461   	0.753131   	0.487046   	-0.0954422 	-0.989245  	-0.104157  	0.286793   	0.380974   	-0.439431  	0.746446   	0.0621976  	-0.0425066 	0.00641449 	-0.994334  	0.131899   	-0.0313193 	-0.582866  	0.811355   	0.495331   	0.0726998  	0.917404   	0.389447   	0.309112   	32.1123    	21.5012    	2.07529    	21.4245    	8.78407    	7.75366    	0.844721   	4.70609    	27.6877    	28.8583    	2.20748    	17.9129    	35.132     	17.4191    	1.50941    	8.43813    	69.4967    	24.5615    	3.1618     	12.8632    	14.9073    	5.35895    	0.812345   	3.12617    	24.0771    	19.6543    	1.32874    	18.7291    	13.6764    	13.4005    	1.00186    	9.34776    	53.7607    	27.556     	3.99757    	15.2865    	20.0321    	21.386     	135.969    	64.6346    	14.295     	24.6805    	2.39531    	22.5281    	19.1627    	37.0479    	170.447    	176.227    	11.4087    	15.8068    	2.22954    	2.68902    	19.4201    	36.3664    	7.41263    	24.2144    	18.3876    	15.0893    	1.58509    	13.6832    	9.79524	11.0175	10.5323	11.3465	12.7535	8.67767	11.8659	10.0181	13.8596	67.5395	21.6497	172.05	24.9933	24.4804	10.3299	7.09829e-06	5.0302e-05 	0.999996   	0.129848   	0.149798   	0.150349   	0.849234   	0.849241   	2.68002	
3.9e-10    	0.6        	0.0243101  	-0.940721  	0.332852   	0.362233   	0.173176   	0.639127   	0.745892   	0.135692   	-0.124517  	0.956034   	0.257796   	0.265835   	0.0646331  	-0.711659  	0.697914   	0.271037   	-0.0237459 	0.770679   	0.634731   	0.504834   	-0.0240042 	-0.644464  	-0.762562  	0.29124    	0.0492681  	0.963269   	0.256874   	0.269206   	-0.319842  	0.926398   	-0.185401  	0.114099   	0.0605086  	-0.835712  	0.543524   	0.451195   	-0.0726851 	0.789764   	0.607535   	0.436687   	-0.0114562 	-0.978803  	-0.196494  	0.307436   	0.329499   	-0.374946  	0.863643   	0.0980515  	-0.160388  	0.00287469 	-0.984824  	0.138321   	0.0696349  	-0.687943  	0.721062   	0.464229   	-0.026415  	0.955752   	0.287898   	0.329895   	74.6741    	5.65865    	2.3966     	5.31693    	11.4792    	4.89801    	1.43822    	2.50323    	43.4895    	6.52329    	2.87399    	6.85464    	23.5281    	4.30933    	2.5708     	3.47089    	100.035    	3.93363    	7.28754    	3.98502    	32.256     	4.04235    	1.80738    	2.64248    	41.5899    	4.14271    	1.22788    	3.87113    	9.09059    	3.53158    	1.81546    	3.68342    	76.4034    	5.52821    	4.85456    	4.61461    	52.2554    	4.77146    	3.88479    	2.86376    	45.4349    	4.06376    	3.032      	3.87683    	5.3367     	3.47002    	1.32585    	2.45649    	8.12326    	5.56993    	1.14231    	1.28437    	62.2089    	5.39327    	4.39348    	4.00306    	48.8515    	5.45911    	2.10646    	4.72513    	10.5197	12.617	10.5946	10.1392	13.1478	9.98925	10.2344	9.60173	12.0425	11.0868	10.4689	10.7393	8.89153	12.3962	10.3988	7.86849e-05	3.64545e-05	0.999994   	0.0969295  	0.139213   	0.147787   	0.68732    	0.687319   	1.96221	
4e-10      	0.4        	0.162791   	-0.94398   	0.284423   	0.379552   	0.0978625  	0.487136   	0.852186   	0.131119   	-0.245646  	0.962161   	-0.09468   	0.303585   	0.203479   	-0.736934  	0.641977   	0.329797   	-0.158671  	0.908529   	0.381431   	0.431635   	-0.00382988	-0.597792  	-0.799665  	0.235369   	-0.0588568 	0.987257   	0.118245   	0.237572   	-0.346033  	0.918354   	-0.162521  	0.173843   	0.170838   	-0.888749  	0.4242     	0.455726   	-0.174219  	0.902825   	0.386554   	0.441628   	0.0934579  	-0.979485  	-0.113581  	0.313131   	0.380835   	-0.710821  	0.514746   	0.115857   	-0.143784  	0.118612   	-0.967884  	0.139633   	0.163393   	-0.78614   	0.593876   	0.438115   	-0.149964  	0.966683   	0.205831   	0.336425   	9.42422    	16.5468    	21.4034    	12.2222    	13.5752    	68.8049    	5.80084    	14.4103    	25.2942    	36.1801    	40.2603    	29.3556    	20.2363    	95.9128    	40.1974    	94.8528    	11.1174    	10.6235    	148.301    	48.0401    	7.18681    	115.528    	59.5753    	154.555    	7.71258    	36.7863    	71.8607    	46.7407    	9.60395    	120.943    	11.4699    	89.4776    	14.7114    	33.3242    	29.0414    	43.6872    	23.2297    	81.6994    	79.4813    	22.678     	16.2066    	19.24      	291.512    	33.1313    	6.81747    	148.341    	68.1094    	34.8142    	17.892     	67.4993    	5.98811    	3.01985    	32.2405    	36.5817    	19.5241    	7.22983    	8.79609    	12.4243    	4.33823    	13.4076    	34.4514	30.2981	26.7986	20.3722	16.345	14.4214	84.9485	26.2773	38.5274	23.5647	45.6288	10.7405	13.6686	19.5586	20.5575	-0.000386578	0.000227078	0.999985   	0.0639356  	0.145954   	0.150174   	0.665359   	0.665342   	2.07701	
4.1e-10    	0.2        	0.0695709  	-0.967624  	0.238281   	0.432532   	0.092483   	-0.27648   	0.915105   	0.111319   	-0.0878515 	0.964043   	-0.242219  	0.464413   	0.114614   	-0.907826  	0.398766   	0.439492   	-0.0650969 	0.994797   	0.0461662  	0.470319   	-0.184752  	-0.526567  	-0.822354  	0.116478   	0.0889064  	0.894147   	-0.410955  	0.190685   	-0.151076  	0.983886   	-0.055007  	0.323157   	0.0640568  	-0.931269  	0.356005   	0.532606   	-0.0748656 	0.99291    	0.0180636  	0.502992   	0.00255823 	-0.979917  	0.170598   	0.264149   	0.14389    	-0.968496  	0.179995   	0.242103   	-0.0751251 	0.693548   	-0.695529  	0.173677   	0.0799955  	-0.919197  	0.383476   	0.519498   	-0.0752533 	0.993531   	0.0442141  	0.356634   	22.8924    	74.1519    	48.3919    	83.0658    	14.1203    	135.406    	103.936    	113.027    	47.3268    	363.809    	147.753    	421.361    	43.0478    	248.044    	19.0882    	199.497    	30.5478    	169.349    	81.3266    	145.889    	10.6509    	40.2806    	94.479     	118.474    	14.5685    	24.6262    	110.503    	11.0218    	26.3324    	262.123    	46.1064    	234.77     	48.8671    	203.77     	32.7114    	200.639    	70.3811    	191.347    	220.492    	160.005    	30.1043    	19.1752    	85.826     	13.0191    	21.5376    	299.16     	51.4016    	291.459    	23.8094    	171.666    	34.724     	93.1665    	40.6029    	302.279    	70.1995    	344.37     	13.2854    	35.8174    	96.3953    	36.4788    	23.732	40.3003	57.0735	42.3096	21.3509	85.0455	14.5834	41.0492	87.379	48.6633	75.5369	24.5424	26.8309	63.9002	11.6892	-0.000174087	0.00132734 	0.999939   	0.0316787  	0.148742   	0.141742   	0.564064   	0.564081   	4.86639	
4.2e-10    	-0         	0.329177   	-0.905948  	0.196411   	0.329731   	-0.149275  	0.0411038  	0.972388   	0.232698   	-0.149797  	0.674022   	-0.679689  	0.419064   	0.118454   	-0.586431  	0.753465   	0.349527   	-0.290605  	0.897969   	-0.247252  	0.365916   	0.237048   	-0.507813  	-0.805983  	0.228024   	-0.35719   	0.848477   	0.177206   	0.187262   	-0.0563924 	0.546677   	-0.7494    	0.299727   	0.23118    	-0.798082  	0.510306   	0.395939   	-0.209268  	0.793436   	-0.506111  	0.403862   	0.354525   	-0.869325  	-0.165793  	0.207698   	0.0508581  	-0.543342  	0.748401   	0.288956   	0.06814    	0.257212   	-0.946835  	0.257024   	0.182523   	-0.744543  	0.593181   	0.417154   	-0.370376  	0.912134   	-0.00107098	0.279286   	222.013    	710.916    	92.1537    	446.528    	227.594    	44.9561    	362.985    	412.167    	67.6501    	1072.89    	688.162    	54.6474    	51.3907    	1273.39    	354.133    	142.589    	198.962    	1077.38    	306.812    	593.561    	283.737    	86.0082    	20.1837    	106.831    	399.645    	54.725     	312.373    	96.4185    	114.198    	1025.25    	946.979    	57.4344    	129.066    	1413.34    	221.099    	535.187    	76.9554    	1354.84    	667.691    	280.289    	292.375    	196.144    	218.348    	68.6898    	131.22     	519.404    	1616.61    	397.371    	129.177    	96.4851    	569.161    	461.607    	57.8041    	1132.15    	630.264    	121.977    	210.637    	598.088    	21.5616    	420.268    	10.1013	172.042	242.556	193.342	74.8656	281.391	393.654	69.747	250.606	400.574	198.821	22.1727	132.747	303.515	23.7989	-0.0486991 	0.105985   	-0.278881  	0.000464623	0.150023   	0.157693   	0.531513   	0.368226   	14.8684	
