#----------------------------------------------------------------------------------------------------------------------------------------------------------
# Output file for vampire simulation
#   time       : 2025-05-29 22:05:05     process id : 3487313
#   hostname   : thor3.psi.ch
#   path       : /scratch/dossan_f/Na2BaMn(PO4)2/vampire_tripleUC_15mat_J2Ja_small_k0.035_Jnn0.11_Bc_highstatistics
#   version    : 6.0.0
#   githash    : 4c9651daecc86c3e6b6df0c8055fcd9e89fd900c
#----------------------------------------------------------------------------------------------------------------------------------------------------------
2e-11      	8          	-5.36571e-05	0.000600695	0.999495   	0.93504    	0.000181534	-5.17251e-05	0.999984   	0.935434   	-0.000105346	-0.00035289	0.999952   	0.935434   	0.000154958	0.000533622	0.999785   	0.935148   	7.38456e-05	-0.000473333	0.999972   	0.935606   	-0.000445676	0.000268604	0.9997     	0.935088   	6.28164e-05	-2.48682e-05	0.99998    	0.93551    	-0.000219802	-0.000326876	0.999932   	0.935308   	6.09451e-05	0.000611466	0.999514   	0.935037   	4.51453e-05	-0.000419031	0.999958   	0.93555    	-0.0004291 	0.000516278	0.999546   	0.935048   	0.0003037  	0.000185008	0.999947   	0.935311   	-0.00032012	-0.000247813	0.999868   	0.935176   	4.46107e-05	0.000693363	0.999616   	0.9351     	0.000150028	-0.000337519	0.999976   	0.935574   	0.424157   	2.8047     	75.2792    	53.462     	0.938327   	0.412108   	22.3564    	21.8078    	0.724618   	2.57974    	21.7119    	19.7065    	0.991129   	1.84997    	50.3368    	43.3327    	0.452887   	2.47707    	11.2526    	10.2254    	1.3536     	0.518724   	58.632     	50.5187    	1.03374    	0.909584   	15.502     	14.8033    	1.20122    	1.73432    	31.9645    	29.3681    	0.391533   	4.11859    	72.0533    	50.2179    	0.421492   	3.31809    	14.6026    	12.8773    	0.94708    	1.73765    	71.2       	53.3404    	1.12304    	0.637143   	33.7318    	31.9328    	1.41857    	0.747144   	44.774     	41.3396    	0.596401   	3.97204    	62.7663    	46.9308    	0.615287   	1.94914    	11.5798    	10.7106    	14427.1	1814.58	1669.35	7879.98	306.67	9994.16	763.482	3643.72	13534.5	642.692	13316.4	4044.38	6557.4	11110.8	340.069	-9.64181e-06	-8.06385e-06	1          	0.935245   	0.117057   	0.116136   	543.087    	543.086    	68705.4	
3e-11      	7.8        	2.32651e-05	-5.86764e-06	0.999996   	0.931746   	6.82746e-05	9.80413e-05	0.999996   	0.931708   	-9.97449e-05	-1.87693e-05	0.999996   	0.931729   	-8.85774e-06	-2.5709e-05	0.999996   	0.931733   	-7.84221e-06	6.46603e-05	0.999996   	0.93173    	-3.4783e-05	-1.17514e-05	0.999996   	0.931728   	7.08321e-05	-4.77075e-06	0.999996   	0.931737   	-1.68523e-05	-2.9995e-05	0.999996   	0.93175    	-6.78243e-05	-1.56302e-05	0.999996   	0.931735   	-1.19102e-05	-0.000115185	0.999996   	0.931731   	9.20787e-05	4.15818e-05	0.999995   	0.931743   	-6.35994e-05	4.27133e-05	0.999995   	0.931729   	-7.95855e-05	-1.82932e-05	0.999996   	0.931732   	-4.74829e-05	-6.75821e-05	0.999996   	0.931723   	0.000166051	0.000117236	0.999996   	0.931725   	0.425576   	0.431101   	0.0225704  	0.0225582  	0.428694   	0.438928   	0.0227029  	0.022705   	0.423102   	0.450881   	0.0231665  	0.0231622  	0.427868   	0.412881   	0.0222924  	0.0222876  	0.423805   	0.431729   	0.0238884  	0.0238917  	0.396919   	0.442864   	0.0225455  	0.0225576  	0.451215   	0.428424   	0.021826   	0.0218304  	0.443917   	0.450859   	0.0226861  	0.0227106  	0.416617   	0.44075    	0.022483   	0.0224721  	0.422606   	0.444321   	0.0228725  	0.0228685  	0.448905   	0.452283   	0.0224743  	0.0224663  	0.450711   	0.453295   	0.0225932  	0.0226028  	0.402833   	0.435408   	0.0224444  	0.0224329  	0.435158   	0.434012   	0.0205321  	0.0205154  	0.449063   	0.445911   	0.024089   	0.0240954  	4.8527	4.84882	4.8989	4.92282	5.12466	5.02483	4.87857	5.00387	5.02961	4.96778	4.90006	4.97008	4.91662	4.57558	5.09734	-1.19566e-06	3.37121e-06	1          	0.931728   	0.115377   	0.115199   	0.0304018  	0.030402   	1.72762	
4e-11      	7.6        	3.47521e-05	0.000136238	0.999995   	0.926993   	2.41178e-06	1.54511e-05	0.999995   	0.926939   	-4.39107e-05	-0.000159084	0.999996   	0.926984   	-1.4308e-05	-0.00017505	0.999995   	0.926969   	0.000133396	0.000169416	0.999995   	0.926951   	-7.92733e-05	-6.69424e-05	0.999995   	0.926973   	-5.21433e-05	0.00018654 	0.999995   	0.92697    	0.000181799	-3.18673e-05	0.999995   	0.926934   	-4.98867e-05	-0.000188249	0.999995   	0.926989   	-7.18966e-05	8.54257e-05	0.999995   	0.926956   	-0.000110249	4.74683e-05	0.999995   	0.92695    	0.000164826	-0.000164548	0.999995   	0.926974   	-9.08272e-05	-1.82532e-05	0.999995   	0.926946   	9.71467e-05	2.16442e-05	0.999995   	0.926963   	-4.69836e-05	6.42568e-06	0.999995   	0.926995   	0.42555    	0.492249   	0.0245136  	0.0245168  	0.45378    	0.491137   	0.0260507  	0.0260452  	0.428951   	0.447475   	0.0262422  	0.0262439  	0.480708   	0.508748   	0.0251675  	0.0251553  	0.488406   	0.461381   	0.0256561  	0.0256548  	0.474056   	0.438783   	0.0247366  	0.0247362  	0.445424   	0.462001   	0.0256371  	0.0256266  	0.435395   	0.462418   	0.0265812  	0.0265793  	0.462853   	0.491967   	0.0261002  	0.0261135  	0.514268   	0.507755   	0.0256054  	0.0256001  	0.500033   	0.445154   	0.0252992  	0.0252895  	0.480786   	0.499442   	0.025944   	0.0259305  	0.463077   	0.489851   	0.0253679  	0.0253734  	0.4454     	0.49483    	0.0251888  	0.0251832  	0.473128   	0.454489   	0.0259108  	0.0259059  	5.0121	5.45765	5.30956	5.15924	5.0883	4.98482	5.23131	5.33369	5.27418	5.30028	5.23324	5.32186	5.06754	5.013	5.10899	3.64713e-06	-9.028e-06 	1          	0.926961   	0.121869   	0.116258   	0.0329289  	0.0329281  	1.59291	
5e-11      	7.4        	-0.00013768	4.3148e-05 	0.999995   	0.92154    	0.000214008	1.14663e-05	0.999994   	0.921535   	-6.95161e-05	-0.000107216	0.999994   	0.921536   	-0.000135922	9.82149e-07	0.999994   	0.921521   	-1.7624e-05	2.53108e-06	0.999995   	0.921513   	9.84279e-05	-1.57239e-05	0.999994   	0.921547   	-6.65748e-05	-9.913e-05 	0.999995   	0.921541   	3.30108e-05	2.01833e-05	0.999995   	0.921533   	5.25566e-05	5.13493e-05	0.999995   	0.921528   	0.000117984	0.000207042	0.999995   	0.921519   	-3.85418e-05	-0.000220514	0.999994   	0.921527   	-3.86936e-05	1.82296e-05	0.999995   	0.921572   	0.000101976	0.000113345	0.999994   	0.921538   	-0.000252006	-0.000199724	0.999994   	0.921515   	0.000150221	5.9251e-05 	0.999994   	0.921497   	0.532521   	0.486762   	0.0279674  	0.027952   	0.528564   	0.554359   	0.0285657  	0.0285722  	0.543764   	0.566639   	0.0301978  	0.030211   	0.545895   	0.530987   	0.0286476  	0.0286435  	0.506602   	0.504436   	0.0279704  	0.027972   	0.572183   	0.551707   	0.0308552  	0.0308662  	0.483621   	0.528114   	0.0309992  	0.0310212  	0.516635   	0.544348   	0.0309562  	0.030968   	0.494535   	0.475515   	0.0303331  	0.0303353  	0.526175   	0.526267   	0.0303367  	0.0303386  	0.528092   	0.568669   	0.0305891  	0.0305666  	0.528091   	0.506807   	0.0293764  	0.0293538  	0.534326   	0.54713    	0.0287561  	0.0287512  	0.537932   	0.552207   	0.0313323  	0.0313374  	0.55309    	0.541871   	0.0305927  	0.0305711  	5.42751	5.4879	5.59964	5.41524	5.35839	5.79787	5.76556	5.69933	5.61843	5.77193	5.71492	5.66508	5.42516	5.90601	5.75456	7.92896e-07	-7.64796e-06	1          	0.921526   	0.119282   	0.119255   	0.0387514  	0.0387509  	1.61377	
6e-11      	7.2        	-6.77324e-05	0.000128957	0.999994   	0.915309   	-0.000157616	-1.30592e-05	0.999994   	0.915335   	0.000215849	-0.000114904	0.999994   	0.915327   	-0.000152254	1.89744e-05	0.999994   	0.915328   	2.34026e-05	-9.05673e-05	0.999994   	0.915311   	0.000159815	6.89052e-05	0.999994   	0.915333   	2.65459e-05	0.000150233	0.999994   	0.915351   	-9.10313e-05	-1.71675e-06	0.999994   	0.915353   	1.09143e-05	-0.000124676	0.999994   	0.915334   	-0.000177303	4.92376e-05	0.999994   	0.915313   	7.73155e-05	-7.30481e-05	0.999994   	0.915307   	7.12743e-05	2.02205e-05	0.999994   	0.915349   	9.00161e-05	1.47372e-05	0.999994   	0.915293   	6.19636e-05	5.76884e-05	0.999994   	0.915316   	-0.00010833	-6.71794e-05	0.999994   	0.915357   	0.602338   	0.591289   	0.0333969  	0.0334062  	0.635232   	0.592487   	0.0339256  	0.0339387  	0.569891   	0.588269   	0.0360121  	0.0360164  	0.581711   	0.569388   	0.0345358  	0.0345237  	0.582265   	0.59695    	0.0338319  	0.0338333  	0.587596   	0.622675   	0.0343932  	0.0343847  	0.596977   	0.539352   	0.0358277  	0.0357819  	0.593437   	0.543863   	0.0358329  	0.0358174  	0.536075   	0.600753   	0.0363933  	0.0363808  	0.634097   	0.602472   	0.0318499  	0.0318452  	0.614733   	0.538083   	0.0346788  	0.0346637  	0.649412   	0.56151    	0.0337377  	0.0337384  	0.589758   	0.57593    	0.0330725  	0.0330564  	0.631473   	0.601722   	0.0335857  	0.033586   	0.595238   	0.595547   	0.0342976  	0.0343106  	5.83345	5.98014	6.30315	6.05986	6.03516	6.02415	6.3836	6.20705	6.33674	5.64023	5.9061	5.74911	5.93908	5.91832	5.97744	-1.14683e-06	1.58835e-06	1          	0.915322   	0.126024   	0.123275   	0.0451353  	0.0451345  	1.61156	
7e-11      	7          	3.5685e-05 	0.00025921 	0.999993   	0.908225   	-1.41968e-06	-0.000105478	0.999993   	0.908166   	-6.39222e-05	-9.37657e-05	0.999993   	0.908192   	-0.000171983	-1.94653e-05	0.999993   	0.908182   	-3.09346e-05	-0.000111098	0.999993   	0.908157   	0.000217302	9.90329e-05	0.999993   	0.908157   	9.04472e-05	5.08233e-06	0.999993   	0.9082     	-0.000236211	0.000115508	0.999993   	0.908182   	0.000120364	-0.000144371	0.999993   	0.908175   	5.91517e-05	2.20916e-05	0.999993   	0.908194   	-9.691e-05 	-9.49972e-05	0.999993   	0.908202   	7.01974e-05	5.12101e-05	0.999993   	0.9082     	9.50719e-05	-0.000119926	0.999993   	0.908179   	-8.37575e-05	-9.07597e-05	0.999993   	0.908192   	3.36461e-05	0.000183582	0.999993   	0.908184   	0.634855   	0.671969   	0.0401926  	0.0401508  	0.695986   	0.650364   	0.0418529  	0.0418306  	0.680941   	0.640507   	0.0413783  	0.0413691  	0.629963   	0.683727   	0.0409671  	0.0409327  	0.674579   	0.697343   	0.0415635  	0.0415287  	0.620338   	0.674432   	0.0406152  	0.0406196  	0.757098   	0.656904   	0.0410034  	0.0410001  	0.627022   	0.651347   	0.0375067  	0.0374942  	0.630504   	0.663184   	0.0401306  	0.0401271  	0.648895   	0.670974   	0.0390316  	0.0390412  	0.662362   	0.668045   	0.041874   	0.0418401  	0.660379   	0.65822    	0.0420813  	0.042066   	0.564737   	0.675963   	0.0400463  	0.0400305  	0.602284   	0.675837   	0.0393603  	0.03935    	0.599184   	0.678835   	0.0393956  	0.0394083  	6.68106	7.05065	6.66111	6.44449	6.61251	6.30871	6.47866	5.92677	6.47729	6.39692	6.79921	6.78277	6.54832	6.33652	6.40029	2.45708e-06	-2.93655e-06	1          	0.90818    	0.123629   	0.12458    	0.0533782  	0.0533783  	1.58316	
8e-11      	6.8        	9.01627e-05	-0.000104882	0.999992   	0.899943   	0.000147489	0.000317291	0.999992   	0.899929   	-0.000222175	-0.000223929	0.999992   	0.899923   	-5.86679e-05	-0.000301526	0.999992   	0.899935   	7.26057e-05	8.57231e-05	0.999992   	0.899953   	-5.78174e-05	0.000194457	0.999991   	0.899895   	0.000262878	0.000236117	0.999992   	0.899963   	9.20375e-05	-0.000104551	0.999992   	0.899901   	-0.000313874	-0.000149446	0.999992   	0.899957   	0.000535578	3.66317e-05	0.999992   	0.899936   	-0.000175848	-0.00022743	0.999991   	0.89994    	-0.000328282	0.000196587	0.999991   	0.899924   	-0.000151944	2.32316e-05	0.999992   	0.899959   	0.000334406	0.000203004	0.999991   	0.899932   	-0.000148812	-0.000218015	0.999992   	0.899927   	0.729832   	0.675287   	0.0461514  	0.0461456  	0.790068   	0.712546   	0.0481829  	0.0481715  	0.731149   	0.697515   	0.0493944  	0.0493518  	0.750617   	0.783195   	0.0451874  	0.0451857  	0.758522   	0.694696   	0.047287   	0.0472764  	0.770365   	0.816933   	0.0464739  	0.0464495  	0.715001   	0.744979   	0.0475794  	0.0475537  	0.772304   	0.751715   	0.0501987  	0.050188   	0.708672   	0.837837   	0.0491512  	0.0491244  	0.760345   	0.779412   	0.048538   	0.0485225  	0.783527   	0.816481   	0.0495913  	0.049549   	0.792261   	0.818625   	0.047366   	0.0474086  	0.750739   	0.706597   	0.0462286  	0.0462364  	0.802802   	0.769615   	0.0477147  	0.0476462  	0.779622   	0.72466    	0.0480243  	0.0480591  	6.62316	6.91775	7.17555	6.76455	7.12156	6.81029	7.00951	7.16048	7.16473	7.47025	7.22067	7.23267	7.01524	7.12534	6.92625	5.16928e-06	-2.4434e-06	1          	0.899927   	0.128702   	0.129995   	0.0675158  	0.0675153  	1.61334	
9e-11      	6.6        	-0.000159243	-0.000169403	0.99999    	0.890399   	0.000154369	-1.77483e-05	0.99999    	0.890396   	-9.14475e-06	0.000206972	0.99999    	0.890365   	-1.65666e-05	0.000101964	0.999991   	0.890375   	2.0639e-05 	-4.13165e-05	0.999991   	0.890349   	-1.01241e-05	5.20811e-06	0.999991   	0.890392   	0.000416728	-0.000288138	0.999991   	0.890386   	-0.000166679	0.000232347	0.999991   	0.890377   	-0.000216843	5.75218e-05	0.999991   	0.890409   	0.000216236	-0.000261789	0.999991   	0.890346   	-0.000141031	9.75506e-05	0.99999    	0.89045    	-6.78359e-05	0.00013989 	0.99999    	0.890392   	0.000141976	-0.000179504	0.999989   	0.890397   	-0.000102655	-0.000188511	0.99999    	0.890395   	-3.84778e-05	0.00038404 	0.99999    	0.890383   	0.934868   	0.824838   	0.0583734  	0.0583139  	0.893691   	0.845823   	0.0561252  	0.056139   	0.988523   	0.905053   	0.0573272  	0.0573174  	0.830315   	0.880856   	0.0559805  	0.0560142  	0.776332   	0.906443   	0.0575583  	0.05752    	0.796807   	0.897194   	0.0548828  	0.0548796  	0.825791   	0.813037   	0.0583753  	0.0583811  	0.818008   	0.823947   	0.0583406  	0.0583003  	0.840946   	0.836382   	0.0571181  	0.0570773  	0.879643   	0.799482   	0.062951   	0.0628875  	0.886937   	0.855205   	0.0582985  	0.0582485  	0.862316   	0.920697   	0.05622    	0.0561895  	1.05791    	0.922578   	0.0591189  	0.0591118  	0.865978   	0.875892   	0.0604135  	0.0603718  	0.940875   	0.81296    	0.0565621  	0.0565313  	7.856	7.76145	7.99942	7.80405	7.81428	7.53228	7.88309	7.97557	7.92242	8.38665	7.72734	7.78766	8.06507	8.25552	7.71534	1.44547e-06	5.29313e-06	1          	0.890379   	0.127426   	0.135655   	0.081427   	0.0814268  	1.57026	
1e-10      	6.4        	-0.000291838	-0.000144913	0.999987   	0.879288   	0.000159592	-0.000274842	0.999988   	0.879327   	0.000151539	0.000427848	0.999988   	0.879327   	0.000264426	-4.78038e-05	0.999988   	0.879327   	-7.18312e-05	9.15492e-05	0.999988   	0.879318   	-0.000168415	-5.97889e-05	0.999988   	0.879319   	-0.000199188	0.000304933	0.999988   	0.879305   	8.83672e-05	-0.000299386	0.999988   	0.879329   	0.000172444	3.02308e-05	0.999988   	0.879277   	0.000238586	-0.000228202	0.999987   	0.879288   	-3.45299e-05	-3.69602e-05	0.999988   	0.87931    	-0.000202466	0.000305307	0.999989   	0.879346   	-0.000519505	7.31437e-05	0.999988   	0.879326   	0.000233197	-3.5896e-05	0.999989   	0.879273   	0.000331811	-3.36739e-05	0.999988   	0.879304   	1.15631    	1.10971    	0.0677662  	0.067747   	1.12007    	0.98642    	0.0686475  	0.0686792  	0.978712   	1.08334    	0.068297   	0.0682918  	1.07939    	1.07904    	0.069912   	0.0699167  	1.05652    	1.04517    	0.0678638  	0.0677501  	1.01535    	1.03815    	0.0703659  	0.0703341  	1.09252    	0.992098   	0.0723759  	0.0723639  	1.08434    	1.0928     	0.0711421  	0.0710989  	1.01454    	1.06356    	0.0730674  	0.0730221  	1.10537    	1.1406     	0.0736325  	0.0735485  	1.14574    	1.07161    	0.0662511  	0.066241   	0.971871   	1.02976    	0.0707417  	0.0707102  	1.06082    	0.982071   	0.0700604  	0.0700585  	1.01339    	0.993038   	0.0677363  	0.0677613  	0.959463   	1.10132    	0.0756718  	0.0757296  	8.44496	8.55562	8.34052	8.87545	8.63607	8.70574	9.05199	8.88582	8.86035	8.93496	8.38357	8.83832	8.76859	8.60096	9.31006	1.01006e-05	4.75955e-06	1          	0.879301   	0.136753   	0.133896   	0.105199   	0.105199   	1.62567	
1.1e-10    	6.2        	3.1665e-05 	8.14352e-05	0.999985   	0.866465   	-0.000269494	1.87233e-05	0.999984   	0.866429   	0.000208235	-0.000118726	0.999984   	0.866507   	0.000268003	0.000643919	0.999986   	0.866484   	6.09442e-05	-6.94522e-05	0.999987   	0.866396   	-0.000306615	-0.000501551	0.999985   	0.866436   	-0.000188484	0.00040081 	0.999985   	0.866431   	0.000277304	-0.000538571	0.999986   	0.866513   	-4.26965e-05	0.000172902	0.999985   	0.86648    	0.000390093	4.82364e-05	0.999987   	0.866412   	-7.8435e-05	-4.62069e-05	0.999985   	0.866462   	-0.000297283	-5.87695e-05	0.999986   	0.866438   	0.000270273	-0.000159076	0.999984   	0.866466   	1.24598e-05	-1.72685e-05	0.999985   	0.866437   	-0.000388318	0.000191426	0.999986   	0.866494   	1.28939    	1.30021    	0.0878159  	0.087876   	1.49919    	1.34445    	0.0845345  	0.0844974  	1.32812    	1.38859    	0.0861623  	0.0861703  	1.21604    	1.23237    	0.0848258  	0.0847675  	1.15188    	1.14335    	0.0829315  	0.0828526  	1.14977    	1.37084    	0.0884498  	0.0884722  	1.253      	1.32973    	0.0857838  	0.0858791  	1.17069    	1.18805    	0.0857396  	0.0856208  	1.19657    	1.34984    	0.0872006  	0.0870486  	1.10568    	1.20775    	0.0829688  	0.0828882  	1.33319    	1.20292    	0.0845342  	0.0845802  	1.18341    	1.2771     	0.083813   	0.0838511  	1.30731    	1.38214    	0.0836518  	0.083581   	1.38561    	1.26428    	0.0855725  	0.0855553  	1.36157    	1.11681    	0.0875032  	0.08755    	10.272	9.83146	10.1095	9.74814	9.29235	10.0362	9.68745	10.6014	10.151	9.41019	9.34218	9.66683	10.0223	9.77977	9.91639	-3.45041e-06	3.19818e-06	1          	0.866444   	0.136985   	0.135106   	0.12149    	0.121491   	1.49394	
1.2e-10    	6          	6.1468e-05 	0.000127127	0.99998    	0.851492   	-4.51374e-05	-0.000325479	0.99998    	0.851616   	-2.07996e-05	0.000136043	0.99998    	0.851629   	9.55274e-05	-8.349e-05 	0.999982   	0.85162    	9.68449e-05	0.000125642	0.999982   	0.851548   	-0.000203729	7.32711e-06	0.99998    	0.851628   	0.000636651	0.000154331	0.999981   	0.851602   	-5.54795e-05	-0.000353341	0.999981   	0.851569   	-0.000592228	0.000165338	0.999981   	0.851555   	0.000416483	-0.000428394	0.999982   	0.851536   	-0.000250862	0.000822629	0.99998    	0.851593   	-0.000217569	-0.000350326	0.99998    	0.851578   	0.000259638	0.000430973	0.999982   	0.851575   	-0.000467205	-9.91461e-05	0.999982   	0.851529   	0.000199689	-0.000350553	0.999979   	0.851598   	1.60409    	1.74717    	0.106219   	0.106247   	1.60436    	1.68916    	0.105085   	0.105181   	1.73392    	1.63274    	0.107713   	0.10763    	1.55992    	1.47336    	0.107808   	0.107864   	1.58727    	1.44441    	0.105175   	0.105071   	1.75501    	1.56269    	0.103462   	0.103706   	1.57295    	1.59965    	0.104035   	0.104045   	1.58091    	1.61191    	0.108282   	0.108043   	1.59989    	1.56315    	0.106994   	0.107155   	1.50351    	1.39       	0.107194   	0.107038   	1.62455    	1.61647    	0.102558   	0.102593   	1.61936    	1.69287    	0.101588   	0.101511   	1.44288    	1.61647    	0.098164   	0.0980714  	1.36646    	1.6446     	0.107458   	0.107462   	1.63083    	1.80661    	0.109151   	0.109106   	11.5251	11.5039	11.3607	11.5727	11.1915	11.0998	10.9587	11.2699	11.7799	11.5023	11.0413	10.7728	10.7124	11.3329	11.3736	-5.80204e-06	-1.4597e-06	1          	0.851562   	0.139387   	0.135767   	0.14616    	0.146165   	1.40304	
1.3e-10    	5.8        	-0.000605299	-0.00025947	0.999975   	0.834539   	0.000351365	5.26931e-05	0.999976   	0.834397   	0.000240283	0.000240089	0.999976   	0.834485   	-0.000283115	7.62701e-05	0.999975   	0.834515   	-0.000223696	0.000361112	0.999977   	0.834503   	0.000477569	-0.000347829	0.999975   	0.834394   	-0.000563953	0.000345248	0.999974   	0.834428   	0.00083752 	-0.000476052	0.999973   	0.834489   	-0.000315172	0.000127611	0.999977   	0.834508   	0.00063776 	-0.000826311	0.999973   	0.834414   	-0.000110293	6.36481e-05	0.999974   	0.834525   	-0.000535661	0.000825357	0.999976   	0.834445   	-0.000652202	-0.000119587	0.999976   	0.834442   	-0.000204433	0.000615197	0.999973   	0.834501   	0.000816731	-0.000575021	0.999973   	0.834493   	1.95954    	1.94162    	0.130172   	0.130118   	1.94702    	1.95118    	0.134324   	0.134232   	1.96396    	1.87764    	0.131651   	0.131616   	1.97386    	2.01234    	0.131834   	0.132      	1.80789    	1.80095    	0.139656   	0.139401   	1.89189    	2.02565    	0.127953   	0.128077   	2.28593    	1.8492     	0.132807   	0.132815   	2.03432    	2.1861     	0.123587   	0.123646   	1.90862    	1.73555    	0.128131   	0.128036   	2.1421     	2.09197    	0.137303   	0.137216   	2.19704    	2.0329     	0.135708   	0.135813   	1.95479    	1.89533    	0.138201   	0.137996   	1.52417    	2.22014    	0.12985    	0.129555   	2.21421    	2.07111    	0.136246   	0.135941   	1.92781    	2.26651    	0.136186   	0.136565   	12.594	13.3192	12.752	13.0825	13.5296	12.4447	12.4294	12.2231	12.5287	13.4838	13.142	13.639	12.9751	13.1159	13.5137	-8.76912e-06	6.91134e-06	1          	0.834451   	0.141096   	0.141791   	0.176502   	0.176506   	1.32004	
1.4e-10    	5.6        	-0.00026838	0.000199391	0.999961   	0.814889   	0.00149242 	-0.000362948	0.999962   	0.814975   	-0.00123554	9.82889e-05	0.999962   	0.814958   	0.00128665 	0.00113911 	0.999964   	0.814919   	0.000191267	-0.001153  	0.999962   	0.81489    	-0.00144857	2.77089e-05	0.99996    	0.814975   	0.000680088	-0.000367783	0.999968   	0.814941   	3.25949e-05	-0.000862449	0.999969   	0.814988   	-0.000705804	0.00118698 	0.999968   	0.814929   	0.000304153	-0.000314682	0.999962   	0.81498    	-0.00115229	0.000148246	0.999962   	0.814892   	0.000845584	0.000142107	0.999963   	0.814963   	-0.00126974	0.000203571	0.999961   	0.815006   	0.00158938 	0.000249915	0.999965   	0.814896   	-0.000358777	-0.000449419	0.999965   	0.814932   	3.00748    	2.92127    	0.175046   	0.17505    	2.86668    	2.82312    	0.164002   	0.16366    	2.78881    	2.89825    	0.167859   	0.168096   	2.7444     	2.60662    	0.167072   	0.167142   	3.01536    	2.68865    	0.179345   	0.179297   	3.13384    	2.88598    	0.16063    	0.160041   	2.6258     	2.273      	0.16672    	0.166701   	2.57188    	2.04317    	0.177159   	0.177274   	2.55817    	2.25878    	0.169252   	0.168943   	2.78416    	3.06017    	0.171321   	0.171195   	2.84224    	2.83934    	0.178274   	0.178313   	2.73827    	2.88123    	0.162858   	0.162572   	3.16745    	2.64786    	0.160391   	0.160027   	2.62108    	2.48932    	0.173045   	0.173241   	2.8891     	2.43342    	0.181825   	0.181687   	15.4936	14.8368	14.4933	14.5693	16.0455	14.8814	15.1442	15.7886	15.516	15.252	15.5269	14.7642	14.9164	15.3761	15.6649	-1.09843e-06	-7.61873e-06	1          	0.814912   	0.13922    	0.143282   	0.212748   	0.212749   	1.24803	
1.5e-10    	5.4        	-0.000654863	0.000801205	0.999955   	0.792879   	-0.00134745	-0.00155737	0.99995    	0.793044   	0.00193565 	0.000810185	0.999942   	0.792989   	0.000432646	-0.00151183	0.999947   	0.793084   	-0.000775414	0.00145991 	0.999949   	0.792986   	0.000343352	8.77794e-05	0.999955   	0.792943   	8.69089e-05	-0.000211259	0.999952   	0.793086   	-0.000671858	0.000317565	0.999953   	0.79284    	0.000598756	-5.32469e-05	0.999957   	0.792964   	-0.000525875	-7.5085e-05	0.99995    	0.792915   	3.05968e-05	0.000407397	0.999951   	0.793004   	0.000503291	-0.000376889	0.999952   	0.792963   	0.00089413 	0.00144049 	0.999948   	0.792989   	-0.00185336	0.000315417	0.999955   	0.793019   	0.000923753	-0.0017236 	0.999952   	0.792958   	2.94756    	3.44276    	0.22197    	0.221646   	3.64816    	3.34788    	0.213715   	0.214128   	4.13482    	3.88349    	0.214228   	0.214596   	3.75923    	3.72934    	0.211423   	0.211669   	3.51959    	3.66192    	0.214198   	0.214224   	3.3975     	3.17189    	0.221318   	0.220385   	3.56625    	3.3629     	0.224108   	0.224467   	3.68173    	3.13874    	0.206648   	0.207125   	3.23629    	2.96705    	0.220466   	0.220356   	3.6447     	3.58353    	0.23642    	0.237155   	3.88755    	3.21466    	0.203772   	0.204188   	3.22982    	3.73272    	0.234639   	0.234696   	3.91571    	3.3722     	0.237211   	0.236182   	3.51478    	2.728      	0.203602   	0.20302    	3.42036    	3.25893    	0.222408   	0.222544   	18.3146	17.4103	17.5392	17.3065	17.744	18.4573	17.4949	17.9936	17.7353	19.0634	17.3867	18.7355	19.3112	17.0542	18.4862	-5.2803e-06	8.67315e-06	1          	0.792939   	0.146583   	0.141274   	0.249265   	0.249266   	1.27836	
1.6e-10    	5.2        	0.00116798 	-0.00197219	0.999918   	0.768485   	-0.000221948	0.00155598 	0.999929   	0.768708   	-0.000909103	0.000429625	0.999924   	0.768444   	0.000290734	0.00026888 	0.999936   	0.768454   	-0.000786653	0.00139512 	0.999934   	0.768564   	0.00048164 	-0.00171118	0.999937   	0.768572   	-0.000826044	0.000839781	0.999926   	0.768278   	-0.00109247	-0.000592513	0.999935   	0.76874    	0.00187997 	-0.000176836	0.999938   	0.768542   	-0.0011909 	-0.000590177	0.999937   	0.768645   	0.00212902 	-0.00228732	0.999925   	0.768345   	-0.000849984	0.00285338 	0.999929   	0.768605   	0.000274388	-0.00058634	0.999918   	0.768679   	0.00101142 	-0.000327664	0.999928   	0.768523   	-0.00129268	0.000876095	0.999932   	0.768386   	4.55076    	6.28414    	0.28356    	0.283701   	5.21751    	4.26343    	0.310001   	0.309781   	3.89668    	6.39959    	0.274364   	0.274407   	4.2734     	4.37791    	0.275995   	0.276868   	3.87201    	4.94345    	0.288747   	0.288852   	3.87668    	4.53927    	0.282213   	0.28196    	5.65805    	4.32677    	0.300604   	0.3011     	4.81053    	3.86887    	0.296656   	0.29601    	4.47943    	3.66988    	0.282179   	0.281861   	3.8187     	4.63503    	0.282856   	0.282564   	4.01651    	5.50211    	0.279302   	0.280277   	4.01273    	5.0585     	0.297428   	0.297266   	4.7895     	6.36285    	0.288015   	0.288316   	4.9948     	4.71058    	0.318737   	0.317946   	4.11687    	4.92566    	0.316879   	0.317394   	21.6698	22.0304	21.1296	21.5037	22.1504	21.3959	22.0491	21.9915	21.6207	21.5087	22.0104	21.6677	21.7017	23.3231	23.888	4.48103e-06	-1.70853e-06	1          	0.768477   	0.142975   	0.138403   	0.292453   	0.29246    	1.34104	
1.7e-10    	5          	0.000959054	0.00180817 	0.999854   	0.741624   	0.000551695	-0.000231038	0.999838   	0.741783   	-0.00153014	-0.00156761	0.999864   	0.741916   	0.000283246	0.000392434	0.999856   	0.741896   	-0.00366262	-0.000454154	0.999865   	0.741626   	0.00334181 	0.000141934	0.999856   	0.741791   	0.00136041 	0.000167756	0.999876   	0.741814   	-0.00218214	0.0006606  	0.999893   	0.742038   	0.000815171	-0.000811836	0.999894   	0.741452   	-0.00344958	0.000272578	0.99988    	0.741797   	-0.000560185	-0.000433279	0.999887   	0.741931   	0.00400687 	0.000197009	0.999894   	0.741459   	-0.00139562	0.000906486	0.999891   	0.741645   	0.00299371 	0.000963979	0.999887   	0.7418     	-0.00158663	-0.00179084	0.999865   	0.74173    	6.59503    	11.6037    	0.391044   	0.393826   	7.1083     	13.4054    	0.402836   	0.403529   	7.27454    	9.68778    	0.38537    	0.384316   	6.74905    	11.4658    	0.419898   	0.417317   	6.59958    	9.62928    	0.403703   	0.401243   	7.33692    	10.2019    	0.423798   	0.421669   	7.76552    	7.83051    	0.392818   	0.392251   	6.36165    	6.82106    	0.353535   	0.350562   	7.35896    	5.98263    	0.401249   	0.397463   	7.44778    	7.04417    	0.394732   	0.393837   	6.46682    	7.81517    	0.422739   	0.421906   	6.78158    	5.65228    	0.407272   	0.40962    	5.22506    	8.44709    	0.373614   	0.369686   	5.66443    	8.00571    	0.418032   	0.412684   	8.25459    	8.44523    	0.447915   	0.45162    	27.4125	26.2136	26.8084	27.8395	27.6894	28.1819	25.9724	25.1064	26.9879	27.208	28.0253	27.2506	25.9476	29.173	28.9785	-4.14336e-06	1.4745e-05 	1          	0.74166    	0.141585   	0.146653   	0.323822   	0.323823   	1.62389	
1.8e-10    	4.8        	-0.00170578	0.0105873  	0.999552   	0.712749   	-0.0266898 	-0.0094431 	0.999262   	0.713035   	0.0283513  	-0.00112221	0.999165   	0.713156   	-0.0312518 	0.000892116	0.999142   	0.713121   	0.00978964 	-0.00831695	0.999499   	0.712602   	0.0214656  	0.0074603  	0.999438   	0.713082   	-0.0143033 	-0.0113563 	0.99957    	0.71293    	0.0286439  	0.00459764 	0.999334   	0.713187   	-0.0143917 	0.00671457 	0.99949    	0.712567   	0.0198167  	-0.00688001	0.999411   	0.712373   	0.00725982 	0.0140972  	0.999621   	0.712982   	-0.027124  	-0.00723404	0.999277   	0.713208   	0.029153   	0.00759507 	0.999147   	0.712996   	-0.0262292 	0.00216616 	0.999315   	0.713066   	-0.00291699	-0.00974853	0.999672   	0.712765   	19.9314    	25.7464    	0.514429   	0.51962    	23.8812    	15.5575    	0.544238   	0.554278   	32.2914    	18.321     	0.553798   	0.563615   	26.2455    	16.9936    	0.542441   	0.516211   	18.8375    	30.1179    	0.629504   	0.626347   	18.9041    	16.6735    	0.565602   	0.553315   	16.8936    	13.9222    	0.686828   	0.698557   	15.5132    	13.1931    	0.584678   	0.591248   	16.0393    	28.8176    	0.665861   	0.64127    	19.2467    	23.8556    	0.687616   	0.668976   	14.2397    	15.3697    	0.623301   	0.623427   	24.9113    	13.5009    	0.617185   	0.588976   	33.4017    	13.2395    	0.659282   	0.630278   	26.7971    	12.834     	0.570586   	0.587516   	14.1497    	18.1392    	0.540565   	0.535968   	31.3177	33.0451	32.2761	33.0001	36.5499	33.6852	39.9511	36.8726	38.7886	39.2638	38.6048	38.5774	37.5186	34.2731	33.2883	-9.60171e-06	3.62958e-07	1          	0.712489   	0.141327   	0.147288   	0.392238   	0.392243   	3.24782	
1.9e-10    	4.6        	0.0133646  	0.0982746  	0.994248   	0.678069   	-0.0766017 	-0.117092  	0.989238   	0.687225   	0.063234   	0.0201668  	0.997206   	0.689196   	-0.077397  	-0.0457866 	0.995346   	0.690636   	0.00784161 	-0.0746616 	0.996345   	0.679527   	0.0703664  	0.120295   	0.989302   	0.684279   	-0.0566501 	-0.121636  	0.989809   	0.682268   	0.078066   	0.0632561  	0.994162   	0.691227   	-0.0226487 	0.057629   	0.997314   	0.680702   	0.0396156  	-0.0354361 	0.998035   	0.682952   	0.0420634  	0.119567   	0.990623   	0.68067    	-0.0802884 	-0.082723  	0.992291   	0.690888   	0.0773294  	0.100865   	0.99091    	0.689906   	-0.0494708 	0.0112362  	0.998169   	0.685739   	-0.028899  	-0.114158  	0.992103   	0.678665   	24.4469    	61.0281    	3.34602    	2.08286    	47.5984    	52.4954    	1.16705    	2.03631    	46.74      	17.6735    	2.2611     	2.60352    	38.5243    	27.4198    	2.0254     	2.38808    	27.459     	60.5054    	1.84509    	1.39089    	23.9504    	76.2205    	1.24988    	1.18305    	34.5461    	86.7269    	1.80137    	1.08432    	51.1809    	34.4143    	2.18071    	3.29741    	46.4159    	35.2205    	1.38085    	1.23922    	32.4387    	26.7595    	0.966366   	1.02632    	42.5631    	95.1293    	2.43671    	1.15097    	72.287     	42.5138    	1.635      	3.40159    	67.5897    	40.0188    	1.24442    	2.77368    	37.3144    	21.5951    	1.23572    	1.45283    	21.6251    	76.213     	2.94267    	1.64048    	111.498	60.5826	132.278	119.718	68.4297	49.9218	62.7822	133.626	55.8714	54.8052	77.8044	104.847	78.7557	77.3637	95.773	-4.55616e-06	-1.61637e-05	1          	0.680459   	0.142313   	0.143381   	0.899003   	0.899002   	29.0994	
2e-10      	4.4        	0.0136705  	0.220585   	0.974898   	0.646437   	-0.121121  	-0.260892  	0.957265   	0.668347   	0.106469   	0.0469349  	0.992468   	0.676997   	-0.125076  	-0.098897  	0.986558   	0.680547   	0.0232052  	-0.174004  	0.984067   	0.64889    	0.106072   	0.272602   	0.955944   	0.66124    	-0.0864471 	-0.277963  	0.95642    	0.654623   	0.135578   	0.144807   	0.979496   	0.680886   	-0.0545029 	0.127072   	0.989917   	0.655602   	0.079585   	-0.0757389 	0.993205   	0.663373   	0.0648886  	0.272037   	0.959851   	0.649465   	-0.139927  	-0.186347  	0.971817   	0.678938   	0.133653   	0.227959   	0.963833   	0.674767   	-0.094183  	0.0161198  	0.99464    	0.669893   	-0.0416797 	-0.25435   	0.965936   	0.647354   	24.7856    	9.97763    	1.93069    	1.61134    	27.7056    	18.8191    	2.24647    	2.0182     	60.9595    	17.2132    	1.55478    	2.30143    	55.3239    	13.7949    	1.30413    	2.30161    	30.8558    	7.96954    	1.68962    	1.84803    	17.7952    	12.5293    	2.2327     	1.91367    	11.8358    	13.9215    	1.6885     	1.51802    	50.2638    	15.778     	1.73276    	1.79147    	36.2454    	11.1782    	2.2023     	2.87675    	60.7354    	14.0571    	2.18942    	2.36734    	9.625      	12.7395    	2.66493    	2.16353    	48.8284    	18.2051    	2.68702    	2.46392    	42.3055    	20.4871    	2.56313    	2.70068    	66.9839    	14.1369    	1.69633    	2.21015    	13.3141    	11.8532    	2.76124    	2.06626    	80.1731	89.5434	81.9376	70.2546	72.4911	85.9386	67.5765	79.0186	101.208	99.5992	103.905	120.906	112.345	82.1282	102.427	4.32073e-06	-1.23583e-05	1          	0.647327   	0.147755   	0.142602   	0.541022   	0.541019   	11.7867	
2.1e-10    	4.2        	-0.0457742 	0.236471   	0.969745   	0.600152   	-0.160545  	-0.273615  	0.947974   	0.63964    	0.19383    	0.0495207  	0.979367   	0.671269   	-0.195958  	-0.104124  	0.974775   	0.677604   	0.0864909  	-0.184708  	0.978208   	0.610341   	0.128974   	0.294754   	0.946449   	0.621498   	-0.0937111 	-0.306304  	0.9468     	0.607129   	0.200507   	0.156762   	0.966819   	0.675157   	-0.12465   	0.127595   	0.983433   	0.628716   	0.157313   	-0.0695709 	0.984748   	0.646164   	0.047062   	0.301929   	0.951671   	0.599354   	-0.195186  	-0.204117  	0.95896    	0.666576   	0.181577   	0.245487   	0.951918   	0.65456    	-0.181835  	0.00719765 	0.982957   	0.659252   	0.00233377 	-0.276674  	0.960303   	0.598376   	50.8462    	15.2491    	3.14322    	3.57177    	24.7627    	10.5766    	2.09426    	4.11831    	33.3394    	9.81956    	3.10477    	3.85515    	18.0117    	12.9311    	3.12656    	3.83945    	48.8973    	16.2298    	2.84703    	2.99084    	25.4086    	8.89862    	1.85552    	3.97483    	26.9678    	19.0753    	3.52779    	8.34471    	11.4091    	13.7296    	2.37745    	2.10466    	32.0925    	15.8846    	1.94574    	2.59376    	25.75      	7.89836    	3.63408    	4.41973    	22.7056    	21.7725    	3.86442    	8.95055    	13.8979    	17.8538    	3.56393    	2.87184    	16.3779    	14.9219    	2.80433    	3.58329    	27.3201    	8.18173    	2.24471    	3.90041    	40.07      	13.3936    	3.50215    	4.55301    	116.56	83.6935	128.589	131.582	106.977	70.1173	124.674	100.493	82.0325	145.222	138.072	141.048	110.941	98.2576	129.001	2.69923e-05	1.76368e-06	1          	0.615255   	0.139905   	0.140585   	0.397145   	0.397146   	6.375	
2.2e-10    	4          	-0.110795  	0.229255   	0.966119   	0.541565   	-0.105766  	-0.291721  	0.949911   	0.60943    	0.187401   	0.0808074  	0.978716   	0.662867   	-0.179052  	-0.132764  	0.974538   	0.672929   	0.143936   	-0.168101  	0.974492   	0.55859    	0.0695287  	0.314873   	0.945707   	0.582328   	-0.0311271 	-0.322577  	0.945117   	0.558575   	0.173588   	0.180008   	0.96795    	0.672322   	-0.170399  	0.100895   	0.979681   	0.584113   	0.182542   	-0.0398999 	0.981963   	0.615306   	-0.0160812 	0.317092   	0.947225   	0.540412   	-0.157135  	-0.222184  	0.96183    	0.65997    	0.134698   	0.258496   	0.955986   	0.63805    	-0.188971  	-0.0238229 	0.981433   	0.643383   	0.0674441  	-0.280995  	0.956148   	0.532789   	48.2755    	11.361     	5.66665    	5.20839    	32.2089    	22.0993    	10.6532    	5.62501    	9.94943    	12.6247    	6.23467    	5.22237    	8.63736    	22.2701    	5.14831    	5.29392    	37.608     	9.75637    	9.92454    	7.37995    	35.6341    	24.9203    	12.8786    	8.29298    	39.7544    	19.2614    	8.89495    	5.55753    	7.37864    	20.5967    	4.31557    	4.31571    	28.3508    	8.75995    	8.96527    	6.39522    	25.3768    	9.12522    	8.48739    	6.58508    	49.8442    	16.2938    	5.3142     	5.37141    	14.7677    	25.1787    	5.5075     	4.04857    	27.4987    	22.095     	6.94322    	3.57427    	14.5718    	9.39951    	6.88119    	6.50531    	63.2493    	12.3327    	3.8466     	4.98823    	184.905	354.878	212.921	185.245	325.378	419.55	296.86	151.829	289.621	274.27	188.751	195.511	234.186	230.19	128.184	1.04091e-05	-6.58833e-06	1          	0.583628   	0.146314   	0.149422   	0.362836   	0.362833   	4.27938	
2.3e-10    	3.8        	-0.21065   	0.238378   	0.947678   	0.493095   	-0.0744167 	-0.258297  	0.962813   	0.601931   	0.236265   	0.0602921  	0.9693     	0.628996   	-0.210308  	-0.10535   	0.971572   	0.649976   	0.239709   	-0.182942  	0.953133   	0.503566   	0.0284086  	0.282489   	0.958576   	0.568616   	0.0269576  	-0.296935  	0.954246   	0.534274   	0.189229   	0.147521   	0.970489   	0.654996   	-0.260084  	0.116137   	0.958207   	0.533256   	0.260475   	-0.0508242 	0.963624   	0.572579   	-0.0920092 	0.301423   	0.94872    	0.506592   	-0.158967  	-0.191362  	0.968225   	0.644598   	0.119919   	0.22941    	0.965487   	0.625979   	-0.253469  	-0.0125776 	0.9666     	0.603179   	0.157521   	-0.27524   	0.948015   	0.494667   	12.7256    	8.39949    	5.17715    	6.457      	9.67509    	15.34      	17.7732    	12.1318    	18.1815    	21.234     	23.755     	17.794     	17.1927    	13.1656    	17.7289    	13.0919    	10.1194    	7.24221    	4.23361    	3.81244    	9.43626    	8.14229    	18.2313    	16.2172    	7.22587    	9.03688    	16.3412    	15.5753    	15.6797    	12.4326    	6.03808    	5.42382    	12.9276    	8.35893    	6.82184    	4.87419    	19.2904    	11.2389    	18.6551    	11.472     	7.56234    	7.62247    	22.6026    	19.6224    	18.7538    	11.7472    	5.23595    	4.64863    	22.7635    	13.6956    	7.3018     	6.51372    	22.483     	19.3908    	34.004     	22.4485    	8.60684    	11.0846    	24.2135    	24.1236    	155.472	534.969	693.953	528.812	134.43	532.16	476.208	190.614	209.023	554.434	667.925	175.514	226.639	1012.12	729.079	2.3321e-06 	2.49782e-06	1          	0.552179   	0.149135   	0.143233   	0.329512   	0.329517   	3.29918	
2.4e-10    	3.6        	-0.289289  	0.259942   	0.919825   	0.473908   	-0.0657448 	-0.256197  	0.964009   	0.591138   	0.300261   	0.0506461  	0.951954   	0.584411   	-0.256491  	-0.103845  	0.960504   	0.607959   	0.331039   	-0.197324  	0.921248   	0.477851   	-0.00284759	0.28011    	0.95921    	0.561039   	0.0758363  	-0.289843  	0.953368   	0.526291   	0.215823   	0.138796   	0.966159   	0.621816   	-0.350557  	0.133851   	0.925931   	0.496754   	0.341825   	-0.0726574 	0.93589    	0.522819   	-0.146737  	0.299061   	0.941894   	0.499271   	-0.169502  	-0.178526  	0.968965   	0.62222    	0.125977   	0.217404   	0.967502   	0.607855   	-0.327289  	0.00747324 	0.944113   	0.558248   	0.221626   	-0.285163  	0.931535   	0.479884   	43.8543    	26.8626    	8.35976    	10.6071    	19.4762    	11.25      	2.77712    	4.23962    	24.9601    	13.7049    	6.95378    	3.85997    	28.2041    	6.74515    	5.46068    	3.80919    	56.7177    	15.7733    	8.81077    	8.61271    	22.8264    	26.1905    	11.6693    	7.92257    	24.4372    	20.1154    	7.65793    	9.40197    	19.1223    	11.4494    	5.15798    	5.08729    	47.3392    	9.62778    	6.24598    	11.1917    	53.8969    	10.3178    	6.51803    	8.6553     	34.2938    	16         	17.0753    	13.5319    	9.87439    	12.2708    	8.36418    	7.97382    	12.3749    	19.4165    	7.30901    	4.7711     	28.0614    	20.356     	11.3734    	6.80246    	29.8322    	18.917     	12.9321    	14.0342    	242.939	87.9124	195.69	166.052	262.702	344.368	233.94	155.976	185.207	185.769	484.662	249.174	220.532	321.311	358.209	1.4747e-05 	4.78549e-05	1          	0.520763   	0.156339   	0.149394   	0.324116   	0.324119   	3.15785	
2.5e-10    	3.4        	-0.299657  	0.172172   	0.93647    	0.461983   	-0.0603699 	-0.193356  	0.978396   	0.527201   	0.313425   	0.0412317  	0.947935   	0.542831   	-0.229638  	-0.0909337 	0.967041   	0.591042   	0.442593   	-0.215636  	0.868938   	0.399345   	-0.0683907 	0.242243   	0.967028   	0.561446   	0.143254   	-0.321925  	0.934263   	0.466623   	0.147616   	0.23141    	0.959283   	0.57377    	-0.301511  	0.0316501  	0.94869    	0.499523   	0.517133   	-0.037273  	0.854163   	0.415211   	-0.148366  	0.185421   	0.970692   	0.531426   	-0.215317  	-0.137622  	0.966487   	0.612082   	0.074515   	0.213198   	0.973349   	0.605444   	-0.287538  	-0.0519335 	0.954143   	0.544503   	0.294311   	-0.267334  	0.916186   	0.384883   	37.8509    	11.772     	89.2461    	50.4353    	22.2868    	48.3687    	68.0425    	84.0145    	28.5816    	28.7778    	11.5645    	18.9769    	90.5585    	25.8926    	90.5904    	50.5947    	25.0333    	19.5461    	113.249    	111.14     	34.5942    	20.3824    	6.82097    	7.30473    	8.55544    	29.3897    	135.129    	96.5957    	101.459    	64.1844    	29.4377    	26.276     	100.59     	24.3647    	225.022    	124.294    	9.43058    	7.08582    	90.6922    	75.6402    	7.19871    	19.6356    	82.7354    	65.4607    	6.08576    	21.4664    	4.89224    	6.55468    	50.6242    	13.252     	14.4326    	11.2851    	100.565    	10.6967    	62.5656    	28.1786    	32.1056    	12.1213    	128.856    	130.445    	2736.43	1627.12	293.029	2831.42	2963.22	206.012	3281.34	640.883	6651.11	2392.54	2616.07	126.522	488.952	1947.05	3349.5	0.00195188 	-0.00115773	0.999996   	0.487421   	0.622455   	0.301534   	2.28925    	2.28458    	20.0896	
2.6e-10    	3.2        	-0.157815  	0.0553101  	0.985349   	0.55701    	-0.164459  	-0.069841  	0.982688   	0.436825   	0.435557   	-0.0175326 	0.898193   	0.389778   	-0.0878472 	-0.0107763 	0.995914   	0.670218   	0.600138   	-0.381248  	0.699534   	0.205558   	-0.100644  	0.148805   	0.983248   	0.525339   	0.202519   	-0.476919  	0.854195   	0.337103   	0.0304959  	0.36665    	0.929256   	0.482577   	-0.119597  	-0.0366269 	0.991857   	0.600324   	0.719858   	-0.12156   	0.678561   	0.277086   	-0.091783  	0.0844437  	0.991868   	0.564665   	-0.224958  	-0.0316883 	0.973232   	0.603195   	-0.0443038 	0.224027   	0.973305   	0.575443   	-0.0849368 	-0.090362  	0.992      	0.595588   	0.396951   	-0.372771  	0.834402   	0.216271   	18.1841    	12.4616    	51.6918    	44.1005    	33.4181    	21.3067    	22.1133    	23.7173    	12.5381    	23.367     	63.3844    	40.471     	4.97404    	10.5803    	11.786     	10.9424    	8.62034    	12.4118    	28.9359    	23.1768    	12.068     	16.5745    	4.51464    	3.0001     	15.9752    	7.55469    	16.914     	15.7166    	14.7272    	9.97024    	16.9453    	11.1955    	10.761     	9.37899    	26.2955    	23.6126    	5.41062    	27.595     	81.399     	56.5534    	12.6414    	15.3518    	76.8539    	81.2269    	11.9348    	37.6997    	9.40735    	8.72489    	8.83928    	11.6856    	2.2621     	2.67275    	13.8212    	10.1201    	41.0396    	42.5427    	6.54961    	23.1983    	48.1931    	38.7773    	1637.99	549.862	1177.81	505.225	609.582	195.046	278.748	325.668	886.767	2063.17	1775.06	318.649	54.8604	1075.23	1227.3	0.00784199 	-0.00463029	0.999957   	0.443767   	0.54126    	0.423408   	5.22692    	5.20269    	43.2562	
2.7e-10    	3          	-0.0738688 	0.0837305  	0.993391   	0.559923   	-0.214826  	-0.0485182 	0.973915   	0.3975     	0.487878   	-0.125242  	0.860683   	0.284916   	-0.0780528 	-0.00153689	0.99668    	0.689973   	0.757561   	-0.64238   	-0.0129976 	0.121813   	-0.0446134 	0.139241   	0.988914   	0.509623   	0.218011   	-0.736468  	0.634156   	0.207962   	0.0318389  	0.333626   	0.94185    	0.477948   	-0.0728491 	-0.0203412 	0.996863   	0.614597   	0.748009   	-0.181195  	0.634924   	0.204032   	-0.0449542 	0.0716475  	0.99589    	0.51261    	-0.2018    	-0.0123305 	0.978993   	0.569555   	0.00977652 	0.201388   	0.978444   	0.507344   	-0.0214974 	-0.0395017 	0.998628   	0.567238   	0.12428    	-0.551306  	0.809993   	0.159547   	11.7455    	13.4813    	1.58239    	1.35287    	26.945     	28.3502    	2.09967    	3.04056    	23.343     	36.4234    	3.68076    	12.1592    	16.4818    	12.6846    	1.2817     	1.18599    	14.7918    	15.0514    	7.71149    	13.7148    	13.9799    	6.08738    	0.932323   	0.94469    	20.0639    	23.4989    	15.6785    	18.3363    	6.32389    	10.6764    	5.26642    	6.48008    	13.2675    	10.446     	1.46383    	1.54048    	15.5601    	14.398     	4.10954    	12.3698    	27.6723    	4.65825    	1.95318    	2.40928    	14.8674    	11.8672    	1.19339    	1.89866    	51.6877    	13.2764    	24.8673    	29.383     	10.0995    	16.4369    	1.20341    	1.12713    	47.6676    	18.3646    	16.8391    	14.3773    	97.0977	42.0243	67.9265	94.8127	161.219	55.6736	278.533	179.301	91.7657	85.623	66.1242	60.2862	453.847	90.3898	421.066	0.0117492  	-0.00641388	0.999909   	0.397564   	0.524339   	0.20666    	4.71194    	4.70088    	13.5078	
2.8e-10    	2.8        	-0.00355028	0.0207884  	0.999497   	0.55245    	-0.0849887 	-0.0475532 	0.994294   	0.337186   	0.166137   	0.0202706  	0.979053   	0.170693   	-0.0149232 	-0.0362944 	0.999063   	0.708538   	0.0359421  	-0.0489755 	-0.982681  	0.138437   	0.0162969  	0.0645776  	0.997363   	0.485726   	0.0900844  	-0.858399  	0.444116   	0.0558249  	-0.00195416	0.162323   	0.985924   	0.419106   	-0.00415549	-0.029296  	0.99936    	0.624019   	0.309362   	0.631792   	0.551817   	0.0447914  	0.00318369 	0.0289296  	0.999094   	0.489896   	-0.0265839 	-0.0722019 	0.996395   	0.552182   	0.0477623  	0.0565573  	0.996662   	0.471196   	0.00272236 	-0.055433  	0.998258   	0.560859   	-0.620639  	0.10221    	0.638151   	0.0439755  	7.78286    	11.8257    	0.486908   	0.42102    	19.2407    	7.59589    	1.2749     	2.68614    	45.968     	12.1579    	3.01705    	11.7402    	8.87303    	10.2254    	0.87171    	0.800531   	30.3613    	29.3302    	7.95483    	0.969387   	10.0973    	12.5982    	0.557542   	0.654811   	19.4584    	47.9985    	5.86763    	54.0256    	8.93611    	26.3366    	0.874325   	3.02175    	9.52781    	8.5064     	0.977415   	0.955219   	62.1066    	27.7656    	5.52699    	34.5675    	15.3906    	11.3174    	0.513907   	0.545789   	35.8476    	9.17946    	0.483402   	0.553007   	6.26253    	24.5329    	0.505824   	0.762758   	5.54271    	9.07262    	0.590373   	0.676006   	15.3195    	52.2931    	6.24946    	19.0325    	53.9922	15.6326	33.318	90.6808	134.673	34.167	83.6526	19.0847	93.425	75.7035	34.0605	49.5364	37.9963	56.936	89.4902	0.000715609	-0.000403382	0.999996   	0.352744   	1.24815    	0.548376   	7.38674    	7.41411    	11.6421	
2.9e-10    	2.6        	0.000993018	-0.000878263	0.999901   	0.543202   	-0.0102127 	-0.00373809	0.999447   	0.305017   	0.0159508  	0.0107017  	0.997599   	0.139624   	-0.00337007	-0.00142446	0.999919   	0.702157   	0.00156131 	-0.00367317	-0.998691  	0.179729   	0.00444698 	0.00348895 	0.999747   	0.465335   	-0.0446863 	-0.00667977	-0.865081  	0.0191571  	0.00731985 	0.000748035	0.999355   	0.383573   	-0.00301411	0.000395965	0.999905   	0.621995   	0.0137388  	-0.0663891 	-0.864939  	0.0197762  	0.000316191	0.00194041 	0.999801   	0.467628   	-0.000475461	0.00120932 	0.999825   	0.539823   	0.00460342 	0.00195725 	0.999801   	0.458604   	0.000233849	-0.000458152	0.99985    	0.545081   	-0.113982  	-0.0378218 	-0.845477  	0.0186256  	3.25026    	3.39034    	0.226729   	0.226481   	6.30688    	4.33378    	0.400062   	0.43608    	6.0496     	3.92278    	0.330376   	0.345286   	2.89241    	5.5257     	0.203721   	0.209724   	5.00303    	4.65777    	0.455661   	0.447743   	4.24951    	7.61898    	0.283813   	0.304217   	3.67406    	10.7322    	0.487466   	2.54329    	5.25754    	16.0429    	0.458324   	0.632299   	3.48541    	4.54878    	0.208558   	0.207019   	6.13779    	6.54772    	0.460942   	1.19661    	3.32921    	6.63551    	0.379646   	0.400019   	4.46267    	7.2008     	0.271535   	0.269053   	4.54239    	4.49396    	0.264597   	0.263395   	3.57308    	6.68163    	0.260585   	0.265183   	6.60102    	5.92794    	0.594565   	1.29072    	8.28568	7.73159	7.69548	7.83428	7.44584	7.83759	9.0417	9.30832	9.8819	8.29579	8.27369	9.95047	9.74547	8.23667	9.30384	-7.2033e-05	-7.92261e-05	0.999999   	0.329518   	0.153283   	0.148598   	0.484081   	0.484077   	3.7238	
3e-10      	2.4        	0.00130185 	-0.000725642	0.999927   	0.533101   	-0.00324954	0.00203027 	0.999698   	0.286755   	0.00214077 	-0.00200719	0.998132   	0.119972   	-0.000585148	1.40095e-05	0.999956   	0.694335   	-0.00665681	0.00383774 	-0.999321  	0.206099   	0.00404907 	-0.00197248	0.999891   	0.451485   	0.0280202  	0.00822399 	-0.980747  	0.0408944  	-0.00161336	4.32627e-05	0.99977    	0.36644    	-0.000815496	-0.000558356	0.999946   	0.614187   	0.0227806  	0.0219784  	-0.983897  	0.0417552  	-0.00149401	0.000947856	0.999895   	0.453328   	-0.000540081	-0.00248136	0.999916   	0.528742   	-0.00191618	-0.00324212	0.999888   	0.446746   	0.000409275	0.000112429	0.999922   	0.533557   	0.0157843  	0.0345179  	-0.980825  	0.0411398  	2.30558    	2.42017    	0.17805    	0.178813   	2.98795    	2.60038    	0.232857   	0.235207   	3.69191    	2.49628    	0.25897    	0.263911   	2.40291    	2.45441    	0.148392   	0.148639   	3.80993    	2.54232    	0.305014   	0.306844   	2.15719    	2.50605    	0.186473   	0.187208   	2.8612     	4.43657    	0.338637   	0.373241   	3.02081    	4.0454     	0.250396   	0.254046   	2.3495     	2.30792    	0.164153   	0.164186   	3.05248    	3.20047    	0.329685   	0.338651   	2.32095    	2.5716     	0.255376   	0.255208   	2.67016    	2.52724    	0.214336   	0.213765   	1.88863    	2.92203    	0.192158   	0.192114   	2.72524    	2.36473    	0.190195   	0.190681   	3.12796    	4.1191     	0.283824   	0.324241   	5.29131	5.15107	4.86919	5.43794	4.88442	4.99882	5.33795	6.20427	5.63646	5.59699	5.9561	6.16681	5.74787	5.29125	4.75809	4.08129e-05	9.84545e-07	0.999999   	0.313363   	0.137493   	0.136251   	0.153937   	0.153938   	2.10779	
3.1e-10    	2.2        	0.000761021	-0.000948502	0.999926   	0.522045   	0.00137128 	0.00291639 	0.9997     	0.271412   	-0.00737696	-0.00216981	0.99788    	0.103622   	0.000808047	0.000100751	0.999964   	0.683863   	-0.00166506	0.00117302 	-0.999526  	0.225467   	-0.000486522	-0.000644344	0.999888   	0.43853    	0.0156409  	-0.0107999 	-0.992726  	0.0589554  	-0.00280611	0.00189149 	0.999816   	0.351894   	8.98111e-05	-8.19495e-05	0.999957   	0.603928   	-0.0168978 	-0.00191782	-0.993244  	0.0597999  	0.00158753 	6.12e-06   	0.999896   	0.440417   	0.000483705	0.000240223	0.999928   	0.516511   	0.0004913  	-0.00163282	0.999891   	0.434178   	0.00142287 	-0.000374818	0.999929   	0.521675   	-0.0161898 	0.0147767  	-0.992673  	0.059224   	2.41642    	2.15719    	0.162883   	0.162633   	2.45914    	2.54508    	0.195444   	0.197227   	2.19386    	2.99014    	0.201933   	0.208291   	2.01102    	1.88183    	0.169804   	0.169798   	2.56047    	2.96419    	0.21612    	0.217805   	2.80078    	2.13918    	0.182898   	0.183455   	2.93177    	2.76375    	0.220228   	0.232692   	2.36795    	2.73044    	0.209511   	0.210061   	1.85698    	1.74361    	0.14987    	0.14961    	2.69371    	2.78746    	0.231627   	0.250795   	2.35596    	2.21453    	0.162912   	0.163245   	2.25989    	2.17461    	0.181922   	0.181728   	2.13851    	2.553      	0.169774   	0.170445   	2.30011    	2.07372    	0.172215   	0.172111   	2.84       	2.92272    	0.229779   	0.252081   	4.2605	4.09495	3.70711	4.89425	3.41118	4.50668	3.75599	4.55001	4.7019	3.97613	4.20185	4.50648	4.325	4.4311	3.78116	-2.39891e-05	1.71072e-05	0.999999   	0.299023   	0.139087   	0.132752   	0.123365   	0.123367   	1.86295	
3.2e-10    	2          	8.23564e-05	-0.00013904	0.99993    	0.509226   	0.00144272 	0.000845604	0.999654   	0.256621   	-0.00499996	-0.00185207	0.997202   	0.0885979  	-0.000467018	0.000317378	0.999958   	0.670482   	0.00219373 	5.62299e-05	-0.99964   	0.241077   	-0.000584363	-0.000404951	0.999885   	0.424893   	-0.00226113	0.000579149	-0.995412  	0.0741358  	0.00260757 	-0.000173545	0.999806   	0.3365     	-0.00111012	-3.4925e-05	0.999951   	0.591635   	-0.0121052 	0.00112093 	-0.995828  	0.0753848  	0.00201565 	-0.000636513	0.999893   	0.426826   	7.8315e-05 	0.000346317	0.999916   	0.50253    	-0.000432994	-0.00243942	0.99988    	0.420222   	0.00145772 	-0.000188714	0.999925   	0.508191   	-0.00796334	0.0160027  	-0.995523  	0.0744001  	2.10013    	2.05391    	0.152188   	0.152517   	2.34135    	2.89223    	0.190982   	0.192952   	2.52944    	2.51324    	0.194807   	0.201053   	1.98394    	2.385      	0.184324   	0.18466    	2.70099    	2.08623    	0.213075   	0.213267   	2.2616     	2.52325    	0.180906   	0.181321   	2.79971    	3.01849    	0.190481   	0.199558   	2.59699    	2.36083    	0.190336   	0.189412   	2.13542    	1.77527    	0.16444    	0.164261   	2.77993    	2.58742    	0.204857   	0.208084   	2.1024     	2.28975    	0.180625   	0.179876   	2.47247    	2.38494    	0.180101   	0.180172   	2.57887    	2.16015    	0.185479   	0.185776   	2.12713    	2.27099    	0.172175   	0.172364   	2.91157    	2.61317    	0.206584   	0.219992   	3.73153	3.7053	3.39498	4.67236	3.17639	3.90303	3.36426	3.91135	4.13211	3.40313	3.95506	4.0444	3.66404	4.0417	3.27183	-1.22543e-05	1.51895e-05	0.999999   	0.284739   	0.133078   	0.137714   	0.121994   	0.122      	1.78536	
3.3e-10    	1.8        	0.00082499 	0.00173569 	0.999914   	0.494201   	-0.00342268	-0.00321006	0.999575   	0.24091    	0.00557455 	-0.0017333 	0.995826   	0.0734135  	-0.00109484	-0.00131262	0.999946   	0.653365   	0.00030337 	-0.000109547	-0.999671  	0.254538   	0.00149036 	0.00212968 	0.999881   	0.409383   	-0.00551795	-0.00737198	-0.996968  	0.0882276  	0.000820071	0.00300428 	0.999769   	0.319782   	0.00039288 	-0.000575139	0.999939   	0.576237   	-0.00938486	-0.00464129	-0.99711   	0.0898589  	-0.000146345	0.00104871 	0.999864   	0.411628   	0.00178473 	-1.56914e-05	0.999904   	0.485826   	-0.00192593	-0.00020452	0.999853   	0.404096   	0.000447941	0.000908666	0.99991    	0.49253    	0.00640248 	-0.00384169	-0.997144  	0.088678   	1.98719    	2.76208    	0.20068    	0.201423   	2.73618    	2.80053    	0.208673   	0.208844   	2.24037    	2.94347    	0.196539   	0.209847   	2.6797     	2.49996    	0.216898   	0.216671   	2.45317    	2.44667    	0.187472   	0.186365   	2.18157    	2.29167    	0.198384   	0.197435   	2.81471    	2.55853    	0.183774   	0.192004   	2.69711    	2.63908    	0.237135   	0.238186   	2.31731    	2.32034    	0.191327   	0.191671   	2.35427    	2.92557    	0.211557   	0.216934   	2.7616     	2.51425    	0.193988   	0.193487   	2.50484    	2.61745    	0.216306   	0.215485   	2.78561    	2.65654    	0.192745   	0.192373   	2.87231    	2.15029    	0.18481    	0.186139   	2.70044    	2.43107    	0.19721    	0.202988   	4.31515	3.6481	3.43438	4.2698	3.01498	4.01456	3.17756	3.98634	4.46197	3.4253	3.97053	4.29639	3.88165	4.00573	2.97897	-1.3925e-05	-1.41897e-05	0.999999   	0.269339   	0.135774   	0.135653   	0.139547   	0.139558   	1.71325	
3.4e-10    	1.6        	-0.000183669	-0.000243171	0.99989    	0.47634    	0.00124971 	0.0012097  	0.999522   	0.222969   	-0.00367196	-0.00416012	0.992986   	0.0569734  	0.000256989	0.00059097 	0.999934   	0.631597   	0.00263237 	-0.0023329 	-0.999671  	0.266921   	-0.00205425	0.000655267	0.999835   	0.391124   	8.15686e-05	-0.000383683	-0.997886  	0.102139   	-0.00249549	-0.00102084	0.999691   	0.299772   	0.00131165 	0.000772011	0.999925   	0.557481   	-0.00867938	-0.00195956	-0.997767  	0.104471   	0.000246293	0.000468352	0.999824   	0.39395    	0.00175148 	-2.08931e-06	0.999849   	0.465162   	-0.000472348	-0.00210971	0.999816   	0.384837   	0.000517623	0.00271569 	0.999889   	0.47371    	3.26831e-05	-0.00471291	-0.997867  	0.103037   	2.69353    	3.03518    	0.209357   	0.20967    	2.78227    	2.66897    	0.238843   	0.238885   	2.61338    	2.63215    	0.225493   	0.234921   	3.12939    	2.93197    	0.250141   	0.248633   	2.5559     	2.73455    	0.21033    	0.210575   	3.14881    	2.57358    	0.232566   	0.232914   	2.57791    	2.50933    	0.197031   	0.202082   	3.68772    	2.63496    	0.249339   	0.249588   	2.63557    	2.62364    	0.21329    	0.21307    	2.94259    	2.57542    	0.240951   	0.2436     	3.29455    	3.00462    	0.220992   	0.220033   	3.91755    	3.50901    	0.270516   	0.270666   	2.97821    	3.23619    	0.25762    	0.258965   	2.77373    	2.75931    	0.225905   	0.226313   	2.68353    	2.52889    	0.206435   	0.218819   	4.24574	4.33779	3.65044	4.47941	3.52823	4.14984	3.67584	4.3389	4.36841	3.65665	4.34284	4.47435	4.17508	4.3885	3.63075	2.75531e-05	-8.52062e-06	0.999999   	0.251803   	0.143248   	0.140696   	0.183225   	0.183226   	1.68306	
3.5e-10    	1.4        	0.000408214	-0.00106088	0.999844   	0.454676   	0.00222101 	0.00190798 	0.999107   	0.201574   	-0.0195633 	0.00139416 	0.97848    	0.0382639  	7.77874e-05	0.000114545	0.999879   	0.6035     	0.000839725	0.00280544 	-0.999625  	0.278917   	-0.000887794	-0.0021971 	0.999683   	0.369118   	0.00503807 	0.000814365	-0.997391  	0.117009   	-0.000191549	0.00370403 	0.999379   	0.274955   	-0.000918309	-0.00231676	0.999846   	0.534743   	0.0141249  	0.0046609  	-0.997501  	0.120046   	-0.00593541	-0.00164304	0.999719   	0.372834   	0.00136677 	0.000284002	0.999778   	0.439079   	-0.000560085	0.00382318 	0.99968    	0.360925   	-0.000927614	-0.00228338	0.999806   	0.450404   	0.00547577 	-0.00301276	-0.997661  	0.118035   	4.08355    	3.31183    	0.296592   	0.298008   	3.74232    	4.57685    	0.286557   	0.288547   	3.76011    	3.52821    	0.315001   	0.375596   	4.98397    	5.17316    	0.38357    	0.385583   	3.75787    	2.88469    	0.237198   	0.235755   	5.02184    	4.85437    	0.311604   	0.31349    	3.61041    	4.58097    	0.27703    	0.28328    	5.64923    	5.04028    	0.382276   	0.378033   	4.54949    	5.39471    	0.298886   	0.301524   	3.99478    	3.97013    	0.282161   	0.303623   	4.09324    	4.29578    	0.297317   	0.296425   	4.90754    	4.90465    	0.361645   	0.363389   	5.17858    	4.18792    	0.328349   	0.325097   	4.16165    	4.77768    	0.315898   	0.317591   	3.45978    	3.99834    	0.250212   	0.260092   	5.14163	4.40988	4.50713	5.39899	4.05074	4.85132	4.08866	4.72455	5.68816	3.9615	4.62396	5.22924	4.71261	4.95929	4.15162	1.7171e-06 	-1.53466e-05	0.999998   	0.231008   	0.144863   	0.141947   	0.250654   	0.250646   	1.7713	
3.6e-10    	1.2        	-0.00798029	-0.010239  	0.999483   	0.42929    	-0.0144783 	0.0119237  	0.9979     	0.174997   	0.273504   	0.117853   	0.73793    	0.0188938  	-0.0126362 	-0.00127497	0.999581   	0.566395   	0.0180977  	0.0114764  	-0.998914  	0.291426   	0.00471043 	-0.00685135	0.999399   	0.342295   	0.0101261  	0.0235459  	-0.995997  	0.133113   	0.0164627  	0.00163797 	0.998161   	0.242071   	-0.0102449 	-0.00715273	0.99958    	0.507308   	0.0191999  	0.0262575  	-0.995476  	0.137695   	-0.00232271	-0.0141823 	0.999266   	0.347552   	-0.00514699	0.00310819 	0.99921    	0.404922   	0.00562315 	0.00242234 	0.999159   	0.329859   	-0.00948478	-0.0110913 	0.999284   	0.422315   	0.0174167  	0.0299575  	-0.996316  	0.135207   	11.9136    	6.45679    	0.363929   	0.368846   	6.71316    	6.89067    	0.39577    	0.417372   	10.7838    	7.64491    	0.419085   	2.71194    	15.3765    	9.59394    	0.590356   	0.59014    	11.312     	5.46379    	0.303754   	0.31815    	7.80655    	7.47554    	0.418239   	0.415395   	7.72673    	7.3311     	0.354793   	0.39425    	14.7933    	8.25241    	0.504449   	0.543703   	12.8346    	7.42571    	0.363784   	0.361011   	8.65208    	8.82939    	0.347569   	0.383219   	9.81712    	7.72709    	0.378914   	0.378405   	16.0314    	13.1094    	0.600843   	0.595183   	11.2403    	9.35316    	0.467348   	0.466006   	13.7997    	11.2371    	0.416457   	0.428855   	8.53799    	4.5066     	0.338434   	0.383311   	6.5172	5.11497	5.05773	6.2	4.82781	5.19622	5.04201	5.40542	6.2783	5.25913	6.0359	6.24782	5.7912	5.79645	4.98258	-1.89805e-05	3.34607e-05	0.999998   	0.205464   	0.144816   	0.14994    	0.466368   	0.466372   	1.87534	
3.7e-10    	1          	0.011186   	-0.173584  	0.982236   	0.410405   	-0.488238  	0.202687   	0.817039   	0.162237   	0.83       	0.385159   	-0.317981  	0.0934658  	-0.174955  	-0.0178706 	0.981795   	0.51238    	0.000380677	0.166393   	-0.982849  	0.305758   	0.266826   	-0.124952  	0.948228   	0.323775   	-0.339695  	0.436395   	-0.811689  	0.183638   	0.440413   	-0.047881  	0.873138   	0.204844   	-0.0495595 	-0.152391  	0.984986   	0.484239   	0.118833   	0.379229   	-0.90492   	0.175077   	0.212425   	-0.28805   	0.925254   	0.344492   	-0.272183  	0.0967932  	0.949134   	0.363603   	0.331613   	-0.116604  	0.924426   	0.302223   	-0.130804  	-0.112315  	0.981244   	0.390446   	-0.261152  	0.41553    	-0.854182  	0.181125   	19.3084    	78.4584    	0.651966   	2.72378    	170.627    	13.1157    	1.57335    	34.1811    	95.4763    	47.1162    	2.34813    	119.626    	135.872    	18.8962    	4.10976    	2.41129    	6.21984    	62.6498    	0.635174   	1.49719    	145.254    	28.9477    	1.05418    	8.4383     	92.8599    	65.7648    	0.643141   	34.9657    	187.462    	17.4605    	5.53161    	15.1899    	21.7705    	91.3923    	0.750298   	3.036      	14.1434    	76.7692    	0.855974   	13.34      	127.643    	98.4098    	0.641544   	18.9983    	224.288    	15.4848    	3.51864    	5.80871    	220.285    	14.8498    	2.52191    	11.0123    	56.8617    	77.4549    	1.13437    	4.52861    	58.0127    	69.6628    	0.88913    	25.3732    	33.2319	7.51657	6.66275	21.0176	8.56125	19.2913	6.19615	6.44595	36.636	7.5447	23.0472	15.9387	12.8157	28.8007	7.10628	7.01931e-05	5.56706e-05	0.999997   	0.169256   	0.146983   	0.143767   	6.337      	6.33698    	55.3956	
3.8e-10    	0.8        	0.0937189  	-0.329808  	0.938547   	0.40755    	-0.910464  	0.17121    	0.366234   	0.21433    	0.795031   	0.498241   	-0.340402  	0.197372   	-0.380071  	-0.124579  	0.914794   	0.473284   	-0.00406145	0.376094   	-0.924854  	0.331079   	0.538544   	-0.198875  	0.817048   	0.331802   	-0.56739   	0.512633   	-0.642445  	0.246949   	0.879748   	0.091262   	0.45625    	0.222573   	-0.101999  	-0.309011  	0.944248   	0.479515   	0.227415   	0.584399   	-0.773402  	0.232381   	0.410624   	-0.415308  	0.810738   	0.36221    	-0.599288  	0.0448575  	0.796171   	0.350793   	0.670798   	-0.0621583 	0.735438   	0.308088   	-0.285607  	-0.306968  	0.905383   	0.384988   	-0.379031  	0.56142    	-0.732587  	0.242765   	24.1503    	6.7596     	1.25827    	2.2996     	28.1592    	27.4693    	2.38383    	18.6414    	52.1426    	28.7245    	1.93966    	66.3437    	50.6922    	40.9056    	3.07156    	12.436     	30.8543    	9.73992    	1.09354    	1.44316    	16.7565    	22.349     	1.44604    	4.46042    	10.6609    	16.2571    	1.33897    	10.4826    	43.3353    	46.1041    	3.17637    	38.4718    	54.3406    	14.35      	1.52194    	3.80613    	52.4316    	13.4008    	1.51073    	13.41      	17.8702    	14.8145    	1.29966    	9.92171    	35.6216    	43.4007    	2.40135    	11.4568    	29.7766    	37.4755    	1.74252    	11.5361    	68.7619    	21.6735    	1.22933    	14.7793    	31.0593    	7.04462    	1.33656    	9.93336    	12.4746	8.03363	7.46453	10.3005	7.23053	9.91457	7.14432	7.30571	14.1092	6.97808	9.7033	8.70107	7.72157	9.33905	6.97848	4.53373e-05	-0.000146732	0.999995   	0.131825   	0.144179   	0.142495   	1.16047    	1.16045    	5.50974	
3.9e-10    	0.6        	0.0791109  	-0.364039  	0.926272   	0.411028   	-0.991397  	0.0354346  	0.117021   	0.25711    	0.759101   	0.48633    	-0.426975  	0.290573   	-0.548955  	-0.231506  	0.802723   	0.465611   	0.0826274  	0.445882   	-0.889411  	0.347499   	0.688322   	-0.148332  	0.707549   	0.326163   	-0.707793  	0.432614   	-0.540594  	0.2388     	0.968083   	0.235645   	-0.0144475 	0.278988   	-0.200009  	-0.358479  	0.910611   	0.467219   	0.376533   	0.570665   	-0.726372  	0.291288   	0.438833   	-0.399852  	0.802681   	0.344816   	-0.764314  	-0.0828162 	0.63826    	0.353127   	0.85464    	0.0606837  	0.513071   	0.300096   	-0.384941  	-0.347296  	0.852235   	0.429      	-0.313751  	0.474371   	-0.818244  	0.275193   	59.5675    	5.89317    	9.95       	11.9534    	26.3178    	8.81499    	7.25363    	25.9431    	21.4637    	15.0892    	20.1594    	8.41134    	7.26799    	10.3044    	5.87026    	6.27128    	40.7679    	5.53919    	2.75427    	3.10847    	47.9732    	6.15367    	6.85807    	16.5473    	38.0943    	10.8785    	95.2572    	14.5441    	9.57237    	12.4779    	47.8325    	7.09268    	57.6582    	9.01705    	20.3737    	31.5866    	40.9555    	5.68421    	4.99827    	3.3455     	45.0751    	7.45217    	3.93319    	11.6048    	7.54934    	15.815     	3.9643     	4.55753    	13.3928    	8.55818    	22.6051    	16.7993    	37.1551    	10.0209    	95.8713    	41.0968    	67.0977    	9.85637    	45.9151    	61.8136    	12.2251	10.4299	17.8379	20.763	8.16686	16.1149	37.193	10.5903	25.3951	7.83344	9.97589	13.5978	11.4007	56.707	26.5143	0.000282095	-0.000333538	0.999991   	0.0972799  	0.150335   	0.140883   	0.675849   	0.675845   	3.18482	
4e-10      	0.4        	0.289217   	-0.290448  	0.908047   	0.431241   	-0.992019  	-0.0547599 	0.00712    	0.313479   	0.588594   	0.45941    	-0.661086  	0.311588   	-0.55118   	-0.306817  	0.774838   	0.404326   	-0.212288  	0.442458   	-0.865813  	0.320816   	0.87807    	-0.0616477 	0.464464   	0.33007    	-0.91202   	0.183059   	-0.329881  	0.278486   	0.903621   	0.286001   	-0.30909   	0.291727   	-0.0132613 	-0.32975   	0.942461   	0.401032   	0.164035   	0.48463    	-0.85685   	0.307467   	0.643257   	-0.232275  	0.722401   	0.354378   	-0.806397  	-0.192509  	0.55534    	0.351264   	0.951515   	0.162884   	0.244675   	0.313296   	-0.283732  	-0.377433  	0.880474   	0.411812   	-0.557656  	0.32236    	-0.755103  	0.322277   	39.3849    	127.12     	71.1594    	79.2668    	7.00609    	54.5487    	89.8075    	6.10385    	52.3735    	40.0508    	9.39097    	39.5611    	44.1883    	16.231     	41.8362    	69.986     	48.1089    	108.344    	142.03     	184.234    	6.35878    	79.3605    	46.241     	13.2295    	18.652     	94.7689    	132.703    	17.3546    	11.971     	35.4942    	19.8791    	7.58256    	35.205     	44.9484    	111.171    	137.841    	29.8002    	45.6978    	81.0917    	111.326    	22.9537    	112.12     	47.4813    	34.2396    	8.53959    	40.4056    	19.6818    	8.14679    	7.805      	41.2998    	51.6885    	9.09133    	36.6359    	28.6466    	45.1619    	74.5794    	31.8549    	93.2052    	148.018    	100.29     	99.6559	20.9034	60.1183	73.5079	23.026	51.8206	12.0081	114.384	59.1918	59.706	97.5199	23.8996	8.89652	15.1131	12.5178	-7.06035e-05	-0.000131264	0.999979   	0.0636942  	0.141397   	0.14631    	0.602537   	0.60249    	3.7058	
4.1e-10    	0.2        	0.393094   	-0.148651  	0.904473   	0.332353   	-0.985877  	-0.100532  	0.0508231  	0.287761   	0.524723   	0.280329   	-0.781506  	0.283117   	-0.615448  	-0.184676  	0.753685   	0.311169   	-0.278049  	0.219017   	-0.925737  	0.290317   	0.901278   	-0.0167769 	0.427535   	0.30672    	-0.950572  	0.0459275  	-0.301362  	0.271328   	0.832959   	0.211526   	-0.487883  	0.275957   	0.08179    	-0.221571  	0.963432   	0.31959    	0.117357   	0.249006   	-0.949222  	0.289038   	0.673551   	-0.0809699 	0.732349   	0.326365   	-0.867583  	-0.155226  	0.456156   	0.293341   	0.981846   	0.136536   	0.0476515  	0.281714   	-0.312983  	-0.260075  	0.90078    	0.316875   	-0.63502   	0.163902   	-0.751609  	0.274178   	9.46499    	58.666     	13.7435    	13.7116    	21.8933    	100.487    	42.8233    	18.6613    	9.74815    	263.227    	72.3608    	17.2933    	21.694     	202.759    	7.65773    	16.358     	4.90355    	127.306    	61.3224    	23.1965    	24.2774    	21.3387    	45.3389    	40.8453    	31.3026    	10.7466    	32.1087    	44.2986    	30.9517    	186.044    	9.1879     	18.3768    	7.1374     	152.952    	44.3984    	15.8613    	7.12457    	170.659    	69.9009    	25.3931    	26.3117    	8.28205    	39.0975    	33.1217    	31.8197    	132.695    	23.767     	36.0603    	35.992     	118.956    	12.539     	28.2801    	7.97257    	238.886    	35.8093    	14.5584    	22.6818    	29.7723    	22.5706    	32.0404    	22.8368	18.9264	12.2925	10.9933	17.0641	11.9187	24.3581	20.4161	46.5898	19.1768	14.1259	22.6884	64.0064	62.1834	7.79865	0.000922957	-0.000296535	0.999916   	0.0315305  	0.139621   	0.148224   	0.379256   	0.379239   	3.19442	
4.2e-10    	-0         	0.402383   	-0.0462241 	0.91189    	0.340847   	-0.976821  	0.175056   	-0.0988949 	0.312975   	0.496665   	-0.110382  	-0.856845  	0.326638   	-0.666504  	0.130183   	0.729096   	0.320199   	-0.228047  	0.0148841  	-0.971141  	0.341345   	0.931215   	-0.153604  	0.324002   	0.318184   	-0.840964  	0.12766    	-0.521952  	0.324723   	0.80917    	-0.1443    	-0.563683  	0.315356   	0.046524   	0.0140091  	0.996421   	0.340621   	0.136531   	-0.0447979 	-0.986798  	0.337848   	0.715485   	-0.106975  	0.687691   	0.331036   	-0.912809  	0.165072   	0.364939   	0.312064   	0.970438   	-0.182425  	-0.140321  	0.309488   	-0.315391  	0.0797998  	0.942549   	0.332385   	-0.566191  	0.081565   	-0.818005  	0.33615    	19.3876    	31.6157    	11.5436    	3.65083    	4.81097    	14.0651    	45.5774    	3.54598    	14.5633    	60.5762    	14.3464    	4.09194    	10.339     	59.6373    	19.0886    	3.75977    	18.5162    	41.1502    	5.57781    	2.82681    	5.77139    	8.07185    	39.3047    	3.27229    	9.72343    	9.42195    	33.8608    	3.80618    	8.38229    	46.5244    	25.1163    	3.56976    	20.9016    	42.7177    	4.03101    	3.79755    	19.3523    	52.8459    	5.1404     	4.10346    	16.7226    	10.7492    	22.5802    	3.1388     	3.71481    	36.7606    	34.2464    	3.56491    	3.55364    	24.5097    	33.5648    	3.3981     	14.0396    	55.4831    	7.07881    	3.55933    	16.9566    	18.6534    	14.9639    	3.31341    	28.533	7.05967	23.3243	33.1946	18.1565	9.07332	18.7506	33.2373	10.8061	8.76656	30.195	28.2521	15.785	12.1856	29.8712	-0.0180498 	0.00744131 	0.00398068 	0.000481634	0.142011   	0.144209   	0.352997   	0.239006   	1.90468	
