#----------------------------------------------------------------------------------------------------------------------------------------------------------
# Output file for vampire simulation
#   time       : 2025-05-29 15:18:12     process id : 3446462
#   hostname   : thor3.psi.ch
#   path       : /scratch/dossan_f/Na2BaMn(PO4)2/vampire_tripleUC_15mat_J2Ja_small_k0.035_Jnn0.11_Bc_highstatistics
#   version    : 6.0.0
#   githash    : 4c9651daecc86c3e6b6df0c8055fcd9e89fd900c
#----------------------------------------------------------------------------------------------------------------------------------------------------------
2e-11      	8          	-0.000379848	0.000144338	0.99998    	0.983331   	-0.00060916	0.00168461 	0.99954    	0.983415   	0.00130922 	-0.00255349	0.998074   	0.982644   	-0.000474653	0.000833431	0.999836   	0.98374    	0.000719117	-0.000431449	0.998579   	0.982094   	0.000342422	-0.00114719	0.999548   	0.982941   	-0.000745476	0.00215755 	0.999203   	0.983      	0.00125721 	-0.00253642	0.99838    	0.982852   	-0.000373293	0.000365821	0.99996    	0.983532   	0.00116519 	-0.00198529	0.998123   	0.98237    	-1.11259e-05	-0.000483315	0.999888   	0.983083   	-0.000596681	0.00132604 	0.999693   	0.98377    	0.00058943 	-0.0019427 	0.998917   	0.982807   	-0.000338536	0.000578495	0.999908   	0.983805   	-6.54722e-05	0.00166484 	0.998933   	0.982332   	7.66707    	1.70622    	266.669    	262.786    	12.5503    	127.015    	351.139    	231.357    	43.085     	161.28     	1140.88    	494.598    	12.6615    	53.289     	166.508    	125.077    	2.41039    	1.40809    	1095.64    	855.463    	4.29163    	38.31      	528.229    	417.872    	17.9013    	135.251    	583.857    	385.576    	44.8806    	185.158    	957.785    	408.772    	6.20444    	8.35786    	191.727    	182.433    	22.9407    	61.9571    	1199       	660.794    	0.871336   	11.1576    	390.019    	365.788    	22.4405    	104.591    	205.691    	127.836    	12.4565    	106.939    	772.367    	449.551    	12.0736    	28.3647    	132.446    	110.544    	0.857339   	34.2103    	889.464    	712.621    	54079.2	117328	908614	15720.1	844787	261621	307577	700434	17724.9	972320	140142	35723.7	499667	7859.62	618268	2.43515e-06	-5.48585e-06	1          	0.982772   	0.120671   	0.125325   	7898.48    	7898.47    	3.83258e+06	
3e-11      	7.8        	4.68265e-05	-7.07234e-05	0.999999   	0.983311   	-3.66891e-05	9.96927e-06	0.999999   	0.983299   	2.64678e-05	5.20061e-05	0.999999   	0.98331    	-3.31767e-05	0.000105612	0.999999   	0.983306   	0.000131445	-4.29032e-05	0.999999   	0.983307   	-7.0701e-05	-3.53886e-05	0.999999   	0.983305   	-3.63309e-05	0.000142134	0.999999   	0.983301   	6.35991e-05	-4.477e-05 	0.999999   	0.983306   	7.26733e-06	-0.000104573	0.999999   	0.983304   	3.41651e-05	-9.98428e-05	0.999999   	0.983305   	3.69037e-05	2.28323e-05	0.999999   	0.983301   	-6.82018e-05	7.72052e-05	0.999999   	0.983304   	3.88304e-05	-3.62693e-05	0.999999   	0.983306   	-3.29931e-05	4.28618e-05	0.999999   	0.983299   	1.16169e-05	-2.10024e-05	0.999999   	0.983306   	0.587683   	0.541316   	0.00695871 	0.00695114 	0.573916   	0.560116   	0.00672474 	0.00671984 	0.561606   	0.597074   	0.00654147 	0.00654216 	0.545377   	0.556418   	0.00664258 	0.0066387  	0.567328   	0.52114    	0.00666306 	0.00666133 	0.553581   	0.586762   	0.00708229 	0.00708591 	0.561382   	0.581336   	0.00649686 	0.00649314 	0.596334   	0.565898   	0.00661319 	0.00660972 	0.615271   	0.563826   	0.00648265 	0.00648382 	0.55438    	0.569178   	0.00627902 	0.00627694 	0.593801   	0.565022   	0.0065089  	0.0065053  	0.609193   	0.660104   	0.00645497 	0.00645571 	0.576389   	0.511419   	0.00678037 	0.00677938 	0.606855   	0.577681   	0.00650265 	0.00649867 	0.568459   	0.579069   	0.00720859 	0.00720955 	6.01735	5.98864	5.96874	6.03025	5.90174	6.37022	5.79679	5.80935	5.70682	5.54184	5.75589	5.68875	5.91594	5.60491	6.26434	7.9365e-06 	-1.90547e-07	1          	0.983304   	0.12154    	0.124326   	0.0107105  	0.0107107  	2.01647	
4e-11      	7.6        	-0.000110452	-1.94721e-05	0.999999   	0.981701   	1.63118e-06	2.78556e-05	0.999999   	0.981697   	9.01178e-05	-1.286e-05 	0.999999   	0.981696   	-8.47675e-05	4.94788e-05	0.999999   	0.981693   	6.16444e-05	5.38922e-05	0.999999   	0.981698   	7.6967e-06 	-8.65237e-05	0.999999   	0.981695   	-5.42344e-05	-3.94023e-05	0.999999   	0.981692   	3.31033e-05	-0.000103085	0.999999   	0.981686   	2.22153e-05	0.000134756	0.999999   	0.981696   	4.18979e-05	-7.95007e-05	0.999999   	0.981704   	1.02869e-06	-3.66806e-05	0.999999   	0.98169    	-2.0143e-05	0.000113919	0.999999   	0.981695   	-6.5938e-05	6.19072e-05	0.999999   	0.981701   	1.67692e-05	-0.000123746	0.999999   	0.981689   	4.65435e-05	5.44427e-05	0.999999   	0.981688   	0.646572   	0.705377   	0.00801945 	0.00801447 	0.676022   	0.622636   	0.00824457 	0.00824257 	0.676919   	0.745414   	0.00816381 	0.00816503 	0.686275   	0.662499   	0.00823753 	0.00823587 	0.685539   	0.673406   	0.00755045 	0.00755411 	0.673382   	0.700093   	0.00785143 	0.00784734 	0.647036   	0.671211   	0.00806531 	0.00806474 	0.697335   	0.712246   	0.0077957  	0.00779658 	0.680588   	0.682842   	0.00840406 	0.0084     	0.699469   	0.713398   	0.00843555 	0.00843424 	0.714402   	0.696403   	0.00792528 	0.00792544 	0.709097   	0.719715   	0.00821597 	0.00821547 	0.618977   	0.622386   	0.00861108 	0.00860805 	0.627249   	0.663516   	0.00842087 	0.00841795 	0.640826   	0.64689    	0.00825257 	0.00825448 	6.60027	6.8405	6.602	6.73875	6.2538	6.34859	6.18273	6.1974	6.39943	6.72474	6.2752	6.62035	6.87128	6.5031	6.65428	-8.59651e-07	-3.35177e-07	1          	0.981693   	0.130908   	0.12461    	0.0142851  	0.0142848  	2.04966	
5e-11      	7.4        	0.000101765	0.000146052	0.999998   	0.979709   	5.39022e-05	-2.18286e-05	0.999998   	0.979698   	-0.000161354	-0.000135713	0.999998   	0.979706   	3.57434e-05	-7.33827e-06	0.999998   	0.979705   	-1.03394e-06	-6.15744e-06	0.999998   	0.97971    	-4.22724e-05	1.93663e-05	0.999998   	0.979706   	-8.30246e-06	6.71991e-06	0.999998   	0.979706   	-7.98955e-05	2.9069e-05 	0.999998   	0.979699   	8.29507e-05	-6.05141e-05	0.999998   	0.979714   	4.10312e-05	8.87378e-05	0.999998   	0.979708   	-7.66733e-05	4.06006e-05	0.999999   	0.979698   	2.69584e-05	-0.000139165	0.999998   	0.979709   	-5.89189e-05	6.32291e-05	0.999998   	0.97971    	-6.1899e-06	2.61628e-05	0.999998   	0.979706   	2.95717e-05	-8.14146e-05	0.999998   	0.979705   	0.764322   	0.790994   	0.010215   	0.0102047  	0.794651   	0.755089   	0.0104784  	0.0104694  	0.834756   	0.782586   	0.00963157 	0.00962669 	0.78692    	0.829987   	0.00987039 	0.00987598 	0.804562   	0.847173   	0.00987319 	0.00987144 	0.767153   	0.804749   	0.0104402  	0.0104386  	0.781385   	0.85446    	0.00979059 	0.00978638 	0.826631   	0.751536   	0.00997215 	0.00997291 	0.843      	0.832942   	0.0102125  	0.0102072  	0.697462   	0.85681    	0.0101602  	0.0101529  	0.740255   	0.798116   	0.0101596  	0.0101644  	0.787023   	0.802135   	0.0102249  	0.0102156  	0.758848   	0.813654   	0.0104146  	0.0104063  	0.804789   	0.785225   	0.00992486 	0.0099244  	0.800058   	0.844713   	0.0102098  	0.0101998  	7.28868	7.15352	7.2186	7.14054	6.99481	7.59627	6.99902	7.12714	7.01548	7.06872	7.20266	7.01667	7.61237	7.11087	7.43039	-4.17982e-06	-2.14739e-06	1          	0.979705   	0.126314   	0.125992   	0.0192006  	0.0192008  	2.11846	
6e-11      	7.2        	-9.29817e-06	5.92598e-05	0.999998   	0.977172   	2.72943e-05	9.42555e-05	0.999998   	0.977173   	-1.49997e-05	-0.000141856	0.999998   	0.977174   	-4.80306e-05	-0.000163042	0.999998   	0.977171   	-7.27752e-05	1.91603e-05	0.999998   	0.977178   	0.000112765	0.000137085	0.999998   	0.977174   	-5.1544e-05	-8.68177e-05	0.999998   	0.977181   	0.000125144	8.12208e-05	0.999998   	0.97718    	-5.73008e-05	-8.38935e-06	0.999998   	0.977173   	-0.000141645	2.60555e-05	0.999998   	0.977172   	2.50505e-05	-6.2666e-05	0.999998   	0.977175   	0.000126358	3.17754e-05	0.999998   	0.977172   	-1.49368e-05	0.000156254	0.999998   	0.977167   	0.000104857	-0.000145556	0.999998   	0.977168   	-7.64977e-05	-2.63334e-05	0.999998   	0.977164   	0.953845   	1.08841    	0.0137849  	0.0137679  	0.910635   	1.14526    	0.0129237  	0.0129201  	1.03443    	1.02192    	0.0131818  	0.0131802  	0.979091   	0.9753     	0.0134036  	0.0134082  	0.927067   	0.914611   	0.0128752  	0.0128749  	0.918153   	1.00514    	0.0133894  	0.0133902  	0.919032   	0.934758   	0.0124807  	0.0124887  	1.06363    	0.865862   	0.0131298  	0.0131375  	1.13766    	1.01766    	0.0128147  	0.0128172  	1.02429    	0.950026   	0.0127701  	0.0127533  	1.09436    	0.984554   	0.0133146  	0.0133275  	1.14828    	1.05734    	0.0126035  	0.0126029  	1.02093    	1.07529    	0.0130011  	0.0130072  	0.998152   	1.06297    	0.0129924  	0.0129927  	1.09743    	1.19335    	0.0125374  	0.0125432  	8.59775	8.57811	8.8361	8.58775	8.21227	8.28535	7.88319	8.16007	7.95321	8.04051	8.15412	7.90199	8.33239	8.34651	8.16778	2.29377e-06	-1.96807e-06	1          	0.977171   	0.130515   	0.12688    	0.0265097  	0.0265096  	2.23504	
7e-11      	7          	7.6779e-05 	-4.43951e-05	0.999997   	0.973826   	-0.000122513	-8.9173e-05	0.999997   	0.973834   	5.79201e-05	0.000127021	0.999997   	0.973839   	9.33105e-05	2.65003e-05	0.999997   	0.973823   	-7.45166e-05	0.000144823	0.999997   	0.973838   	-2.6453e-05	-0.000193929	0.999997   	0.973822   	8.04061e-05	4.62703e-05	0.999997   	0.973816   	-0.000138534	0.000118242	0.999997   	0.973824   	5.6641e-05 	-0.000165518	0.999998   	0.973832   	0.000117909	8.04541e-05	0.999997   	0.973831   	-0.000164917	-0.000121979	0.999997   	0.973836   	4.94494e-05	4.49453e-05	0.999998   	0.97382    	-5.59331e-05	-0.000126984	0.999997   	0.973815   	0.000138727	4.64872e-05	0.999997   	0.973817   	-8.89561e-05	9.28067e-05	0.999997   	0.973823   	1.25141    	1.47987    	0.0188008  	0.0187961  	1.2927     	1.354      	0.0187945  	0.0187855  	1.34043    	1.24604    	0.0171562  	0.017134   	1.28327    	1.39278    	0.0176941  	0.0176996  	1.43454    	1.39302    	0.0179972  	0.017996   	1.26596    	1.54262    	0.0186594  	0.0186557  	1.39       	1.30677    	0.0180407  	0.0180238  	1.24851    	1.37078    	0.0187163  	0.0187386  	1.18536    	1.20267    	0.0183481  	0.0183513  	1.40414    	1.2939     	0.0183836  	0.0183722  	1.28738    	1.41164    	0.0181623  	0.0181573  	1.15947    	1.17835    	0.0183165  	0.0183151  	1.30155    	1.45221    	0.0189876  	0.0189829  	1.23621    	1.37215    	0.0193269  	0.0193247  	1.39461    	1.49923    	0.0191722  	0.0192055  	9.85036	9.79058	9.56397	9.77433	9.81564	9.88917	9.77377	9.7523	10.1075	9.74366	9.68102	9.63488	10.2022	10.3924	9.85893	-4.5515e-08	-9.59764e-07	1          	0.973824   	0.137965   	0.134599   	0.0473142  	0.0473145  	2.49421	
8e-11      	6.8        	-9.51406e-06	-0.000235043	0.999996   	0.969149   	-0.00019188	0.000274843	0.999996   	0.96916    	0.00022893 	-1.53822e-05	0.999996   	0.969169   	-0.00038253	-0.000157133	0.999996   	0.969155   	0.000179559	0.000245882	0.999996   	0.969162   	0.000209485	-0.000109764	0.999996   	0.969157   	-0.000180366	0.000137989	0.999996   	0.96916    	0.000172711	-6.10841e-05	0.999996   	0.969164   	2.06817e-05	-7.75012e-05	0.999996   	0.969162   	-0.000103032	-0.000240485	0.999996   	0.969174   	4.08953e-06	0.000396709	0.999996   	0.969154   	9.79279e-05	-0.000144146	0.999996   	0.969161   	0.00015866 	0.000428248	0.999996   	0.969164   	-4.30418e-05	-0.00012792	0.999996   	0.969163   	-0.00011408	-0.000294985	0.999996   	0.969175   	1.92882    	1.87764    	0.0272428  	0.0272367  	2.11085    	2.05241    	0.0282692  	0.0282042  	1.83184    	2.0505     	0.0293871  	0.0293378  	1.69138    	1.77752    	0.0293903  	0.0293986  	1.919      	1.89688    	0.0275581  	0.027554   	1.80467    	2.03194    	0.0281337  	0.0281684  	2.38176    	1.86195    	0.0307747  	0.0307552  	2.09117    	1.74969    	0.0277202  	0.0276699  	2.28497    	1.97955    	0.0272284  	0.0272761  	2.03345    	1.89752    	0.0269178  	0.0269331  	1.88094    	2.02389    	0.0295987  	0.0295688  	2.14444    	1.94909    	0.0269738  	0.0269848  	1.98576    	1.66359    	0.0266968  	0.0267177  	2.27138    	1.74949    	0.0273834  	0.0273558  	1.88584    	2.00132    	0.027087   	0.0270521  	12.1967	12.2274	12.6774	12.3781	12.3576	12.0459	13.2677	12.0438	12.0347	11.2137	12.373	11.9332	11.5536	12.1065	11.748	3.17388e-06	1.34644e-06	1          	0.969158   	0.143862   	0.135296   	0.0959724  	0.095972   	2.91042	
9e-11      	6.6        	-0.000327964	-0.00019718	0.999993   	0.962172   	0.00051058 	0.000370001	0.999993   	0.962176   	-0.000176876	-0.000158835	0.999993   	0.962162   	6.53549e-05	0.00032651 	0.999993   	0.962166   	-0.000323968	0.000162578	0.999992   	0.96218    	0.000240743	-0.000493043	0.999993   	0.962181   	-0.000888371	0.000233162	0.999993   	0.962188   	4.32934e-05	5.28379e-05	0.999993   	0.962163   	0.000860323	-0.000284253	0.999992   	0.962176   	-6.27001e-05	0.000330917	0.999993   	0.962178   	0.000288824	-7.43983e-05	0.999994   	0.962158   	-0.000226398	-0.000246709	0.999993   	0.962141   	-0.000142021	0.000297454	0.999992   	0.962164   	1.08906e-06	-0.00032138	0.999994   	0.962167   	0.000140064	3.34883e-05	0.999993   	0.962175   	3.23892    	3.24171    	0.0480464  	0.0479949  	3.54348    	3.07251    	0.050285   	0.0503651  	3.40391    	3.28082    	0.0476739  	0.0477012  	3.06821    	4.13577    	0.0470888  	0.0469621  	3.60531    	4.42232    	0.0468209  	0.0468115  	3.49892    	3.66945    	0.0510426  	0.0509188  	3.46245    	2.8838     	0.0496064  	0.0497075  	3.43896    	3.40995    	0.0506577  	0.0506132  	4.03087    	3.40998    	0.0499766  	0.0499468  	3.55231    	3.53072    	0.0491365  	0.0490497  	3.25438    	2.98421    	0.0479657  	0.0480069  	4.09909    	3.06944    	0.0497708  	0.0497212  	3.72648    	3.90239    	0.0534887  	0.0535273  	2.63671    	3.26929    	0.0475094  	0.0474536  	3.60212    	3.7619     	0.0496257  	0.0495342  	16.3873	17.0416	15.5803	16.1245	16.4297	16.9133	16.2464	17.2841	16.5816	16.2829	16.7601	17.0071	16.885	16.0484	15.5786	1.44777e-07	2.0707e-06 	1          	0.962163   	0.141906   	0.146773   	0.217059   	0.217059   	2.7049	
1e-10      	6.4        	0.00105391 	-0.000864239	0.999973   	0.949886   	-0.000687242	-0.000131659	0.99997    	0.949876   	-0.000355661	0.00100707 	0.99997    	0.949936   	-0.000543573	-0.00034406	0.999971   	0.949865   	-0.00100765	0.00131301 	0.999968   	0.949851   	0.00159007 	-0.00100083	0.999974   	0.94989    	-0.00200434	0.00120456 	0.999969   	0.949906   	0.00259427 	-0.000225808	0.999976   	0.949912   	-0.000584596	-0.000974042	0.999968   	0.949909   	0.00107225 	4.72716e-06	0.999977   	0.94988    	0.000430354	-0.000952498	0.99997    	0.949887   	-0.00150133	0.000948444	0.999975   	0.949941   	0.00103658 	-0.000669356	0.999971   	0.9499     	-0.000591699	-0.000371475	0.999976   	0.949886   	-0.000446427	0.0010321  	0.999972   	0.949925   	13.1817    	11.8627    	0.136047   	0.13581    	6.83374    	22.157     	0.143563   	0.143255   	10.0777    	18.6903    	0.134811   	0.134465   	13.4069    	14.332     	0.161341   	0.159861   	17.5219    	11.9718    	0.137381   	0.136676   	9.40785    	13.6407    	0.13667    	0.136023   	13.3945    	13.7207    	0.154605   	0.15381    	10.7726    	9.30143    	0.139253   	0.139208   	18.0697    	12.7075    	0.138684   	0.140504   	10.6009    	10.8641    	0.140848   	0.140757   	16.0345    	12.2474    	0.147755   	0.14601    	8.69788    	13.5951    	0.151861   	0.150273   	8.92338    	18.0906    	0.179694   	0.178158   	10.4675    	12.1475    	0.140721   	0.140866   	17.0915    	9.35136    	0.138978   	0.138314   	31.197	30.2978	28.2895	29.1063	29.5646	28.6406	32.1713	29.84	30.1596	32.9726	31.3022	31.7693	33.6066	31.4527	33.5427	3.68441e-06	-1.60041e-06	1          	0.94987    	0.142702   	0.144249   	0.991079   	0.991079   	2.37611	
1.1e-10    	6.2        	-0.000691623	0.0680141  	0.997417   	0.926637   	-0.0643517 	-0.0666962 	0.995027   	0.917167   	0.0644111  	-0.0020716 	0.997453   	0.924616   	-0.0694961 	-0.0129887 	0.996993   	0.922089   	0.0144536  	-0.0607185 	0.997839   	0.928083   	0.0551822  	0.074525   	0.995165   	0.918125   	-0.0441458 	-0.0783474 	0.995492   	0.919788   	0.0733743  	0.0282057  	0.996313   	0.919887   	-0.0288785 	0.0495688  	0.998167   	0.928663   	0.0422792  	-0.0350389 	0.998225   	0.927991   	0.0314966  	0.0760971  	0.996215   	0.92232    	-0.0745018 	-0.0409741 	0.995731   	0.917826   	0.0708466  	0.0555793  	0.995282   	0.917049   	-0.0548811 	0.0193304  	0.997939   	0.92663    	-0.0151354 	-0.0744664 	0.996798   	0.924665   	35.9745    	211.023    	4.63018    	6.3384     	483.113    	113.218    	12.374     	5.35444    	303.178    	125.495    	2.05384    	1.24213    	372.416    	84.2393    	5.37903    	1.85711    	12.4552    	184.724    	4.76966    	6.82179    	354.881    	116.01     	7.89772    	3.46796    	268.081    	142.807    	5.09894    	2.36218    	466.971    	64.287     	10.4298    	4.09507    	38.6757    	135.403    	4.6714     	6.99812    	107.614    	140.46     	3.27993    	5.57954    	168.525    	183.906    	3.84405    	2.86301    	516.757    	60.4165    	14.3028    	6.03395    	517.7      	65.8395    	14.8761    	6.4778     	205.501    	133.037    	1.67064    	2.79135    	84.0043    	201.046    	3.73703    	4.44898    	2148.03	1866.1	448.896	776.276	2509.7	781.389	386.651	1672.18	2721.95	2117.87	633.088	2438.39	2484.43	1048.28	1333.86	-8.65476e-08	2.19169e-06	1          	0.919702   	0.143201   	0.148811   	28.9335    	28.9335    	204.214	
1.2e-10    	6          	0.00426344 	0.1032     	0.994614   	0.920318   	-0.156318  	-0.097687  	0.98279    	0.880855   	0.150128   	-0.0101348 	0.988521   	0.891855   	-0.166944  	-0.0140137 	0.985733   	0.883396   	0.0301792  	-0.0920632 	0.995248   	0.920656   	0.134483   	0.109347   	0.984806   	0.889074   	-0.105284  	-0.115721  	0.987644   	0.89868    	0.177828   	0.039767   	0.98314    	0.877181   	-0.0668006 	0.0753269  	0.994858   	0.917321   	0.100744   	-0.0549191 	0.993325   	0.910538   	0.0715163  	0.115592   	0.990683   	0.908286   	-0.179266  	-0.0629715 	0.981676   	0.874258   	0.172327   	0.0827104  	0.981466   	0.87548    	-0.127811  	0.0330679  	0.991157   	0.901655   	-0.0389381 	-0.111471  	0.992958   	0.9161     	15.3664    	16.5848    	9.6472     	8.06635    	35.2752    	25.5484    	2.31051    	2.15974    	26.708     	48.805     	9.03867    	5.67293    	42.7713    	61.2411    	14.254     	7.43334    	12.4099    	29.7641    	6.55818    	5.13324    	29.9312    	21.0518    	2.30142    	4.39328    	24.1959    	13.6182    	4.42272    	6.09262    	33.3526    	56.3194    	13.8028    	7.41648    	15.0816    	38.9844    	2.50127    	1.64897    	14.5387    	47.8007    	0.719837   	0.63311    	19.6523    	12.5984    	7.35458    	7.84601    	28.7888    	52.7457    	10.0209    	4.87898    	35.319     	38.593     	5.45791    	2.23078    	16.4668    	61.0334    	2.83809    	2.30872    	17.3215    	22.7831    	10.4912    	8.89063    	3258.6	416.429	2527.48	3993.82	2300.53	585.612	1397.69	3817.32	924.764	228.147	2416.92	2647.07	1289.89	745.774	3483.25	9.17074e-07	6.94607e-07	1          	0.887534   	0.14223    	0.14067    	5.4527     	5.45271    	22.7575	
1.3e-10    	5.8        	0.0435962  	0.0716507  	0.996108   	0.913672   	-0.238021  	-0.117036  	0.964108   	0.854272   	0.191866   	0.0402102  	0.980262   	0.853048   	-0.225431  	-0.0633584 	0.971944   	0.840934   	0.00636768 	-0.0518435 	0.998243   	0.910374   	0.211038   	0.115786   	0.970483   	0.869569   	-0.17567   	-0.109462  	0.97818    	0.885889   	0.247739   	0.0826101  	0.965098   	0.834456   	-0.0564492 	0.0310076  	0.997523   	0.900372   	0.104467   	-0.00783291	0.994093   	0.885435   	0.134178   	0.099535   	0.985716   	0.900351   	-0.255832  	-0.0991038 	0.961503   	0.834448   	0.252239   	0.110917   	0.961206   	0.842025   	-0.150234  	-0.0157007 	0.988127   	0.86845    	-0.0900102 	-0.0875318 	0.9918     	0.909917   	57.2847    	270.379    	3.39395    	1.56877    	50.1238    	9.0231     	1.62404    	4.48105    	8.65414    	247.371    	6.26225    	4.73794    	13.0782    	170.895    	7.52986    	4.45236    	47.1552    	300.249    	1.91488    	1.20654    	61.6154    	30.1081    	3.05625    	5.51139    	72.6184    	64.8158    	4.61085    	6.26885    	19.7273    	122.508    	7.22145    	4.41201    	30.6243    	318.057    	1.07424    	1.63792    	17.5737    	323.016    	1.41796    	2.48278    	65.8336    	130.016    	6.00581    	5.24729    	26.558     	62.3221    	4.38916    	3.03206    	35.197     	25.9789    	1.87938    	3.46644    	10.4512    	309.782    	3.67415    	3.75007    	55.7257    	194.668    	5.27036    	3.17336    	1113.02	362.028	1688.05	2029.6	640.081	824.89	1385.67	1901.56	354.942	378.304	1843.06	1101.2	372.433	994.944	1646.02	2.3481e-06 	-1.89622e-06	1          	0.856663   	0.141018   	0.14793    	3.16276    	3.16276    	10.6582	
1.4e-10    	5.6        	0.0744041  	0.0276197  	0.996803   	0.893881   	-0.309432  	-0.148075  	0.939232   	0.837588   	0.232501   	0.119303   	0.965151   	0.829691   	-0.278798  	-0.138872  	0.950114   	0.819056   	-0.0140063 	0.00361084 	0.999826   	0.889355   	0.281836   	0.129818   	0.950554   	0.853311   	-0.239217  	-0.107768  	0.964865   	0.869857   	0.311075   	0.154249   	0.937632   	0.813918   	-0.0510481 	-0.0362707 	0.997946   	0.877813   	0.115874   	0.067834   	0.990865   	0.861681   	0.188876   	0.0816627  	0.97853    	0.884012   	-0.327231  	-0.160423  	0.931103   	0.815873   	0.325002   	0.15706    	0.93247    	0.824239   	-0.17717   	-0.0953137 	0.979454   	0.844111   	-0.13263   	-0.0544788 	0.989622   	0.892316   	19.3474    	16.7809    	2.57022    	2.18244    	43.4492    	28.1412    	1.10256    	9.03625    	19.8093    	56.3938    	2.37561    	7.28071    	22.2074    	84.8237    	4.34803    	14.3365    	15.7049    	43.3332    	2.24399    	2.19293    	47.1929    	19.8731    	1.64294    	4.9504     	66.1481    	12.7179    	3.37732    	1.94564    	34.5444    	83.8321    	5.49613    	22.07      	20.1704    	55.4515    	1.29114    	1.26014    	10.8116    	52.3963    	1.58039    	1.91661    	46.5839    	8.09382    	3.68547    	1.35875    	43.7516    	53.6468    	2.80545    	17.6117    	41.6299    	44.5166    	1.82102    	12.8488    	15.8643    	61.8163    	1.5115     	3.99013    	22.2102    	15.2465    	2.72331    	2.11078    	710.929	258.871	618.949	1144.04	650.532	395.347	901.175	1447.66	379.694	421.481	1001.99	707.75	454.241	372.789	757.421	1.63933e-06	5.00373e-07	1          	0.826149   	0.147336   	0.149221   	2.30953    	2.30953    	6.94146	
1.5e-10    	5.4        	0.100042   	-0.00233151	0.994893   	0.884854   	-0.376178  	-0.175414  	0.909742   	0.825823   	0.277603   	0.182799   	0.943004   	0.801349   	-0.337175  	-0.203095  	0.919145   	0.79072    	-0.0289519 	0.0434574  	0.998521   	0.876862   	0.344296   	0.144899   	0.927575   	0.846218   	-0.297316  	-0.108682  	0.948526   	0.865987   	0.380881   	0.214479   	0.899268   	0.786994   	-0.0481066 	-0.0862775 	0.994984   	0.862567   	0.12757    	0.125523   	0.98374    	0.841812   	0.237753   	0.070291   	0.968712   	0.880821   	-0.400708  	-0.212273  	0.891167   	0.792139   	0.397428   	0.195959   	0.896382   	0.806725   	-0.206998  	-0.155912  	0.965713   	0.819052   	-0.170232  	-0.0336201 	0.984751   	0.88673    	21.303     	53.2335    	2.09088    	3.13995    	26.4298    	13.8803    	5.49086    	12.9941    	5.48213    	80.3196    	7.31838    	1.79693    	6.75048    	69.9317    	5.16646    	1.7313     	16.2864    	78.6235    	1.64901    	1.79424    	21.6748    	9.9216     	6.17196    	11.4954    	26.2258    	14.9767    	6.13494    	11.2542    	10.8078    	68.9382    	5.79835    	3.6563     	11.654     	88.0613    	1.64854    	1.71968    	8.44672    	77.7527    	1.88642    	1.77429    	38.1962    	20.4911    	4.93754    	9.5984     	22.4478    	44.2717    	4.11747    	4.96268    	33.9449    	25.9055    	2.02358    	9.11665    	6.42642    	79.2163    	3.59583    	1.63982    	34.2491    	34.4771    	3.24192    	5.49756    	592.922	1394.85	1830.99	1219.31	468.291	1597.34	1635.99	1373.37	447.16	481.717	1334.87	953.786	460.943	871.417	905.084	-1.85612e-06	-4.96616e-06	1          	0.795766   	0.140891   	0.14099    	1.84338    	1.84338    	5.20158	
1.6e-10    	5.2        	0.141164   	-0.0430814 	0.988855   	0.881615   	-0.444501  	-0.208496  	0.871107   	0.811291   	0.301586   	0.263733   	0.916016   	0.783734   	-0.376777  	-0.288671  	0.879955   	0.768109   	-0.0578731 	0.0990657  	0.993171   	0.873119   	0.405138   	0.161277   	0.899848   	0.837164   	-0.357134  	-0.106784  	0.927835   	0.862134   	0.435075   	0.294469   	0.850739   	0.762664   	-0.0264632 	-0.153517  	0.987571   	0.858222   	0.115619   	0.196353   	0.973472   	0.835458   	0.298748   	0.0554358  	0.952597   	0.879144   	-0.4683    	-0.277703  	0.838693   	0.769663   	0.470198   	0.247483   	0.847064   	0.788085   	-0.21118   	-0.231997  	0.949274   	0.807802   	-0.225239  	-0.00769987	0.974118   	0.88489    	57.3987    	105.094    	1.18898    	4.01657    	39.0716    	7.75118    	3.2526     	6.84079    	12.2757    	129.136    	2.15119    	9.37114    	5.24886    	122.187    	3.59844    	7.96807    	43.4684    	144.308    	1.61562    	5.88049    	39.9518    	10.6858    	3.02916    	6.06663    	53.2392    	17.9258    	3.2196     	4.52375    	5.77067    	75.3892    	2.90924    	8.57132    	42.5639    	134.748    	2.17206    	6.75954    	29.7253    	135.322    	4.92376    	8.82667    	66.8798    	31.5357    	2.6531     	3.48886    	13.5739    	46.5956    	2.97808    	8.68363    	26.7772    	25.8417    	4.05203    	6.87529    	24.1284    	141.623    	4.54027    	8.63063    	65.6604    	64.1308    	1.42617    	4.25142    	334.159	741.646	537.035	841.234	439.99	727.729	793.347	651.184	568.616	1247.06	674.405	635.102	905.139	1145.05	379.729	7.17099e-06	-1.3104e-06	1          	0.765439   	0.145006   	0.142335   	1.51132    	1.51132    	4.19858	
1.7e-10    	5          	0.160325   	-0.0841745 	0.983339   	0.874036   	-0.490602  	-0.221739  	0.842635   	0.795479   	0.327995   	0.32735    	0.886045   	0.762668   	-0.417356  	-0.352303  	0.837568   	0.743675   	-0.0682833 	0.154729   	0.985463   	0.863848   	0.444421   	0.15406    	0.882401   	0.828667   	-0.395586  	-0.0884349 	0.914074   	0.856102   	0.485134   	0.348822   	0.801762   	0.739158   	-0.02145   	-0.212588  	0.976752   	0.849804   	0.113748   	0.253986   	0.960378   	0.826526   	0.338165   	0.0338595  	0.940374   	0.873951   	-0.523687  	-0.322189  	0.78859    	0.747681   	0.523215   	0.279534   	0.804995   	0.767034   	-0.222194  	-0.291281  	0.930358   	0.793522   	-0.254569  	0.0202033  	0.96672    	0.879044   	38.0844    	66.8436    	1.78577    	1.82908    	17.9194    	16.6521    	7.04593    	4.99575    	15.0229    	38.9983    	9.52811    	5.68379    	16.4975    	31.6722    	7.55594    	3.24566    	35.7164    	68.8505    	1.75661    	2.07038    	24.0051    	18.6231    	7.99947    	5.14438    	22.6124    	36.0851    	8.31235    	3.76189    	13.4245    	28.63      	3.56721    	2.66054    	31.2489    	85.5979    	3.53597    	3.30814    	18.0017    	61.8113    	6.42317    	3.19017    	28.9951    	48.4317    	5.79634    	2.98704    	11.4249    	10.4709    	2.95272    	3.43864    	14.9709    	10.6506    	5.47116    	2.4899     	12.2996    	59.5863    	10.2916    	7.71299    	30.7016    	68.1888    	3.11388    	2.39003    	437.43	1580.77	2077.53	1640.11	416.586	1820.03	1896.19	747.925	800.17	1444.97	1346.49	611.738	1204	2289.71	742.204	-1.21183e-05	1.31217e-05	1          	0.735122   	0.143305   	0.138737   	1.40742    	1.40742    	3.696	
1.8e-10    	4.8        	0.159522   	-0.112993  	0.980664   	0.859323   	-0.519598  	-0.236547  	0.82095    	0.774765   	0.35712    	0.376514   	0.854737   	0.7437     	-0.457052  	-0.410844  	0.788782   	0.720834   	-0.0534473 	0.2018     	0.977912   	0.850066   	0.45759    	0.151301   	0.876123   	0.815296   	-0.405648  	-0.076806  	0.910743   	0.845835   	0.526706   	0.40305    	0.74831    	0.712948   	-0.0357046 	-0.26214   	0.964312   	0.840172   	0.122939   	0.301214   	0.945548   	0.816593   	0.352674   	0.0183212  	0.935528   	0.863818   	-0.56523   	-0.365232  	0.739576   	0.721757   	0.561825   	0.307668   	0.767841   	0.743038   	-0.234238  	-0.335684  	0.912339   	0.779801   	-0.269408  	0.0399587  	0.96216    	0.865192   	11.2794    	22.4799    	3.70115    	4.15488    	21.398     	12.6555    	5.29999    	5.65359    	12.563     	22.3058    	7.31779    	4.46451    	20.6798    	16.4741    	8.72157    	8.38047    	9.79688    	29.5968    	6.01815    	3.5869     	24.031     	9.52648    	18.1517    	6.28464    	25.8101    	10.7138    	4.99172    	4.12396    	30.2332    	19.5451    	2.54518    	7.51934    	14.16      	26.5195    	3.55821    	2.34874    	9.22003    	24.6613    	2.63294    	2.43364    	18.8568    	11.7183    	1.42153    	3.01287    	26.6412    	21.7113    	2.35815    	8.99034    	17.1478    	20.4011    	4.43458    	8.17972    	7.34579    	20.4396    	3.42599    	3.0365     	12.0561    	16.8565    	2.63331    	3.37414    	783.414	1094.51	1543.61	1810.45	1261.96	3894.46	1055.11	525.549	765.693	577.051	349.545	474.273	921.235	739.351	562.52	-5.15794e-05	1.32e-05   	1          	0.704737   	0.149475   	0.140564   	1.25605    	1.25605    	3.30398	
1.9e-10    	4.6        	0.154039   	-0.13265   	0.979061   	0.841061   	-0.534679  	-0.25464   	0.805722   	0.756779   	0.38344    	0.423115   	0.820886   	0.718039   	-0.492891  	-0.466226  	0.734571   	0.693233   	-0.0448906 	0.243666   	0.968737   	0.833983   	0.465847   	0.145872   	0.872707   	0.808238   	-0.4161    	-0.0743008 	0.906248   	0.837009   	0.567221   	0.453382   	0.687467   	0.686006   	-0.0455452 	-0.295883  	0.954086   	0.830555   	0.12991    	0.330822   	0.934668   	0.805387   	0.36731    	0.0183209  	0.929894   	0.854794   	-0.606607  	-0.408554  	0.681916   	0.696434   	0.587304   	0.343246   	0.732922   	0.721139   	-0.256169  	-0.374111  	0.891242   	0.755356   	-0.267254  	0.0429278  	0.962607   	0.852751   	23.6424    	19.795     	3.66828    	2.8336     	13.1838    	12.2119    	8.52007    	6.50205    	9.36317    	16.5682    	5.89513    	5.80069    	9.89696    	17.1201    	6.15358    	8.08556    	26.8326    	32.0733    	3.00842    	2.0822     	12.2988    	16.2333    	6.63062    	3.45719    	9.09687    	11.0435    	2.69879    	2.44515    	10.0618    	12.065     	6.98001    	5.30249    	22.9265    	15.6687    	4.26702    	6.46143    	17.3312    	12.2519    	9.464      	12.761     	7.38759    	10.4943    	4.24495    	4.56583    	14.6474    	13.8284    	6.40228    	8.16145    	14.9233    	9.5689     	3.82808    	5.45532    	12.8437    	15.9305    	5.81559    	1.87484    	31.6463    	14.4568    	2.6722     	1.46028    	705.518	1726.36	1165.09	1201.87	583.188	1356.08	577.059	1311.11	879.049	1929.7	873.386	1205.72	746.866	1156.51	572.003	-0.000107046	-3.32761e-05	1          	0.674186   	0.141632   	0.149511   	1.21478    	1.21478    	3.2882	
2e-10      	4.4        	0.137029   	-0.131102  	0.981822   	0.827619   	-0.552871  	-0.285275  	0.78281    	0.720444   	0.409149   	0.450157   	0.793631   	0.69671    	-0.513211  	-0.523949  	0.679595   	0.667319   	-0.034788  	0.274264   	0.960987   	0.818782   	0.464441   	0.154616   	0.871944   	0.790934   	-0.418313  	-0.0838985 	0.904376   	0.818995   	0.593619   	0.517045   	0.616474   	0.656166   	-0.0524041 	-0.320518  	0.94576    	0.830158   	0.134177   	0.340551   	0.930571   	0.814334   	0.383242   	0.0267146  	0.923217   	0.834316   	-0.652343  	-0.456456  	0.604875   	0.66472    	0.611069   	0.391088   	0.688061   	0.686887   	-0.268354  	-0.396887  	0.877732   	0.740227   	-0.261193  	0.0323725  	0.964701   	0.836811   	14.0565    	8.35673    	1.87203    	1.67084    	18.3735    	27.5499    	6.79336    	7.72322    	6.77689    	19.8697    	7.9913     	7.26054    	17.0153    	44.8677    	3.9202     	7.73397    	10.6689    	16.2907    	1.49645    	2.29846    	13.7592    	19.2279    	3.34389    	1.59409    	14.1939    	15.358     	1.60523    	2.61512    	19.2192    	40.9105    	1.73195    	6.21353    	8.2377     	14.0764    	1.92562    	2.38531    	11.0509    	9.44522    	8.90584    	8.61219    	14.67      	16.8973    	3.67662    	4.76107    	19.9668    	34.4017    	5.31579    	6.59898    	26.2459    	34.3605    	3.39476    	8.84009    	6.90775    	9.10605    	2.64419    	2.63305    	15.0511    	16.9498    	1.42991    	2.29246    	380.444	1222.1	1496.84	709.931	286.048	677.7	322.771	299.843	407.729	1759.17	668.948	936.403	579.6	500.635	327.931	-0.000224156	-5.91911e-05	1          	0.643298   	0.148577   	0.151328   	1.22252    	1.22251    	3.38264	
2.1e-10    	4.2        	0.125187   	-0.134111  	0.983003   	0.810543   	-0.567333  	-0.304928  	0.764914   	0.683946   	0.42831    	0.472999   	0.769917   	0.66936    	-0.537274  	-0.568809  	0.622654   	0.634123   	-0.0264843 	0.303434   	0.95245    	0.801979   	0.461417   	0.146829   	0.87491    	0.774555   	-0.418433  	-0.0811392 	0.904581   	0.804507   	0.623065   	0.564238   	0.541573   	0.62235    	-0.0573757 	-0.340368  	0.938506   	0.823242   	0.131497   	0.351572   	0.926847   	0.811207   	0.39361    	0.0249752  	0.918912   	0.817606   	-0.689834  	-0.493142  	0.529951   	0.629451   	0.632523   	0.424421   	0.647853   	0.648698   	-0.275193  	-0.415017  	0.867165   	0.718331   	-0.255744  	0.0306029  	0.966239   	0.820085   	8.57069    	8.07272    	1.42872    	1.56534    	9.55429    	7.96387    	1.97469    	4.68522    	7.68092    	7.32213    	1.67305    	4.52517    	19.8794    	10.7442    	2.06685    	12.2214    	10.9602    	11.0798    	2.37766    	1.95583    	11.4144    	10.7381    	3.14986    	3.28811    	11.8252    	11.0853    	1.71587    	2.33985    	30.0009    	9.37117    	1.71338    	15.0168    	14.9889    	8.70087    	1.56431    	2.1453     	14.3434    	7.15773    	2.76162    	2.80818    	7.46551    	10.1125    	1.82515    	1.85076    	20.4534    	9.23442    	2.02809    	12.2042    	14.6101    	6.40146    	1.5327     	7.08448    	8.97391    	7.2138     	1.88245    	3.00535    	6.85083    	7.77766    	1.68431    	1.59961    	263.908	341.998	313.024	364.301	380.483	617.383	341.05	292.737	305.195	567.215	307.826	331.405	259.568	337.801	311.881	-0.000362536	-0.000120665	1          	0.612084   	0.147527   	0.143861   	1.29526    	1.29525    	3.58092	
2.2e-10    	4          	0.122243   	-0.123568  	0.98476    	0.795014   	-0.589222  	-0.322999  	0.740568   	0.650374   	0.45153    	0.484255   	0.749373   	0.63429    	-0.567505  	-0.60202   	0.561656   	0.594465   	-0.0300871 	0.30969    	0.950342   	0.782779   	0.466868   	0.146099   	0.872153   	0.761321   	-0.427255  	-0.0848926 	0.900117   	0.792998   	0.65826    	0.598617   	0.456394   	0.58538    	-0.0518917 	-0.340273  	0.93888    	0.812312   	0.122988   	0.345667   	0.930248   	0.803003   	0.409162   	0.0307149  	0.911928   	0.804387   	-0.732544  	-0.518505  	0.44101    	0.593765   	0.661076   	0.454377   	0.597053   	0.612787   	-0.280937  	-0.420496  	0.862677   	0.690209   	-0.257727  	0.0181644  	0.96603    	0.806686   	6.88183    	5.21688    	1.20561    	1.27708    	6.49566    	7.11307    	1.39725    	3.75532    	6.5617     	8.77158    	1.44986    	4.06379    	7.19703    	8.45552    	1.76307    	7.58071    	6.15024    	6.01925    	1.10417    	1.22543    	5.82112    	5.85805    	1.92574    	1.9754     	6.44012    	5.68217    	1.2258     	1.28614    	7.95713    	6.29411    	1.90269    	5.74621    	4.54235    	4.58832    	1.34948    	1.29619    	4.27932    	4.98388    	1.63948    	1.41876    	5.89064    	5.65809    	1.17585    	1.91437    	5.35734    	6.47582    	2.20503    	6.01886    	5.4074     	7.58879    	1.4418     	4.84093    	4.81764    	8.03659    	1.6356     	2.71859    	5.15428    	6.66807    	1.17881    	1.30596    	221.677	238.726	251.383	283.906	194.716	366.533	237.868	301.993	270.201	357.342	220.186	354.228	244.288	284.484	208.616	-0.000519487	-0.000164082	1          	0.580545   	0.152137   	0.150429   	1.37217    	1.37215    	3.20657	
2.3e-10    	3.8        	0.122827   	-0.13036   	0.983806   	0.783712   	-0.608775  	-0.342059  	0.71574    	0.612116   	0.460291   	0.516637   	0.721823   	0.601389   	-0.583568  	-0.65589   	0.478586   	0.563188   	-0.0309315 	0.330962   	0.943104   	0.769014   	0.463738   	0.146222   	0.873785   	0.74513    	-0.425922  	-0.0914873 	0.900094   	0.779417   	0.674012   	0.65213    	0.34675    	0.557286   	-0.0479372 	-0.351658  	0.93486    	0.806433   	0.110286   	0.349171   	0.930498   	0.798183   	0.418198   	0.0406909  	0.907426   	0.790103   	-0.75653   	-0.563486  	0.331678   	0.564212   	0.683838   	0.492867   	0.537874   	0.573361   	-0.273067  	-0.43871   	0.856052   	0.663497   	-0.260348  	0.0145873  	0.965386   	0.795272   	4.471      	10.7345    	0.891787   	1.0025     	26.1414    	4.46591    	1.34618    	10.6128    	26.319     	15.1941    	1.21999    	5.73007    	36.7649    	13.5515    	1.6608     	15.8223    	11.4738    	8.80087    	1.30301    	1.68846    	13.0055    	8.22005    	1.37161    	3.03991    	10.8313    	6.84329    	1.39516    	2.35256    	48.5891    	10.256     	1.89867    	27.5561    	20.1484    	6.33297    	1.14754    	1.58745    	25.6401    	5.7818     	1.21098    	1.89655    	5.39844    	5.90618    	0.965496   	1.21981    	40.9949    	6.1678     	2.01383    	25.8805    	41.6926    	7.51421    	1.44337    	26.0321    	29.1543    	6.79369    	1.08045    	3.28096    	5.40319    	6.92004    	0.747202   	0.871845   	173.377	210.599	197.709	255.738	222.06	262.135	255.255	298.298	240.116	256.067	190.909	316.867	221.297	190.661	164.272	-0.000730031	-0.000266834	1          	0.548571   	0.145554   	0.145563   	1.50045    	1.50043    	3.39158	
2.4e-10    	3.6        	0.116692   	-0.138116  	0.983503   	0.774353   	-0.632953  	-0.365168  	0.682602   	0.574414   	0.477873   	0.552132   	0.683162   	0.571913   	-0.603931  	-0.702119  	0.377058   	0.535154   	-0.0287749 	0.346684   	0.937517   	0.756458   	0.462903   	0.146238   	0.874233   	0.728838   	-0.422052  	-0.095808  	0.901471   	0.765753   	0.691231   	0.690316   	0.213393   	0.53802    	-0.0535578 	-0.359207  	0.931699   	0.801835   	0.112267   	0.35323    	0.928749   	0.7967     	0.415732   	0.042564   	0.90846    	0.773219   	-0.777637  	-0.596638  	0.197889   	0.541033   	0.709053   	0.534941   	0.459323   	0.539359   	-0.283428  	-0.461879  	0.840394   	0.640974   	-0.25055   	0.0144021  	0.967976   	0.784356   	4.70931    	4.67504    	0.624919   	0.79284    	8.16552    	9.0903     	1.22555    	4.94742    	10.2398    	8.5488     	1.05958    	6.26111    	16.1587    	12.8015    	1.77133    	11.7093    	7.86593    	5.74231    	1.00678    	1.08444    	5.78232    	9.32375    	1.14232    	1.63487    	5.64037    	7.67463    	1.14403    	1.07181    	16.7649    	13.0088    	2.29135    	12.3158    	8.18228    	5.779      	1.10015    	1.25382    	10.1098    	8.32418    	1.06419    	2.38185    	9.17056    	9.46585    	0.917851   	1.79443    	18.6728    	13.1914    	2.53186    	11.7498    	17.5801    	6.47491    	1.60524    	9.36225    	9.10372    	9.71082    	1.1865     	3.55854    	6.96322    	6.07272    	0.866669   	1.03053    	154.772	179.934	151.636	253.155	181.019	224.765	216.412	338.38	226.464	244.831	191.177	371.912	223.398	191.849	200.773	-0.000944518	-0.000327596	0.999999   	0.515982   	0.142622   	0.143265   	1.85396    	1.85392    	3.74642	
2.5e-10    	3.4        	0.112218   	-0.127413  	0.985457   	0.767167   	-0.660873  	-0.367004  	0.654576   	0.523738   	0.50145    	0.556076   	0.662751   	0.518627   	-0.637634  	-0.723403  	0.264615   	0.485582   	-0.0273155 	0.341812   	0.939348   	0.740407   	0.453833   	0.127746   	0.881849   	0.707591   	-0.410211  	-0.0814691 	0.908308   	0.74915    	0.714071   	0.697478   	0.0595808  	0.501525   	-0.0553011 	-0.348795  	0.935551   	0.794329   	0.10728    	0.339158   	0.934569   	0.790021   	0.408246   	0.0318486  	0.912285   	0.756951   	-0.801613  	-0.596295  	0.0412669  	0.505739   	0.744327   	0.554794   	0.371571   	0.489983   	-0.283074  	-0.457167  	0.843092   	0.603003   	-0.24301   	0.0111516  	0.969934   	0.777257   	6.90976    	8.02179    	0.613642   	0.694576   	9.7503     	11.691     	1.26233    	10.0889    	5.46989    	14.8038    	1.45239    	8.82929    	11.4021    	11.6697    	2.39977    	14.0723    	6.29027    	7.20805    	0.810088   	1.26772    	7.0341     	10.3894    	0.978826   	2.4193     	7.55708    	13.6206    	0.872155   	1.96173    	9.22907    	21.0824    	2.8293     	22.628     	4.04195    	5.65814    	0.814268   	1.1788     	5.69416    	9.33679    	0.89027    	1.50965    	5.37468    	12.3633    	0.708437   	1.23227    	4.93866    	27.3977    	3.23051    	15.5394    	6.38076    	21.3888    	2.02276    	14.7902    	5.81591    	9.41734    	1.03823    	3.93243    	5.72871    	10.6157    	0.774972   	0.798285   	183.973	159.692	179.398	309.002	154.051	220.802	188.007	386.279	199.386	263.342	162.559	454.048	255.455	160.149	217.639	-0.00114884	-0.00032219	0.999999   	0.482535   	0.168132   	0.146577   	2.53745    	2.53735    	4.21028	
2.6e-10    	3.2        	0.103487   	-0.124769  	0.986735   	0.764476   	-0.679639  	-0.386613  	0.62314    	0.464386   	0.508531   	0.587796   	0.628917   	0.465869   	-0.640101  	-0.760189  	0.108292   	0.445549   	-0.0281437 	0.33601    	0.941394   	0.726808   	0.431698   	0.124008   	0.893396   	0.684704   	-0.387179  	-0.084264  	0.918108   	0.732758   	0.690781   	0.710578   	-0.131807  	0.479455   	-0.0503717 	-0.335945  	0.940492   	0.789015   	0.0935816  	0.324552   	0.941186   	0.786634   	0.388873   	0.0388689  	0.920432   	0.739226   	-0.774982  	-0.612669  	-0.153642  	0.483087   	0.759916   	0.598994   	0.251793   	0.436404   	-0.266865  	-0.465038  	0.84399    	0.56544    	-0.226317  	0.00947707 	0.973962   	0.772241   	11.4756    	12.5768    	0.582253   	0.692743   	46.3603    	10.5119    	1.66634    	21.664     	18.5247    	30.0787    	1.63369    	8.66161    	42.4568    	32.4398    	3.2966     	7.94612    	11.2991    	13.4082    	0.620786   	1.90381    	20.8193    	7.64429    	0.665725   	3.52121    	14.6878    	7.17948    	0.638721   	2.21708    	53.8903    	20.8724    	4.11543    	13.4545    	17.8166    	8.89663    	0.708952   	0.944985   	17.9505    	8.12641    	0.885281   	0.914947   	16.3967    	6.28487    	0.677702   	2.44795    	57.1428    	16.0295    	4.60015    	23.1759    	55.6743    	10.699     	2.58327    	34.5986    	17.7406    	21.4861    	0.958771   	5.10347    	17.7285    	11.5554    	0.617903   	1.36711    	241.262	175.068	172.556	372.422	167.943	185.326	176.109	503.825	234.092	294.249	187.268	571.181	282.47	118.874	239.427	-0.00137965	-0.000439483	0.999999   	0.44788    	0.152981   	0.142476   	3.88963    	3.88947    	5.10409	
2.7e-10    	3          	0.0750224  	-0.125469  	0.989226   	0.765859   	-0.698267  	-0.406121  	0.5891     	0.390867   	0.52864    	0.620929   	0.578412   	0.409785   	-0.632768  	-0.767192  	-0.102156  	0.412098   	-0.00926633	0.32298    	0.94632    	0.714633   	0.391065   	0.113574   	0.91327    	0.657821   	-0.346596  	-0.0847193 	0.934132   	0.713922   	0.6353     	0.68664    	-0.35268   	0.474867   	-0.0579907 	-0.317289  	0.946513   	0.787673   	0.0900165  	0.306049   	0.947692   	0.787429   	0.340759   	0.0404495  	0.93924    	0.716726   	-0.698815  	-0.602447  	-0.384931  	0.470782   	0.760534   	0.644215   	0.0768894  	0.376642   	-0.257829  	-0.47113   	0.843405   	0.526107   	-0.188184  	0.0145453  	0.982      	0.769488   	12.0168    	7.14078    	0.521312   	0.491383   	44.0297    	8.74288    	2.81764    	18.61      	40.4657    	12.9653    	2.2802     	17.3511    	51.2785    	15.2883    	5.50649    	18.5612    	12.4244    	9.68146    	0.551054   	1.43703    	21.4227    	6.01763    	0.651367   	3.1397     	20.1898    	6.69617    	0.792131   	2.52068    	69.5657    	12.1652    	7.62178    	24.3623    	19.7224    	6.82021    	0.652853   	0.986054   	31.6858    	5.99692    	0.812117   	1.36533    	15.1172    	7.00282    	0.619862   	2.06628    	75.244     	12.5409    	7.34776    	30.5031    	62.2811    	10.9588    	4.22107    	26.8521    	30.2982    	7.72896    	0.994679   	5.09217    	10.9662    	5.89095    	0.510657   	0.854934   	367.945	218.49	171.354	549.34	204.821	225.546	290.419	854.133	305.843	395.414	201.816	815.434	366.474	104.719	326.541	-0.0013433 	-0.000492354	0.999999   	0.41142    	0.148282   	0.144634   	7.25862    	7.25852    	7.01275	
2.8e-10    	2.8        	0.0599735  	-0.0907206 	0.994053   	0.770768   	-0.722176  	-0.371845  	0.582981   	0.285404   	0.544458   	0.594463   	0.591525   	0.296388   	-0.606359  	-0.672458  	-0.423799  	0.339259   	-0.00648831	0.242111   	0.970189   	0.692837   	0.320256   	0.0805387  	0.943847   	0.626423   	-0.27865   	-0.0757836 	0.957356   	0.695201   	0.532286   	0.559554   	-0.634866  	0.45425    	-0.0501672 	-0.240381  	0.969343   	0.778135   	0.0657332  	0.230947   	0.970701   	0.77946    	0.271184   	0.0438858  	0.961491   	0.696587   	-0.55767   	-0.492101  	-0.668069  	0.452924   	0.744679   	0.630452   	-0.218055  	0.286332   	-0.197439  	-0.39215   	0.898313   	0.456261   	-0.151433  	0.00474459 	0.988437   	0.773165   	5.11122    	4.83517    	0.627618   	0.521478   	33.0465    	13.0378    	4.70502    	36.4459    	20.6128    	18.9009    	4.12263    	30.4826    	29.1901    	25.2841    	10.6893    	30.7629    	5.65792    	13.8694    	0.425078   	1.11891    	18.1633    	5.90102    	0.539552   	2.64596    	16.1395    	5.83817    	0.551593   	1.51593    	38.1663    	24.1023    	15.8532    	20.0919    	9.64617    	14.8329    	0.841105   	0.923591   	11.8497    	14.5751    	1.12249    	0.934841   	13.7825    	5.11649    	0.461165   	1.41602    	40.1819    	21.3612    	16.4628    	18.9023    	39.4386    	17.2349    	8.51334    	43.9221    	24.4247    	15.4018    	1.87257    	10.8467    	6.02505    	5.78368    	0.72008    	0.524871   	636.892	225.742	177.173	896.511	339.28	280.474	372.289	1536.27	594.517	703.001	321.354	1617.8	605.515	97.7934	656.889	-0.000980535	-0.000439945	0.999999   	0.372978   	0.142068   	0.145798   	16.2796    	16.2797    	11.2972	
2.9e-10    	2.6        	0.00975528 	-0.01972   	0.999657   	0.775599   	-0.536703  	-0.272355  	0.796509   	0.14272    	0.477447   	0.362709   	0.798114   	0.147805   	-0.363174  	-0.271246  	-0.889014  	0.281512   	0.0246659  	0.0642699  	0.997309   	0.677843   	0.136941   	0.0479334  	0.989152   	0.591556   	-0.115618  	-0.0602429 	0.991266   	0.680956   	0.254613   	0.237076   	-0.936369  	0.458541   	-0.0405918 	-0.0783087 	0.995887   	0.773655   	0.0398888  	0.0800234  	0.995832   	0.774962   	0.095128   	0.0546437  	0.993742   	0.679288   	-0.222781  	-0.230796  	-0.946067  	0.458457   	0.417514   	0.391557   	-0.816335  	0.194312   	-0.0995039 	-0.141173  	0.984376   	0.397278   	-0.0498223 	-0.0203096 	0.998456   	0.775893   	16.3607    	48.2095    	0.678406   	0.342001   	80.8802    	24.9044    	6.15255    	69.0566    	34.7279    	85.2051    	7.78694    	77.752     	47.9801    	120.156    	29.2943    	8.23213    	17.7584    	140.054    	0.378044   	0.71521    	73.5035    	29.7083    	0.26683    	2.77626    	75.6855    	22.6274    	1.218      	0.498669   	78.406     	113.232    	54.3144    	1.43476    	7.56606    	129.487    	1.60457    	0.366987   	7.15472    	95.9085    	1.37481    	0.280075   	96.4213    	14.1833    	0.532833   	0.727832   	113.63     	73.9213    	45.2157    	1.46017    	90.6256    	57.8537    	22.3301    	30.023     	14.4021    	97.9841    	0.593954   	9.04665    	44.9107    	16.4168    	0.812026   	0.276029   	882.157	165.769	273.425	2196.53	811.635	497.935	1273.63	4897.37	1447.1	1261.78	951.82	3938.4	1583.86	170.357	963.834	-8.4509e-06	-7.26854e-06	1          	0.33693    	0.150451   	0.14678    	37.8874    	37.8876    	20.4252	
3e-10      	2.4        	0.000387477	-0.0010428 	0.99999    	0.775338   	-0.0135409 	-0.000196075	0.996224   	0.101971   	0.0109356  	0.00782215 	0.996504   	0.102481   	-0.00417362	-0.00441959	-0.9989    	0.282364   	0.000369741	0.000916794	0.999968   	0.678482   	0.00163435 	0.000972082	0.999862   	0.582935   	-0.00180829	-0.00129691	0.999885   	0.678416   	0.00221013 	0.00405824 	-0.999356  	0.473775   	0.0002731  	-0.00121424	0.999953   	0.774735   	9.25505e-06	0.0014114  	0.999947   	0.775093   	0.00113475 	0.00194182 	0.999916   	0.678432   	-0.00172762	-0.0052713 	-0.999421  	0.474293   	0.00661155 	0.00754678 	-0.997852  	0.186227   	-0.00197091	-0.00289106	0.999805   	0.38969    	-0.000664134	-0.000317484	0.999972   	0.775244   	3.20639    	2.88066    	0.0677373  	0.0654045  	36.8639    	14.4513    	0.16511    	4.58749    	29.2512    	18.1029    	0.268868   	4.26269    	56.4018    	35.3441    	1.48072    	0.100855   	5.14633    	10.4801    	0.122844   	0.0929752  	38.9395    	10.8575    	0.0543812  	0.0939653  	38.0395    	17.3648    	0.129978   	0.0373166  	74.9604    	74.4113    	2.82826    	0.182915   	7.90335    	21.4907    	0.189898   	0.102384   	9.23425    	23.8903    	0.158817   	0.0769381  	26.5406    	13.6141    	0.146865   	0.046803   	63.1955    	70.1748    	2.40279    	0.195525   	44.9647    	35.6585    	1.05502    	0.777106   	13.415     	17.5025    	0.0676549  	0.0595327  	11.9788    	5.61989    	0.066367   	0.0456188  	29.9467	7.25276	12.5202	115.725	54.4095	27.2648	64.7555	230.288	82.6031	64.0111	64.3014	202.84	83.0146	26.7201	31.0021	4.07791e-06	2.11207e-06	1          	0.326413   	0.14115    	0.138603   	1.07719    	1.07719    	3.60887	
3.1e-10    	2.2        	-0.000349458	9.00019e-05	0.999988   	0.770564   	-0.0018061 	-0.00352529	0.99937    	0.0963937  	0.00469955 	0.0027787  	0.99929    	0.0969014  	-0.000954825	-0.000965847	-0.999926  	0.288146   	0.000520699	9.2382e-05 	0.999986   	0.673673   	-0.000183895	0.000417361	0.999984   	0.578035   	-0.000262357	0.000119919	0.999987   	0.673619   	0.000534175	8.16853e-05	-0.99997   	0.4801     	-9.64548e-05	-0.00016383	0.99999    	0.769987   	-0.00020397	-0.000422275	0.99999    	0.770389   	0.000507839	-5.53073e-05	0.999984   	0.673674   	-0.000316329	0.000737431	-0.99997   	0.480489   	0.00247136 	-0.0016874 	-0.999798  	0.191725   	0.000436457	0.00166166 	0.999954   	0.384927   	-0.00082787	-0.000423268	0.999988   	0.770484   	3.69522    	3.61331    	0.0431703  	0.0428742  	3.05744    	3.16062    	0.0457372  	0.0469348  	3.4914     	3.52343    	0.0475327  	0.0492818  	3.52207    	2.9707     	0.0472271  	0.047629   	3.50408    	3.31253    	0.0437478  	0.043649   	3.22419    	2.63418    	0.046009   	0.0460589  	3.34968    	3.01987    	0.0491446  	0.0491341  	3.67872    	3.61604    	0.0514754  	0.0512627  	3.05337    	3.55939    	0.0533287  	0.0530401  	3.06226    	3.37251    	0.0460168  	0.0460713  	4.34829    	3.54268    	0.0474875  	0.0473826  	3.91572    	3.54293    	0.0588798  	0.0587227  	3.88507    	3.91667    	0.0454218  	0.0463055  	3.22781    	3.84823    	0.0443223  	0.0445497  	3.22026    	4.02254    	0.0460144  	0.0460886  	4.9967	4.54682	4.75481	5.37577	5.1429	5.09489	5.39219	5.69341	5.61487	5.44708	5.35591	6.58512	4.94878	4.94461	5.27107	5.14623e-06	4.07634e-08	1          	0.321204   	0.138455   	0.138315   	0.0977907  	0.0977893  	1.48934	
3.2e-10    	2          	-0.00147363	0.000821921	0.999966   	0.761061   	0.00407774 	-0.00373862	0.998541   	0.0895179  	0.00857447 	-0.00330661	0.998492   	0.0901123  	6.5941e-05 	0.000472435	-0.999883  	0.293897   	0.00163624 	-0.000666128	0.999961   	0.664203   	-0.00196741	0.000514938	0.999955   	0.569257   	0.00133034 	0.00112067 	0.999955   	0.664141   	-0.000635746	0.000968829	-0.999961  	0.485424   	-0.000708299	-0.00154997	0.999961   	0.760093   	0.00125618 	0.00200292 	0.99997    	0.760818   	-0.00239713	-0.00157509	0.999952   	0.664129   	0.0012418  	-0.000922827	-0.99996   	0.485708   	-0.00350433	0.00224164 	-0.999698  	0.197608   	-0.00261049	-0.00184621	0.999901   	0.376799   	0.00222605 	0.000353898	0.999963   	0.760865   	10.7168    	9.85707    	0.114253   	0.114041   	6.53719    	5.91102    	0.0705512  	0.0796012  	6.52345    	6.28498    	0.0729785  	0.0845001  	5.23385    	5.60695    	0.0567446  	0.057953   	11.5351    	6.19167    	0.108944   	0.108233   	9.00458    	6.06015    	0.10898    	0.108318   	10.8649    	9.5211     	0.119008   	0.118094   	4.01767    	5.60715    	0.0530537  	0.0533772  	12.5963    	10.4709    	0.123397   	0.122169   	9.11847    	7.69975    	0.123564   	0.123537   	11.7201    	8.92177    	0.138146   	0.135534   	4.69916    	5.0986     	0.055691   	0.0563489  	6.64828    	5.64857    	0.0597163  	0.0630603  	7.01346    	7.35287    	0.0896228  	0.0902806  	13.5958    	8.15016    	0.102125   	0.102563   	7.09208	7.8053	7.24881	10.7764	7.53375	7.79185	7.76804	11.9565	7.83066	8.90805	8.15351	12.6664	9.11653	6.33191	7.28551	5.30056e-06	1.37866e-05	1          	0.313198   	0.14736    	0.141666   	0.432917   	0.432914   	1.66111	
3.3e-10    	1.8        	0.0562657  	0.145535   	0.986253   	0.726942   	-0.0438525 	-0.684713  	0.686598   	0.100079   	-0.409157  	-0.381557  	0.803661   	0.0859325  	0.136052   	0.0502387  	-0.987562  	0.311862   	-0.0802344 	-0.167447  	0.980928   	0.633487   	0.0159503  	0.165021   	0.984697   	0.543905   	-0.0168659 	-0.163832  	0.985248   	0.634585   	-0.0996736 	-0.000789085	-0.994214  	0.499096   	0.0823967  	0.143117   	0.985046   	0.728109   	-0.0886551 	-0.128399  	0.986591   	0.730784   	0.0313826  	0.172185   	0.983262   	0.633377   	0.0904654  	-0.0279878 	-0.994808  	0.498257   	-0.108715  	0.201304   	-0.969827  	0.219264   	0.143442   	0.163862   	0.973354   	0.356002   	-0.0381128 	-0.144068  	0.987679   	0.726128   	104.003    	733.408    	10.5225    	6.71028    	22.913     	352.074    	1.97383    	117.527    	115.794    	75.6154    	1.77628    	40.4712    	177.972    	19.7557    	0.704088   	6.26939    	118.808    	594.292    	8.75898    	9.21845    	29.2553    	428.498    	4.65716    	3.96873    	19.44      	446.334    	6.40721    	3.88047    	205.355    	11.149     	0.447531   	3.08138    	152.733    	534.385    	8.26778    	7.36189    	236.052    	422.484    	6.44994    	6.31523    	16.0067    	533.972    	8.41193    	5.0374     	175.094    	11.8196    	0.371871   	2.40759    	64.4155    	124.708    	0.821557   	10.1524    	164.571    	191.089    	3.40435    	7.92774    	42.7215    	601.25     	10.1433    	5.55272    	222.58	34.3584	24.7332	268.126	148.678	192.871	272.794	553.781	289.13	354.765	190.442	510.949	152.263	55.4379	237.383	2.59816e-06	-8.06943e-06	1          	0.283091   	0.142461   	0.140609   	56.7153    	56.7153    	145.266	
3.4e-10    	1.6        	0.135187   	0.304925   	0.942609   	0.706652   	-0.0151819 	-0.962548  	0.268197   	0.157111   	-0.764175  	-0.521758  	0.372952   	0.120104   	0.288954   	0.0688942  	-0.954509  	0.338755   	-0.175757  	-0.331933  	0.926661   	0.619311   	0.020904   	0.341365   	0.939389   	0.531663   	-0.0359079 	-0.323479  	0.945371   	0.618016   	-0.197451  	-0.00253594	-0.980204  	0.518833   	0.174427   	0.282707   	0.943131   	0.711993   	-0.194481  	-0.250445  	0.948335   	0.715235   	0.0804236  	0.345367   	0.934874   	0.617731   	0.173727   	-0.0634243 	-0.982608  	0.515773   	-0.182279  	0.385186   	-0.903542  	0.253787   	0.325959   	0.333061   	0.884522   	0.355112   	-0.100183  	-0.309731  	0.945398   	0.705528   	37.4383    	28.2052    	1.61244    	4.50883    	10.0907    	85.3203    	0.444863   	78.8357    	16.1435    	30.8951    	0.464241   	11.3938    	3.77624    	38.2119    	0.225082   	0.807247   	27.4722    	21.5298    	1.56467    	3.36612    	21.8042    	73.5534    	0.773492   	8.20682    	29.9858    	44.7771    	0.956775   	4.92575    	3.80333    	26.3382    	0.206789   	0.463952   	27.7197    	15.0105    	1.26056    	1.67746    	18.8949    	12.3338    	1.09696    	0.806338   	33.2734    	22.6649    	1.30195    	3.14594    	7.19563    	32.7387    	0.152906   	0.355454   	12.3296    	64.3949    	0.212338   	7.39263    	15.8476    	15.5309    	0.762142   	2.17107    	34.6427    	35.3816    	1.69985    	4.0375     	45.3464	21.7752	22.4469	51.2924	37.9187	38.269	41.0195	79.4274	49.1034	55.5424	37.3159	79.4038	36.7383	24.0614	43.4492	-2.21505e-05	-1.04824e-05	1          	0.25004    	0.139912   	0.142506   	6.88611    	6.88609    	9.31142	
3.5e-10    	1.4        	0.172603   	0.389291   	0.904736   	0.682309   	-0.0716396 	-0.993011  	0.0920789  	0.20608    	-0.846614  	-0.491194  	0.193615   	0.120625   	0.304777   	0.0286254  	-0.951611  	0.354773   	-0.214027  	-0.41298   	0.885142   	0.596881   	0.0382898  	0.451123   	0.891587   	0.522869   	-0.0558539 	-0.418796  	0.906315   	0.602556   	-0.209819  	0.0261117  	-0.977254  	0.532251   	0.210356   	0.346892   	0.913912   	0.687462   	-0.225927  	-0.302263  	0.925928   	0.689711   	0.110451   	0.443469   	0.889392   	0.600865   	0.170459   	-0.106435  	-0.979459  	0.527886   	-0.130372  	0.48233    	-0.865755  	0.282429   	0.374833   	0.400264   	0.835686   	0.339893   	-0.134591  	-0.40234   	0.905499   	0.68377    	9.52504    	21.5162    	1.36466    	3.96892    	7.30978    	18.6427    	0.387868   	19.1203    	13.8457    	59.542     	0.347356   	39.6034    	9.49506    	40.9697    	0.247604   	1.56234    	11.9751    	25.0066    	1.47017    	7.17354    	6.00175    	9.17333    	0.649734   	1.85118    	10.4825    	6.05859    	0.770661   	0.97582    	8.82937    	32.5208    	0.188623   	0.555011   	17.1549    	35.4685    	1.1095     	7.64973    	24.4854    	48.029     	0.942154   	9.16998    	13.9836    	9.32754    	1.35483    	1.72793    	12.453     	28.9472    	0.241058   	0.470879   	12.1554    	29.3328    	0.268936   	6.08872    	22.0176    	52.2393    	0.609106   	18.2651    	10.3625    	10.1005    	1.485      	2.02077    	32.4316	23.6837	23.1364	38.5199	35.9819	37.3805	37.1283	53.2302	40.1145	48.225	39.7315	52.4624	30.5345	25.2656	38.8914	-3.65876e-05	1.27827e-05	1          	0.219012   	0.142839   	0.142796   	3.60118    	3.60118    	4.16745	
3.6e-10    	1.2        	0.215424   	0.431194   	0.876013   	0.647887   	-0.142659  	-0.989084  	-0.0116907 	0.242212   	-0.936625  	-0.343392  	0.0233157  	0.111538   	0.294822   	-0.037746  	-0.954496  	0.368182   	-0.256186  	-0.448624  	0.856069   	0.562868   	0.0712489  	0.521136   	0.850368   	0.510937   	-0.0907686 	-0.473506  	0.875968   	0.581255   	-0.203707  	0.0682911  	-0.976525  	0.54481    	0.249491   	0.364972   	0.896836   	0.652619   	-0.257362  	-0.308932  	0.915443   	0.655182   	0.154847   	0.497531   	0.853337   	0.576066   	0.148721   	-0.152669  	-0.97689   	0.539772   	-0.0568306 	0.542476   	-0.83748   	0.309216   	0.425151   	0.399071   	0.811763   	0.31414    	-0.179732  	-0.453102  	0.872963   	0.653532   	18.6752    	47.5731    	1.33205    	7.56279    	38.0062    	5.39591    	0.497789   	5.19671    	13.3452    	43.6089    	0.44271    	28.9086    	15.1349    	29.1476    	0.285388   	1.40713    	9.03839    	41.5685    	1.29861    	8.98839    	23.7743    	7.1812     	0.819577   	1.71469    	27.7456    	16.4198    	0.915569   	2.67953    	20.6732    	17.9486    	0.333495   	0.961871   	7.26298    	53.0006    	1.14363    	7.84442    	10.5473    	64.7545    	1.19588    	9.51389    	26.8052    	31.7772    	1.24881    	5.87554    	29.1861    	11.8809    	0.241194   	0.631123   	53.0266    	6.98785    	0.357779   	2.78886    	19.8677    	53.69      	0.908028   	19.9147    	33.686     	48.0106    	1.58828    	7.25676    	37.1489	24.7822	24.4502	33.3432	32.8231	36.9315	36.8269	46.3623	38.9314	43.461	38.931	46.1056	31.9582	32.3629	43.9598	-2.42251e-05	2.28429e-05	0.999999   	0.188339   	0.142213   	0.145958   	2.49339    	2.4934     	3.04053	
3.7e-10    	1          	0.25601    	0.455046   	0.852557   	0.606061   	-0.188123  	-0.977354  	-0.0932762 	0.265055   	-0.972478  	-0.146226  	-0.152463  	0.107935   	0.285196   	-0.0883905 	-0.954176  	0.381504   	-0.301741  	-0.466137  	0.831222   	0.522743   	0.101428   	0.564255   	0.819077   	0.491964   	-0.125528  	-0.506716  	0.852665   	0.553507   	-0.196553  	0.0984384  	-0.975474  	0.556909   	0.289676   	0.367899   	0.88331    	0.614112   	-0.289651  	-0.303826  	0.907399   	0.619763   	0.202086   	0.533957   	0.820666   	0.544783   	0.12834    	-0.182939  	-0.974636  	0.550769   	0.000120224	0.565909   	-0.824178  	0.331068   	0.479051   	0.380719   	0.790052   	0.287081   	-0.225572  	-0.485916  	0.844136   	0.617072   	19.999     	97.1479    	1.94342    	13.2374    	22.4372    	8.18296    	0.703072   	5.43708    	5.77884    	60.5586    	0.64868    	6.6784     	6.32737    	25.2315    	0.470245   	0.890259   	19.0335    	102.827    	1.93287    	15.9171    	31.1917    	32.5486    	1.00175    	7.61252    	28.2581    	52.751     	1.31727    	9.4157     	9.65689    	11.842     	0.355144   	0.764976   	13.0527    	96.503     	1.72186    	9.82385    	7.00272    	84.4732    	1.115      	6.42298    	34.8922    	63.2964    	1.2254     	10.7274    	18.9212    	5.43824    	0.32863    	0.652823   	24.7692    	5.3515     	0.417921   	2.3639     	3.85694    	66.5184    	1.08849    	10.6875    	27.7182    	70.1652    	1.97073    	10.5577    	38.0231	27.2756	29.1233	33.4024	39.7837	34.6528	40.6153	40.2034	41.2592	39.0173	33.9776	38.3872	29.5458	31.8479	38.5776	-4.43193e-05	3.48183e-05	0.999999   	0.157826   	0.147246   	0.14161    	1.96856    	1.96856    	2.43652	
3.8e-10    	0.8        	0.31839    	0.440253   	0.839156   	0.55248    	-0.232131  	-0.958892  	-0.162121  	0.278232   	-0.930639  	0.198004   	-0.289685  	0.119717   	0.279901   	-0.160031  	-0.946338  	0.397907   	-0.374008  	-0.441987  	0.814812   	0.472166   	0.141896   	0.583951   	0.799103   	0.467933   	-0.168856  	-0.513862  	0.840866   	0.519119   	-0.188476  	0.137777   	-0.97229   	0.570791   	0.342292   	0.332085   	0.878592   	0.567387   	-0.331275  	-0.254182  	0.908304   	0.577602   	0.261144   	0.53802    	0.801152   	0.502535   	0.109593   	-0.215863  	-0.970185  	0.562653   	0.0468071  	0.578623   	-0.814111  	0.350254   	0.567609   	0.262003   	0.778752   	0.255783   	-0.288048  	-0.481967  	0.827197   	0.567254   	9.97989    	114.291    	2.39315    	24.7771    	12.222     	7.65333    	1.10894    	6.1499     	7.28349    	87.8266    	0.797019   	10.8947    	6.71638    	36.4736    	0.515339   	1.90039    	8.74307    	122.093    	2.36703    	32.0652    	11.4941    	32.0776    	1.71904    	9.80161    	9.851      	57.1004    	1.55795    	13.7099    	7.84421    	18.0912    	0.593256   	0.962205   	9.22021    	116.142    	1.98378    	17.9915    	11.0021    	112.563    	2.19381    	12.5272    	12.5255    	70.4995    	2.86867    	18.9124    	10.9512    	12.441     	0.523514   	1.24571    	10.0957    	6.62851    	0.507515   	2.3126     	12.6541    	97.4907    	1.55543    	16.3504    	11.8686    	90.4953    	2.43576    	21.6069    	37.2878	29.8877	28.4348	32.109	35.1734	43.3678	37.4973	38.3317	40.6805	48.5854	42.9616	36.3651	29.8489	34.1274	40.3777	-7.08761e-05	2.99799e-05	0.999999   	0.127346   	0.139253   	0.139687   	1.66193    	1.66192    	2.19118	
3.9e-10    	0.6        	0.330364   	0.469285   	0.818679   	0.495053   	-0.166575  	-0.961557  	-0.217048  	0.290969   	-0.855894  	0.353509   	-0.371656  	0.134879   	0.288974   	-0.204986  	-0.934962  	0.415159   	-0.400202  	-0.460933  	0.791746   	0.418767   	0.10923    	0.623231   	0.774178   	0.448312   	-0.150334  	-0.549126  	0.821907   	0.487788   	-0.195755  	0.16747    	-0.966187  	0.586779   	0.35956    	0.326412   	0.873957   	0.520614   	-0.340656  	-0.235632  	0.909992   	0.537253   	0.258218   	0.583364   	0.769876   	0.46208    	0.113319   	-0.243962  	-0.963091  	0.575915   	0.0216387  	0.598614   	-0.800596  	0.36927    	0.624934   	0.182594   	0.757946   	0.228811   	-0.296221  	-0.518165  	0.802168   	0.515676   	31.8772    	31.7058    	3.81692    	15.2249    	21.5307    	7.21683    	1.80674    	5.54331    	12.4246    	35.0746    	1.21214    	6.3022     	8.65791    	22.8788    	1.32962    	3.0992     	31.8746    	34.1229    	2.80621    	20.1414    	25.907     	7.49497    	1.80336    	2.77281    	31.53      	13.044     	2.86502    	5.31288    	8.91165    	12.9902    	0.768804   	1.26985    	30.6349    	32.6466    	3.29685    	12.7299    	26.8844    	32.8191    	3.40066    	9.62082    	24.6257    	16.1794    	3.47347    	9.69424    	9.1361     	8.58416    	0.651941   	1.1712     	11.6908    	9.80231    	1.23922    	5.16661    	19.8693    	35.6936    	2.12663    	12.0687    	29.9971    	20.6693    	3.6207     	13.6624    	38.6539	33.3394	30.2516	32.3397	33.6335	33.3582	45.3157	38.9839	46.2771	47.4488	44.8039	33.631	32.0368	34.6486	41.8005	-0.000132599	1.97176e-05	0.999998   	0.0968423  	0.148106   	0.150783   	1.41643    	1.41647    	2.00372	
4e-10      	0.4        	0.391341   	0.486466   	0.780837   	0.437379   	-0.182413  	-0.947505  	-0.261994  	0.308384   	-0.754783  	0.51632    	-0.400427  	0.1533     	0.268163   	-0.269885  	-0.924609  	0.429693   	-0.484282  	-0.46163   	0.742573   	0.367335   	0.146213   	0.657209   	0.739171   	0.437044   	-0.190392  	-0.579267  	0.79239    	0.463464   	-0.172482  	0.214987   	-0.961181  	0.602247   	0.40465    	0.294848   	0.865313   	0.47286    	-0.366173  	-0.187027  	0.911253   	0.498576   	0.315945   	0.62215    	0.716027   	0.426467   	0.084279   	-0.286859  	-0.954166  	0.588498   	0.0482242  	0.622936   	-0.780613  	0.388791   	0.696364   	0.0350634  	0.71478    	0.208774   	-0.355631  	-0.546626  	0.757842   	0.466197   	11.4759    	45.4641    	5.12174    	10.9981    	14.6044    	5.56916    	2.55236    	6.43114    	8.80381    	45.6836    	1.61079    	13.4791    	9.14287    	26.4419    	1.36695    	2.293      	14.6858    	59.7802    	6.88864    	12.2498    	19.0459    	15.9569    	4.39395    	6.1673     	14.8712    	24.4301    	5.42492    	8.08588    	13.3164    	18.9069    	1.50034    	2.15641    	8.56621    	63.2058    	4.47446    	9.3566     	6.64887    	69.9821    	3.22741    	5.28437    	16.2037    	27.7169    	4.22362    	7.68283    	14.5867    	19.9863    	1.45984    	3.22345    	16.1754    	9.76765    	1.33074    	5.5022     	10.9091    	61.5801    	3.53522    	6.78705    	10.8793    	37.7901    	6.99982    	8.71221    	38.1409	30.9176	29.8373	33.2901	41.4929	42.0511	50.9391	37.2717	38.9452	38.1566	32.2194	36.0255	27.3822	35.8742	41.4449	-0.000120671	-5.04064e-05	0.999996   	0.0661704  	0.150504   	0.153692   	1.34647    	1.34646    	1.89397	
4.1e-10    	0.2        	0.455725   	0.52235    	0.72048    	0.377462   	-0.173605  	-0.937336  	-0.301572  	0.320594   	-0.685872  	0.600829   	-0.407816  	0.17092    	0.252457   	-0.326265  	-0.910808  	0.443451   	-0.577193  	-0.463427  	0.671807   	0.314259   	0.166858   	0.690705   	0.70339    	0.424336   	-0.207766  	-0.613453  	0.761664   	0.434317   	-0.163225  	0.247227   	-0.955065  	0.619717   	0.444893   	0.265061   	0.855156   	0.428906   	-0.390148  	-0.140975  	0.909636   	0.465822   	0.348718   	0.677498   	0.647351   	0.383791   	0.0823426  	-0.317483  	-0.944643  	0.599788   	0.0427917  	0.639976   	-0.767065  	0.40149    	0.761472   	-0.103357  	0.638425   	0.196141   	-0.407233  	-0.588636  	0.697945   	0.413136   	18.9214    	26.0173    	8.42878    	24.6014    	14.4774    	7.19987    	4.90599    	9.06377    	13.4846    	24.2057    	5.25442    	7.38252    	11.3317    	17.52      	2.76472    	5.70389    	20.2059    	30.5124    	20.1259    	30.518     	16.0473    	9.31451    	15.3229    	8.9382     	25.2935    	22.7314    	7.95272    	17.6352    	10.0288    	9.36492    	3.65956    	5.18574    	23.3875    	26.5029    	11.5581    	9.98204    	17.2533    	34.1627    	15.2367    	11.2918    	23.9842    	27.1141    	14.4332    	39.3078    	7.49104    	8.86948    	3.70009    	5.73458    	13.3609    	5.24713    	5.41057    	5.79183    	15.2323    	26.2892    	10.2991    	12.9733    	22.8943    	29.3772    	26.3085    	29.0028    	34.0187	37.9022	37.412	29.9199	54.6118	67.3044	45.1348	37.8843	44.2958	85.0601	43.5104	59.0099	34.8055	39.8142	52.7651	-0.000459914	0.000164816	0.999983   	0.0351985  	0.162371   	0.166636   	1.31217    	1.31216    	1.79404	
4.2e-10    	-0         	-0.125061  	0.271684   	0.712638   	0.244815   	-0.23132   	-0.230106  	-0.632011  	0.249254   	0.1943     	0.144028   	-0.283438  	0.180859   	-0.23037   	-0.132572  	-0.798809  	0.30283    	-0.00464084	-0.16441   	0.359824   	0.170811   	0.307304   	0.119234   	0.678119   	0.251547   	-0.270583  	-0.00896424	0.0479849  	0.228693   	0.239952   	-0.115386  	-0.357532  	0.381645   	-0.130008  	0.180654   	0.485063   	0.236668   	0.0988675  	-0.119229  	0.843735   	0.292797   	0.101499   	0.205007   	0.438961   	0.203107   	-0.155202  	-0.0669342 	-0.883588  	0.386777   	0.23667    	0.264275   	0.0745661  	0.267637   	0.13317    	-0.0995425 	-0.432218  	0.218916   	0.0577238  	-0.102869  	0.64385    	0.248264   	5786.63    	4376.12    	4674.42    	5394.94    	103.779    	18951.9    	448.908    	4455.71    	5880.94    	6149.94    	4345.58    	556.384    	7222.61    	5270.92    	6494.43    	5514.83    	7471.87    	3177.01    	2564.6     	2539.98    	259.746    	15131      	3353.47    	6922.8     	524.455    	10962.1    	18968      	8069.2     	8082.57    	4801       	57603.3    	18944.1    	8446.18    	1766.51    	11739.1    	6693.25    	11066      	179.526    	6428.97    	6522.47    	3056.47    	12776.5    	2377.02    	6780.6     	3166.06    	10770.3    	14339.3    	15140.2    	249.017    	13356.1    	23078.3    	5379.59    	9122.42    	579.075    	10084      	2124.26    	7037.81    	9596.94    	4054.64    	6966       	15476.8	454.804	507.998	2138.11	21776.2	1076.96	3524.8	4033.49	14767.4	11059.2	7051.31	3956.42	5496.94	10152.4	6995.53	0.0739909  	-0.00165773	-0.0952911 	0.00133107 	0.324485   	0.336779   	27.7977    	15.0421    	28445.9	
