#----------------------------------------------------------------------------------------------------------------------------------------------------------
# Output file for vampire simulation
#   time       : 2025-05-29 21:26:11     process id : 529853
#   hostname   : thor4.psi.ch
#   path       : /scratch/dossan_f/Na2BaMn(PO4)2/vampire_tripleUC_15mat_J2Ja_small_k0.035_Jnn0.11_Ba_highstatistics
#   version    : 6.0.0
#   githash    : 4c9651daecc86c3e6b6df0c8055fcd9e89fd900c
#----------------------------------------------------------------------------------------------------------------------------------------------------------
2e-11      	8          	0.999965   	0.00013242 	0.000179501	0.932751   	0.999838   	-3.78436e-05	-0.000675075	0.932651   	0.9999     	-0.00017853	0.000473178	0.932645   	0.999881   	0.000177769	-0.000533678	0.932675   	0.999901   	-0.000298463	-0.000117278	0.932601   	0.999936   	1.83838e-05	0.000556821	0.932785   	0.999847   	-0.000146793	-0.000627711	0.93259    	0.999916   	-0.000166022	0.000349722	0.932701   	0.999971   	0.000299944	0.000105678	0.9327     	0.999906   	-0.000331748	0.000452501	0.932623   	0.999957   	2.23295e-05	0.000170544	0.932769   	0.999841   	0.000167082	-0.000597138	0.932675   	0.999917   	-0.000139026	0.000512986	0.93277    	0.999938   	0.00020727 	-0.000229485	0.932701   	0.999862   	-0.00015809	-0.000397167	0.93259    	27.7814    	1.2711     	0.91251    	26.4412    	40.6406    	0.603645   	4.40234    	33.7935    	36.7673    	0.79892    	2.5616     	32.7793    	36.7327    	0.929952   	3.68239    	31.7342    	42.5335    	1.61168    	0.565211   	39.7633    	26.9322    	0.493786   	3.03373    	24.1029    	43.2585    	0.693916   	2.95857    	37.4936    	32.2234    	0.601618   	2.89495    	28.5861    	30.3645    	1.20734    	0.493167   	29.3499    	40.411     	1.07504    	1.4672     	37.3553    	26.8381    	0.672339   	1.95088    	25.0805    	39.1986    	0.489121   	5.19196    	32.2249    	28.7075    	0.447803   	3.76051    	24.8981    	32.1345    	1.21361    	1.56495    	29.671     	45.4233    	1.23149    	1.151      	41.2279    	2822.06	5491.08	4671.66	4651.68	6088.55	2563.61	6106.66	3628.6	3330.73	5554.6	2570	5136.51	2881.96	3702.53	6748.96	1          	-1.27904e-05	-7.29976e-06	0.932651   	525.398    	0.13371    	0.119445   	525.381    	64135	
3e-11      	7.8        	0.999995   	3.24706e-05	-0.000219908	0.92845    	0.999995   	-3.23483e-05	0.000103865	0.928396   	0.999995   	5.12211e-05	5.64019e-05	0.928425   	0.999995   	-9.23341e-06	-4.42136e-05	0.928425   	0.999995   	0.000116457	3.46802e-05	0.928422   	0.999995   	-9.94294e-05	-1.04127e-05	0.92844    	0.999995   	0.000165024	-2.83334e-05	0.928426   	0.999995   	-0.000388983	0.000179992	0.928427   	0.999995   	0.000277045	-0.000169017	0.928419   	0.999995   	-0.00010279	0.000141312	0.928416   	0.999995   	8.69775e-05	-1.13444e-05	0.928399   	0.999995   	7.78914e-05	-0.000112743	0.928395   	0.999995   	1.10316e-05	5.28344e-05	0.928421   	0.999995   	-3.82879e-05	-0.000181736	0.92843    	0.999995   	4.47725e-05	0.0001652  	0.928387   	0.0273956  	0.515947   	0.551075   	0.0273965  	0.0253743  	0.48896    	0.583652   	0.025384   	0.0266337  	0.479609   	0.580764   	0.0266144  	0.0265471  	0.49825    	0.549474   	0.0265576  	0.0272754  	0.473643   	0.591074   	0.0272631  	0.0263421  	0.470675   	0.531768   	0.0263676  	0.0257794  	0.490109   	0.518359   	0.0257845  	0.0264691  	0.494984   	0.527236   	0.0264745  	0.026163   	0.47195    	0.535652   	0.0261377  	0.0257617  	0.473144   	0.536497   	0.0257626  	0.0273336  	0.485172   	0.561652   	0.0273327  	0.0266215  	0.476129   	0.576233   	0.0266176  	0.0271192  	0.481595   	0.546046   	0.0271263  	0.0257169  	0.46663    	0.51431    	0.025722   	0.0270736  	0.480912   	0.563568   	0.0270652  	5.6477	5.21055	5.53883	5.58691	5.69952	5.47343	5.20854	5.49667	5.36113	5.32365	5.72392	5.50668	5.63205	5.35506	5.55848	1          	1.2801e-05 	-2.90318e-06	0.928414   	0.0342745  	0.115972   	0.124804   	0.0342742  	1.59832	
4e-11      	7.6        	0.999995   	8.73893e-05	-3.06951e-07	0.922852   	0.999995   	-0.000228945	2.11788e-05	0.922871   	0.999995   	0.000151882	-8.87536e-05	0.922863   	0.999994   	-3.08467e-05	-5.8581e-05	0.922863   	0.999994   	-0.000117064	8.02592e-05	0.92284    	0.999994   	7.31683e-06	-2.75806e-05	0.922866   	0.999994   	2.8559e-05 	-6.83052e-05	0.922863   	0.999995   	0.000105494	0.000263643	0.922835   	0.999994   	-0.000140734	-0.000182735	0.922876   	0.999995   	4.94691e-05	0.000258894	0.922861   	0.999994   	0.000176474	-3.46936e-05	0.922885   	0.999994   	-0.000210768	-0.000234747	0.922853   	0.999994   	-0.000162069	0.00017539 	0.922863   	0.999995   	0.000163307	-0.000114256	0.922858   	0.999995   	5.45823e-05	-6.00571e-05	0.922867   	0.030596   	0.508098   	0.649833   	0.0306159  	0.0302304  	0.530378   	0.590672   	0.0302363  	0.0306778  	0.546749   	0.607448   	0.0306828  	0.0301817  	0.555757   	0.624548   	0.0301897  	0.0315699  	0.536059   	0.639278   	0.0315496  	0.0327798  	0.531819   	0.646957   	0.0327806  	0.0291232  	0.579305   	0.640407   	0.029158   	0.0315853  	0.513056   	0.623896   	0.0315894  	0.0297146  	0.543295   	0.653006   	0.0296999  	0.0300088  	0.552996   	0.592401   	0.029988   	0.0310095  	0.54126    	0.63367    	0.0310182  	0.0294809  	0.528101   	0.633023   	0.0294845  	0.0287006  	0.56528    	0.617912   	0.0286813  	0.0321907  	0.517856   	0.631825   	0.0321801  	0.0294465  	0.506636   	0.62073    	0.02944    	5.85871	5.7145	5.92017	5.79119	5.99379	6.1523	5.6977	5.81076	5.65796	5.78405	5.8052	5.65047	5.39352	6.03734	5.59037	1          	-4.39105e-06	-4.72355e-06	0.922856   	0.0407611  	0.122467   	0.127517   	0.0407609  	1.58841	
5e-11      	7.4        	0.999994   	6.67652e-05	0.000111734	0.916478   	0.999994   	1.07029e-05	-0.000160817	0.916432   	0.999993   	-5.51436e-05	-2.47763e-06	0.916452   	0.999994   	5.86701e-06	0.00011681 	0.916481   	0.999993   	1.56753e-05	-4.30277e-05	0.916474   	0.999994   	1.3175e-05 	-0.000129725	0.916462   	0.999994   	-0.000138576	0.000120905	0.916432   	0.999994   	7.78943e-05	-0.000478432	0.916458   	0.999993   	2.46153e-05	0.000330104	0.916462   	0.999994   	0.000139187	-0.000184631	0.916442   	0.999993   	-0.000179402	-0.000148288	0.91648    	0.999994   	1.05057e-05	0.000338773	0.916435   	0.999994   	6.41833e-05	-0.000176134	0.916444   	0.999994   	-5.10976e-05	0.000360717	0.916439   	0.999994   	7.75301e-05	-0.000203029	0.916462   	0.036353   	0.619065   	0.677576   	0.0363557  	0.033792   	0.646872   	0.648207   	0.0337931  	0.033187   	0.610531   	0.785507   	0.0331874  	0.034539   	0.599887   	0.748747   	0.0345386  	0.0348589  	0.570945   	0.785378   	0.0348473  	0.0352576  	0.606734   	0.722312   	0.035262   	0.0374765  	0.5952     	0.744328   	0.0374628  	0.037031   	0.569811   	0.674683   	0.0370488  	0.0366628  	0.631863   	0.727166   	0.0366529  	0.0363379  	0.572117   	0.711237   	0.0363277  	0.034339   	0.579282   	0.774501   	0.0343378  	0.0349577  	0.549286   	0.725882   	0.0349161  	0.0361612  	0.572073   	0.699043   	0.0361397  	0.0364059  	0.602781   	0.729772   	0.0363587  	0.0353775  	0.587445   	0.632318   	0.0353726  	6.13412	5.95897	5.86124	6.10272	6.11083	6.28185	6.39789	6.45239	6.46112	6.33052	6.09523	6.46623	6.27595	6.46513	6.40891	1          	5.45205e-06	-9.83776e-06	0.91645    	0.048143   	0.123988   	0.128554   	0.0481426  	1.638	
6e-11      	7.2        	0.999993   	0.000191382	-7.34902e-05	0.909058   	0.999993   	-1.16658e-05	0.000139824	0.909074   	0.999993   	-0.000228683	-9.21914e-05	0.909108   	0.999993   	-0.000189178	7.98255e-06	0.909081   	0.999993   	7.53392e-05	8.15282e-05	0.909061   	0.999993   	0.000146776	-0.000154309	0.909081   	0.999993   	-8.20656e-05	0.000126023	0.909051   	0.999993   	-0.000153983	-0.000315079	0.909062   	0.999993   	0.000315823	0.000226738	0.909083   	0.999993   	-0.000332893	0.000107732	0.909086   	0.999993   	0.000217171	-0.00030669	0.909112   	0.999992   	4.86593e-05	0.000185274	0.909087   	0.999993   	5.89486e-05	-5.39157e-05	0.909103   	0.999993   	3.95523e-05	-0.000152941	0.909093   	0.999993   	-0.000119707	0.000199126	0.909057   	0.041851   	0.617665   	0.846002   	0.0418708  	0.0432856  	0.610238   	0.861985   	0.0432969  	0.0418625  	0.654483   	0.787446   	0.0418356  	0.043523   	0.662032   	0.84682    	0.0434956  	0.0436824  	0.697255   	0.811678   	0.0436876  	0.0428637  	0.637026   	0.802732   	0.0428654  	0.0407823  	0.718232   	0.783083   	0.0407957  	0.0433898  	0.662624   	0.764422   	0.0433538  	0.0393096  	0.683311   	0.707278   	0.0393383  	0.0409267  	0.657916   	0.820091   	0.0409105  	0.0416013  	0.621066   	0.803152   	0.041584   	0.0427669  	0.682405   	0.909056   	0.0427608  	0.0433129  	0.612791   	0.869081   	0.0433194  	0.0427586  	0.610557   	0.734114   	0.0427621  	0.0423056  	0.659318   	0.724527   	0.0423062  	6.81952	7.09899	6.69705	7.1	7.30194	6.96469	6.67189	6.90545	6.60558	6.57223	6.77057	6.83785	6.94642	6.8722	6.73807	1          	-1.63175e-06	-4.95284e-06	0.909073   	0.0595746  	0.128668   	0.128122   	0.0595754  	1.5743	
7e-11      	7          	0.999991   	-4.41048e-05	0.00025783 	0.900531   	0.999992   	-5.6651e-05	-7.46417e-05	0.900546   	0.999991   	0.000109141	-0.00023358	0.900546   	0.999992   	-0.000216564	-0.000157237	0.900573   	0.999992   	0.00018025 	-7.4133e-05	0.900549   	0.999991   	0.000104099	0.000212988	0.900521   	0.999991   	7.1995e-05 	-0.000367129	0.90054    	0.999991   	7.56204e-05	0.000150602	0.900623   	0.999991   	-0.000181054	0.00018179 	0.900541   	0.999991   	0.000160127	-2.46452e-05	0.900509   	0.999991   	-7.94577e-05	-0.000117174	0.900535   	0.999991   	-0.000133327	0.000136851	0.900565   	0.999992   	-3.97932e-05	-4.43845e-05	0.900512   	0.999991   	-0.000220308	-0.000106406	0.900539   	0.999991   	0.000289905	0.000156539	0.900547   	0.0500866  	0.801459   	1.02332    	0.0500999  	0.0502891  	0.726091   	0.918654   	0.0502253  	0.0486054  	0.77117    	1.02807    	0.0486109  	0.051256   	0.699808   	0.945108   	0.0512361  	0.0518032  	0.758382   	0.926528   	0.0518017  	0.0505434  	0.771821   	0.952718   	0.0505431  	0.0502267  	0.791877   	1.00581    	0.0502232  	0.0498168  	0.80018    	1.01448    	0.0498361  	0.0489915  	0.821024   	1.03139    	0.0489896  	0.0510995  	0.797152   	1.03331    	0.0510807  	0.0510517  	0.753489   	0.975966   	0.0510512  	0.04666    	0.768119   	0.962099   	0.0466761  	0.0507946  	0.706106   	1.0013     	0.0508376  	0.0512029  	0.786333   	0.99648    	0.0512226  	0.0490493  	0.759062   	1.04991    	0.0490184  	7.49815	7.52999	7.49001	7.62335	7.69618	7.57956	7.731	7.58972	7.41927	7.56398	7.56266	7.26201	7.49585	7.4734	7.61257	1          	1.34503e-06	-6.86929e-06	0.900537   	0.0731101  	0.129269   	0.130126   	0.07311    	1.60385	
8e-11      	6.8        	0.99999    	0.000125623	-0.000296148	0.890615   	0.99999    	-8.74262e-06	0.000322131	0.89063    	0.99999    	-8.2868e-05	-2.36187e-05	0.890665   	0.999989   	-9.02274e-06	0.000188843	0.890598   	0.99999    	0.000168408	-0.000290658	0.890606   	0.999989   	-0.000199789	6.84811e-05	0.890631   	0.999989   	-1.79573e-05	-0.000204154	0.89062    	0.99999    	-3.95444e-05	-0.000188405	0.890636   	0.99999    	7.36415e-05	0.000412583	0.890633   	0.99999    	-2.26777e-05	-0.000136617	0.890635   	0.99999    	-3.72761e-07	-0.000420368	0.890631   	0.99999    	-1.97164e-05	0.000525503	0.890637   	0.999989   	0.000182734	-0.000286684	0.89063    	0.99999    	-0.000287031	0.000395721	0.890642   	0.99999    	0.000134256	-6.14162e-05	0.89059    	0.0584788  	0.909664   	1.00989    	0.0584482  	0.0586355  	0.917667   	1.06339    	0.0586594  	0.0621338  	0.905381   	1.07522    	0.0621997  	0.0577223  	0.942331   	1.12991    	0.0577723  	0.0615989  	0.965939   	1.02503    	0.0615803  	0.0609549  	0.967665   	1.11235    	0.0609036  	0.0591336  	0.891081   	1.26818    	0.0591273  	0.0581475  	0.9409     	1.06785    	0.0581711  	0.0602119  	0.861362   	1.12667    	0.0602082  	0.0644192  	0.914464   	1.10374    	0.0643374  	0.0601037  	0.867579   	1.17524    	0.0601042  	0.059764   	0.892839   	1.09548    	0.0597633  	0.0633699  	0.949486   	1.28519    	0.0632931  	0.0600234  	0.871682   	1.10768    	0.0600208  	0.0598877  	0.815207   	1.15287    	0.0598542  	8.22379	8.19267	8.47102	8.13679	8.39514	8.04397	8.17317	8.04578	8.23189	8.82905	8.45861	8.19587	8.43975	8.34853	8.22742	1          	-1.96984e-07	3.43542e-07	0.890617   	0.0853322  	0.12731    	0.137872   	0.0853303  	1.56498	
9e-11      	6.6        	0.999987   	0.00037525 	0.000347235	0.879106   	0.999987   	-9.13612e-05	-0.000368084	0.879114   	0.999987   	-0.000287259	0.000102594	0.879071   	0.999987   	-0.000107856	0.000250664	0.879109   	0.999986   	0.000187723	-0.000499264	0.879095   	0.999987   	-4.47823e-05	0.000208878	0.879078   	0.999987   	0.000102577	0.000117832	0.87907    	0.999987   	9.50427e-05	0.000217551	0.879081   	0.999987   	-0.00019786	-0.000311249	0.879081   	0.999988   	-0.000173037	0.000352636	0.879093   	0.999987   	0.000129878	-0.000409034	0.879082   	0.999987   	4.91336e-05	5.90961e-05	0.879166   	0.999987   	6.71877e-05	0.000679287	0.879103   	0.999987   	0.000100497	-5.96294e-05	0.879091   	0.999987   	-0.000149577	-0.000641498	0.879129   	0.0685762  	0.978335   	1.45033    	0.068564   	0.0765484  	1.14581    	1.36827    	0.0765525  	0.0737968  	1.01372    	1.54934    	0.0737457  	0.0727568  	1.07665    	1.4552     	0.0727419  	0.0792451  	1.07452    	1.59869    	0.0791362  	0.072246   	1.00094    	1.40449    	0.0722035  	0.0738548  	1.01391    	1.40961    	0.0737919  	0.07324    	1.01799    	1.51618    	0.0732215  	0.070434   	1.00431    	1.40888    	0.0705635  	0.0773322  	0.945397   	1.34247    	0.0773458  	0.0729979  	1.03959    	1.3619     	0.0730338  	0.0717939  	1.05189    	1.36166    	0.0717672  	0.0730264  	1.05734    	1.47726    	0.07301    	0.0713293  	0.993881   	1.41102    	0.0713509  	0.0710445  	0.96867    	1.45059    	0.070958   	8.87717	9.40287	9.24955	9.11653	9.53691	9.12027	9.16867	9.10616	8.75366	9.66604	9.08991	9.5146	9.66432	8.74052	8.7427	1          	3.69743e-06	3.11204e-06	0.879087   	0.10708    	0.132232   	0.13636    	0.10708    	1.44944	
1e-10      	6.4        	0.999983   	6.45222e-05	-0.000577522	0.865751   	0.999982   	0.000414704	0.00011779 	0.865729   	0.999982   	-0.000505929	0.000431222	0.865714   	0.999984   	0.00017992 	-0.000237473	0.865724   	0.999983   	0.000107249	0.000325182	0.86574    	0.999984   	-0.000305767	-0.000124624	0.865707   	0.999984   	0.000304223	-0.000146932	0.865755   	0.999982   	-0.000324203	0.000466819	0.865784   	0.999983   	1.61575e-05	-0.000290332	0.865708   	0.999983   	-0.000169695	-0.000120126	0.865731   	0.999983   	0.000101349	-0.000451676	0.865742   	0.999983   	5.16083e-05	0.00051888 	0.865762   	0.999982   	-3.29208e-05	9.58426e-05	0.865742   	0.999984   	0.000161547	-0.000304463	0.865698   	0.999983   	-0.000160156	0.000261408	0.865712   	0.0956327  	1.24646    	1.84734    	0.0956989  	0.0921136  	1.24282    	2.15309    	0.0919515  	0.0978682  	1.32373    	1.95953    	0.0979763  	0.0867909  	1.17199    	1.74163    	0.0866797  	0.0903731  	1.22498    	1.85057    	0.0904141  	0.0928543  	1.1945     	1.75126    	0.0928714  	0.0888122  	1.28226    	1.69665    	0.0888763  	0.0888834  	1.43967    	1.82368    	0.0887196  	0.0894801  	1.31133    	1.90401    	0.0894289  	0.0921446  	1.28866    	1.80085    	0.0920308  	0.0877177  	1.41476    	1.80482    	0.0878675  	0.090419   	1.28781    	1.88234    	0.0904008  	0.0900667  	1.36234    	1.95412    	0.0899868  	0.0899693  	1.22635    	1.82083    	0.0898752  	0.0897432  	1.33087    	1.73695    	0.0897958  	11.036	10.7614	11.1645	10.1058	10.1574	10.3907	10.4278	10.1716	10.1846	10.6703	10.1151	10.4067	10.0368	10.9585	10.0491	1          	-6.50276e-06	-2.43954e-06	0.865719   	0.131554   	0.13542    	0.143485   	0.131553   	1.38566	
1.1e-10    	6.2        	0.999976   	0.000548491	-0.00024184	0.850303   	0.999977   	-0.000145681	-8.01403e-05	0.850282   	0.999978   	-0.000379521	0.000309988	0.850314   	0.999979   	-3.4691e-05	5.88977e-05	0.85031    	0.999977   	-0.00030509	-0.000363711	0.850305   	0.999977   	0.00032561 	0.000271129	0.850301   	0.999976   	0.000173269	0.000339466	0.850296   	0.999977   	-0.000417908	0.000252999	0.850253   	0.999975   	0.000218961	-0.000591576	0.8503     	0.999978   	-0.00019454	0.000604302	0.850309   	0.999976   	4.03255e-05	-0.000629967	0.850312   	0.999977   	0.000164171	5.36204e-05	0.850295   	0.999979   	-0.000103083	0.000224513	0.850297   	0.999977   	-5.41742e-05	8.68575e-05	0.850301   	0.999976   	0.000237508	-0.000294855	0.850334   	0.111369   	1.54169    	2.68145    	0.111644   	0.11668    	1.71064    	2.49891    	0.116668   	0.110292   	1.58614    	2.33258    	0.110235   	0.109124   	1.56498    	2.16357    	0.109325   	0.116823   	1.32064    	2.86557    	0.1164     	0.107908   	1.45355    	2.64367    	0.107926   	0.107205   	1.57563    	2.69242    	0.107219   	0.115383   	1.26999    	2.8242     	0.115325   	0.114369   	1.72224    	2.76024    	0.114337   	0.112411   	1.41705    	2.51104    	0.112546   	0.11641    	1.6756     	2.64435    	0.116319   	0.112098   	1.53881    	2.61417    	0.112217   	0.113533   	1.48514    	2.22542    	0.113587   	0.108173   	1.5584     	2.49459    	0.108038   	0.118499   	1.6903     	2.67138    	0.118369   	11.7758	11.9594	11.7052	11.6219	12.1582	11.4028	11.4701	12.2999	11.6069	12.0774	12.2301	12.814	11.9737	11.4822	12.0804	1          	4.90652e-06	-1.79881e-08	0.850281   	0.164514   	0.136881   	0.138265   	0.164514   	1.25374	
1.2e-10    	6          	0.999971   	3.83024e-05	0.00103471 	0.832613   	0.999969   	2.49608e-05	0.000635998	0.832536   	0.999964   	-9.15162e-05	-0.00170937	0.832525   	0.999966   	-1.34942e-05	0.000492604	0.832535   	0.999972   	0.000213574	0.000239169	0.83257    	0.999965   	-0.000179473	-0.000709475	0.832581   	0.999968   	0.000693389	3.76969e-05	0.832476   	0.999973   	-0.000595842	-0.000610665	0.832507   	0.999967   	-5.22374e-05	0.000600031	0.832592   	0.999971   	-0.000246099	-9.38316e-05	0.832548   	0.999971   	-0.000169441	0.000133173	0.832607   	0.99997    	0.000331754	-5.49578e-05	0.832482   	0.999967   	-0.000230172	-0.000630011	0.832551   	0.999963   	-0.000457223	0.00041579 	0.832654   	0.999968   	0.000777629	0.000220705	0.832532   	0.14286    	1.79125    	3.13882    	0.143394   	0.147705   	1.84785    	3.42233    	0.147785   	0.143358   	1.75364    	4.18613    	0.143185   	0.154177   	1.95339    	3.8301     	0.154181   	0.144976   	1.82973    	3.02624    	0.145101   	0.145138   	1.93571    	4.03016    	0.145323   	0.140034   	2.07803    	3.3485     	0.14       	0.145805   	1.6798     	2.94192    	0.145732   	0.136941   	1.8115     	3.83073    	0.136757   	0.140785   	1.62235    	3.32758    	0.140711   	0.136494   	1.7633     	3.23301    	0.136089   	0.136776   	1.56549    	3.55016    	0.136665   	0.134901   	1.66411    	3.98741    	0.134601   	0.145061   	1.91291    	4.35751    	0.145285   	0.13138    	1.82382    	3.61602    	0.131189   	14.3382	13.9452	13.9712	14.6681	13.6367	13.6073	14.144	13.6794	14.0117	13.4766	13.4373	13.0362	13.1626	13.9488	12.6376	1          	2.92199e-06	2.68702e-07	0.832528   	0.203762   	0.138583   	0.140487   	0.203762   	1.20389	
1.3e-10    	5.8        	0.999947   	-0.000153564	0.000530852	0.812361   	0.999951   	-0.000201648	-0.000237443	0.812463   	0.999948   	0.000220602	-0.000271659	0.812194   	0.999952   	-0.00030217	0.00030164 	0.812303   	0.999943   	0.00067347 	-0.000995582	0.812393   	0.999957   	-0.000369124	0.000664706	0.81237    	0.999961   	-0.000546767	-0.00150391	0.812368   	0.999954   	-0.000390775	5.927e-05  	0.812278   	0.999947   	0.000958027	0.00140088 	0.812451   	0.999933   	-0.00037842	-0.00233559	0.812359   	0.99995    	-0.000238947	0.00252241 	0.812476   	0.99994    	0.000657106	-0.000220233	0.812315   	0.999947   	0.000673993	0.000673788	0.812402   	0.999936   	-0.000508293	0.00290655 	0.812443   	0.999934   	-0.000270871	-0.00359074	0.812257   	0.184724   	2.08293    	6.51351    	0.184844   	0.187697   	2.43537    	5.64453    	0.186866   	0.185526   	2.36814    	6.05194    	0.185649   	0.174642   	2.2237     	5.66187    	0.17498    	0.185115   	2.17504    	7.11413    	0.184475   	0.189119   	2.18084    	4.83645    	0.188656   	0.181046   	2.06073    	4.0737     	0.180642   	0.184113   	2.41629    	5.11302    	0.184544   	0.169831   	2.27218    	6.22509    	0.169876   	0.193649   	2.43358    	8.09488    	0.192325   	0.186834   	2.4818     	5.25603    	0.187147   	0.201112   	2.21304    	7.5709     	0.200099   	0.192268   	2.27721    	6.3783     	0.193716   	0.182567   	2.46393    	7.2345     	0.182676   	0.196485   	2.14667    	7.62258    	0.19724    	16.1935	16.2652	16.7736	15.7356	16.3679	16.5324	15.913	15.5871	15.2456	16.7779	16.7797	17.1695	16.8324	16.1843	17.8858	1          	-1.18606e-05	-6.26192e-06	0.812319   	0.247881   	0.137008   	0.145419   	0.247879   	1.27468	
1.4e-10    	5.6        	0.99991    	-0.000121796	0.00273944 	0.789287   	0.999888   	0.00111498 	-0.00324052	0.789423   	0.999903   	-0.00101449	0.000541575	0.789451   	0.999883   	-0.00042214	-0.00260824	0.789438   	0.999919   	0.000366623	0.000423734	0.789351   	0.999903   	-8.23319e-06	0.00222049 	0.789286   	0.999918   	0.000999005	-0.00366175	0.789174   	0.999915   	-8.95936e-05	0.00376048 	0.78937    	0.999924   	-0.000942081	-4.84123e-05	0.78958    	0.999913   	-0.000220287	-0.000770398	0.789366   	0.999914   	-0.00129545	0.00190889 	0.789516   	0.999913   	0.00153501 	-0.00110576	0.789298   	0.999884   	-0.00133713	0.00538386 	0.7894     	0.999917   	0.00125181 	0.00131099 	0.789379   	0.999891   	3.79194e-05	-0.00672938	0.789396   	0.2632     	2.78807    	10.6014    	0.264788   	0.240974   	2.43301    	13.9421    	0.239559   	0.254499   	2.74262    	12.215     	0.255642   	0.250272   	3.0625     	14.5117    	0.251941   	0.246044   	3.0011     	9.48829    	0.245948   	0.264185   	2.60875    	12.0234    	0.265091   	0.240501   	3.37321    	8.23641    	0.242247   	0.268194   	2.68691    	9.39077    	0.268519   	0.249519   	2.66955    	8.98628    	0.247795   	0.250336   	3.00085    	10.4267    	0.248006   	0.233652   	2.88598    	10.0379    	0.234926   	0.253014   	2.73657    	10.4903    	0.254128   	0.252991   	3.08857    	12.475     	0.251874   	0.258768   	2.98759    	9.63562    	0.258627   	0.257278   	2.67873    	10.6619    	0.25809    	19.2332	19.798	18.8246	19.65	19.5092	20.1657	18.5086	20.2439	19.6732	18.7661	19.0683	19.1192	19.6377	19.9783	19.7857	1          	-9.41267e-06	8.05084e-06	0.789307   	0.323557   	0.139416   	0.140108   	0.323558   	1.77924	
1.5e-10    	5.4        	0.978414   	0.000776609	0.186623   	0.774853   	0.99033    	-0.000443761	-0.123449  	0.770036   	0.997368   	-0.000399348	-0.0654493 	0.763146   	0.999555   	-0.000472893	0.0203628  	0.762189   	0.980887   	0.000490414	-0.175013  	0.772849   	0.985476   	9.77622e-07	0.155202   	0.773203   	0.981226   	-0.000400237	-0.176458  	0.775438   	0.999541   	0.00102729 	0.0256297  	0.763457   	0.985472   	-0.000696352	0.152654   	0.769307   	0.990472   	7.56874e-05	-0.123986  	0.76681    	0.978985   	-0.000284343	0.183427   	0.775982   	0.997439   	0.000142083	-0.0624573 	0.76499    	0.994074   	0.000830799	0.0951284  	0.767089   	0.994341   	-0.000782442	0.0974634  	0.765042   	0.977766   	-2.62601e-05	-0.189467  	0.775946   	2.02652    	3.12254    	587.659    	9.4617     	0.576969   	2.66129    	295.844    	4.74788    	0.949539   	3.192      	67.2107    	0.943073   	0.953042   	3.00103    	31.3318    	1.0027     	1.91712    	2.75536    	535.503    	6.70802    	0.449296   	2.90559    	354.653    	7.05805    	0.748213   	3.28128    	455.339    	9.29209    	1.12833    	3.01485    	15.8558    	1.15537    	1.52295    	4.01427    	404.337    	3.87131    	1.2547     	3.26592    	259.266    	2.04292    	1.58502    	3.64477    	596.705    	11.0593    	1.34743    	3.28597    	85.8383    	2.12495    	0.920741   	3.3057     	200.513    	2.92869    	0.831621   	3.24097    	126.433    	0.937402   	1.70575    	3.09904    	605.684    	10.7654    	63.5448	59.07	54.1912	63.6041	53.4381	48.8988	39.2429	93.928	42.1493	49.3224	57.8042	106.874	78.4564	39.6351	54.3046	1          	-8.84813e-06	4.16415e-06	0.760614   	2.77921    	0.142625   	0.144149   	2.77921    	82.1092	
1.6e-10    	5.2        	0.913141   	-0.00117922	0.407101   	0.772502   	0.952384   	0.00057287 	-0.303439  	0.770577   	0.993972   	0.000680111	-0.10792   	0.751993   	0.999657   	0.00122223 	0.0181227  	0.75349    	0.926232   	0.000565645	-0.376432  	0.766358   	0.934383   	-0.00176247	0.355206   	0.774663   	0.917851   	0.00193617 	-0.396123  	0.776864   	0.997042   	-0.00142618	0.0743273  	0.757219   	0.943721   	-0.000578196	0.330292   	0.76172    	0.964008   	0.000146721	-0.265485  	0.757539   	0.908901   	-2.78053e-05	0.416276   	0.776654   	0.986658   	-0.000129834	-0.161164  	0.760795   	0.971225   	-0.000366935	0.236847   	0.765099   	0.980907   	0.000804639	0.194019   	0.754512   	0.906639   	-0.000484219	-0.42128   	0.776107   	3.09718    	3.27274    	31.796     	5.75397    	1.00781    	3.28959    	66.0861    	5.2696     	3.3009     	2.90297    	23.7955    	3.90749    	3.91447    	2.57098    	22.5142    	3.94102    	1.3202     	2.92078    	26.6551    	2.47252    	2.85802    	3.16638    	58.2635    	8.49671    	4.59102    	3.03267    	49.2926    	10.01      	2.54653    	2.4784     	24.2845    	2.33146    	0.969182   	2.79584    	19.7502    	2.24856    	1.86011    	2.80103    	12.697     	2.63559    	4.74678    	2.75939    	47.1232    	9.14135    	1.20859    	3.0364     	35.4346    	1.53279    	0.77928    	3.19049    	43.1667    	2.01444    	1.97337    	3.18898    	9.83779    	2.54967    	3.23758    	3.08213    	40.7894    	7.97057    	110.517	46.567	184.161	213.532	47.2082	108.448	164.798	154.602	47.2791	104.446	168.308	82.5939	56.0652	106.585	112.64	1          	-3.96907e-06	1.3433e-05 	0.728919   	0.93151    	0.142034   	0.138588   	0.931511   	23.0976	
1.7e-10    	5          	0.903111   	0.000184157	0.429167   	0.734254   	0.968999   	0.00018099 	-0.24625   	0.739386   	0.98294    	-0.000290084	-0.183338  	0.73148    	0.994863   	2.18677e-05	0.100045   	0.733071   	0.910353   	-0.000489073	-0.413599  	0.732372   	0.949977   	0.00051617 	0.311691   	0.739588   	0.930465   	5.24145e-06	-0.365706  	0.738101   	0.999747   	-0.000425318	-0.010123  	0.736335   	0.925195   	0.000400632	0.379249   	0.730274   	0.943673   	0.000161043	-0.330502  	0.730934   	0.913896   	-0.000121851	0.40545    	0.737001   	0.99672    	-1.20089e-05	-0.077917  	0.737713   	0.985678   	-0.000518642	0.167348   	0.739015   	0.964701   	-4.69047e-05	0.262875   	0.73076    	0.903718   	0.000605227	-0.427802  	0.736114   	1.03811    	2.53716    	12.675     	2.43459    	1.46648    	2.94412    	23.7418    	0.96219    	1.90083    	3.0639     	11.0207    	1.6726     	1.13981    	2.77403    	13.0602    	1.05762    	1.16008    	2.7092     	11.8761    	2.88517    	1.2307     	2.73457    	24.3894    	1.75963    	1.80782    	2.4446     	30.9628    	1.82361    	1.14448    	2.7567     	24.361     	1.1208     	1.24252    	2.81569    	10.434     	2.27322    	1.98812    	2.56828    	14.4471    	2.49366    	2.03146    	2.39944    	24.9181    	2.01221    	1.1636     	2.4626     	29.8102    	1.14818    	1.09821    	2.54422    	26.541     	0.843946   	2.30127    	2.5179     	13.5428    	1.83073    	1.27617    	2.64362    	17.3906    	2.49431    	45.6486	71.8859	84.2712	56.0703	48.517	60.1339	78.1508	59.0874	54.4166	87.1867	86.5098	59.23	55.581	100.328	55.236	1          	1.16378e-05	7.74683e-06	0.699523   	0.464848   	0.145363   	0.147151   	0.464847   	7.04441	
1.8e-10    	4.8        	0.896097   	6.37949e-05	0.442974   	0.699417   	0.969444   	0.000180533	-0.24459   	0.711699   	0.980872   	-0.000221852	-0.193732  	0.709886   	0.994091   	-0.000521239	0.107115   	0.713074   	0.904214   	0.000314546	-0.426169  	0.699317   	0.948791   	0.000177537	0.315073   	0.708046   	0.928919   	-0.000525573	-0.369439  	0.704956   	0.999697   	0.000853468	-0.0199409 	0.713899   	0.919895   	-0.000381868	0.391433   	0.700683   	0.940536   	0.00151194 	-0.338992  	0.702994   	0.909881   	-0.000335837	0.414157   	0.70303    	0.997094   	-0.00108827	-0.0750981 	0.71417    	0.986022   	-0.000107587	0.165707   	0.713884   	0.962271   	-3.09332e-05	0.27144    	0.705762   	0.897965   	0.000114607	-0.439396  	0.701613   	1.99236    	2.86867    	49.5544    	6.66328    	2.08952    	2.45709    	20.3805    	2.59054    	1.86801    	2.88496    	20.7512    	3.01427    	2.13194    	3.00035    	16.8176    	2.47006    	2.0248     	2.4506     	52.3399    	9.33713    	3.66521    	3.16014    	28.6994    	2.87272    	2.65137    	2.61119    	37.7062    	4.35365    	1.35025    	2.69138    	10.5225    	1.37961    	3.10794    	2.88028    	37.3553    	8.24272    	2.08925    	2.45539    	28.7863    	4.17291    	1.51669    	2.70772    	38.1093    	6.04565    	1.57818    	2.58022    	7.60807    	1.45862    	1.61389    	3.52734    	15.8247    	1.90689    	1.78366    	2.88141    	19.9818    	2.65459    	1.68631    	2.78233    	37.5378    	5.90872    	80.3006	86.8824	77.0236	87.4781	79.8516	143.801	103.17	60.9769	120.872	83.5368	63.9921	67.7108	68.0717	74.5507	69.9942	1          	4.71351e-07	3.12835e-06	0.670975   	0.379617   	0.135262   	0.146936   	0.379619   	4.18843	
1.9e-10    	4.6        	0.875477   	-0.00039895	0.483058   	0.66629    	0.962807   	-0.00065168	-0.269615  	0.699109   	0.979821   	0.00110001 	-0.199349  	0.686178   	0.994288   	-0.000271026	0.105832   	0.694722   	0.884445   	-0.000250284	-0.466376  	0.664208   	0.938607   	0.000506638	0.344612   	0.693077   	0.910966   	-0.00120427	-0.41215   	0.686656   	0.999835   	0.00175756 	-0.00481627	0.701171   	0.90342    	-0.000581339	0.428488   	0.666544   	0.930533   	0.000585832	-0.365806  	0.670394   	0.889711   	-0.00018093	0.45629    	0.678089   	0.995512   	-0.00043472	-0.0930383 	0.704738   	0.983179   	0.000585587	0.182028   	0.702852   	0.95702    	-0.00140388	0.289624   	0.677767   	0.877877   	0.000748257	-0.478709  	0.670961   	1.96636    	2.70462    	8.16       	2.10731    	3.25753    	3.26695    	15.6233    	3.28637    	1.63775    	2.3493     	9.51715    	1.31134    	1.30539    	3.42808    	7.96589    	1.28664    	2.15809    	2.95017    	10.1654    	1.63358    	1.92032    	2.92936    	14.0489    	3.55494    	2.67977    	3.18466    	13.4765    	3.52034    	1.27968    	2.98105    	15.5689    	1.27514    	2.49382    	3.05436    	9.45332    	2.29344    	5.14871    	2.7721     	12.0243    	3.60316    	2.50628    	2.4099     	10.3149    	3.0559     	2.51818    	2.73463    	15.6808    	2.52284    	4.6908     	4.00458    	9.09447    	4.11465    	3.34379    	3.20576    	8.67665    	2.17497    	1.66214    	2.41716    	7.24495    	1.8316     	71.6343	123.03	64.945	57.2229	78.7355	73.2838	99.0853	57.2421	90.4054	179.823	94.0101	96.0465	169.816	118.315	62.9492	1          	-3.10097e-06	4.27673e-06	0.642903   	0.331033   	0.142066   	0.144276   	0.331031   	3.36772	
2e-10      	4.4        	0.842861   	0.00116063 	0.537953   	0.655298   	0.94562    	-0.00086289	-0.324807  	0.677925   	0.97863    	-0.000193143	-0.204832  	0.666491   	0.995056   	0.000478122	0.0971413  	0.674086   	0.855382   	-3.20488e-05	-0.517791  	0.654699   	0.911658   	-0.000310432	0.410556   	0.67431    	0.878953   	0.000272552	-0.476649  	0.669703   	0.999701   	-0.00165742	0.0141967  	0.678477   	0.882166   	0.00139098 	0.470695   	0.655897   	0.917846   	-0.000667743	-0.396538  	0.657072   	0.856416   	9.62076e-05	0.51613    	0.663738   	0.992126   	0.000554735	-0.123676  	0.679336   	0.973646   	-1.58395e-05	0.227013   	0.679016   	0.951298   	0.000623162	0.307469   	0.660243   	0.844096   	-0.000606864	-0.53607   	0.659069   	3.03303    	3.74388    	6.23778    	2.91532    	4.48209    	3.11559    	12.08      	2.42759    	1.67502    	2.96183    	14.5009    	1.10438    	2.12384    	3.25859    	20.3954    	1.75453    	2.69403    	3.11528    	7.57512    	1.98049    	4.67253    	3.25627    	13.0095    	2.6796     	4.29791    	2.76824    	8.42213    	1.77312    	1.81299    	3.07744    	19.3773    	1.80823    	4.61757    	2.37181    	7.49754    	2.38608    	4.62586    	2.7367     	11.4179    	1.85425    	2.56877    	2.98421    	5.01842    	1.73759    	2.43223    	2.52535    	19.3709    	1.97902    	6.09075    	3.20409    	21.045     	2.96046    	5.35432    	2.56834    	21.232     	2.46986    	1.6632     	2.88185    	4.42759    	1.94281    	101.866	138.225	62.3341	78.824	89.2919	142.921	133.67	67.5557	152.032	149.648	84.8045	81.4462	189.581	171.719	60.3047	1          	1.06607e-05	7.49626e-06	0.615181   	0.292231   	0.139099   	0.144225   	0.292227   	2.80539	
2.1e-10    	4.2        	0.808461   	-6.77475e-05	0.588391   	0.632868   	0.944885   	-2.51484e-05	-0.326562  	0.654822   	0.968003   	0.000112714	-0.250026  	0.653706   	0.99266    	0.000959535	0.119725   	0.660878   	0.826748   	-0.000491472	-0.562413  	0.631299   	0.90192    	-0.000501044	0.431517   	0.648973   	0.864361   	-0.00109059	-0.502616  	0.642512   	0.999897   	0.000674573	-0.00298881	0.665134   	0.859385   	0.000412906	0.511094   	0.631528   	0.893705   	-6.40786e-05	-0.44824   	0.636161   	0.834319   	0.000821301	0.551061   	0.638514   	0.994678   	-0.000706445	-0.101157  	0.665354   	0.978349   	8.81547e-05	0.205627   	0.662118   	0.929634   	-0.000247779	0.367787   	0.644289   	0.812973   	0.0001437  	-0.58205   	0.635148   	2.6321     	2.40327    	7.21689    	2.96481    	11.2246    	3.42719    	19.896     	5.25479    	13.8048    	2.68415    	17.4125    	9.67938    	3.32825    	3.67749    	11.7152    	2.97536    	4.77678    	3.19327    	5.02081    	4.13465    	10.601     	3.01197    	10.016     	6.19392    	7.34128    	3.12342    	7.55948    	4.91446    	1.81843    	3.91656    	6.83073    	1.80557    	7.10654    	3.96194    	5.7915     	5.00661    	14.523     	2.36681    	9.78005    	7.97352    	12.6732    	2.59869    	3.84433    	6.86771    	2.23534    	3.39189    	17.2877    	1.97274    	5.81773    	3.00554    	24.3993    	3.24499    	18.3284    	2.91074    	16.6262    	11.4329    	7.68105    	2.76944    	8.02913    	3.83579    	82.9235	313.612	384.412	101.137	134.561	290.434	193.265	62.1568	187.492	386.273	334.447	76.1035	169.685	488.894	207.652	1          	9.23287e-06	-1.25338e-05	0.587732   	0.278789   	0.137592   	0.143051   	0.278787   	2.38262	
2.2e-10    	4          	0.796273   	0.000480157	0.604638   	0.608365   	0.956588   	-0.000496766	-0.290748  	0.637358   	0.952112   	1.45881e-05	-0.304859  	0.61697    	0.984898   	0.000667986	0.171701   	0.628331   	0.807443   	-0.00127112	-0.58972   	0.604074   	0.914782   	0.00059415 	0.403525   	0.628521   	0.870821   	-0.00153787	-0.491154  	0.624296   	0.998572   	0.000539531	-0.0489261 	0.635164   	0.832873   	0.000940008	0.553316   	0.604498   	0.866144   	-0.000607398	-0.499428  	0.60471    	0.836179   	0.000661582	0.548103   	0.619828   	0.998025   	-9.87784e-05	-0.0591373 	0.640464   	0.985666   	-0.000369729	0.16696    	0.642224   	0.907134   	-0.00057268	0.42026    	0.609398   	0.80883    	0.000950844	-0.587624  	0.612768   	5.01587    	2.85531    	11.4617    	2.71993    	3.98693    	3.67765    	15.8403    	3.17597    	6.1449     	3.63168    	21.5367    	5.68815    	5.59507    	3.20654    	20.7501    	5.34716    	5.79348    	3.17468    	9.56277    	6.50862    	5.54507    	3.08716    	12.368     	4.33644    	5.54213    	3.2174     	13.9448    	1.63873    	6.88248    	3.37785    	19.1559    	6.27798    	2.74556    	2.60483    	6.09087    	4.01772    	3.3078     	3.06735    	13.3318    	3.09944    	5.40399    	2.90726    	12.5075    	2.42726    	5.1803     	3.8218     	19.4791    	5.63291    	2.92566    	3.94962    	27.5614    	4.38598    	5.78035    	2.89421    	18.2602    	4.42814    	8.74365    	2.67702    	14.9337    	3.45682    	127.919	110.53	153.212	144.311	151.875	152.296	150.957	177.877	76.8221	88.1209	140.74	137.685	83.2572	147.053	220.041	1          	-1.04833e-05	-3.44488e-05	0.560471   	0.258494   	0.135357   	0.147018   	0.258495   	2.09144	
2.3e-10    	3.8        	0.778536   	0.000835235	0.627443   	0.586626   	0.946539   	0.00010195 	-0.321883  	0.611571   	0.953347   	-0.00101201	-0.300775  	0.592272   	0.987753   	-0.00135687	0.154522   	0.602439   	0.791923   	1.10588e-05	-0.610354  	0.581663   	0.897626   	0.00121482 	0.440455   	0.606589   	0.855805   	-8.68746e-07	-0.516982  	0.601431   	0.999205   	0.00106176 	-0.0352839 	0.610324   	0.821      	-0.00108883	0.570691   	0.579052   	0.855176   	-0.000556614	-0.517948  	0.576111   	0.826124   	-0.000534945	0.563216   	0.596312   	0.997772   	0.000925875	-0.0635886 	0.616028   	0.982313   	-0.000988602	0.186162   	0.616658   	0.904347   	0.00194089 	0.426248   	0.581166   	0.795244   	-0.000880838	-0.606083  	0.589503   	3.2217     	3.05022    	7.10825    	5.01368    	12.4303    	3.57412    	13.9065    	8.81214    	13.9439    	2.858      	19.9611    	7.80435    	5.87673    	3.19872    	16.6148    	4.69084    	4.15582    	3.19457    	9.13969    	2.8362     	11.3962    	3.20809    	6.47591    	8.93881    	14.9743    	3.15908    	6.84649    	10.3658    	4.40085    	4.12446    	11.599     	4.2546     	7.06103    	3.73871    	4.71279    	4.24028    	11.7657    	3.0629     	7.41845    	5.53408    	12.5683    	2.7752     	5.9006     	7.7988     	2.56936    	3.86139    	15.5025    	2.78398    	5.08982    	3.3362     	15.117     	4.47689    	12.9437    	2.66328    	10.9624    	6.97679    	6.47647    	2.71866    	9.36276    	7.75703    	81.6099	273.654	303.933	136.404	102.691	252.172	329.197	109.118	155.19	250.055	267.633	67.7073	120.725	274.838	145.76	1          	-2.18871e-05	-1.49322e-05	0.533375   	0.251932   	0.14264    	0.14654    	0.251931   	2.17288	
2.4e-10    	3.6        	0.756545   	-0.0011916 	0.653689   	0.545519   	0.938464   	0.000353337	-0.344932  	0.58667    	0.959502   	0.000879058	-0.280915  	0.579601   	0.991664   	-0.000395865	0.127739   	0.595283   	0.775429   	0.0018067  	-0.631013  	0.549125   	0.876296   	-0.00132544	0.481461   	0.574205   	0.823646   	-0.000394859	-0.566806  	0.566611   	0.999802   	0.000304288	-0.0109439 	0.605105   	0.808191   	2.11317e-05	0.588667   	0.55376    	0.850208   	-0.00069472	-0.526203  	0.553231   	0.79389    	-0.000358701	0.60789    	0.559103   	0.996234   	0.00116804 	-0.0849704 	0.607191   	0.979633   	0.000575953	0.199406   	0.602925   	0.903859   	-0.000854562	0.427238   	0.559722   	0.767952   	0.000238594	-0.640278  	0.550545   	5.05569    	2.8974     	8.05293    	3.85614    	6.99054    	3.53528    	7.19567    	4.62373    	2.98419    	3.43673    	14.6787    	2.7074     	4.84058    	3.40765    	9.42171    	5.12362    	12.097     	2.74701    	11.08      	6.20247    	10.1122    	3.1707     	7.57595    	8.61045    	8.60225    	3.55071    	6.16254    	4.80441    	7.25531    	4.59043    	7.94895    	7.22756    	9.47483    	3.7235     	4.81055    	6.66728    	3.20096    	3.42957    	5.23509    	2.16386    	6.45477    	3.25342    	4.4516     	6.07822    	6.06783    	4.0165     	9.08275    	5.62864    	5.01469    	3.68111    	19.0312    	2.69639    	8.03786    	3.26317    	14.3985    	5.96676    	4.69587    	3.69082    	7.39476    	4.76121    	99.7765	140.5	68.0418	102.796	230.923	200.02	175.317	149.337	184.747	72.3909	137.842	130.028	109.878	172.281	99.736	1          	2.084e-05  	-4.5732e-05	0.506432   	0.245986   	0.143776   	0.150319   	0.245985   	2.13935	
2.5e-10    	3.4        	0.737619   	-0.0018248 	0.674626   	0.521139   	0.950639   	-0.000682454	-0.308833  	0.560056   	0.94225    	0.00248411 	-0.334383  	0.553839   	0.982271   	-0.00169396	0.185968   	0.570932   	0.740624   	5.80719e-05	-0.671298  	0.521678   	0.890766   	0.00165011 	0.453004   	0.551744   	0.821422   	-0.00239132	-0.568241  	0.543172   	0.998561   	0.00251566 	-0.0382955 	0.584967   	0.779326   	-0.000403816	0.626368   	0.524008   	0.825926   	3.6905e-05 	-0.56323   	0.524954   	0.780297   	-0.000144953	0.624266   	0.535092   	0.996897   	9.26143e-06	-0.0700896 	0.589195   	0.985085   	0.00306227 	0.170267   	0.580213   	0.880769   	-0.00174692	0.473082   	0.537882   	0.749188   	-0.00154226	-0.661874  	0.525126   	11.0059    	3.33823    	21.3916    	8.79367    	6.53419    	3.87909    	32.1689    	7.41245    	6.8558     	3.36519    	8.37188    	5.3686     	18.6902    	3.81552    	13.5164    	13.5975    	11.58      	3.85917    	15.1683    	2.42334    	5.83015    	4.77249    	47.7985    	8.59536    	16.6229    	4.20667    	70.5998    	5.22232    	17.9025    	4.08649    	53.3275    	15.8078    	3.52172    	3.93325    	6.37116    	3.17658    	13.7907    	3.92102    	8.28893    	4.81417    	19.7627    	3.38414    	30.6036    	2.92874    	6.20751    	3.64325    	52.6916    	7.273      	5.83513    	4.15204    	21.1588    	5.70295    	9.56156    	3.61376    	8.47912    	6.02544    	9.39723    	3.05356    	12.5906    	3.15618    	187.348	128.412	109.46	307.381	198.193	116.129	286.879	309.509	76.148	236.395	323.823	111.698	108.797	157.558	158.096	1          	-7.8184e-06	-9.17097e-05	0.479533   	0.236936   	0.13858    	0.149266   	0.236939   	1.86284	
2.6e-10    	3.2        	0.741409   	-0.00270698	0.670827   	0.477234   	0.963181   	-0.000701992	-0.267987  	0.533554   	0.935459   	0.00304765 	-0.352849  	0.524025   	0.978976   	0.000406503	0.202945   	0.546962   	0.744688   	-6.70643e-05	-0.667169  	0.480819   	0.907928   	-0.000464066	0.418518   	0.511335   	0.852743   	-0.00188314	-0.521638  	0.502411   	0.995477   	0.00132414 	-0.0930513 	0.567605   	0.758046   	0.000507201	0.651743   	0.480681   	0.782816   	-0.000418992	-0.621727  	0.489677   	0.798      	0.0011441  	0.602376   	0.499293   	0.999793   	-0.000624518	0.00390952 	0.575851   	0.993678   	-0.0013625 	0.106762   	0.567282   	0.847761   	-0.00100123	0.529562   	0.502033   	0.755156   	0.00256972 	-0.655291  	0.488372   	8.3427     	3.22043    	5.46088    	8.61807    	9.01725    	3.61138    	9.95597    	6.25825    	5.3077     	3.52924    	8.47889    	3.53976    	6.97025    	4.54995    	10.3854    	6.31914    	7.71815    	3.51903    	6.21664    	8.10589    	5.6566     	4.27209    	10.7342    	4.14334    	12.0189    	3.60909    	14.279     	7.36248    	8.33453    	3.48153    	11.2637    	8.52369    	16.3758    	3.49006    	5.93046    	8.61868    	21.02      	3.53932    	4.95195    	10.1231    	4.79006    	2.66418    	5.16714    	2.17878    	12.394     	3.6864     	12.7495    	12.4758    	9.22293    	5.13278    	39.5709    	6.22052    	8.32494    	4.0816     	17.5711    	2.90938    	4.4322     	3.77628    	10.2288    	8.74805    	120.605	138.067	90.172	112.742	122.177	92.6901	188.64	136.894	240.354	309.35	83.3866	196.287	144.767	133.165	74.1186	1          	-1.13177e-05	-1.79001e-05	0.452624   	0.228127   	0.140044   	0.184014   	0.228125   	2.23579	
2.7e-10    	3          	0.706333   	-0.00370524	0.707506   	0.450778   	0.955009   	0.00224142 	-0.295615  	0.504179   	0.937637   	0.00121951 	-0.346842  	0.509183   	0.984806   	0.00119169 	0.172486   	0.542726   	0.719155   	0.00138195 	-0.694597  	0.450262   	0.882745   	-0.00268007	0.469401   	0.474091   	0.84392    	0.00385867 	-0.535891  	0.468063   	0.991996   	-0.00203696	-0.124372  	0.560757   	0.715275   	-0.00158301	0.698603   	0.455505   	0.748563   	-0.00201315	-0.662616  	0.46002    	0.79427    	-0.00226872	0.606789   	0.461973   	0.998745   	0.00354567 	0.0446249  	0.56654    	0.997745   	-0.00130804	0.0643243  	0.541214   	0.827699   	0.00102402 	0.560225   	0.475985   	0.756203   	0.000404646	-0.653679  	0.454138   	8.20749    	3.66483    	4.10319    	2.98381    	6.65891    	4.62418    	14.8308    	8.30452    	3.51849    	4.85205    	14.14      	5.25961    	6.77035    	4.7714     	8.57677    	5.39004    	7.5148     	4.31515    	5.76537    	8.85357    	8.82879    	3.31569    	5.68499    	6.14615    	6.79807    	3.36236    	11.1883    	4.92419    	5.37079    	4.4689     	12.7645    	4.27065    	7.46863    	3.72397    	4.30633    	6.91303    	5.77354    	4.26847    	10.4616    	4.99953    	4.76995    	4.74163    	22.5005    	7.29354    	6.54392    	3.99293    	15.7232    	6.16523    	8.543      	4.13752    	9.08818    	8.52049    	5.88721    	3.49999    	26.902     	6.46137    	5.40836    	3.99945    	19.154     	6.50665    	106.101	95.2923	58.0173	102.401	100.738	123.363	93.3048	77.2029	102.191	86.87	74.3078	92.2761	106.733	84.723	75.36	1          	2.6055e-06 	-6.85752e-05	0.425701   	0.228411   	0.143218   	0.167715   	0.228411   	2.04836	
2.8e-10    	2.8        	0.672266   	0.00188631 	0.74008    	0.432187   	0.942926   	-0.00207769	-0.33106   	0.486334   	0.937227   	0.000622692	-0.347259  	0.47677    	0.981114   	0.000407163	0.192046   	0.512508   	0.702552   	0.000174729	-0.711217  	0.445865   	0.866093   	-0.000419309	0.499411   	0.438493   	0.814237   	0.000641662	-0.580174  	0.44156    	0.9876     	-0.000875505	-0.15607   	0.544719   	0.657858   	0.000333332	0.752838   	0.453525   	0.719453   	0.000326529	-0.694271  	0.445388   	0.791632   	-0.000165322	0.610486   	0.418814   	0.995034   	0.000112481	0.098018   	0.546545   	0.994604   	0.000924239	0.0999352  	0.523951   	0.828172   	0.00151781 	0.559442   	0.427146   	0.744129   	-0.00251787	-0.667645  	0.431065   	6.16325    	3.33496    	3.86809    	5.59872    	36.4769    	4.24961    	21.6386    	24.3717    	21.3076    	4.16443    	16.3607    	13.2109    	6.22039    	5.34577    	13.805     	8.07405    	6.59095    	3.23785    	9.2501     	4.4259     	6.37355    	4.44248    	10.5121    	10.0713    	4.50199    	4.80573    	3.55003    	2.80782    	4.94461    	5.22706    	5.52526    	5.1217     	5.37029    	4.95394    	4.03049    	2.69305    	5.08028    	3.8152     	4.01811    	3.69879    	9.86199    	4.3561     	5.57826    	6.23152    	3.45444    	6.41848    	4.45622    	3.22558    	8.52337    	6.2698     	20.6043    	9.15617    	29.913     	5.57119    	6.11835    	15.7588    	9.87344    	4.66004    	13.621     	16.3265    	76.072	415.134	266.066	82.0325	88.1489	99.8246	56.1071	77.6625	67.7195	67.2874	115.762	49.3838	107.387	309.443	113.319	0.999999   	3.27443e-05	-0.000382537	0.398626   	0.239539   	0.139803   	0.176942   	0.239537   	2.2831	
2.9e-10    	2.6        	0.643764   	-0.00309675	0.764902   	0.418666   	0.960519   	0.000910831	-0.277405  	0.47061    	0.896128   	0.00205366 	-0.443053  	0.438064   	0.972984   	-0.00568301	0.229385   	0.481717   	0.70453    	0.00464178 	-0.70933   	0.423743   	0.872745   	0.00207332 	0.487452   	0.397206   	0.775696   	-0.00279203	-0.630722  	0.419201   	0.986778   	0.00508101 	-0.16095   	0.534367   	0.597474   	-0.00336068	0.801587   	0.437976   	0.680774   	0.00408659 	-0.732153  	0.431582   	0.754823   	-0.000476759	0.65468    	0.387125   	0.992695   	-0.0028982 	0.116906   	0.53211    	0.996911   	0.000763003	0.0758163  	0.507657   	0.763304   	-0.00399588	0.645586   	0.389944   	0.731345   	0.00284016 	-0.68164   	0.424213   	7.87271    	4.42014    	2.02567    	3.83849    	3.16645    	4.5452     	8.35444    	3.71993    	8.56833    	4.99874    	8.88172    	6.77182    	3.8976     	7.17391    	10.4579    	2.77095    	4.07675    	5.84683    	3.70875    	3.24454    	7.16572    	5.45883    	4.95966    	3.82466    	5.50305    	4.96045    	2.6321     	2.68525    	3.0146     	8.20247    	3.64353    	2.91007    	5.66537    	6.05129    	3.54389    	4.04019    	8.06021    	4.87381    	2.14647    	3.94695    	11.2761    	4.24001    	18.5294    	3.61926    	4.2596     	6.27659    	24.1126    	3.69564    	4.3059     	7.86479    	5.4491     	4.17892    	5.42663    	4.7834     	2.94242    	2.41636    	4.06288    	5.66197    	4.06185    	2.76757    	77.1614	41.7992	81.1205	49.1192	45.0646	68.7297	57.079	40.4475	58.9209	77.0616	111.049	50.2524	49.0705	63.032	49.7641	0.999999   	3.07525e-05	8.5513e-05 	0.37137    	0.235088   	0.144003   	0.194343   	0.235093   	2.61374	
3e-10      	2.4        	0.604212   	-0.00837749	0.796531   	0.407578   	0.956675   	-0.00130011	-0.290272  	0.441857   	0.874195   	0.00920688 	-0.484717  	0.414664   	0.979284   	-0.00189041	0.201108   	0.462862   	0.687049   	0.00358214 	-0.726252  	0.407874   	0.822714   	-0.00131767	0.567812   	0.362199   	0.730689   	0.00803758 	-0.682342  	0.399472   	0.986667   	-0.00365703	-0.16156   	0.5218     	0.532203   	-0.00311049	0.846274   	0.423224   	0.618499   	0.00353337 	-0.785435  	0.41229    	0.746917   	-0.00815191	0.664123   	0.361998   	0.986271   	0.00286011 	0.163545   	0.513542   	0.996531   	0.00404527 	0.0799648  	0.490235   	0.719044   	-0.0134641 	0.694247   	0.362662   	0.69786    	0.007573   	-0.715871  	0.404756   	3.03289    	5.54899    	1.36399    	1.77781    	2.31882    	9.57158    	2.52852    	2.01448    	2.56128    	13.3962    	2.17205    	2.20478    	4.32016    	11.6285    	2.89974    	4.08436    	3.46987    	7.74012    	1.703      	2.4619     	6.15749    	7.2391     	2.65714    	4.15526    	3.75646    	5.60279    	1.4086     	2.06635    	2.90315    	10.4457    	2.13972    	2.87363    	4.72861    	7.90184    	1.3706     	1.2988     	4.14093    	7.83762    	1.47745    	2.12202    	8.64135    	5.01362    	4.8716     	2.5145     	5.35831    	10.6138    	5.21744    	4.39026    	2.48591    	12.8937    	2.40653    	2.43262    	3.70727    	10.4632    	1.56636    	2.42647    	3.47528    	6.15904    	1.44871    	1.67635    	33.2143	27.3889	28.9155	46.5225	37.5935	54.3236	37.7917	36.0435	46.8493	40.3301	75.2579	56.9733	32.4737	36.7021	35.5623	0.999999   	1.00342e-05	0.000174848	0.343918   	0.241811   	0.138758   	0.193414   	0.24182    	2.36724	
3.1e-10    	2.2        	0.555313   	0.00488994 	0.831295   	0.393628   	0.952865   	0.00598956 	-0.302466  	0.419883   	0.849883   	-0.00981334	-0.526428  	0.388455   	0.977298   	0.00796805 	0.210668   	0.441761   	0.657318   	-0.00589491	-0.753316  	0.391193   	0.786606   	-0.00553836	0.616847   	0.33046    	0.685703   	-0.000627475	-0.727567  	0.383536   	0.986199   	-0.00938385	-0.164182  	0.503825   	0.463349   	0.0129082  	0.885758   	0.409262   	0.573635   	-0.0134001 	-0.818594  	0.397697   	0.662795   	0.00294599 	0.748296   	0.337461   	0.989149   	0.00917633 	0.144777   	0.502884   	0.995881   	-0.0086839 	0.0879209  	0.467342   	0.668011   	0.00740547 	0.74363    	0.338653   	0.662605   	0.00222068 	-0.74853   	0.389228   	2.8763     	7.94545    	0.974106   	1.18351    	2.9906     	9.80553    	1.43901    	2.72706    	2.64632    	6.69638    	1.93419    	2.36176    	2.53751    	9.19517    	1.57806    	2.53398    	3.02332    	5.35209    	0.928434   	1.46496    	2.99753    	7.7632     	1.02132    	2.04571    	3.54284    	5.69016    	1.02418    	1.90421    	2.9446     	9.81439    	1.62373    	2.84318    	4.03243    	8.40505    	0.739486   	1.27575    	3.39744    	10.0075    	1.0503     	1.37786    	4.1839     	7.10401    	1.12826    	1.87818    	2.70769    	14.6581    	2.09286    	2.56553    	2.62852    	8.8115     	2.32645    	2.54898    	3.4888     	7.34052    	1.33761    	1.93532    	2.69432    	9.98576    	1.07679    	1.50441    	27.1281	27.4293	26.4044	25.2382	30.4976	29.7062	30.7957	31.854	32.6949	31.0819	33.6033	30.2649	28.9777	31.4219	27.8538	0.999999   	1.59571e-06	2.60649e-06	0.316405   	0.229553   	0.153182   	0.183165   	0.22955    	2.14971	
3.2e-10    	2          	0.506472   	0.0196848  	0.861557   	0.380148   	0.938773   	0.113618   	-0.319026  	0.395471   	0.817451   	-0.133718  	-0.557849  	0.368468   	0.964186   	0.135195   	0.221149   	0.41503    	0.624375   	-0.0574308 	-0.778519  	0.377814   	0.739023   	-0.112827  	0.660357   	0.309745   	0.645362   	0.0812378  	-0.757433  	0.370556   	0.974244   	-0.139679  	-0.167418  	0.479605   	0.400845   	0.0888485  	0.911418   	0.397093   	0.52464    	-0.117098  	-0.842433  	0.385863   	0.61331    	-0.0606641 	0.785441   	0.320146   	0.975831   	0.141735   	0.153684   	0.478066   	0.983187   	-0.14165   	0.0939925  	0.440296   	0.607784   	0.15595    	0.776324   	0.323879   	0.628777   	0.0197466  	-0.776576  	0.375042   	3.01903    	11.8868    	0.813152   	1.02496    	3.12502    	75.5852    	1.87569    	2.26183    	3.28354    	44.0542    	1.83583    	3.90399    	3.79912    	64.9107    	1.36472    	2.46186    	2.98359    	11.1763    	1.08617    	1.68769    	3.40928    	59.367     	1.10811    	3.31903    	4.74022    	53.4464    	1.27943    	4.55381    	8.82273    	87.9306    	1.72684    	4.21564    	4.49067    	10.5009    	0.92039    	1.33359    	2.67524    	23.453     	1.00544    	2.23084    	3.85689    	39.1529    	0.986054   	2.45549    	4.55112    	111.913    	1.38342    	2.77639    	5.85024    	101.704    	1.65977    	2.34814    	3.70837    	45.5294    	1.43947    	4.00495    	3.54279    	17.59      	1.13179    	1.67792    	27.7025	23.5161	28.8181	30.8159	29.4405	28.2459	35.9149	62.6236	42.3096	24.6763	30.888	36.1622	39.6058	30.9017	32.1689	0.999999   	-2.03706e-05	7.70878e-05	0.288437   	0.345664   	0.142416   	0.173488   	0.345659   	2.46481	
3.3e-10    	1.8        	0.464366   	0.0325001  	0.884035   	0.369466   	0.842998   	0.418067   	-0.335659  	0.387874   	0.727713   	-0.433226  	-0.529057  	0.381315   	0.837267   	0.478024   	0.25702    	0.400095   	0.59442    	-0.163777  	-0.78584   	0.370884   	0.686588   	-0.40976   	0.597983   	0.320932   	0.626523   	0.278769   	-0.726834  	0.365782   	0.860301   	-0.476298  	-0.170172  	0.449304   	0.407363   	0.27079    	0.870155   	0.393508   	0.500025   	-0.348873  	-0.791061  	0.397912   	0.575888   	-0.205113  	0.790407   	0.317638   	0.869601   	0.471723   	0.138951   	0.453064   	0.864992   	-0.488142  	0.107905   	0.412317   	0.557876   	0.453671   	0.69272    	0.345651   	0.624506   	0.0880264  	-0.775046  	0.362433   	4.51459    	25.6451    	1.98104    	1.82756    	5.74229    	29.7823    	3.51873    	3.91715    	4.85054    	54.6301    	3.98548    	14.2044    	14.7069    	72.3728    	5.05045    	5.25313    	6.66477    	32.2701    	2.93124    	2.71648    	15.3134    	30.2753    	3.55419    	10.6606    	5.37433    	21.3194    	3.35274    	5.85107    	21.2917    	79.419     	4.55149    	3.08806    	12.6086    	49.4225    	8.28001    	2.61063    	6.70541    	47.9602    	3.02009    	10.1699    	4.58746    	16.309     	1.63057    	3.28226    	7.75248    	41.33      	3.78916    	3.22785    	15.9798    	24.9448    	4.01913    	4.94361    	11.7519    	45.3466    	3.90126    	17.0212    	4.28574    	22.3871    	2.24409    	3.6963     	27.2997	37.1069	33.4088	73.4388	43.272	82	34.8739	104.534	77.712	37.295	29.134	36.4669	81.3893	61.1425	31.9282	0.999999   	-5.48095e-05	1.70095e-05	0.25864    	0.615368   	0.145912   	0.1707     	0.615339   	2.84121	
3.4e-10    	1.6        	0.425531   	0.104311   	0.898314   	0.365155   	0.762992   	0.54215    	-0.350638  	0.37196    	0.628129   	-0.581632  	-0.515784  	0.394684   	0.723884   	0.634474   	0.268646   	0.405907   	0.524161   	-0.248448  	-0.813839  	0.357135   	0.631714   	-0.521323  	0.572      	0.326165   	0.603496   	0.36425    	-0.70816   	0.347119   	0.756955   	-0.629871  	-0.171712  	0.432313   	0.396784   	0.36689    	0.840967   	0.379493   	0.506714   	-0.447077  	-0.736374  	0.40307    	0.470005   	-0.228639  	0.851229   	0.290855   	0.796652   	0.59374    	0.109602   	0.435169   	0.757178   	-0.644459  	0.095806   	0.374779   	0.50743    	0.561053   	0.652881   	0.37099    	0.615912   	0.0552882  	-0.785059  	0.349907   	10.2909    	8.16368    	2.56207    	3.2758     	10.1504    	7.72007    	4.89701    	6.08676    	13.1759    	10.7515    	7.09169    	9.48522    	14.9025    	12.7199    	9.80627    	11.9669    	12.9076    	8.07764    	3.11598    	5.17693    	13.6321    	10.1848    	7.20325    	5.13351    	6.99717    	6.98805    	17.2513    	6.91541    	9.19102    	5.80241    	8.7816     	5.29906    	6.5632     	7.16306    	11.6408    	12.3215    	10.3097    	8.34841    	7.07725    	3.34101    	21.5249    	7.28084    	2.52256    	7.89008    	11.4917    	7.29635    	6.33016    	6.14094    	22.6694    	12.0775    	11.296     	8.02583    	15.807     	14.6258    	11.9316    	17.2704    	4.97964    	15.5613    	2.39814    	3.47179    	54.5001	38.5989	59.711	56.123	51.8605	55.6845	43.3618	42.8702	37.7715	36.8989	75.0992	58.8059	82.3785	52.2553	31.2608	0.999998   	1.42577e-05	-7.89676e-05	0.229151   	0.326112   	0.148191   	0.176654   	0.326118   	2.21665	
3.5e-10    	1.4        	0.387945   	0.170275   	0.905325   	0.352715   	0.702507   	0.600067   	-0.380049  	0.362185   	0.535264   	-0.688376  	-0.487322  	0.391155   	0.690624   	0.692326   	0.206578   	0.429066   	0.481058   	-0.339963  	-0.807277  	0.346745   	0.453242   	-0.59453   	0.661329   	0.301156   	0.602019   	0.417469   	-0.678866  	0.338076   	0.635224   	-0.73412   	-0.231996  	0.426884   	0.321943   	0.426159   	0.844073   	0.38832    	0.487845   	-0.545516  	-0.680108  	0.393546   	0.299173   	-0.275942  	0.91114    	0.260929   	0.742357   	0.66695    	0.0584043  	0.445437   	0.591798   	-0.788893  	0.158662   	0.35029    	0.525748   	0.623163   	0.57735    	0.412773   	0.520731   	0.020342   	-0.85188   	0.337331   	6.78773    	6.44646    	3.40731    	2.89102    	18.719     	3.79802    	16.1955    	6.82655    	16.6582    	8.35832    	31.5897    	15.4885    	21.1675    	9.54032    	8.08751    	14.8841    	23.0883    	5.35179    	4.66691    	13.4777    	40.7021    	7.38218    	5.16625    	10.9294    	23.5939    	6.48209    	11.5928    	7.60195    	11.4088    	12.3167    	72.8145    	12.6546    	21.2561    	9.64204    	32.1507    	20.5876    	13.4797    	5.73172    	23.5376    	6.46154    	30.8989    	9.72656    	11.5793    	16.4164    	10.9135    	10.0703    	8.26714    	12.8649    	18.902     	10.8139    	7.42491    	2.93947    	45.9987    	7.15137    	15.9817    	29.3209    	16.9231    	9.09154    	18.9789    	6.33517    	26.0173	86.2519	89.4912	66.8084	101.367	127.827	98.3648	55.8747	56.1451	31.5416	65.1777	44.652	59.6127	86.3961	30.3718	0.999998   	2.25881e-05	6.34669e-05	0.200096   	0.263185   	0.141769   	0.166479   	0.263187   	2.61831	
3.6e-10    	1.2        	0.275852   	0.261305   	0.924388   	0.351961   	0.716187   	0.635583   	-0.283238  	0.349853   	0.392202   	-0.730382  	-0.55841   	0.423864   	0.632308   	0.742832   	0.210073   	0.434162   	0.44215    	-0.396635  	-0.804008  	0.360969   	0.283512   	-0.62096   	0.727349   	0.285755   	0.612304   	0.435702   	-0.658232  	0.290117   	0.541422   	-0.776057  	-0.321947  	0.418597   	0.277616   	0.488098   	0.826437   	0.391946   	0.434352   	-0.592037  	-0.678377  	0.394775   	0.241686   	-0.243474  	0.937864   	0.264304   	0.673224   	0.737381   	0.0373311  	0.415842   	0.415981   	-0.85135   	0.310454   	0.317855   	0.558328   	0.655115   	0.504659   	0.420433   	0.436326   	-0.0385707 	-0.898472  	0.336653   	9.91347    	12.1186    	15.3347    	19.8992    	21.7956    	9.56735    	16.9786    	4.54867    	15.4493    	6.92377    	5.35595    	7.7041     	31.9963    	4.57681    	72.0532    	9.5781     	4.59935    	10.3434    	9.72972    	12.4827    	20.9681    	7.76019    	34.198     	12.0483    	7.36061    	8.40508    	13.5328    	8.71384    	18.951     	3.91093    	8.39099    	10.6382    	9.84889    	9.50241    	24.7387    	11.8582    	8.34496    	5.82957    	3.05886    	4.96864    	4.8715     	14.8655    	7.21027    	3.38834    	10.9841    	20.4269    	13.8024    	9.92615    	37.7842    	15.2432    	38.7371    	18.6035    	43.6198    	6.31353    	58.0717    	11.8242    	3.92759    	8.93497    	5.52666    	5.99864    	20.8962	71.211	63.7169	62.1554	16.0499	41.5739	25.4823	62.6172	27.6974	33.0497	23.0239	38.0429	81.2519	80.6247	15.5675	0.999997   	4.73041e-05	0.000225475	0.171433   	0.23671    	0.144088   	0.160161   	0.236698   	2.09526	
3.7e-10    	1          	0.10667    	0.268057   	0.954778   	0.318204   	0.770295   	0.613031   	-0.135767  	0.319424   	0.359105   	-0.664136  	-0.649589  	0.419865   	0.609855   	0.757855   	0.219291   	0.385018   	0.451702   	-0.379652  	-0.805861  	0.365991   	0.10185    	-0.556648  	0.817178   	0.274369   	0.764228   	0.387098   	-0.492961  	0.273969   	0.37902    	-0.771464  	-0.497206  	0.385263   	0.187145   	0.501295   	0.843244   	0.377338   	0.42371    	-0.541173  	-0.722091  	0.407733   	0.0790836  	-0.134868  	0.982011   	0.255385   	0.670824   	0.723511   	0.125524   	0.355878   	0.293977   	-0.898114  	0.324686   	0.281262   	0.480664   	0.702609   	0.522172   	0.393389   	0.471044   	-0.0869562 	-0.875908  	0.327792   	56.5538    	5.48399    	7.07988    	4.44073    	31.3683    	85.8047    	50.9283    	10.5942    	16.0789    	75.0102    	90.2802    	7.55873    	11.1946    	94.0609    	37.9207    	39.974     	65.1734    	4.15267    	26.7773    	56.1251    	59.2228    	82.9955    	3.55744    	35.7169    	90.3479    	85.1543    	46.8853    	5.28966    	31.5302    	131.572    	127.269    	31.6559    	26.9996    	7.20897    	18.5656    	6.70328    	67.0393    	33.0518    	75.4136    	49.1685    	28.6547    	65.551     	1.4934     	4.37339    	15.3828    	195.873    	82.02      	123.468    	12.831     	63.0439    	21.2084    	82.257     	18.4477    	18.1828    	24.6339    	10.4099    	38.5839    	16.8302    	1.65947    	12.9655    	128.764	89.2847	37.3054	26.1418	86.2726	86.4873	136.748	40.1379	78.5707	89.4958	69.1698	19.0774	26.6034	45.0673	63.7859	0.999996   	4.9977e-05 	0.000145689	0.142941   	0.250223   	0.139928   	0.161988   	0.250228   	1.9761	
3.8e-10    	0.8        	-0.0780793 	0.323069   	0.942377   	0.331487   	0.887586   	0.440244   	-0.119114  	0.2896     	0.291657   	-0.594251  	-0.74884   	0.391846   	0.607717   	0.695301   	0.381185   	0.329969   	0.473798   	-0.357474  	-0.804413  	0.405563   	-0.201322  	-0.358979  	0.908961   	0.236987   	0.875116   	0.168267   	-0.449836  	0.284909   	0.248262   	-0.739119  	-0.625038  	0.322362   	0.0207874  	0.510189   	0.859087   	0.372442   	0.418335   	-0.476746  	-0.772594  	0.420886   	-0.174981  	0.0742434  	0.980296   	0.264566   	0.749125   	0.624071   	0.21573    	0.292107   	0.0240611  	-0.878318  	0.471385   	0.205472   	0.411805   	0.705957   	0.574952   	0.362833   	0.518743   	-0.218595  	-0.824794  	0.353752   	8.77578    	9.14182    	5.42903    	3.49753    	8.39202    	35.9671    	4.45615    	5.1189     	7.92146    	14.7486    	5.20619    	8.07788    	7.83845    	29.8983    	6.27593    	17.8953    	10.3821    	4.30508    	3.13912    	4.64613    	6.87393    	25.6388    	2.8713     	4.83122    	13.2342    	17.2609    	8.73167    	4.06146    	4.5722     	19.5496    	5.21161    	11.4519    	16.0877    	6.89667    	9.8588     	11.4174    	9.49512    	9.71693    	5.50227    	7.01245    	8.58995    	15.7302    	4.06918    	3.43514    	5.92227    	34.3466    	3.17282    	13.8852    	13.0542    	56.4873    	4.22857    	43.8549    	14.0708    	13.3821    	16.8867    	20.358     	13.3978    	24.0954    	11.8562    	5.68358    	14.341	14.6969	16.3983	15.6168	22.3589	15.7846	18.4577	14.5174	16.0453	20.8846	16.683	13.6274	24.4725	26.3207	22.2779	0.999994   	3.8944e-06 	-7.23699e-05	0.114285   	0.261473   	0.142564   	0.154634   	0.261474   	1.94597	
3.9e-10    	0.6        	-0.281877  	0.33925    	0.895346   	0.32171    	0.918947   	0.344064   	-0.171846  	0.253741   	0.341175   	-0.562387  	-0.749103  	0.34555    	0.533342   	0.703542   	0.464103   	0.262023   	0.532838   	-0.339723  	-0.772816  	0.390037   	-0.402758  	-0.236609  	0.880209   	0.219879   	0.86517    	0.057941   	-0.494729  	0.286133   	0.198576   	-0.755894  	-0.619226  	0.245118   	-0.13806   	0.500519   	0.852535   	0.333623   	0.446592   	-0.449872  	-0.770795  	0.38603    	-0.360246  	0.140627   	0.92045    	0.270086   	0.789609   	0.576353   	0.194488   	0.239763   	-0.214116  	-0.864254  	0.448266   	0.159092   	0.215576   	0.721624   	0.65496    	0.293026   	0.640597   	-0.223949  	-0.730849  	0.34328    	27.4132    	17.9667    	16.4364    	13.207     	10.2583    	47.9046    	8.73459    	5.64416    	13.5604    	111.52     	11.6812    	46.0972    	9.71803    	92.7816    	7.39114    	65.3373    	22.623     	33.5604    	15.4279    	7.30525    	13.1113    	24.7321    	13.2902    	9.02449    	18.0783    	18.6708    	7.35289    	10.1883    	8.84288    	116.953    	39.9084    	124.626    	15.5363    	61.9341    	36.2415    	65.3597    	16.9582    	61.606     	10.0959    	14.7959    	19.4868    	8.63414    	6.86653    	5.95563    	6.67047    	51.2414    	6.11002    	17.469     	6.74838    	32.1854    	13.6357    	33.3601    	33.817     	88.8303    	23.229     	105.138    	37.0518    	20.553     	24.6179    	4.59558    	34.644	10.1784	25.8411	11.4568	14.2403	28.3613	16.7201	14.8729	30.9017	25.3746	32.5303	10.3628	18.2329	19.421	18.6859	0.999989   	-0.000210204	7.44228e-05	0.0855282  	0.264095   	0.143008   	0.149282   	0.264116   	2.00612	
4e-10      	0.4        	-0.521165  	0.194409   	0.827874   	0.295469   	0.929957   	0.267679   	-0.246571  	0.229495   	0.439592   	-0.45168   	-0.773428  	0.255868   	0.385488   	0.704539   	0.58867    	0.170947   	0.65514    	-0.20794   	-0.723677  	0.350529   	-0.58489   	-0.225634  	0.775956   	0.207343   	0.852361   	0.0843919  	-0.513017  	0.289188   	0.175105   	-0.802597  	-0.560241  	0.15107    	-0.403485  	0.340639   	0.846284   	0.270721   	0.566546   	-0.309263  	-0.761241  	0.326385   	-0.573002  	0.0379613  	0.815948   	0.266781   	0.820343   	0.541555   	0.161748   	0.17747    	-0.45311   	-0.756744  	0.458478   	0.135123   	-0.0932452 	0.596449   	0.793025   	0.210951   	0.740391   	-0.0874925 	-0.662664  	0.33342    	11.7377    	38.4058    	16.8576    	10.9166    	10.4511    	12.1196    	3.59803    	8.27186    	8.50544    	38.5843    	18.516     	28.7696    	14.9684    	21.2542    	32.2256    	38.8905    	7.97931    	38.0586    	26.9424    	14.3982    	8.26437    	19.0146    	5.87225    	7.33176    	16.0273    	22.6881    	5.85831    	11.6046    	15.1688    	17.7604    	25.4594    	27.5095    	9.90587    	41.9801    	30.5488    	37.0323    	9.01677    	42.2992    	24.3962    	23.9377    	9.85236    	26.729     	8.39056    	5.80925    	10.839     	15.6576    	11.0903    	7.78141    	15.991     	11.9102    	9.09262    	10.4791    	12.4877    	46.8566    	13.2412    	35.539     	21.3311    	36.8       	18.0461    	7.14681    	36.4844	15.1747	50.2193	32.2606	8.07677	29.7299	23.3474	35.2439	9.65634	27.7781	54.4159	15.7225	8.66993	34.5134	22.0739	0.999975   	-0.000370296	0.000262905	0.0569441  	0.243937   	0.144543   	0.153229   	0.243938   	1.90925	
4.1e-10    	0.2        	-0.643286  	0.0894201  	0.759701   	0.29289    	0.915157   	0.123564   	-0.366735  	0.237538   	0.332298   	-0.305785  	-0.881739  	0.160764   	0.543072   	0.454472   	0.648041   	0.111258   	0.683483   	-0.0980405 	-0.722467  	0.310542   	-0.753833  	-0.0912962 	0.64465    	0.239697   	0.841047   	0.0337188  	-0.537055  	0.302598   	-0.551087  	-0.599599  	-0.45761   	0.0874998  	-0.528283  	0.164093   	0.830757   	0.24486    	0.569174   	-0.176765  	-0.799877  	0.254368   	-0.700317  	0.0255531  	0.712165   	0.292066   	0.937444   	0.284246   	-0.0472241 	0.158099   	-0.801803  	-0.329663  	0.456585   	0.152741   	-0.234613  	0.340095   	0.902728   	0.160219   	0.761602   	-0.0378276 	-0.646095  	0.32285    	8.0987     	5.63575    	9.99552    	12.6715    	17.8067    	71.4218    	15.3354    	15.672     	36.4933    	81.6122    	39.733     	101.525    	26.946     	87.0056    	38.4669    	34.4425    	10.1754    	12.4527    	16.2453    	23.5553    	8.59125    	45.7665    	10.9825    	9.5608     	8.07595    	29.4013    	5.77872    	8.10045    	32.3954    	98.3135    	26.4882    	38.53      	17.0059    	31.9927    	21.5311    	42.4601    	19.8323    	49.1124    	23.5906    	53.2938    	4.8839     	13.05      	4.63556    	4.248      	18.9425    	89.3874    	17.3953    	6.52073    	16.9843    	86.5594    	18.5449    	5.99135    	23.2523    	65.9096    	35.5243    	80.6746    	4.62293    	7.08539    	7.95764    	5.59076    	12.717	9.28852	9.49942	24.3726	13.3193	12.9406	11.495	8.71589	8.52792	9.64737	13.7878	13.8711	8.47529	15.3298	13.793	0.9999     	-0.00061169	-0.00025412	0.0284511  	0.254472   	0.139149   	0.161494   	0.25445    	1.95742	
4.2e-10    	-0         	-0.77425   	-0.101073  	0.617349   	0.275811   	0.905342   	-0.000873222	-0.419603  	0.227241   	0.0605342  	0.321698   	-0.890002  	0.0888518  	0.617345   	-0.326144  	0.611182   	0.0730601  	0.736267   	0.127454   	-0.654021  	0.251791   	-0.877452  	-0.0190511 	0.474884   	0.258944   	0.852183   	0.0434874  	-0.51731   	0.280031   	-0.950252  	0.175369   	-0.0900542 	0.0973308  	-0.683758  	-0.156729  	0.69955    	0.217148   	0.599296   	0.186793   	-0.761     	0.176547   	-0.829183  	-0.0614958 	0.551064   	0.291456   	0.969985   	-0.0668388 	-0.189049  	0.141781   	-0.938748  	0.0340103  	0.330392   	0.18792    	-0.436286  	-0.242491  	0.839132   	0.131022   	0.80507    	0.0734934  	-0.583145  	0.290165   	15.3412    	66.49      	21.9832    	14.8055    	8.80307    	10.6441    	15.1035    	6.9103     	9.88545    	103.957    	13.8168    	24.9779    	8.73467    	84.1348    	10.9125    	12.487     	20.1294    	89.5305    	24.4912    	20.8654    	12.077     	5.34593    	24.9304    	7.01844    	18.0453    	11.0429    	21.6969    	8.3306     	7.38385    	60.0392    	7.26328    	7.88347    	18.9106    	97.8568    	18.5844    	22.5327    	13.843     	103.118    	16.7264    	24.6061    	16.286     	28.6717    	19.7534    	10.8307    	6.22145    	39.6767    	7.32951    	6.4828     	7.05129    	24.352     	11.4158    	5.95699    	11.0477    	102.09     	14.5903    	23.8002    	16.5295    	42.6356    	21.7104    	12.5883    	11.9999	11.9183	7.5635	8.27457	14.6071	10.2435	8.85042	10.5963	12.8173	11.4687	8.13308	12.0934	13.8644	9.16812	9.05478	0.00763909 	-0.00406801	-0.0174922 	0.000461965	0.253054   	0.146431   	0.161223   	0.164012   	1.9443	
