#----------------------------------------------------------------------------------------------------------------------------------------------------------
# Output file for vampire simulation
#   time       : 2025-05-29 19:03:45     process id : 515584
#   hostname   : thor4.psi.ch
#   path       : /scratch/dossan_f/Na2BaMn(PO4)2/vampire_tripleUC_15mat_J2Ja_small_k0.035_Jnn0.11_Ba_highstatistics
#   version    : 6.0.0
#   githash    : 4c9651daecc86c3e6b6df0c8055fcd9e89fd900c
#----------------------------------------------------------------------------------------------------------------------------------------------------------
2e-11      	8          	0.999565   	0.000444222	-0.00127337	0.950972   	0.999674   	0.000265618	0.00103242 	0.951016   	0.999481   	-0.00112345	0.000202753	0.950461   	0.999919   	0.00052713 	8.93468e-05	0.950905   	0.999414   	-0.000431831	0.00153313 	0.950781   	0.999422   	-9.94999e-05	-0.00155248	0.950811   	0.999547   	0.00011879 	0.00138249 	0.951046   	0.999474   	-0.000999804	-0.000870515	0.950502   	0.999719   	0.00062953 	-0.000892561	0.950962   	0.999472   	-0.00080075	0.00106972 	0.950593   	0.999446   	0.000225301	-0.0014864 	0.950904   	0.999827   	0.000447009	0.000601273	0.950959   	0.999432   	-0.000463316	-0.00128889	0.95061    	0.999867   	0.000591292	-0.000496746	0.950918   	0.999458   	-0.000157047	0.0014789  	0.950947   	52.955     	6.60754    	59.6169    	14.1331    	39.1785    	2.16369    	50.7219    	13.3884    	117.078    	15.4018    	0.706474   	74.8156    	30.621     	8.55005    	1.47241    	24.7445    	91.3701    	8.29387    	51.0185    	30.0539    	88.3817    	0.540238   	61.455     	27.2331    	50.3336    	0.504978   	74.4715    	11.1802    	114.624    	8.56096    	10.5729    	68.9622    	41.3853    	8.60101    	31.5289    	18.4824    	104.797    	13.4448    	16.7863    	53.6505    	73.1587    	2.50631    	72.6097    	17.8242    	31.7424    	5.69429    	19.2582    	18.9681    	105.618    	2.92898    	34.6511    	46.891     	32.7354    	10.3379    	7.09486    	22.8505    	67.4885    	2.73074    	75.6942    	15.245     	7057.36	3591.41	28653.5	2038.82	19195.8	17822.1	6204.43	27517.2	4216.13	24196.4	12949.4	2227.49	24073.4	2462.91	11260.9	1          	8.51938e-07	-9.11215e-06	0.950581   	986.149    	0.119794   	0.119627   	986.148    	161499	
3e-11      	7.8        	0.999996   	6.6647e-05 	4.48213e-05	0.947399   	0.999996   	8.68351e-06	-3.4476e-05	0.947394   	0.999996   	-4.49167e-05	-6.79097e-05	0.947398   	0.999996   	-2.15674e-05	3.6789e-05 	0.947403   	0.999996   	2.13686e-06	2.8194e-05 	0.947398   	0.999996   	7.52801e-05	-3.6125e-05	0.947386   	0.999996   	-5.05366e-06	9.30372e-05	0.947373   	0.999996   	-7.20724e-05	-0.000157053	0.947368   	0.999996   	4.55064e-05	8.81105e-05	0.947402   	0.999996   	0.00013883 	4.38489e-06	0.9474     	0.999996   	-8.1136e-05	8.13991e-05	0.947403   	0.999996   	-2.65585e-06	-0.000110163	0.947386   	0.999996   	2.17345e-05	8.26846e-05	0.947394   	0.999996   	-1.51914e-05	-2.86617e-05	0.947396   	0.999996   	-5.08798e-05	-2.1183e-05	0.947388   	0.0208588  	0.529707   	0.662617   	0.0208493  	0.0217881  	0.579615   	0.63888    	0.0217887  	0.022032   	0.568147   	0.612635   	0.0220318  	0.0210452  	0.543877   	0.622107   	0.0210432  	0.0221674  	0.52381    	0.627521   	0.0221665  	0.020924   	0.529822   	0.625018   	0.0209311  	0.020421   	0.502514   	0.654058   	0.020434   	0.0204811  	0.559505   	0.576431   	0.0204781  	0.0211484  	0.564269   	0.576706   	0.021167   	0.0204301  	0.568718   	0.593891   	0.0204276  	0.0215464  	0.550641   	0.667421   	0.0215412  	0.0206946  	0.572418   	0.627514   	0.0206932  	0.020272   	0.567391   	0.648615   	0.0202563  	0.0198606  	0.560671   	0.602569   	0.0198611  	0.0211757  	0.578355   	0.640368   	0.021167   	5.81173	6.28317	6.22121	5.79101	6.14009	5.77404	5.83618	5.85533	5.98662	5.78938	5.879	5.85507	5.72649	5.60308	5.9659	1          	4.35227e-06	2.52753e-07	0.947389   	0.030468   	0.123359   	0.127236   	0.0304683  	1.74356	
4e-11      	7.6        	0.999996   	-0.000103505	-2.64933e-05	0.942744   	0.999996   	9.37697e-05	0.000132899	0.942712   	0.999996   	-3.71415e-05	-0.000111326	0.942718   	0.999996   	-8.80934e-05	3.6643e-05 	0.942722   	0.999996   	0.000108211	-7.48003e-05	0.942725   	0.999996   	-5.5825e-05	5.07898e-05	0.942742   	0.999996   	2.99112e-05	-3.87409e-05	0.942711   	0.999996   	7.32136e-06	-0.00017579	0.942718   	0.999995   	-4.97194e-05	0.000200339	0.94274    	0.999996   	0.00016636 	-0.000164672	0.942717   	0.999996   	-0.000228403	0.000166931	0.942731   	0.999996   	7.80177e-05	2.51096e-05	0.942732   	0.999996   	-0.000197624	-8.81688e-05	0.942711   	0.999996   	0.000170554	0.000156485	0.942719   	0.999996   	4.84805e-05	-1.65687e-05	0.942723   	0.0242326  	0.589825   	0.686004   	0.0242255  	0.0263299  	0.599449   	0.623874   	0.0263466  	0.0237047  	0.629028   	0.702063   	0.0236841  	0.0245996  	0.568374   	0.744755   	0.0246203  	0.0250902  	0.634131   	0.72203    	0.0250871  	0.0237819  	0.590623   	0.707001   	0.0237742  	0.0254867  	0.668161   	0.746457   	0.0254566  	0.0240711  	0.628735   	0.773552   	0.0240552  	0.0267742  	0.642103   	0.789456   	0.0267556  	0.0250305  	0.567721   	0.77361    	0.0250245  	0.024562   	0.560877   	0.743725   	0.0245576  	0.0241336  	0.579137   	0.748253   	0.024122   	0.0254734  	0.603493   	0.738124   	0.0254529  	0.0248691  	0.609859   	0.712073   	0.0248667  	0.0260792  	0.647126   	0.705894   	0.0260552  	6.13303	6.8245	6.24962	6.22518	6.3657	6.19256	6.42979	6.03113	6.55665	6.21307	6.3144	6.07537	6.45743	6.35386	6.62142	1          	-3.84664e-06	4.84023e-06	0.94272    	0.0387465  	0.123674   	0.127689   	0.038747   	1.81478	
5e-11      	7.4        	0.999995   	3.45818e-06	6.04923e-05	0.937201   	0.999995   	-0.00022897	1.09103e-05	0.937204   	0.999995   	0.000221174	-9.07098e-05	0.937206   	0.999995   	-1.71708e-05	0.000155243	0.937198   	0.999995   	-2.25666e-05	-0.000121692	0.93722    	0.999995   	4.36489e-05	-5.30591e-07	0.937206   	0.999995   	0.000113465	-1.0178e-05	0.937193   	0.999995   	3.89818e-05	-5.07103e-05	0.937193   	0.999995   	-0.000107389	2.67325e-05	0.937205   	0.999995   	3.39068e-05	0.000143318	0.937188   	0.999995   	-3.5273e-05	-0.000144116	0.937226   	0.999995   	2.81642e-06	-1.34101e-05	0.93722    	0.999995   	8.3759e-05 	0.000261685	0.937217   	0.999995   	-2.25603e-05	-0.0002013 	0.937228   	0.999995   	-3.7728e-05	-7.10906e-05	0.937236   	0.0305071  	0.653862   	0.889918   	0.0305545  	0.0293032  	0.673944   	0.868077   	0.029306   	0.029814   	0.682663   	0.907981   	0.0298234  	0.0310156  	0.665712   	0.985672   	0.0310144  	0.0287908  	0.707399   	0.890855   	0.0287869  	0.0305142  	0.739064   	0.891415   	0.0305123  	0.0291935  	0.704742   	0.788127   	0.0292022  	0.0295133  	0.711845   	0.80025    	0.0295228  	0.030528   	0.702243   	0.864717   	0.0305325  	0.0278963  	0.74633    	0.836282   	0.0278861  	0.0320508  	0.73388    	0.855245   	0.0320626  	0.0302333  	0.722885   	0.855491   	0.0301937  	0.0298062  	0.676755   	0.906343   	0.0297948  	0.0295727  	0.680076   	0.889782   	0.0295597  	0.0305545  	0.636265   	0.813034   	0.0305556  	7.36741	6.87507	7.21362	7.29153	7.0544	7.15518	7.19351	7.02411	7.01752	6.65242	7.42646	7.0384	7.19168	7.10637	7.34308	1          	4.64046e-06	-3.03337e-06	0.937205   	0.0469668  	0.127693   	0.134481   	0.0469662  	1.73016	
6e-11      	7.2        	0.999994   	-1.77796e-05	-8.74896e-05	0.930641   	0.999994   	-0.000211849	-0.000169251	0.930634   	0.999994   	0.000241863	0.000240929	0.930639   	0.999994   	-4.71045e-05	-5.87748e-05	0.930646   	0.999994   	-2.64475e-05	-5.524e-05 	0.930624   	0.999993   	8.45332e-05	0.000135877	0.930671   	0.999994   	-0.000126243	-3.63188e-05	0.930639   	0.999994   	-8.8522e-05	-4.02631e-05	0.930636   	0.999993   	0.000189943	5.16226e-05	0.930629   	0.999994   	-5.18501e-05	0.000187254	0.930628   	0.999994   	-6.85609e-06	6.98009e-06	0.930608   	0.999994   	-6.97484e-06	-0.000185262	0.930652   	0.999994   	-4.40426e-05	0.000271526	0.930655   	0.999994   	9.34185e-06	-0.000290976	0.930628   	0.999994   	6.00211e-05	-3.19735e-05	0.930637   	0.0366678  	0.782773   	1.08085    	0.036685   	0.0374796  	0.797723   	1.2063     	0.0374916  	0.037718   	0.759082   	1.0382     	0.0377011  	0.0372819  	0.857649   	0.999781   	0.0372967  	0.0370975  	0.820345   	1.09639    	0.037112   	0.037372   	0.867049   	1.18566    	0.037369   	0.0360785  	0.874729   	1.0996     	0.0360822  	0.0355136  	0.871833   	1.03322    	0.0355339  	0.0367616  	0.806399   	1.20702    	0.036726   	0.038894   	0.790144   	0.998214   	0.0388653  	0.0361636  	0.763688   	1.0253     	0.0361796  	0.0379542  	0.820949   	0.998833   	0.037941   	0.0383371  	0.751635   	1.14655    	0.0382966  	0.0370566  	0.72927    	1.11723    	0.037114   	0.0353798  	0.809814   	1.14737    	0.0353998  	7.90211	8.05001	8.0614	8.13608	8.05389	7.85993	7.68543	7.81092	7.80148	8.17403	7.79801	7.94042	7.96372	7.87519	7.52612	1          	-2.80754e-06	-4.06969e-06	0.930632   	0.0645153  	0.132219   	0.13087    	0.0645153  	1.82487	
7e-11      	7          	0.999993   	0.000141481	0.000113211	0.922715   	0.999993   	-0.000306305	0.000231184	0.922718   	0.999993   	0.000198856	-0.000323037	0.922738   	0.999993   	7.09945e-05	-0.00011937	0.922725   	0.999992   	0.000228836	0.000299689	0.922756   	0.999992   	-0.000293785	-0.000171612	0.922724   	0.999992   	0.000211606	0.000278361	0.922722   	0.999993   	1.49673e-05	2.35006e-05	0.922746   	0.999993   	-0.000278512	-0.000295019	0.922725   	0.999993   	-0.000200202	-4.42342e-05	0.922738   	0.999992   	4.59069e-05	-5.70472e-05	0.92273    	0.999993   	0.00016099 	0.000107132	0.922708   	0.999993   	7.8814e-05 	-4.01942e-05	0.922701   	0.999993   	4.9818e-05 	2.31827e-06	0.922727   	0.999993   	-0.000153789	9.37101e-05	0.922739   	0.0480206  	0.943959   	1.24136    	0.0480131  	0.0469798  	0.901426   	1.17712    	0.0470243  	0.0486172  	1.01326    	1.21517    	0.0486449  	0.0483032  	0.876739   	1.23183    	0.0482586  	0.0437416  	0.855505   	1.49705    	0.04366    	0.0453912  	0.968531   	1.45028    	0.0453756  	0.0477533  	1.01767    	1.26471    	0.0477169  	0.0474932  	0.933627   	1.28843    	0.0474881  	0.0475407  	0.992689   	1.22512    	0.0475545  	0.044503   	0.95634    	1.2714     	0.0444869  	0.0469793  	1.01331    	1.28221    	0.046965   	0.0462364  	0.904834   	1.31036    	0.0462806  	0.0473795  	0.935462   	1.23148    	0.0473333  	0.0454439  	0.955907   	1.31943    	0.0454293  	0.0443608  	0.940891   	1.22181    	0.0443642  	9.066	9.22578	9.0648	9.39782	8.51291	8.44655	8.97	9.16373	9.07502	8.75743	9.19819	9.12424	9.13528	8.71609	8.73872	1          	-2.00735e-06	6.60249e-06	0.922721   	0.0863784  	0.12716    	0.134302   	0.0863785  	1.80693	
8e-11      	6.8        	0.999991   	0.000243922	0.000103896	0.913123   	0.999989   	-0.000170617	-0.000304078	0.913113   	0.99999    	-8.1748e-05	0.000200471	0.91311    	0.99999    	-0.000109927	-0.000151386	0.91312    	0.999989   	0.000153032	9.35413e-05	0.913167   	0.99999    	-6.59323e-05	6.89377e-05	0.913115   	0.99999    	4.32117e-05	0.000156377	0.913113   	0.99999    	-2.30009e-05	-0.000274146	0.913088   	0.99999    	-2.2095e-05	0.000138201	0.913114   	0.99999    	-2.05855e-05	0.00038541 	0.91312    	0.999989   	-1.57542e-05	-5.11847e-05	0.913102   	0.99999    	7.5404e-06 	-0.000338252	0.913117   	0.999991   	6.2363e-05 	-8.20135e-06	0.913098   	0.99999    	-5.26148e-05	-0.000558243	0.913068   	0.99999    	-5.01064e-06	0.000529136	0.913097   	0.0577779  	1.14206    	1.62926    	0.0577551  	0.0559049  	1.09604    	2.05465    	0.0558669  	0.0618717  	1.2007     	1.81034    	0.0619165  	0.0603202  	1.17511    	1.84153    	0.0603386  	0.0609512  	1.23986    	1.92087    	0.0609084  	0.0577233  	1.18104    	1.81634    	0.0577669  	0.0608335  	1.22713    	1.88088    	0.0608789  	0.0569786  	1.14498    	1.92002    	0.0569747  	0.057483   	1.19303    	1.6877     	0.0574703  	0.0577788  	1.10135    	1.77051    	0.0577413  	0.0591585  	1.21218    	2.09774    	0.0590906  	0.0583853  	1.22884    	1.8077     	0.0583317  	0.059439   	1.18426    	1.63937    	0.0594545  	0.0566557  	1.32825    	1.67443    	0.0566545  	0.0579258  	1.23341    	1.63216    	0.0578693  	10.0291	10.0767	10.8952	9.9859	9.61204	10.1136	10.5935	10.114	10.0632	9.95732	10.3187	9.9049	9.78403	10.1989	10.3461	1          	-3.85171e-06	-6.264e-07 	0.913102   	0.113173   	0.136075   	0.139963   	0.113173   	1.76198	
9e-11      	6.6        	0.999985   	5.4021e-05 	-0.00019581	0.901376   	0.999986   	0.000266576	1.29457e-05	0.901335   	0.999986   	-0.000299752	0.000205044	0.901369   	0.999985   	0.000413664	-0.000111931	0.901359   	0.999985   	-0.000125551	0.000131201	0.901359   	0.999987   	-0.000282683	2.5152e-05 	0.901347   	0.999985   	0.000329047	-0.000351707	0.901346   	0.999987   	-0.000670088	0.000352973	0.901353   	0.999985   	0.000373385	-2.80199e-05	0.90136    	0.999986   	-2.18135e-05	0.000738272	0.901398   	0.999987   	-8.65229e-05	-0.000199602	0.901362   	0.999987   	0.000109766	-0.000545108	0.901329   	0.999987   	-0.000427413	-0.000337624	0.90135    	0.999985   	4.58686e-05	5.0544e-05 	0.901371   	0.999985   	0.000379714	0.000314285	0.901322   	0.0746749  	1.55899    	2.67866    	0.0750292  	0.0737158  	1.67235    	2.44963    	0.0736356  	0.0758457  	1.49307    	2.66439    	0.0757114  	0.0735665  	1.6963     	2.76982    	0.0736945  	0.0760267  	1.58113    	2.67012    	0.0759321  	0.0724848  	1.63639    	2.27807    	0.0726067  	0.0743382  	1.57084    	2.71315    	0.0743582  	0.0777193  	1.43584    	2.3664     	0.0776548  	0.0763659  	1.54583    	2.84944    	0.0763208  	0.0790564  	1.53206    	2.37957    	0.0790232  	0.0751662  	1.35007    	2.43336    	0.0751086  	0.0777064  	1.3706     	2.28073    	0.0777178  	0.077108   	1.45979    	2.19528    	0.0771257  	0.0770535  	1.50388    	2.89259    	0.0771514  	0.0760131  	1.48858    	2.73711    	0.0759415  	11.4276	11.1273	11.7287	11.2478	12.3186	11.4881	11.4599	12.0622	11.8149	11.9957	11.5275	12.4283	11.497	12.1277	11.92	1          	3.9011e-06 	4.04022e-06	0.901343   	0.150406   	0.140804   	0.138987   	0.150405   	1.58795	
1e-10      	6.4        	0.999979   	0.000421289	0.000540768	0.88694    	0.999978   	-0.000385659	0.000479025	0.886886   	0.999981   	-3.28926e-05	-0.00103187	0.886977   	0.999978   	0.000444295	-2.01244e-05	0.886935   	0.999979   	-0.000535998	0.000777147	0.886901   	0.999978   	0.000121123	-0.000740387	0.886863   	0.999978   	0.000339808	0.00065943 	0.886874   	0.999975   	-0.000221028	-0.000648331	0.886915   	0.999974   	-0.000136519	-1.88722e-05	0.886916   	0.999981   	0.000163419	0.000118761	0.886913   	0.999978   	-0.000164165	0.000145078	0.886894   	0.999979   	2.40779e-05	-0.000315048	0.8869     	0.99998    	0.000392937	0.000757727	0.886913   	0.99998    	3.62967e-05	-0.000166544	0.886952   	0.999981   	-0.000417847	-0.000539047	0.886947   	0.108579   	2.01277    	3.79066    	0.108156   	0.0999808  	2.10857    	4.07856    	0.100035   	0.105921   	1.79027    	3.45303    	0.10571    	0.10407    	1.76238    	4.48513    	0.10407    	0.102827   	1.92215    	4.00595    	0.102507   	0.10651    	2.0925     	4.12764    	0.106077   	0.109098   	1.76237    	4.34246    	0.109125   	0.110057   	1.8845     	5.12222    	0.11021    	0.109394   	1.84427    	5.43953    	0.109157   	0.106694   	1.76372    	3.48367    	0.106789   	0.103323   	1.93942    	4.13226    	0.103318   	0.108789   	1.76059    	4.16851    	0.108348   	0.1041     	1.92244    	3.63866    	0.104      	0.108639   	1.86931    	3.66334    	0.108405   	0.0978454  	1.66835    	3.67244    	0.0977801  	15.1032	14.1362	14.2358	14.4875	14.0982	14.2066	14.99	14.6244	14.931	14.5193	14.5582	14.8144	13.7037	14.4881	13.7548	1          	3.1788e-06 	-1.75477e-07	0.886896   	0.219499   	0.140314   	0.139711   	0.219501   	1.51397	
1.1e-10    	6.2        	0.999961   	0.000126224	0.00133921 	0.869027   	0.999946   	-0.000395855	-0.00308565	0.868928   	0.99996    	0.000257696	0.0017225  	0.869045   	0.999965   	-0.000129647	0.000337925	0.868974   	0.99996    	0.000171747	7.07121e-05	0.869044   	0.99995    	-4.92124e-05	-0.000403507	0.868933   	0.999954   	-0.000446481	0.000968999	0.868944   	0.999957   	0.000569172	-0.00144351	0.868995   	0.999964   	-0.000119529	0.000489653	0.86905    	0.99996    	-0.00068894	0.000874176	0.868998   	0.999948   	0.000601099	-0.0021405 	0.868863   	0.999959   	6.83905e-05	0.00130418 	0.869012   	0.999943   	-0.000468776	0.00173636 	0.869004   	0.999962   	0.000684129	-0.00223355	0.869101   	0.999954   	-0.000228358	0.000512588	0.868841   	0.159872   	2.50752    	7.87214    	0.159206   	0.160886   	2.29597    	11.0874    	0.160521   	0.160617   	2.82973    	7.56864    	0.160785   	0.157777   	2.29519    	7.13989    	0.157007   	0.150716   	2.08195    	8.7818     	0.150692   	0.153562   	2.31503    	11.221     	0.152686   	0.161621   	2.12727    	10.1759    	0.161314   	0.153678   	2.2768     	8.95811    	0.15345    	0.155255   	2.52867    	7.26135    	0.155219   	0.154503   	2.40211    	8.12067    	0.154741   	0.150233   	2.46249    	10.8287    	0.15092    	0.151744   	2.72419    	8.11251    	0.151248   	0.154107   	2.59061    	12.3702    	0.152872   	0.172829   	2.49876    	7.09329    	0.172762   	0.15251    	2.68984    	9.61932    	0.152421   	19.4057	18.925	17.8661	18.6487	18.7383	18.2484	18.9673	18.1646	19.5879	18.3783	17.7616	17.5211	17.919	20.8346	19.0771	1          	-3.21807e-06	3.21832e-06	0.868946   	0.346765   	0.137628   	0.143415   	0.346764   	1.58915	
1.2e-10    	6          	0.998802   	0.000227673	-0.0274616 	0.842818   	0.998989   	-0.000207678	0.0330042  	0.8443     	0.999869   	-3.00244e-05	-0.00571011	0.842883   	0.999873   	4.00622e-05	0.0119568  	0.843269   	0.999032   	0.000208566	0.0210815  	0.842397   	0.998805   	-0.000248298	-0.0328958 	0.844363   	0.998536   	7.0018e-06 	0.0368979  	0.844218   	0.999699   	0.000322221	-0.0201068 	0.843869   	0.999354   	-0.000288266	-0.0168234 	0.842134   	0.999565   	-0.00027263	0.00962713 	0.842269   	0.998451   	3.90752e-05	-0.0364821 	0.843804   	0.999477   	0.000210292	0.0267962  	0.844254   	0.999204   	0.000135517	-0.0322242 	0.844253   	0.999729   	0.000609518	-0.00171079	0.842612   	0.998505   	-0.000705031	0.0340673  	0.843513   	1.15789    	2.56952    	205.817    	0.720689   	0.627836   	2.61483    	116.318    	0.454949   	0.588075   	2.41581    	26.7965    	0.57295    	0.598216   	3.3118     	10.9567    	0.597469   	1.175      	2.89834    	186.428    	0.868094   	0.815868   	3.39558    	163.196    	0.472045   	1.16102    	2.94468    	196.227    	0.581644   	0.569188   	2.51004    	22.568     	0.567241   	0.864975   	2.93825    	125.168    	0.785402   	0.659729   	2.96107    	95.7455    	0.651809   	1.28322    	3.26008    	221.184    	0.662753   	0.600191   	3.39958    	38.3889    	0.547608   	0.500837   	3.27637    	67.2093    	0.420901   	0.673459   	3.30955    	65.0487    	0.654201   	1.47879    	2.77852    	229.45     	0.789128   	37.6464	37.383	72.5845	85.6046	33.6173	45.2607	53.6319	78.329	35.9194	52.1118	52.5574	55.7327	57.4391	62.3735	55.7482	1          	2.92724e-06	2.16737e-07	0.842716   	5.45506    	0.13738    	0.142155   	5.45506    	89.4966	
1.3e-10    	5.8        	0.987919   	0.000149047	-0.15453   	0.817525   	0.989634   	-5.77945e-05	0.142901   	0.812786   	0.999858   	-0.000122096	0.0121285  	0.820121   	0.999677   	-0.000413348	0.021565   	0.818878   	0.990717   	-0.00018929	0.135532   	0.819263   	0.987321   	0.000591666	-0.158136  	0.812091   	0.985723   	-0.00111858	0.167954   	0.812216   	0.998285   	0.00123995 	-0.0568433 	0.816928   	0.99388    	-0.000168115	-0.10985   	0.82086    	0.996631   	0.000388712	0.0813396  	0.821196   	0.985243   	0.000382406	-0.17079   	0.813891   	0.995979   	-0.000747001	0.0887671  	0.815014   	0.992876   	0.000353107	-0.118519  	0.813589   	0.998769   	0.00076729 	-0.0481308 	0.820867   	0.985927   	-0.00111549	0.166733   	0.815758   	1.21899    	2.6944     	13.2659    	0.91242    	2.69358    	2.3265     	22.7842    	3.54573    	1.58026    	2.6143     	13.9283    	1.61844    	0.894064   	3.12547    	18.6309    	0.859026   	1.41704    	2.59376    	10.7736    	1.35812    	2.5237     	2.76974    	20.5761    	3.31502    	2.55808    	2.80235    	13.832     	2.64272    	1.00391    	2.8705     	20.399     	1.01887    	2.05543    	3.27501    	13.3724    	2.32037    	2.42927    	2.87764    	10.4688    	2.53094    	1.45458    	2.52927    	12.4628    	1.29118    	1.66598    	2.89468    	14.6958    	1.81124    	2.72063    	2.58865    	15.3231    	2.74888    	2.46361    	2.48688    	14.723     	2.47261    	0.97971    	2.50451    	14.7794    	0.638095   	88.4849	189.095	152.195	83.107	136.787	159.783	165.966	89.8998	189.061	216.256	90.3659	130.847	191.24	237.191	56.5575	1          	-3.00644e-06	5.68912e-06	0.810668   	1.89225    	0.139257   	0.140449   	1.89225    	27.8386	
1.4e-10    	5.6        	0.984309   	-0.000248737	-0.176075  	0.794834   	0.986484   	-0.000162846	0.163504   	0.775743   	0.999829   	0.000400359	0.0158062  	0.796609   	0.999579   	0.000300736	0.0274963  	0.790664   	0.988305   	-0.000322004	0.152074   	0.799985   	0.982946   	3.86507e-05	-0.183607  	0.776453   	0.980849   	-0.00050357	0.19442    	0.780008   	0.997448   	0.000195255	-0.0707157 	0.784617   	0.992597   	0.000286792	-0.120981  	0.802511   	0.996169   	-0.000468171	0.0866129  	0.802048   	0.980767   	0.000700927	-0.194813  	0.784836   	0.994118   	-0.000210521	0.107725   	0.780018   	0.990432   	-0.000332851	-0.13758   	0.776957   	0.998529   	-0.000210637	-0.0529972 	0.800245   	0.981907   	0.000511006	0.189      	0.789888   	3.03425    	3.10314    	11.2687    	2.19996    	2.78424    	2.80596    	10.4555    	3.48859    	1.09119    	2.96621    	7.45953    	1.0866     	1.72418    	2.37263    	7.12696    	1.69243    	4.29537    	2.65197    	10.8397    	3.37604    	1.72527    	2.35384    	9.58743    	2.31168    	1.03567    	2.80363    	11.9823    	1.06188    	3.50815    	3.22793    	7.41238    	3.54895    	3.55519    	2.99628    	9.89482    	3.16871    	1.30134    	3.31393    	13.2343    	1.09309    	1.35698    	3.06774    	12.2309    	0.926098   	3.86026    	2.35647    	11.2114    	3.94248    	2.82424    	2.90357    	10.0678    	3.28281    	0.536037   	2.44046    	12.6621    	0.529999   	2.53855    	2.72601    	11.8844    	1.76612    	225.82	201.535	89.9121	139.074	313.852	129.212	84.6065	260.748	261.487	106.802	108.765	274.42	207.56	50.7773	189.731	1          	-5.73715e-07	-3.79189e-06	0.78139    	0.851394   	0.143939   	0.143428   	0.85139    	8.14164	
1.5e-10    	5.4        	0.980695   	0.000101292	-0.19494   	0.766749   	0.980072   	-0.000217704	0.198262   	0.752655   	0.999831   	0.00010803 	-0.000628273	0.769383   	0.998706   	-0.000285219	0.0478432  	0.765929   	0.985834   	-0.00011642	0.166765   	0.769794   	0.97596    	0.000319477	-0.217736  	0.753191   	0.974196   	0.000433069	0.225531   	0.754326   	0.995659   	-0.000439955	-0.0919953 	0.762306   	0.991276   	2.72974e-05	-0.13083   	0.771805   	0.995623   	0.000212545	0.091887   	0.77297    	0.974233   	-0.000563581	-0.225251  	0.757667   	0.991154   	0.000395892	0.132147   	0.757837   	0.985228   	-0.00128855	-0.170693  	0.755003   	0.998663   	0.000373825	-0.0479645 	0.771897   	0.975901   	0.000916509	0.217748   	0.762437   	1.52837    	3.20504    	22.9866    	2.79611    	3.98178    	3.02607    	12.8987    	4.52288    	2.62594    	3.23005    	32.7162    	2.65417    	1.25702    	2.8401     	28.2369    	1.08222    	2.40769    	2.75261    	34.1819    	5.15824    	4.19344    	2.58063    	6.65262    	3.96495    	2.32364    	2.82235    	4.67212    	1.83198    	1.3205     	2.64584    	18.63      	1.71925    	4.51333    	2.4967     	27.0981    	6.90266    	4.15273    	2.2305     	30.5824    	5.74119    	1.23838    	2.58607    	10.8351    	1.08188    	2.31948    	2.5002     	13.7011    	2.95054    	2.76226    	2.54375    	17.0567    	3.21271    	3.00868    	2.54354    	37.8565    	3.75852    	1.04795    	2.27509    	18.9265    	1.1876     	114.001	268.776	192.12	92.1587	170.478	290.219	163.135	97.12	315.83	283.864	88.4671	169.994	197.781	208.441	76.4751	1          	-5.7939e-07	-4.3175e-06	0.752952   	0.606173   	0.139787   	0.144795   	0.606174   	4.86446	
1.6e-10    	5.2        	0.973012   	-0.000533544	-0.230288  	0.738801   	0.973604   	0.000882545	0.227992   	0.725069   	0.999894   	-0.00027954	0.00589941 	0.75026    	0.998808   	6.56081e-05	0.0471303  	0.746491   	0.980202   	-4.27423e-05	0.197335   	0.744327   	0.968213   	4.92273e-06	-0.249756  	0.722909   	0.964525   	-0.000194027	0.263694   	0.723665   	0.994881   	-0.000634172	-0.100301  	0.741665   	0.987314   	0.000857607	-0.158061  	0.748628   	0.993696   	0.000162732	0.110931   	0.751647   	0.964216   	-0.000335222	-0.264746  	0.72649    	0.988588   	0.000205637	0.150162   	0.736009   	0.980755   	-0.000157775	-0.194907  	0.729147   	0.998147   	0.00072054 	-0.0592212 	0.753091   	0.967121   	-0.000565995	0.25387    	0.732266   	1.20388    	3.10158    	18.465     	1.71828    	4.84811    	2.93728    	6.71513    	3.74849    	5.37538    	3.02485    	14.7549    	5.40774    	2.80569    	2.75122    	13.1211    	2.51887    	1.9508     	2.84474    	24.8444    	3.48948    	5.33047    	2.75909    	12.1567    	2.91845    	4.98531    	2.63364    	9.89944    	2.84266    	2.04411    	2.98174    	11.6147    	1.75356    	2.34405    	2.61095    	21.4981    	3.75553    	3.45967    	2.8963     	25.093     	4.99847    	4.3537     	2.69491    	13.4975    	2.028      	1.38859    	2.8757     	11.2436    	1.35415    	1.88445    	2.81034    	9.40977    	1.60455    	5.38122    	2.74536    	17.7745    	6.11987    	3.46502    	2.93171    	17.3483    	1.87965    	80.6643	314.169	350.002	184.529	136.276	337.678	306.463	141.552	157.861	230.013	270.996	97.0526	126.497	353.436	217.446	1          	1.19323e-05	-1.75098e-06	0.725006   	0.49337    	0.139583   	0.140323   	0.493373   	3.52842	
1.7e-10    	5          	0.952675   	0.000398564	-0.303724  	0.710695   	0.964339   	-3.18038e-05	0.264487   	0.699602   	0.999016   	-0.000345529	0.0420461  	0.741103   	0.999701   	4.72174e-05	0.0200806  	0.735256   	0.96267    	0.000300504	0.27035    	0.7213     	0.953876   	-0.000278744	-0.30008   	0.694824   	0.946929   	0.00107449 	0.321292   	0.694545   	0.996076   	-0.00057515	-0.0870023 	0.726235   	0.974787   	-0.000441031	-0.22252   	0.729568   	0.985869   	0.000122475	0.166599   	0.735838   	0.943327   	-0.00030794	-0.331731  	0.696822   	0.987793   	0.000235336	0.154969   	0.71817    	0.976348   	0.00110854 	-0.21587   	0.708758   	0.994434   	-0.00117352	-0.104277  	0.741187   	0.945468   	0.000164083	0.325528   	0.701393   	8.68074    	2.58118    	8.83934    	5.43109    	5.97093    	2.32442    	5.56823    	5.32411    	1.55158    	2.56616    	17.0897    	1.64737    	5.56392    	3.03224    	15.377     	5.25267    	9.18522    	2.83       	10.013     	5.46855    	1.58119    	2.75091    	3.35675    	1.38291    	1.57186    	3.29238    	4.86843    	1.44717    	10.5032    	3.21746    	19.5851    	8.52816    	8.68133    	2.60758    	19.3906    	4.32923    	4.23585    	2.81775    	25.013     	2.2548     	2.77006    	2.7168     	4.25462    	2.03341    	10.6745    	2.70327    	17.236     	7.56658    	8.35746    	2.64643    	8.38454    	6.47093    	1.84112    	2.83756    	19.1738    	1.61393    	5.66924    	2.58665    	5.80948    	3.32853    	495.232	344.072	102.823	337.068	530.366	96.0252	102.669	618.752	519.705	255.902	168.35	626.987	481.762	124.451	323.824	1          	1.31732e-05	-7.27277e-07	0.697398   	0.415407   	0.141209   	0.143804   	0.415405   	2.67536	
1.8e-10    	4.8        	0.943089   	-0.000559799	-0.332342  	0.684102   	0.95235    	0.000164259	0.304736   	0.681935   	0.999537   	0.000322184	0.0271712  	0.715765   	0.999134   	-0.00024431	0.0398509  	0.712038   	0.955657   	-0.000717141	0.294243   	0.692572   	0.939973   	0.000943433	-0.341064  	0.677336   	0.931129   	0.000340049	0.364492   	0.673496   	0.993819   	4.38935e-06	-0.110312  	0.705166   	0.970331   	-0.000278348	-0.241504  	0.702976   	0.984402   	0.000554959	0.175619   	0.71048    	0.928623   	1.57658e-05	-0.37088   	0.675032   	0.982789   	-0.00062864	0.184348   	0.695844   	0.968349   	0.000594946	-0.249229  	0.688271   	0.994609   	-0.000131833	-0.102874  	0.713869   	0.933512   	-0.000460412	0.358429   	0.678743   	3.83958    	2.80019    	7.45464    	3.12512    	4.55185    	2.81097    	12.2201    	5.77687    	3.25411    	3.27096    	14.1184    	3.48979    	1.88188    	2.74851    	10.2655    	1.82404    	4.61131    	2.80165    	7.89685    	3.29793    	4.50225    	2.79851    	9.78403    	6.85085    	1.64581    	3.02505    	10.6191    	3.59835    	1.46881    	2.95628    	10.8868    	1.56323    	2.99832    	2.76187    	8.63117    	2.54334    	3.82648    	3.09404    	7.30842    	4.33158    	2.3104     	3.23789    	5.46364    	2.33146    	2.90787    	2.802      	10.0773    	3.51641    	3.61851    	3.44222    	13.251     	4.55169    	3.33891    	2.90602    	13.4016    	4.25583    	3.22073    	2.47565    	4.02576    	2.84865    	218.358	251.21	190.102	113.422	251.841	250.217	94.9376	94.9503	163.751	216.969	131.86	168.658	202.746	189.272	182.768	1          	-7.33623e-06	-2.83932e-06	0.670016   	0.389353   	0.134778   	0.145751   	0.389353   	2.40478	
1.9e-10    	4.6        	0.944894   	5.53875e-05	-0.326133  	0.647729   	0.956646   	0.00110832 	0.289767   	0.654497   	0.999425   	-0.00113218	0.0308636  	0.690672   	0.999387   	0.000361681	0.031897   	0.691792   	0.956184   	5.52379e-05	0.291938   	0.654683   	0.944538   	-0.000461099	-0.327149  	0.646904   	0.936416   	0.000751625	0.349738   	0.639767   	0.995721   	-0.00040904	-0.0904718 	0.687464   	0.969048   	-0.000337591	-0.246319  	0.665408   	0.983016   	0.000391589	0.183044   	0.678824   	0.930645   	-0.000560408	-0.36492   	0.637176   	0.986316   	0.000132277	0.163317   	0.677646   	0.971013   	-0.000289782	-0.237577  	0.663864   	0.99451    	0.000263719	-0.103775  	0.687799   	0.934485   	-1.40922e-05	0.354838   	0.642034   	4.0139     	3.11607    	57.8267    	3.87149    	5.94949    	3.39732    	59.7819    	2.89296    	10.7876    	2.68367    	14.0555    	10.8346    	7.73898    	2.18149    	15.4992    	7.7131     	3.41614    	2.44724    	36.8652    	5.62584    	6.6632     	2.78253    	54.5296    	2.6238     	8.2909     	2.46871    	51.1589    	2.88103    	6.28218    	3.51116    	26.8893    	6.78429    	4.70995    	2.93018    	21.3148    	7.27309    	5.94946    	2.6875     	12.6691    	6.95578    	5.69124    	2.7512     	46.7504    	1.95606    	2.70734    	2.77377    	38.8041    	2.55385    	4.86782    	2.87309    	50.0849    	3.15652    	7.42967    	2.68987    	12.8234    	7.67459    	6.27119    	2.94133    	56.4626    	4.65997    	210.683	295.951	541.176	381.099	172.106	321.498	393.402	312.906	227.296	294.219	270.858	145.652	247.815	375.926	311.449	1          	-8.88075e-06	6.30247e-06	0.642826   	0.345017   	0.137791   	0.152168   	0.345018   	2.18395	
2e-10      	4.4        	0.955098   	-0.00118152	-0.29488   	0.605139   	0.970598   	0.000168158	0.240341   	0.622395   	0.99876    	0.000885843	0.0443152  	0.666094   	0.999773   	-0.000559295	0.00888056 	0.670256   	0.962993   	0.000434462	0.267952   	0.616408   	0.959626   	0.000114731	-0.280682  	0.608091   	0.951377   	-0.000698102	0.307511   	0.600713   	0.998293   	0.00153553 	-0.056715  	0.662531   	0.971875   	-0.000885088	-0.234384  	0.632021   	0.982464   	0.00197182 	0.185244   	0.644975   	0.9462     	-0.000550373	-0.323008  	0.598747   	0.993189   	-0.00149339	0.115787   	0.65151    	0.983491   	-7.26198e-05	-0.18049   	0.637305   	0.992827   	0.000203309	-0.117896  	0.655907   	0.948123   	-0.000104588	0.317182   	0.600637   	4.50692    	3.21336    	48.5193    	1.68302    	5.36025    	3.09262    	10.5323    	6.84932    	2.59714    	2.85691    	38.1262    	2.84048    	3.84957    	3.51234    	26.5199    	3.79265    	4.67322    	2.87765    	52.7554    	2.79468    	4.62828    	2.76439    	20.1316    	5.22923    	5.81073    	3.0688     	20.5315    	8.82672    	3.62223    	3.50268    	11.7169    	3.69679    	5.37347    	3.37546    	32.1686    	3.5769     	6.66742    	3.28163    	26.775     	3.65335    	3.41645    	3.14707    	22.1973    	4.9028     	5.79156    	3.42662    	9.36767    	5.92329    	7.09984    	3.72572    	8.28119    	6.8234     	3.65816    	3.28747    	26.4969    	3.00038    	3.15792    	3.07228    	25.4966    	2.18997    	205.082	245.671	133.037	187.454	204.841	208.143	266.806	168.64	240.027	312.282	167.179	260.257	313.162	171.45	146.455	1          	-2.51263e-06	-2.12139e-05	0.61576    	0.335764   	0.140592   	0.145894   	0.335762   	2.10764	
2.1e-10    	4.2        	0.965773   	0.000129645	-0.259056  	0.580666   	0.971665   	0.000962614	0.235288   	0.574208   	0.999435   	-0.000942229	0.0251928  	0.647979   	0.999803   	-9.9676e-05	0.014523   	0.641469   	0.970841   	0.00071976 	0.239344   	0.603294   	0.961398   	-0.000582459	-0.274596  	0.560978   	0.955174   	0.000157665	0.295638   	0.562758   	0.998555   	0.000958479	-0.0517182 	0.626877   	0.975871   	-0.00108441	-0.218032  	0.617513   	0.986077   	0.000412198	0.164634   	0.627471   	0.953415   	-0.000556141	-0.301426  	0.562513   	0.993485   	1.63369e-05	0.111253   	0.615231   	0.983012   	-0.00151314	-0.18076   	0.595384   	0.995458   	0.00085725 	-0.0886681 	0.639643   	0.958128   	0.000575562	0.285945   	0.568117   	3.82771    	3.09117    	6.69492    	3.16271    	5.46091    	3.19183    	25.8669    	4.68188    	2.2578     	4.09928    	33.0131    	2.15096    	2.74845    	3.69839    	9.81782    	2.79762    	3.90772    	3.41505    	8.04835    	3.54655    	3.99883    	3.21756    	15.4741    	5.20046    	4.9132     	3.83088    	9.55831    	4.67274    	4.11563    	2.81813    	12.4402    	4.4176     	3.59964    	3.30513    	6.24127    	3.76515    	4.16685    	3.43354    	34.1403    	3.12113    	5.12379    	2.82319    	4.52948    	4.42842    	2.77085    	2.75546    	39.6931    	3.75657    	7.0011     	3.58658    	58.1781    	4.50762    	5.69608    	3.38159    	83.1999    	4.25046    	3.04665    	3.18682    	9.33406    	2.50301    	166.462	222.154	105.517	123.159	168.655	169.644	208.345	177.493	161.19	170.094	212.456	123.425	293.278	241.838	136.389	1          	1.64565e-06	3.96437e-05	0.588761   	0.325006   	0.146952   	0.144807   	0.325007   	2.02004	
2.2e-10    	4          	0.962302   	0.000529945	-0.271495  	0.548418   	0.958799   	-7.77986e-06	0.283728   	0.551532   	0.999781   	-0.000466345	-0.00993655	0.629128   	0.999588   	0.000475639	0.0223845  	0.629401   	0.961197   	-0.000200598	0.275475   	0.571105   	0.946227   	-0.000272685	-0.32307   	0.536124   	0.940505   	0.00138596 	0.339514   	0.530531   	0.997136   	-0.000558873	-0.0726269 	0.61219    	0.972645   	-0.000655568	-0.231063  	0.59227    	0.992848   	5.22906e-06	0.112687   	0.606342   	0.945584   	-0.000692543	-0.324632  	0.533146   	0.982785   	0.000719047	0.183068   	0.589722   	0.966664   	0.000827602	-0.25566   	0.571593   	0.999529   	-0.000638956	-0.018798  	0.615371   	0.956808   	-0.000163124	0.289638   	0.541161   	6.06978    	3.05801    	15.3056    	10.0642    	7.87286    	3.32389    	6.48532    	6.67826    	13.1426    	2.93676    	21.2892    	13.3328    	9.02067    	3.02468    	20.6086    	9.61054    	5.1425     	3.12678    	10.0333    	5.80767    	15.0169    	2.9574     	7.02791    	10.5835    	7.94809    	3.69668    	4.40799    	7.03333    	5.42375    	4.6968     	25.7877    	5.99494    	5.48575    	3.16639    	30.4345    	3.21817    	8.16613    	3.15245    	95.2556    	4.29352    	5.46101    	3.28351    	24.9729    	8.80153    	7.18617    	3.81305    	32.966     	5.30414    	5.55603    	3.82984    	7.31136    	5.04868    	12.3518    	3.62371    	35.675     	11.8335    	7.25795    	3.17009    	34.699     	12.0956    	237.168	278.485	478.964	336.691	195.134	518.608	274.085	204.215	207.87	317.206	198.455	282.531	204.49	465.605	281.818	1          	1.18075e-05	7.02076e-05	0.561832   	0.315318   	0.139469   	0.154401   	0.315314   	2.03516	
2.3e-10    	3.8        	0.958301   	-0.00031329	-0.285446  	0.511263   	0.931042   	-0.000457215	0.363578   	0.522257   	0.997579   	0.000587492	-0.0653752 	0.629983   	0.997898   	-0.00225363	0.0628564  	0.617534   	0.954696   	0.00184899 	0.297272   	0.545797   	0.917853   	0.000628296	-0.396606  	0.509058   	0.925409   	0.000707161	0.378762   	0.491374   	0.992145   	0.0016237  	-0.124002  	0.591309   	0.978947   	-0.00230896	-0.20347   	0.575612   	0.998792   	-0.000171747	0.0466665  	0.59741    	0.938986   	0.000311796	-0.343628  	0.498962   	0.964707   	-9.26052e-05	0.262108   	0.559232   	0.946163   	-5.63048e-05	-0.321871  	0.546773   	0.999125   	0.000730398	0.0378322  	0.613204   	0.95227    	-0.000837203	0.304498   	0.498205   	8.36595    	3.55817    	4.73246    	8.2918     	7.91276    	3.27868    	41.8534    	5.53384    	7.62908    	4.65666    	34.4461    	7.0346     	7.49401    	4.1795     	12.0266    	7.04418    	5.32433    	4.0141     	5.94926    	5.66405    	5.34317    	4.00763    	7.80198    	5.5645     	6.32053    	3.13042    	3.52385    	6.22022    	7.34652    	4.28154    	11.4166    	6.14731    	6.65571    	3.8006     	10.2198    	5.42493    	7.17847    	3.98542    	10.6608    	6.73463    	8.78162    	2.93582    	11.8579    	13.5507    	15.2035    	3.62675    	24.8837    	7.65362    	8.95318    	3.94949    	52.9928    	2.8814     	9.67032    	3.48734    	17.668     	9.60304    	11.9658    	3.37933    	17.7589    	12.6722    	272.599	259.212	247.103	238.482	175.407	183.86	217.875	253.526	229.471	255.175	279.522	505.068	282.014	333.844	384.111	1          	-1.24322e-05	-7.25234e-05	0.534881   	0.306723   	0.145735   	0.160281   	0.306723   	2.20864	
2.4e-10    	3.6        	0.955274   	-0.00263728	-0.295322  	0.482743   	0.910605   	-0.000108539	0.413028   	0.513576   	0.993966   	0.00246074 	-0.108814  	0.598429   	0.995013   	-0.000924569	0.0989334  	0.583538   	0.954949   	0.00132258 	0.296284   	0.51659    	0.904672   	-0.000289728	-0.425613  	0.496807   	0.934397   	0.00273438 	0.355281   	0.472371   	0.98537    	-0.00105002	-0.169392  	0.562127   	0.989226   	-0.00122621	-0.14412   	0.534423   	0.999174   	-0.000525657	-0.0303809 	0.568526   	0.943237   	-0.000669691	-0.331643  	0.492755   	0.936669   	0.00123215 	0.349173   	0.523832   	0.926962   	-0.000127712	-0.3747    	0.53622    	0.995401   	0.000179159	0.093312   	0.571839   	0.952713   	-0.000192613	0.303626   	0.479839   	2.88477    	3.33416    	6.67801    	3.31781    	7.7839     	4.28385    	6.91937    	9.26252    	7.19232    	4.01026    	7.15814    	6.42518    	13.6092    	3.64211    	5.54268    	12.9786    	3.62514    	2.9368     	10.7281    	3.60561    	12.1046    	2.85104    	11.0313    	7.27935    	5.7608     	3.83823    	22.9715    	5.88189    	3.73865    	5.08007    	14.1954    	3.17714    	4.09359    	4.27066    	31.0249    	5.46483    	3.34412    	5.35096    	36.9768    	3.35664    	12.9344    	3.60723    	5.78525    	8.64311    	12.2452    	4.67148    	23.4944    	4.57521    	8.04168    	3.2719     	21.5558    	15.2854    	20.9057    	4.10013    	20.5958    	18.0638    	6.57566    	3.10323    	2.65791    	6.21015    	93.975	229.032	202.303	401.366	117.912	337.76	170.247	127.238	128.438	114.321	383.69	366.511	266.614	589.899	188.107	1          	1.95868e-05	-6.54494e-05	0.507861   	0.312797   	0.135975   	0.180985   	0.312795   	2.35876	
2.5e-10    	3.4        	0.956393   	-0.00211236	-0.291729  	0.446892   	0.89855    	0.00360537 	0.438532   	0.490921   	0.990359   	-0.00151896	-0.137546  	0.579333   	0.995178   	0.000606203	0.0972586  	0.556505   	0.951079   	0.00272409 	0.308638   	0.484485   	0.90294    	-0.00347149	-0.429539  	0.47333    	0.941388   	-0.000258738	0.336994   	0.446381   	0.989883   	0.00145439 	-0.140398  	0.544583   	0.987023   	-0.00134601	-0.159544  	0.489183   	0.998141   	-0.00154333	-0.0594143 	0.544061   	0.93715    	0.00122501 	-0.348702  	0.474528   	0.915534   	0.000421767	0.401984   	0.496364   	0.912009   	-0.00136589	-0.410006  	0.527314   	0.98927    	0.000597015	0.145543   	0.532595   	0.954483   	0.000910017	0.297862   	0.454821   	3.94176    	4.87166    	2.40768    	3.96284    	4.59064    	3.88108    	10.1166    	6.33124    	4.27983    	5.79939    	9.94604    	3.9035     	3.67772    	4.48701    	4.32562    	3.57054    	4.51079    	3.77611    	2.95906    	3.49555    	4.12434    	3.88887    	2.42375    	3.07306    	3.68911    	3.54991    	3.70747    	2.96582    	4.86252    	4.24227    	16.2563    	3.22671    	10.5308    	4.14209    	8.06907    	8.50816    	3.1354     	4.67018    	5.05601    	3.20253    	4.46183    	3.54596    	3.04849    	4.77803    	4.12073    	4.10294    	3.95897    	3.10588    	3.10335    	3.70564    	2.15452    	2.35535    	3.69855    	4.06783    	3.85914    	3.40381    	4.06034    	4.15982    	4.71568    	4.06921    	112.522	119.994	125.912	101.021	124.805	113.687	103.153	156.513	270.645	89.6212	134.755	111.203	91.0555	102.274	115.403	1          	-1.05103e-05	1.91866e-05	0.480702   	0.305461   	0.139126   	0.172019   	0.305463   	2.36988	
2.6e-10    	3.2        	0.95101    	-0.000664568	-0.308864  	0.416547   	0.883746   	-0.000132259	0.467753   	0.459151   	0.989519   	0.000578587	-0.143943  	0.564434   	0.995502   	0.00054201 	0.0937714  	0.531624   	0.939029   	-0.00114067	0.343545   	0.461699   	0.885727   	0.000663587	-0.463997  	0.448864   	0.937774   	-0.00150971	0.34698    	0.41769    	0.992876   	-0.00109096	-0.118595  	0.526264   	0.981738   	0.00265478 	-0.189739  	0.45443    	0.998192   	4.11305e-05	-0.0588662 	0.52191    	0.927404   	0.000410681	-0.373854  	0.455202   	0.899439   	-0.000383536	0.436809   	0.464007   	0.904008   	-0.000213915	-0.427373  	0.509623   	0.986374   	-0.000428077	0.164062   	0.506008   	0.949773   	0.000639058	0.312635   	0.421695   	2.76426    	3.71661    	1.64035    	2.4262     	3.90264    	4.89732    	1.90202    	3.19052    	2.61596    	5.38989    	2.15204    	2.56153    	2.67111    	6.31831    	2.87074    	2.65831    	4.59032    	4.36919    	2.46628    	3.77194    	4.11697    	4.41178    	1.66548    	3.201      	2.21609    	3.96223    	1.65246    	2.09806    	2.75429    	4.05607    	2.2899     	2.60614    	3.01579    	4.76411    	1.83179    	2.83454    	2.81974    	4.55127    	2.69687    	2.87069    	2.61019    	3.61169    	2.03787    	2.48419    	4.14982    	3.35312    	3.05434    	2.57396    	1.81784    	3.62257    	1.87288    	1.61353    	2.21411    	5.15944    	1.66062    	2.18614    	1.83585    	4.80535    	1.24569    	1.81113    	74.4779	96.1062	68.9158	68.6369	113.379	99.9949	59.673	75.029	79.4577	81.8866	72.4801	100.224	53.518	58.4438	51.5521	1          	2.58346e-07	2.59647e-05	0.453464   	0.301741   	0.138996   	0.180434   	0.301741   	2.12815	
2.7e-10    	3          	0.942638   	-0.00157081	-0.333534  	0.389893   	0.864057   	0.000587102	0.503205   	0.431169   	0.988417   	0.000601523	-0.151352  	0.544624   	0.995579   	-0.00254621	0.0928991  	0.507676   	0.92606    	0.00122772 	0.377159   	0.437504   	0.866167   	0.00185868 	-0.499495  	0.424981   	0.932342   	-0.000654396	0.361325   	0.390087   	0.993456   	0.0014398  	-0.113456  	0.506098   	0.97839    	-0.000921139	-0.206255  	0.421153   	0.997305   	0.000520733	-0.0722408 	0.503212   	0.916812   	0.00245126 	-0.399059  	0.434601   	0.872986   	-0.00324302	0.487529   	0.433297   	0.893661   	9.66691e-05	-0.448579  	0.487439   	0.984527   	-0.000139215	0.174791   	0.479684   	0.941715   	0.000113385	0.336091   	0.394043   	2.2967     	3.63085    	1.16447    	2.02992    	3.23562    	4.72479    	1.02258    	2.65231    	1.70683    	4.7901     	1.76627    	1.66567    	2.28007    	7.18327    	1.36927    	2.23902    	2.05857    	4.54155    	0.965429   	1.96008    	2.25659    	6.73764    	1.09381    	1.7884     	2.5075     	3.79585    	0.977512   	2.29923    	2.2101     	6.41912    	1.41946    	2.1838     	2.23374    	5.62385    	1.00534    	2.14176    	1.87288    	6.26717    	1.1831     	1.86972    	2.06423    	5.47282    	1.09955    	1.82189    	3.03621    	5.02914    	0.838327   	2.19052    	2.0582     	4.67732    	1.32147    	1.795      	1.86531    	5.28077    	1.09922    	1.85894    	2.35026    	4.80679    	0.930983   	2.09668    	56.7286	73.2764	46.5748	56.5862	51.8434	57.8827	58.1879	57.6913	52.7729	48.9989	52.1232	67.0564	51.6105	47.3967	55.6144	1          	5.67688e-06	1.90866e-05	0.426211   	0.300927   	0.142126   	0.167054   	0.300925   	2.04645	
2.8e-10    	2.8        	0.932194   	0.000887849	-0.361632  	0.362032   	0.840866   	-0.00198094	0.541047   	0.405542   	0.986962   	0.000900456	-0.1605    	0.524942   	0.995211   	-0.00176692	0.0969631  	0.48464    	0.911745   	0.000497026	0.410516   	0.412094   	0.842905   	0.00178794 	-0.537855  	0.402095   	0.924027   	0.00213523 	0.381899   	0.363816   	0.993731   	0.00210806 	-0.111036  	0.484751   	0.973778   	-0.00486712	-0.226785  	0.389015   	0.996732   	0.00379069 	-0.0794485 	0.482308   	0.90405    	-0.00105544	-0.427152  	0.411561   	0.847422   	-0.00323031	0.530606   	0.405834   	0.880921   	-1.79427e-05	-0.47304   	0.466312   	0.982185   	-0.000767548	0.187454   	0.45516    	0.931023   	0.000536077	0.364541   	0.364666   	2.30334    	4.63141    	0.672601   	2.08408    	1.84874    	4.79876    	0.721694   	1.20192    	1.29089    	6.0399     	1.08339    	1.28057    	1.87521    	5.1192     	1.14645    	1.84763    	1.94701    	4.55456    	1.08142    	1.58455    	2.15983    	5.03037    	0.692206   	1.52118    	2.25805    	6.76758    	0.637865   	2.01362    	1.55562    	6.01584    	0.961316   	1.52937    	2.22624    	7.3038     	0.764468   	2.10246    	1.60615    	7.35184    	0.935311   	1.62488    	1.9406     	5.89331    	0.895613   	1.65304    	2.03597    	8.39054    	0.619001   	1.53792    	1.80159    	7.05435    	0.81691    	1.45083    	1.85158    	5.453      	0.95537    	1.79313    	1.96772    	6.29158    	0.761809   	1.73945    	49.482	38.9749	33.941	44.5418	44.7202	45.7968	49.3354	36.084	45.7511	38.5263	43.1687	43.3817	41.408	42.4957	44.4862	1          	-1.51595e-05	-1.3877e-05	0.398958   	0.285917   	0.138433   	0.175402   	0.285914   	2.07164	
2.9e-10    	2.6        	0.919472   	0.0024956  	-0.392695  	0.335443   	0.813082   	0.00650236 	0.581853   	0.379822   	0.985464   	-0.00693328	-0.169096  	0.504731   	0.994679   	-0.000353785	0.101874   	0.460812   	0.89644    	0.00160256 	0.442856   	0.388198   	0.815811   	-0.000570887	-0.578107  	0.378597   	0.912025   	0.00392817 	0.40979    	0.337516   	0.993507   	0.000805033	-0.112797  	0.462662   	0.968406   	-0.0051462 	-0.2487    	0.358898   	0.996118   	0.00011619 	-0.0868044 	0.461416   	0.890495   	-0.0018055 	-0.454749  	0.389153   	0.816658   	0.00150124 	0.576818   	0.378137   	0.86684    	-0.00475923	-0.498304  	0.445578   	0.979277   	0.00551327 	0.201656   	0.429043   	0.918299   	-0.000144553	0.395506   	0.3369     	1.73241    	6.38642    	0.561349   	1.50055    	1.71459    	6.88151    	0.471706   	1.24201    	1.37468    	9.21835    	0.74718    	1.34273    	1.50076    	8.23939    	0.669579   	1.44985    	1.49757    	6.52779    	0.599005   	1.29938    	1.41198    	5.34105    	0.614054   	1.08373    	2.24824    	4.50798    	0.527202   	1.8205     	1.24149    	7.58457    	0.843432   	1.22448    	2.11337    	6.58312    	0.615688   	2.08902    	1.72696    	7.37711    	0.776313   	1.70879    	1.89171    	5.0551     	0.586045   	1.62365    	2.15841    	7.74254    	0.535892   	1.49498    	1.98604    	8.07965    	0.625379   	1.48788    	1.61291    	9.87822    	0.704731   	1.57278    	2.18302    	5.29844    	0.536893   	1.88703    	34.3932	36.7184	31.7512	31.6737	32.2501	29.6021	44.9192	30.0575	43.3605	36.2293	38.7352	40.9831	40.2702	33.9964	42.0946	1          	-3.67081e-06	-7.22977e-05	0.371713   	0.274251   	0.145605   	0.167731   	0.274256   	1.91271	
3e-10      	2.4        	0.903459   	0.00802718 	-0.428008  	0.308979   	0.780546   	0.00334894 	0.624741   	0.35576    	0.983818   	-0.00789823	-0.17833   	0.483638   	0.994025   	0.00768012 	0.107178   	0.436625   	0.879264   	-0.00563715	0.475844   	0.36414    	0.784927   	-0.00270411	-0.619032  	0.355646   	0.895975   	-0.00116887	0.443346   	0.311902   	0.99291    	-0.00269017	-0.117117  	0.441113   	0.96181    	0.0039412  	-0.272558  	0.328084   	0.995674   	-0.00376474	-0.0913266 	0.440132   	0.873961   	0.00512841 	-0.485518  	0.366533   	0.780922   	-0.000826043	0.624113   	0.351453   	0.850955   	0.000166803	-0.52493   	0.424404   	0.976414   	0.00488835 	0.215081   	0.403778   	0.901269   	-0.00634527	0.432745   	0.309063   	1.7501     	7.98454    	0.455051   	1.51796    	2.09806    	8.67983    	0.432142   	1.36588    	1.54623    	9.23491    	0.69733    	1.52712    	1.47501    	11.9982    	0.591979   	1.48754    	1.88392    	9.50461    	0.487796   	1.54386    	1.95812    	14.3585    	0.405652   	1.29461    	2.05926    	10.9505    	0.392582   	1.69337    	1.57661    	13.6117    	0.5499     	1.55135    	1.70518    	11.2783    	0.478742   	1.57071    	1.2953     	9.04313    	0.624616   	1.31051    	1.75388    	9.66167    	0.507677   	1.37895    	1.97041    	13.0628    	0.498496   	1.3026     	1.54845    	9.61542    	0.461397   	1.18144    	1.83098    	9.00209    	0.594623   	1.72334    	1.96325    	6.13693    	0.460401   	1.63363    	32.5994	37.1638	30.3995	28.8857	33.5551	35.5976	35.4493	30.4987	31.0143	26.6923	32.1034	34.6861	29.9101	33.7934	39.3745	1          	-1.33619e-05	-2.65959e-05	0.344401   	0.267554   	0.140389   	0.170458   	0.267557   	2.00596	
3.1e-10    	2.2        	0.884618   	0.0262005  	-0.463986  	0.28418    	0.74348    	-0.0408397 	0.666575   	0.332655   	0.98212    	0.0131374  	-0.18702   	0.459879   	0.992625   	-0.0321168 	0.114212   	0.410928   	0.859481   	-0.0117027 	0.510309   	0.338697   	0.752141   	0.0480416  	-0.655996  	0.335278   	0.873971   	-0.0666651 	0.479432   	0.288462   	0.991185   	0.0428855  	-0.123813  	0.418834   	0.953331   	0.0100653  	-0.300247  	0.29745    	0.995054   	-0.00684375	-0.0970639 	0.416861   	0.853608   	0.0606516  	-0.516222  	0.34589    	0.735926   	-0.0609352 	0.673658   	0.327038   	0.832308   	0.0421717  	-0.552109  	0.403568   	0.972881   	-0.00206113	0.229975   	0.376541   	0.879224   	-0.0529317 	0.471898   	0.283844   	1.87831    	20.7423    	0.38607    	1.5422     	2.07941    	23.4119    	0.440773   	1.23017    	2.1443     	10.4169    	0.577284   	2.08322    	2.1316     	17.9839    	0.576136   	1.98133    	1.86801    	14.2222    	0.503391   	1.38994    	1.71717    	32.1755    	0.469778   	1.20866    	2.36943    	27.15      	0.4248     	2.0462     	2.02524    	11.4127    	0.5667     	1.93768    	2.19148    	13.6767    	0.492097   	1.94279    	1.55836    	11.8853    	0.526815   	1.5464     	1.51391    	24.81      	0.510517   	1.35035    	1.75022    	15.882     	0.431626   	1.0999     	1.75154    	18.3758    	0.455702   	1.32605    	2.53564    	14.7932    	0.53581    	2.39985    	2.56914    	20.4215    	0.42542    	2.18404    	31.5842	35.7864	35.9809	35.2836	31.2561	31.036	37.2147	32.7072	34.6692	28.0144	28.0809	29.5891	29.5768	38.759	38.708	0.999999   	-1.59417e-05	-3.3133e-05	0.316996   	0.291206   	0.137993   	0.168346   	0.2912     	1.87376	
3.2e-10    	2          	0.774261   	0.434161   	-0.433985  	0.291667   	0.666676   	-0.386771  	0.621409   	0.341869   	0.980501   	0.0134378  	-0.195501  	0.419461   	0.977372   	-0.157176  	0.131892   	0.374652   	0.806251   	-0.309435  	0.489127   	0.332457   	0.650668   	0.437971   	-0.599454  	0.355279   	0.70654    	-0.525424  	0.441076   	0.322494   	0.963224   	0.216526   	-0.144756  	0.39893    	0.889953   	0.318245   	-0.301595  	0.285754   	0.978417   	-0.176084  	-0.0866747 	0.393342   	0.729833   	0.459553   	-0.483357  	0.369378   	0.658058   	-0.330441  	0.667929   	0.32022    	0.786863   	0.290717   	-0.535504  	0.404312   	0.960497   	0.127223   	0.240731   	0.338105   	0.726891   	-0.505598  	0.433843   	0.307494   	3.85142    	408.857    	1.45908    	74.6473    	5.86922    	429.227    	2.07591    	38.0322    	7.28447    	5.39811    	1.68871    	7.56465    	5.79663    	63.8718    	1.41332    	4.09727    	2.70448    	302.75     	2.80305    	19.4123    	5.33935    	610.212    	1.60683    	75.9716    	3.56517    	656.142    	1.43147    	153.492    	3.21552    	124.73     	1.84765    	6.23212    	3.83146    	233.556    	1.11301    	13.8822    	4.02942    	113.698    	1.9073     	3.80029    	3.10398    	609.052    	0.696838   	95.8022    	3.0677     	219.656    	1.82177    	15.6716    	3.0358     	284.335    	1.43332    	14.2422    	6.97822    	63.4216    	1.99444    	4.4066     	6.38023    	557.094    	0.961566   	134.82     	50.3024	66.2093	67.4841	55.819	39.6732	64.5829	45.3559	38.3942	41.8047	46.5039	37.8656	41.1747	37.351	67.2694	81.9657	0.999999   	-2.56919e-05	1.46385e-05	0.288054   	1.4129     	0.145601   	0.178414   	1.41289    	2.94182	
3.3e-10    	1.8        	0.625778   	0.683148   	-0.375385  	0.329167   	0.545672   	-0.63055   	0.551108   	0.37048    	0.978708   	0.0233382  	-0.20275   	0.374638   	0.937572   	-0.306046  	0.162748   	0.342741   	0.723662   	-0.530457  	0.440483   	0.338053   	0.517913   	0.687488   	-0.508335  	0.403816   	0.521444   	-0.760361  	0.386637   	0.383276   	0.914354   	0.36375    	-0.176025  	0.388152   	0.77855    	0.554154   	-0.2929    	0.28313    	0.947929   	-0.311563  	-0.061854  	0.374569   	0.58471    	0.687545   	-0.429958  	0.41485    	0.551632   	-0.540604  	0.634477   	0.321712   	0.708065   	0.487943   	-0.50979   	0.407698   	0.933328   	0.267524   	0.23823    	0.299326   	0.562483   	-0.743305  	0.361349   	0.36808    	3.73042    	17.9703    	1.43051    	8.09005    	3.64592    	25.2438    	2.11613    	8.91445    	3.68569    	9.23038    	2.79051    	3.70467    	8.51176    	11.7044    	2.44832    	5.60459    	5.10788    	14.2496    	2.86289    	3.82916    	5.93522    	26.496     	2.16214    	14.1461    	3.70597    	18.5583    	1.60022    	12.2535    	4.63082    	13.5951    	2.38778    	2.89431    	4.00631    	11.8162    	1.63382    	3.38543    	3.78869    	9.99611    	2.52492    	2.91516    	3.26929    	18.4243    	1.42458    	7.27784    	3.41973    	13.6544    	2.67245    	3.46774    	4.14596    	17.0622    	1.79865    	3.26457    	5.7733     	6.83522    	2.04556    	5.39239    	5.80589    	21.3933    	1.53678    	16.228     	38.3608	38.355	39.2833	71.2923	48.2925	54.5252	42.1284	46.2295	39.2215	37.5044	33.7411	36.0389	42.1686	47.4894	58.8213	0.999999   	3.34719e-05	2.46551e-06	0.258331   	0.473058   	0.14806    	0.168001   	0.473065   	1.92686	
3.4e-10    	1.6        	0.524865   	0.771926   	-0.358039  	0.349087   	0.453478   	-0.723138  	0.520463   	0.388374   	0.975471   	0.0336561  	-0.216545  	0.336446   	0.879517   	-0.414262  	0.231455   	0.300644   	0.670885   	-0.62544   	0.396987   	0.339256   	0.450145   	0.75845    	-0.470895  	0.43363    	0.418737   	-0.825891  	0.376996   	0.411511   	0.874994   	0.434804   	-0.211686  	0.375654   	0.682013   	0.671017   	-0.288983  	0.273982   	0.92481    	-0.377313  	-0.0433255 	0.350858   	0.50456    	0.761082   	-0.407268  	0.432223   	0.459446   	-0.639186  	0.615893   	0.316643   	0.656073   	0.575186   	-0.488037  	0.410571   	0.895922   	0.377969   	0.232      	0.259036   	0.463047   	-0.818736  	0.338895   	0.400438   	5.95237    	11.3546    	2.53501    	10.0283    	4.72605    	14.3371    	3.31341    	7.82429    	5.10281    	5.48581    	3.4723     	5.33526    	10.9667    	8.02183    	8.23399    	6.5816     	10.363     	13.2151    	7.54935    	7.80996    	4.63934    	14.9196    	2.39978    	9.31861    	8.99545    	11.3713    	2.26433    	9.43731    	5.18137    	9.59001    	3.17963    	4.75335    	7.3354     	7.43036    	4.46353    	4.71219    	5.23345    	4.75217    	5.16926    	4.481      	6.19445    	5.97098    	2.11805    	4.03533    	9.95796    	7.27498    	4.21942    	3.03699    	5.31227    	12.8058    	3.21552    	4.97902    	5.61752    	2.42898    	4.52759    	4.88403    	4.65564    	12.1965    	3.08284    	8.34322    	41.7497	36.5009	39.7471	73.7302	69.749	39.8004	66.5973	41.7484	54.2677	41.2957	46.6763	69.6188	41.1549	45.1253	39.3231	0.999999   	-4.46565e-05	-4.75139e-05	0.229169   	0.395458   	0.143498   	0.169686   	0.39544    	1.8937	
3.5e-10    	1.4        	0.420992   	0.837602   	-0.346976  	0.36501    	0.363316   	-0.795944  	0.483525   	0.405012   	0.975721   	0.0535243  	-0.210522  	0.307126   	0.749348   	-0.520106  	0.390714   	0.250115   	0.61795    	-0.706188  	0.343275   	0.343502   	0.424804   	0.78236    	-0.4539    	0.467803   	0.342858   	-0.863522  	0.369484   	0.430306   	0.838521   	0.485905   	-0.244138  	0.360863   	0.569884   	0.769547   	-0.284698  	0.265087   	0.906052   	-0.421885  	0.00580462 	0.323571   	0.412468   	0.818945   	-0.398502  	0.44149    	0.395627   	-0.724575  	0.563459   	0.319064   	0.575716   	0.67998    	-0.452818  	0.411623   	0.885893   	0.442409   	0.116945   	0.195836   	0.432808   	-0.827229  	0.355449   	0.436269   	15.965     	7.65661    	4.36387    	9.0338     	14.8776    	14.9899    	4.29079    	14.3149    	42.7047    	7.34416    	4.37688    	41.0465    	132.084    	29.3019    	63.7356    	60.4225    	26.7438    	13.4755    	13.9134    	20.0639    	46.9229    	11.4151    	20.4088    	22.4789    	5.38913    	7.97148    	3.46254    	8.22661    	8.43623    	18.6152    	3.51373    	3.17322    	11.9818    	15.6693    	3.59572    	6.37191    	7.29266    	10.3161    	7.47733    	5.39019    	8.39559    	5.1605     	3.81427    	3.58822    	7.75635    	13.2225    	3.80632    	6.87963    	13.9273    	15.4285    	12.085     	7.13235    	94.74      	19.7666    	53.3805    	126.295    	58.4017    	8.4224     	26.9027    	25.5431    	117.14	93.1118	296.234	473.058	138.011	157.432	35.6093	56.8112	66.8998	54.9956	68.06	48.038	78.2314	341.207	187.247	0.999999   	3.42271e-05	5.9096e-05 	0.200162   	0.329092   	0.142956   	0.160524   	0.329089   	2.04505	
3.6e-10    	1.2        	0.306804   	0.881902   	-0.356765  	0.38642    	0.21852    	-0.853932  	0.470461   	0.390273   	0.989555   	-0.0286786 	-0.132551  	0.314386   	0.364703   	-0.446938  	0.806151   	0.177581   	0.590396   	-0.772897  	0.230211   	0.383938   	0.450686   	0.761136   	-0.465565  	0.489874   	0.252167   	-0.892304  	0.373422   	0.441206   	0.869419   	0.418065   	-0.25598   	0.359935   	0.321139   	0.900115   	-0.279842  	0.27797    	0.859834   	-0.504353  	0.072748   	0.321715   	0.347851   	0.853556   	-0.386996  	0.462741   	0.256436   	-0.798274  	0.543026   	0.30142    	0.631208   	0.688209   	-0.344187  	0.419256   	0.516867   	0.765421   	-0.271189  	0.146102   	0.372222   	-0.848591  	0.374581   	0.464131   	12.8987    	30.9134    	7.83002    	29.5695    	18.8689    	7.86788    	27.3462    	7.45009    	36.781     	16.9775    	18.8444    	30.9328    	101.669    	19.5928    	7.53321    	26.5281    	25.4789    	31.3252    	11.8986    	40.905     	34.2094    	8.02789    	8.10572    	15.921     	6.45556    	6.86568    	27.8616    	14.8879    	113.217    	14.4003    	13.1207    	53.9179    	95.0916    	14.7948    	16.168     	11.6792    	24.6623    	20.7862    	8.03902    	34.5912    	6.85443    	15.384     	13.9047    	10.2871    	33.6757    	8.46964    	9.2435     	16.9139    	129.378    	9.24092    	168.981    	8.80764    	126.012    	50.9349    	105.539    	8.82774    	6.26236    	26.8208    	28.2372    	21.8731    	31.7872	141.795	180.772	385.294	141.334	94.4796	36.0924	333.484	208.06	199.478	36.3378	223.792	295.457	339.152	36.8951	0.999998   	-2.00247e-05	0.000133134	0.171351   	0.285965   	0.138906   	0.164704   	0.28597    	1.80942	
3.7e-10    	1          	0.150019   	0.920369   	-0.357343  	0.385366   	0.0711354  	-0.898608  	0.431954   	0.40752    	0.994736   	0.0267664  	-0.0941301 	0.34414    	-0.343293  	-0.522118  	0.753707   	0.166676   	0.615467   	-0.762171  	0.192157   	0.405587   	0.470047   	0.785898   	-0.400599  	0.50216    	0.18466    	-0.90979   	0.36854    	0.455225   	0.875276   	0.415769   	-0.24461   	0.399874   	-0.0190687 	0.949124   	-0.285557  	0.264802   	0.878626   	-0.470693  	0.0674473  	0.344285   	0.312919   	0.857882   	-0.406262  	0.47583    	-0.068886  	-0.806423  	0.58109    	0.311678   	0.685298   	0.693848   	-0.219141  	0.437589   	-0.358088  	0.626159   	-0.667485  	0.154475   	0.391619   	-0.830661  	0.3918     	0.474457   	61.3934    	5.05454    	11.1063    	5.49189    	16.2723    	11.9645    	8.9059     	11.7404    	84.5544    	14.2545    	4.976      	83.9363    	196.526    	19.801     	13.1557    	21.6256    	125.987    	11.177     	6.38832    	43.1513    	29.6551    	7.42479    	13.6812    	8.67063    	42.7751    	5.00057    	65.3582    	25.3333    	50.6007    	17.5513    	7.48518    	41.6812    	138.356    	19.72      	82.7952    	25.432     	98.4675    	16.2174    	7.85208    	81.3527    	25.8822    	2.47985    	23.9373    	9.01051    	84.581     	15.2871    	39.8409    	15.3607    	18.1413    	15.055     	5.9671     	7.78653    	158.893    	15.6854    	62.6319    	101.555    	97.4144    	7.36678    	46.7816    	26.2272    	246.913	54.4314	346.703	241.989	265.02	58.5026	67.1756	280.79	345.112	340.193	129.678	124.803	79.2151	275.828	139.713	0.999997   	-0.000156158	-5.35829e-05	0.142901   	0.293732   	0.141168   	0.159488   	0.293742   	1.90426	
3.8e-10    	0.8        	0.031384   	0.895751   	-0.43851   	0.411378   	-0.078112  	-0.844385  	0.524406   	0.455158   	0.988276   	0.0419166  	-0.143181  	0.369238   	-0.724886  	-0.459887  	0.507346   	0.23254    	0.654052   	-0.725002  	0.214026   	0.414313   	0.467473   	0.786222   	-0.401788  	0.517059   	0.126536   	-0.880646  	0.454342   	0.481854   	0.867769   	0.42555    	-0.253785  	0.432128   	-0.330678  	0.857712   	-0.391105  	0.282383   	0.913258   	-0.402928  	0.0484666  	0.372024   	0.241095   	0.847641   	-0.470403  	0.487559   	-0.31132   	-0.734233  	0.598884   	0.361928   	0.668656   	0.689121   	-0.276669  	0.461602   	-0.815996  	0.406231   	-0.406527  	0.196898   	0.401842   	-0.817297  	0.411716   	0.485069   	11.7724    	15.67      	117.308    	13.4745    	28.2442    	41.3359    	167.463    	20.3229    	15.0244    	16.2082    	9.61785    	15.1328    	51.4698    	16.8003    	6.74495    	20.2359    	6.8736     	15.551     	8.81039    	7.21083    	47.7864    	37.8086    	11.7135    	7.16534    	31.6444    	35.1252    	32.4192    	15.2593    	49.5179    	20.743     	9.05134    	29.8227    	9.59896    	11.0385    	12.8981    	4.68839    	22.3147    	11.7385    	10.5128    	13.4581    	20.3887    	32.6534    	42.2444    	6.21021    	57.0688    	26.1279    	65.3151    	25.0277    	20.2149    	26.6663    	21.9842    	13.303     	15.3734    	10.3228    	9.55879    	8.51435    	7.58157    	23.2823    	21.3483    	8.51317    	23.9794	58.03	76.4534	52.8046	17.7779	53.3299	76.8851	113.24	27.9094	39.0982	35.2292	69.2889	59.1957	22.1009	44.9845	0.999996   	8.00863e-05	0.000133798	0.114408   	0.298656   	0.144594   	0.163603   	0.298662   	1.86798	
3.9e-10    	0.6        	-0.0626992 	0.849808   	-0.521238  	0.408364   	-0.176856  	-0.771698  	0.609074   	0.450521   	0.987788   	0.00116994 	-0.154629  	0.366829   	-0.842568  	-0.340633  	0.415524   	0.271477   	0.66285    	-0.710032  	0.236129   	0.405603   	0.446471   	0.780458   	-0.436406  	0.48803    	0.0757535  	-0.87204   	0.482586   	0.459748   	0.883031   	0.382885   	-0.270064  	0.420902   	-0.496959  	0.793876   	-0.34922   	0.30181    	0.91651    	-0.397192  	0.0393621  	0.375972   	0.183636   	0.842012   	-0.505926  	0.468917   	-0.461978  	-0.656845  	0.594609   	0.37391    	0.684451   	0.644592   	-0.338052  	0.457009   	-0.926842  	0.344869   	-0.124322  	0.239168   	0.367697   	-0.838096  	0.402178   	0.450148   	10.7306    	54.1238    	19.6469    	19.3174    	9.59671    	49.3161    	27.1928    	5.37869    	5.08448    	6.06233    	2.8514     	5.28648    	5.72104    	10.275     	9.57498    	7.2571     	7.73199    	37.9123    	2.75986    	27.0506    	9.33429    	44.8499    	7.56605    	15.1628    	14.4101    	52.4969    	4.11926    	36.2595    	5.89488    	19.392     	2.83681    	5.29489    	7.35168    	14.777     	3.3944     	11.9483    	6.00926    	13.368     	4.75062    	6.45353    	9.01971    	51.2478    	11.564     	19.7273    	7.70481    	19.0812    	16.1352    	3.56026    	26.4425    	22.9346    	24.2739    	8.03862    	6.01223    	9.70209    	59.8979    	8.65325    	34.5098    	41.4284    	10.5188    	63.1447    	38.1067	29.1955	13.2204	19.2321	14.7826	18.2404	22.5558	14.4406	25.624	18.1872	23.0904	39.4644	11.9495	25.359	19.0144	0.999992   	-8.13492e-05	-9.9657e-05	0.0857537  	0.308838   	0.143197   	0.164207   	0.308834   	1.83268	
4e-10      	0.4        	-0.169552  	0.861494   	-0.477345  	0.389341   	-0.233508  	-0.785643  	0.571562   	0.452479   	0.978239   	0.0585135  	-0.194925  	0.35133    	-0.832152  	-0.367412  	0.411912   	0.305612   	0.651234   	-0.722668  	0.229954   	0.383538   	0.364219   	0.811705   	-0.45546   	0.480484   	0.0237169  	-0.874316  	0.483975   	0.459551   	0.838894   	0.440975   	-0.316092  	0.406193   	-0.602274  	0.738929   	-0.300021  	0.300401   	0.924267   	-0.379376  	0.0292835  	0.34497    	0.111211   	0.856082   	-0.504006  	0.455379   	-0.504242  	-0.659919  	0.555369   	0.39228    	0.618689   	0.680979   	-0.390112  	0.457064   	-0.96739   	0.243462   	0.0471494  	0.256256   	0.315267   	-0.868113  	0.382134   	0.430773   	6.94487    	11.7996    	20.5771    	6.13956    	16.8296    	40.3847    	13.3156    	14.1426    	13.3631    	24.3372    	9.62156    	11.2093    	12.2755    	32.2331    	9.9644     	6.66706    	4.96068    	10.4582    	11.9959    	7.18191    	15.4043    	30.1404    	11.4723    	14.4123    	9.68044    	25.4211    	10.8238    	16.827     	11.7342    	40.5885    	10.195     	7.05479    	8.0335     	13.384     	14.4027    	15.7912    	8.54492    	12.125     	12.2572    	12.7242    	6.97515    	10.8663    	16.3269    	7.03907    	15.3782    	28.9803    	18.7674    	13.4804    	15.8078    	29.3628    	12.6387    	9.23505    	6.11412    	16.3728    	17.6005    	8.61113    	10.4518    	8.31726    	19.456     	6.42308    	15.4033	15.7255	11.0668	23.5653	11.6961	18.5077	11.307	10.1856	12.819	10.106	19.0319	17.5365	14.3693	19.9391	14.3893	0.999983   	-3.5957e-07	0.000103221	0.0570514  	0.312918   	0.142368   	0.155088   	0.31292    	1.72701	
4.1e-10    	0.2        	-0.26913   	0.841228   	-0.467045  	0.374604   	-0.313952  	-0.78061   	0.539084   	0.449121   	0.974798   	0.105419   	-0.192734  	0.337866   	-0.856626  	-0.362019  	0.365462   	0.326712   	0.610452   	-0.732197  	0.299474   	0.357489   	0.31224    	0.812118   	-0.49119   	0.466775   	-0.0527102 	-0.854245  	0.515228   	0.453274   	0.805648   	0.472759   	-0.355517  	0.391627   	-0.677874  	0.668957   	-0.301647  	0.304375   	0.924788   	-0.370997  	0.0692799  	0.318093   	0.0461457  	0.855919   	-0.513014  	0.439958   	-0.568038  	-0.649617  	0.504092   	0.400468   	0.566535   	0.6956     	-0.440323  	0.446203   	-0.983594  	0.164282   	0.0512568  	0.278122   	0.2515     	-0.860324  	0.441352   	0.413005   	36.7125    	21.6915    	7.29165    	21.1922    	37.3725    	10.082     	11.9512    	6.4961     	3.9453     	21.2955    	11.519     	6.01557    	7.90783    	15.437     	18.1905    	11.8546    	35.3541    	25.1295    	5.56334    	30.3907    	50.7603    	8.49304    	13.3423    	6.28974    	54.635     	16.1381    	10.7032    	6.91337    	15.5497    	11.0065    	15.8975    	14.2798    	23.6144    	31.0709    	6.68959    	28.489     	14.9111    	33.6532    	9.86312    	16.5948    	52.7088    	27.4017    	6.55654    	14.42      	24.3735    	6.52068    	19.0022    	15.031     	32.9787    	7.7945     	19.7861    	14.7427    	7.99261    	27.9233    	12.0545    	7.41892    	42.0047    	22.1988    	9.64778    	19.111     	36.2802	73.4163	33.2368	28.2995	20.1971	36.5693	58.3565	17.089	56.6258	43.0246	39.3229	45.6272	26.6861	57.4984	22.8983	0.999932   	-0.000132779	0.00043724 	0.0284837  	0.310663   	0.1414     	0.152978   	0.310735   	1.72667	
4.2e-10    	-0         	-0.451599  	0.80406    	-0.384731  	0.393812   	-0.32528   	-0.798467  	0.505165   	0.430654   	0.974882   	0.0888021  	-0.20009   	0.329255   	-0.892697  	-0.314941  	0.319802   	0.345594   	0.622778   	-0.719324  	0.305469   	0.36813    	0.177802   	0.84096    	-0.509568  	0.439852   	-0.03407   	-0.864578  	0.499596   	0.440461   	0.765889   	0.499148   	-0.403059  	0.370053   	-0.785942  	0.583374   	-0.200948  	0.343143   	0.918138   	-0.387367  	0.0742552  	0.327632   	-0.119962  	0.869652   	-0.476826  	0.43045    	-0.623882  	-0.634391  	0.454347   	0.394401   	0.474691   	0.733143   	-0.485382  	0.414738   	-0.985552  	0.152277   	0.06318    	0.32377    	0.285741   	-0.851139  	0.438404   	0.414591   	32.7535    	5.79776    	10.8658    	6.62962    	15.0759    	12.4025    	27.5947    	6.68179    	22.6674    	15.1017    	13.2126    	18.2291    	16.5938    	12.4434    	15.2453    	9.34848    	32.2343    	5.07475    	5.99052    	9.00776    	23.572     	9.3418     	26.5196    	6.70103    	35.9909    	8.84415    	27.014     	10.4711    	12.1751    	16.5175    	21.0165    	5.24344    	38.1596    	8.72121    	4.37619    	17.786     	27.5719    	14.5775    	4.82447    	18.8322    	39.8376    	9.86796    	23.6339    	8.10471    	12.8921    	19.7466    	25.4554    	5.29938    	15.0863    	14.7004    	25.0646    	6.30183    	22.1062    	15.089     	9.27933    	18.0413    	38.898     	6.32663    	13.8227    	5.8537     	15.5753	9.84485	19.5095	18.685	11.2721	12.0195	19.3218	16.3059	9.49969	13.7817	18.6553	11.7286	11.4134	17.7913	18.1116	0.00438939 	0.00671046 	0.0255166  	0.000385114	0.298743   	0.142183   	0.16178    	0.204706   	1.51237	
