#----------------------------------------------------------------------------------------------------------------------------------------------------------
# Output file for vampire simulation
#   time       : 2025-05-29 14:06:39     process id : 485757
#   hostname   : thor4.psi.ch
#   path       : /scratch/dossan_f/Na2BaMn(PO4)2/vampire_tripleUC_15mat_J2Ja_small_k0.035_Jnn0.11_Ba_highstatistics
#   version    : 6.0.0
#   githash    : 4c9651daecc86c3e6b6df0c8055fcd9e89fd900c
#----------------------------------------------------------------------------------------------------------------------------------------------------------
2e-11      	8          	0.999333   	0.000136817	-0.00155772	0.991435   	0.998993   	0.00145999 	0.00246556 	0.992485   	0.998783   	-0.00193832	-0.00227958	0.991775   	0.999254   	0.00141413 	0.00185451 	0.992276   	0.999305   	-0.000546925	0.00234707 	0.991614   	0.998439   	-0.000874119	-0.00348927	0.992158   	0.99898    	0.000991073	0.00274443 	0.992302   	0.998401   	-0.00173502	-0.00327103	0.992136   	0.999749   	0.00101872 	0.00029355 	0.991589   	0.999224   	-0.00218222	1.43171e-05	0.991346   	0.998845   	-0.000294592	-0.00277251	0.991783   	0.999112   	0.0015377  	0.00210784 	0.992468   	0.998242   	-0.00137477	-0.00363629	0.992297   	0.999443   	0.00133434 	0.00144897 	0.991936   	0.999128   	0.000323383	0.00281607 	0.992092   	2221.49    	3.05637    	175.397    	1732.08    	1448.71    	288.212    	931.842    	510.436    	2353.06    	331.522    	418.721    	1270.42    	1444.85    	249.014    	413.559    	776.096    	2073.65    	19.578     	356.564    	1623.41    	2381.77    	101.733    	1367.19    	771.128    	1643.63    	98.0322    	940.816    	695.207    	2439.9     	328.229    	1105.44    	842.188    	1811.63    	62.794     	26.8517    	1672.3     	2401.93    	232.354    	10.8588    	1922.12    	2297.67    	15.8226    	700.426    	1199.16    	1368.98    	322.12     	695.164    	550.458    	2510.11    	256.625    	1539.19    	661.821    	1626.05    	177.487    	168.477    	1194.74    	1711.39    	7.49965    	738.235    	987.846    	3.10756e+06	1.29481e+06	3.47665e+06	1.34014e+06	2.74519e+06	3.53282e+06	1.72627e+06	3.6906e+06	2.11103e+06	3.59096e+06	3.28306e+06	1.15992e+06	3.89729e+06	1.70134e+06	1.8827e+06	1          	2.72638e-06	-9.38444e-06	0.991448   	29395.5    	0.126218   	0.225013   	29395.5    	3.68391e+07	
3e-11      	7.8        	0.999999   	-3.66934e-05	-1.60414e-05	0.992992   	0.999999   	1.49008e-05	1.42899e-05	0.992992   	0.999999   	1.01947e-05	-3.13851e-06	0.992993   	0.999999   	-1.73447e-05	-2.18878e-06	0.992993   	0.999999   	5.99191e-06	-2.10405e-05	0.992994   	0.999999   	2.48896e-05	2.04207e-05	0.992993   	0.999999   	1.85131e-05	7.25232e-06	0.992993   	0.999999   	-7.40308e-05	-4.73392e-06	0.992993   	0.999999   	6.76794e-05	-1.91077e-05	0.992993   	0.999999   	3.49183e-06	-3.64008e-05	0.992992   	0.999999   	-2.58297e-05	0.000136145	0.992991   	0.999999   	1.83543e-05	-8.61043e-05	0.992992   	0.999999   	-5.68547e-05	-5.08027e-05	0.992993   	0.999999   	-1.26548e-05	4.24559e-05	0.992994   	0.999999   	5.99907e-05	-2.02086e-06	0.992992   	0.00391528 	0.733866   	1.11472    	0.00391339 	0.00384918 	0.74491    	1.01964    	0.00384977 	0.00397438 	0.755849   	0.936933   	0.00397603 	0.00352295 	0.689643   	1.03696    	0.00352121 	0.00378019 	0.708659   	0.985196   	0.00378228 	0.0038457  	0.746307   	1.04601    	0.00384504 	0.00404826 	0.73517    	1.08284    	0.00404882 	0.00383217 	0.700277   	1.04044    	0.00383234 	0.00397074 	0.714689   	0.940499   	0.00396531 	0.0037364  	0.719852   	1.0072     	0.00373489 	0.0036832  	0.763675   	1.05873    	0.00368107 	0.00397873 	0.724947   	1.03643    	0.00397454 	0.00407431 	0.825862   	1.03932    	0.00407069 	0.00381836 	0.812901   	0.993732   	0.00381826 	0.00377367 	0.752458   	0.979887   	0.00377546 	7.63949	7.56656	7.52385	7.28155	7.4332	7.57496	8.2051	7.76281	7.83425	7.3942	7.16495	7.5004	8.02697	7.55277	7.52829	1          	3.98571e-08	-1.40084e-06	0.992992   	0.00875116 	0.122528   	0.13095    	0.00875103 	2.42227	
4e-11      	7.6        	0.999999   	-6.39134e-05	-9.49482e-06	0.991976   	0.999999   	7.45802e-05	6.66269e-05	0.991976   	0.999999   	-2.08725e-05	-6.00101e-05	0.991978   	0.999999   	-3.70375e-05	0.000103311	0.991981   	0.999999   	6.25744e-05	-0.00011216	0.991979   	0.999999   	-2.22361e-05	-5.55563e-06	0.991978   	0.999999   	-3.60466e-05	5.80593e-05	0.991976   	0.999999   	8.77862e-05	-1.52106e-05	0.991978   	0.999999   	-4.70064e-05	-4.13278e-05	0.991977   	0.999999   	-1.44983e-05	8.85014e-05	0.991977   	0.999999   	2.09471e-05	-0.000142971	0.991977   	0.999999   	-1.47953e-05	4.73267e-05	0.991978   	0.999999   	-9.85805e-06	5.26228e-05	0.991979   	0.999999   	1.75698e-05	-6.76827e-05	0.991977   	0.999999   	-9.80169e-06	8.5954e-06 	0.991978   	0.00519403 	0.982367   	1.59825    	0.00518808 	0.00521556 	0.920699   	1.50518    	0.00522904 	0.00518888 	0.961831   	1.34328    	0.00518857 	0.00528878 	1.02668    	1.36412    	0.00529324 	0.00554323 	0.969198   	1.36458    	0.00554416 	0.00521732 	0.916965   	1.22244    	0.00521793 	0.00545593 	1.06829    	1.42641    	0.00545199 	0.00535929 	0.995158   	1.30468    	0.00536144 	0.00529602 	0.965232   	1.30723    	0.00529406 	0.00526771 	1.04414    	1.42665    	0.00527073 	0.00549336 	0.947309   	1.23376    	0.00549672 	0.00587    	0.876008   	1.51452    	0.00587486 	0.00516552 	0.955087   	1.352      	0.00516345 	0.00558748 	0.994008   	1.22733    	0.00559082 	0.00513017 	1.02223    	1.25237    	0.00512879 	9.09656	8.85196	8.79817	9.12014	9.49554	9.07922	9.26712	9.13404	8.91054	8.67289	9.20457	9.60073	8.59019	8.98086	8.60847	1          	-8.40533e-07	-1.95742e-06	0.991977   	0.0145259  	0.130502   	0.136562   	0.0145252  	2.83682	
5e-11      	7.4        	0.999999   	-2.84473e-05	8.74939e-05	0.990497   	0.999999   	0.000118658	6.48892e-05	0.9905     	0.999999   	-9.28326e-05	-0.000148197	0.990502   	0.999999   	5.24083e-06	-4.81082e-06	0.990495   	0.999999   	2.30566e-05	-8.873e-05 	0.990498   	0.999999   	-4.42063e-05	8.85878e-05	0.990495   	0.999999   	3.93059e-06	-0.000319193	0.990509   	0.999999   	7.66356e-06	0.000136701	0.990504   	0.999999   	-4.63241e-06	0.000183646	0.9905     	0.999999   	2.02862e-05	8.28765e-06	0.990498   	0.999999   	1.45834e-05	0.000200971	0.990496   	0.999999   	-3.78954e-05	-0.000206028	0.990499   	0.999999   	6.49463e-05	6.57489e-06	0.990502   	0.999999   	7.34495e-05	8.28447e-05	0.990499   	0.999999   	-0.000140213	-9.30727e-05	0.9905     	0.00870148 	1.24567    	2.31615    	0.00868504 	0.00854532 	1.26398    	2.22163    	0.00854796 	0.00841858 	1.37682    	2.25034    	0.0084195  	0.00842064 	1.39789    	2.23782    	0.0084107  	0.00860092 	1.28507    	2.47684    	0.00857096 	0.00871028 	1.26518    	2.29278    	0.00870684 	0.00870353 	1.35933    	2.23719    	0.00869582 	0.00836548 	1.28032    	1.91766    	0.00835028 	0.00858825 	1.37665    	1.92383    	0.00858135 	0.00869428 	1.32321    	2.15168    	0.00868732 	0.00848968 	1.23788    	1.98776    	0.00849373 	0.0087525  	1.30229    	2.48475    	0.00876234 	0.0088818  	1.28485    	2.14454    	0.00886179 	0.00858049 	1.45951    	2.11302    	0.0085891  	0.00858389 	1.40576    	2.37493    	0.0085877  	10.973	11.0452	10.842	10.8269	11.1188	11.0373	11.485	10.7041	11.0382	10.6297	10.9377	11.6196	11.3258	11.6328	10.8933	1          	-1.09426e-06	-2.79807e-09	0.990499   	0.0304951  	0.135079   	0.136044   	0.0304953  	3.0867	
6e-11      	7.2        	0.999998   	-4.21341e-05	-0.000499673	0.987907   	0.999997   	-9.41122e-06	0.000819638	0.98791    	0.999998   	4.69814e-05	-0.000331226	0.987908   	0.999997   	0.000144948	0.000492141	0.987917   	0.999997   	-2.45909e-06	0.000504905	0.987916   	0.999997   	-0.000128645	-0.000995122	0.987911   	0.999997   	-1.71901e-06	0.000153902	0.987904   	0.999997   	-7.93144e-05	0.000191699	0.987915   	0.999997   	7.96746e-05	-0.00036628	0.987921   	0.999997   	-8.9933e-06	0.000184088	0.987918   	0.999997   	5.61332e-05	-0.000417179	0.987901   	0.999997   	-3.46262e-05	0.000223212	0.987902   	0.999997   	-1.95962e-05	-0.000576227	0.987921   	0.999998   	-8.85733e-05	-1.00505e-05	0.987907   	0.999997   	8.57974e-05	0.00059283 	0.987913   	0.0231968  	1.77994    	4.96034    	0.0231139  	0.0245112  	1.87173    	5.94723    	0.0244342  	0.0204038  	2.0159     	5.05149    	0.0203819  	0.0217947  	2.13724    	6.83895    	0.0217569  	0.0208444  	1.89825    	6.08433    	0.020862   	0.0198889  	1.86477    	6.06788    	0.0198414  	0.0228948  	2.07618    	6.35415    	0.0228619  	0.0201599  	2.05153    	7.58116    	0.0200314  	0.0214925  	2.20965    	6.08888    	0.0213631  	0.0213036  	2.21505    	5.71136    	0.0213512  	0.0208582  	1.87316    	6.68612    	0.0207898  	0.022349   	1.89928    	7.58712    	0.0223047  	0.0216762  	2.40797    	5.75725    	0.0217106  	0.0208938  	2.0348     	4.8553     	0.0208542  	0.021676   	2.11556    	5.48521    	0.0216167  	18.0766	19.4912	17.759	18.2158	17.0073	16.2049	17.2422	17.4063	18.1216	17.6854	17.7871	16.7129	18.4096	17.175	18.0407	1          	-1.31341e-07	-2.22313e-06	0.987909   	0.127155   	0.135108   	0.141663   	0.127155   	3.81786	
7e-11      	7          	0.995824   	0.000162147	0.0828572  	0.975496   	0.999589   	-5.11613e-05	-0.0226421 	0.968402   	0.997895   	-0.000121107	-0.0609748 	0.969018   	0.998759   	-9.61358e-05	0.0470469  	0.967217   	0.995695   	0.000106281	-0.0844598 	0.975331   	0.998995   	-8.3661e-06	0.0381655  	0.970131   	0.998186   	-0.000200162	-0.0525174 	0.972109   	0.999476   	0.000206573	-0.0309724 	0.966084   	0.995883   	3.09419e-07	0.0829974  	0.97422    	0.996296   	0.000300943	-0.0794078 	0.972567   	0.997217   	7.10405e-05	0.0662308  	0.973899   	0.999898   	-0.0003904 	0.0131769  	0.966063   	0.99993    	9.35983e-05	0.00554642 	0.967007   	0.996984   	-0.000219567	0.0721388  	0.970838   	0.996307   	0.000115511	-0.0772466 	0.974951   	5.33819    	2.16731    	2256.54    	10.9501    	14.1549    	2.60953    	462.495    	11.9922    	18.839     	2.56703    	732.492    	13.6908    	24.4583    	2.31259    	397.049    	19.3813    	5.64881    	2.6766     	2242.11    	13.4173    	10.9735    	2.4047     	831.607    	6.97634    	9.60799    	2.70508    	1313.4     	5.29831    	25.8265    	2.64836    	128.286    	23.2703    	6.76731    	2.76547    	2039.15    	13.1179    	10.0817    	2.01595    	1663.78    	12.0844    	8.28287    	2.57109    	1786.69    	5.66253    	22.3352    	2.19121    	43.4157    	22.1448    	17.0814    	2.64783    	161.102    	16.7672    	14.2284    	2.96504    	1241.82    	11.2946    	6.3473     	2.37231    	2153.39    	8.0222     	3666.49	1077.55	3408.21	5360.34	3254.23	2210.69	4941.73	6006.41	2030.47	2001.04	5716.38	3439.88	1316.83	2704.74	4601.71	1          	-1.79752e-06	-4.41713e-06	0.968742   	152.743    	0.136571   	0.139642   	152.743    	564.136	
8e-11      	6.8        	0.968033   	4.91057e-05	0.250105   	0.973639   	0.994986   	-8.51546e-05	-0.099581  	0.939176   	0.987545   	5.20972e-05	-0.156987  	0.954371   	0.99359    	-0.000109185	0.112751   	0.946389   	0.967616   	-9.99633e-05	-0.251682  	0.975763   	0.989124   	0.000223586	0.146559   	0.945255   	0.982357   	7.17187e-06	-0.186386  	0.95307    	0.99806    	7.83524e-05	-0.0620588 	0.939874   	0.969965   	-8.98761e-05	0.242573   	0.974447   	0.974803   	-6.84112e-05	-0.222483  	0.969741   	0.97602    	-7.31376e-05	0.216962   	0.961215   	0.999966   	0.000140427	0.00736559 	0.93607    	0.998848   	-8.98077e-05	0.0475345  	0.935898   	0.980864   	8.60062e-06	0.194246   	0.962678   	0.970857   	9.09367e-05	-0.238905  	0.968578   	9.14732    	2.12637    	546.981    	8.97944    	3.56628    	2.71481    	120.927    	5.28168    	4.77717    	2.40508    	168.517    	13.8297    	8.37089    	2.40799    	98.85      	13.6415    	7.42129    	2.16393    	577.381    	12.2279    	3.41043    	2.47032    	219.554    	4.36301    	5.19329    	2.22047    	342.103    	4.62117    	8.59148    	2.21915    	35.3962    	9.68097    	3.81013    	2.15178    	506.613    	14.8257    	2.06689    	2.32754    	406.267    	15.5461    	7.19716    	2.08155    	462.99     	6.31294    	7.37407    	2.26595    	17.2981    	7.33952    	5.26963    	1.96496    	59.2572    	6.21092    	2.30206    	2.41779    	270.737    	15.065     	9.42875    	2.27798    	542.355    	7.40146    	7405.24	1415.23	4229.13	7811.98	5909.62	1162.33	2792.31	7799.8	2613.63	1252.23	4955.9	6042.17	3635.09	1732.76	7388.78	1          	2.02948e-06	8.40449e-07	0.939818   	23.349     	0.141527   	0.14486    	23.349     	68.6672	
9e-11      	6.6        	0.933241   	-0.000127765	0.35896    	0.974781   	0.989252   	-8.65429e-05	-0.14595   	0.919892   	0.97366    	0.000235548	-0.227914  	0.942731   	0.986485   	-1.15804e-05	0.163804   	0.930058   	0.932714   	1.31453e-05	-0.360356  	0.977514   	0.976828   	1.93292e-06	0.213753   	0.929948   	0.962596   	-9.72239e-05	-0.270674  	0.942757   	0.995945   	0.000144075	-0.0899231 	0.919983   	0.937529   	-3.06225e-05	0.347699   	0.974797   	0.946836   	0.000136192	-0.321545  	0.967226   	0.949122   	-0.000199445	0.314645   	0.955926   	0.999934   	7.3459e-05 	0.0105906  	0.914592   	0.997535   	-7.99184e-07	0.0698778  	0.914567   	0.959546   	8.49401e-05	0.281422   	0.955827   	0.938763   	-0.000117391	-0.344297  	0.967343   	12.4367    	2.13034    	316.187    	10.758     	11.9727    	2.29068    	117.364    	23.548     	1.51548    	2.15545    	59.2003    	3.20361    	3.92577    	2.19119    	20.2645    	5.67271    	15.2639    	2.14769    	279.697    	6.37833    	5.39977    	2.23792    	178.052    	23.6372    	1.63962    	2.61974    	225.398    	21.4745    	8.31899    	2.5651     	8.18402    	7.99518    	12.5664    	2.87681    	208.233    	3.32776    	8.79106    	2.40308    	156.237    	2.12348    	1.80482    	2.74648    	258.537    	18.8948    	12.046     	2.30852    	23.1149    	11.8009    	13.2574    	2.39754    	56.8633    	16.7421    	3.56421    	2.63256    	104.476    	2.12561    	5.6108     	2.49035    	282.733    	14.5604    	11033	11044.3	796.692	3255.94	13756.7	4629.6	809.296	7509.77	11079.5	7430.5	833.596	11183	12202.4	2515.89	4576.62	1          	5.74195e-07	-4.17948e-07	0.912534   	11.225     	0.136948   	0.143731   	11.225     	26.7694	
1e-10      	6.4        	0.886579   	0.000135382	0.462335   	0.978746   	0.980048   	-0.000129281	-0.198523  	0.912881   	0.957328   	-1.70542e-05	-0.288956  	0.933918   	0.978729   	-8.64509e-05	0.205131   	0.918965   	0.886211   	-7.83283e-05	-0.463074  	0.980543   	0.958528   	0.000156753	0.284747   	0.926521   	0.934936   	1.36394e-05	-0.354604  	0.942118   	0.994299   	-0.000164148	-0.106558  	0.907283   	0.896281   	0.000152051	0.443343   	0.974542   	0.913383   	0.000183583	-0.407     	0.963238   	0.913371   	-9.29302e-05	0.406936   	0.957304   	0.999984   	-9.94423e-05	0.00224727 	0.902195   	0.99488    	2.31572e-05	0.100831   	0.904307   	0.93447    	-0.000219015	0.355975   	0.949248   	0.896474   	0.000194463	-0.442903  	0.970074   	42.0131    	1.97986    	306.04     	5.7595     	20.8032    	2.41063    	150.964    	45.938     	4.50565    	2.51089    	43.8445    	12.2421    	19.3296    	2.58884    	12.6374    	20.5548    	41.5425    	2.03003    	258.589    	3.24449    	4.76983    	2.32695    	228.162    	37.5546    	1.92834    	2.61981    	232.038    	22.0726    	31.3411    	2.96656    	14.3018    	28.5825    	25.4695    	2.08098    	168.501    	1.73645    	9.83798    	2.57782    	113.341    	2.71197    	10.2237    	2.25395    	229.812    	11.8973    	35.2372    	2.39552    	33.1433    	35.1577    	28.5964    	2.25176    	68.1237    	36.8906    	1.61256    	2.22126    	69.6205    	5.18221    	23.2462    	2.37345    	239.835    	7.13506    	37010.6	18704.4	3882.2	17419.1	36167.4	4286.98	1250.84	28363.7	21695.8	8017.02	8559.1	31543.1	25533.2	955.202	19911.6	1          	-3.03042e-08	-1.58635e-06	0.885464   	7.59155    	0.140144   	0.139074   	7.59155    	17.0568	
1.1e-10    	6.2        	0.832544   	-0.000169314	0.553862   	0.982093   	0.969103   	6.95674e-05	-0.246579  	0.912599   	0.939789   	0.000117857	-0.341733  	0.92948    	0.970374   	-1.63641e-05	0.241573   	0.91572    	0.831943   	0.000118505	-0.554777  	0.983089   	0.937438   	-0.000113011	0.348109   	0.927055   	0.904255   	-6.51042e-05	-0.426948  	0.941608   	0.992465   	-0.000193851	-0.122461  	0.902967   	0.849665   	0.000252066	0.52725    	0.974394   	0.877269   	-0.000112354	-0.479943  	0.960052   	0.874697   	-6.22118e-05	0.484617   	0.956931   	0.999987   	0.000187631	-0.0037373 	0.896324   	0.991664   	-5.05262e-05	0.128775   	0.900273   	0.907771   	-6.85219e-05	0.419432   	0.944259   	0.849565   	0.000118067	-0.527412  	0.971814   	31.8579    	2.07005    	135.272    	3.13293    	15.1044    	2.86864    	63.0358    	30.9314    	3.30553    	2.75623    	25.6634    	9.36535    	12.9635    	2.52898    	27.4663    	20.3566    	29.4869    	2.56853    	116.154    	2.17119    	3.60297    	1.9679     	51.9416    	15.4406    	1.7009     	2.64513    	57.8645    	6.97279    	21.1421    	2.48868    	22.3186    	24.221     	18.1432    	2.56124    	99.1479    	3.08586    	9.8862     	2.26695    	71.4635    	2.24754    	5.09248    	2.39384    	75.0394    	5.8494     	23.1622    	2.49772    	12.9315    	23.1497    	22.438     	2.57299    	27.8581    	27.4263    	2.73274    	2.33485    	39.7482    	2.50637    	13.7874    	2.30075    	105.532    	5.6596     	25918.6	13061.3	2720.66	11109.6	23671.4	2982.28	1054.82	17941.8	14442.3	7697.31	3776.95	19490.4	18916.6	1913.77	10924.4	1          	1.44033e-06	2.30883e-06	0.85851    	5.65985    	0.135333   	0.146077   	5.65985    	12.4622	
1.2e-10    	6          	0.781426   	-4.60161e-05	0.623975   	0.984049   	0.957092   	-3.68652e-06	-0.289766  	0.910249   	0.925644   	7.06946e-05	-0.378379  	0.92324    	0.963061   	0.000105989	0.269246   	0.910828   	0.78234    	-4.69967e-05	-0.622823  	0.984183   	0.91779    	-5.59e-05  	0.397058   	0.923539   	0.876858   	0.000233675	-0.480741  	0.93666    	0.991054   	-4.94111e-05	-0.133315  	0.894305   	0.80972    	-0.00017698	0.586772   	0.972409   	0.84791    	0.000154067	-0.530098  	0.9537     	0.839462   	-0.00013948	0.543402   	0.95415    	0.999877   	-2.80274e-05	-0.0149168 	0.88549    	0.987104   	0.000166697	0.160039   	0.893758   	0.886459   	2.41371e-05	0.462783   	0.936027   	0.805099   	-0.000170019	-0.593115  	0.972535   	12.873     	2.53362    	29.0524    	0.378537   	6.47907    	2.89594    	14.5431    	8.85475    	2.39141    	2.84978    	17.182     	4.62272    	6.37027    	2.59948    	30.1989    	13.0997    	15.7407    	2.82488    	38.9307    	0.694069   	3.10064    	2.65286    	8.1977     	3.82539    	1.6619     	2.51984    	8.03372    	1.00527    	12.5713    	2.4322     	54.8716    	19.2247    	12.8833    	2.35526    	67.333     	4.25933    	7.16929    	2.37469    	58.7309    	4.13673    	4.24103    	2.19482    	21.4234    	1.29733    	16.2157    	2.42074    	27.4294    	15.8821    	13.5018    	2.39039    	15.0342    	14.2313    	2.33104    	2.78935    	29.4911    	2.49293    	9.23974    	2.6328     	35.7101    	1.45433    	9277.09	5210.7	1836.99	5233.09	11512.8	2300.56	1103.3	10125.2	9678.25	5467.72	2971.52	12549.4	10801.4	1648.38	6667.16	1          	1.02241e-06	5.56609e-06	0.83163    	4.68568    	0.134577   	0.141025   	4.68568    	10.3985	
1.3e-10    	5.8        	0.731328   	-0.000278201	0.682015   	0.985187   	0.947197   	0.000139825	-0.320633  	0.906191   	0.909749   	0.000171196	-0.415149  	0.918101   	0.951698   	9.49456e-05	0.30701    	0.908812   	0.730715   	-1.3289e-05	-0.68267   	0.986074   	0.903199   	-8.59971e-05	0.429206   	0.917358   	0.855799   	0.000175287	-0.517301  	0.927307   	0.986248   	-0.000217601	-0.165236  	0.888701   	0.764519   	1.81532e-05	0.644585   	0.973832   	0.814295   	4.19898e-05	-0.580441  	0.950167   	0.809264   	-1.25386e-05	0.587433   	0.947237   	0.999975   	-1.95944e-05	-0.00626186	0.874367   	0.98422    	-9.10618e-05	0.176916   	0.884718   	0.863108   	-5.41324e-05	0.505013   	0.929006   	0.764269   	0.00012472 	-0.644887  	0.97079    	8.03147    	2.0315     	12.6605    	0.170187   	3.13023    	2.76811    	16.0786    	4.86773    	2.80289    	2.53256    	8.69713    	2.39829    	4.84572    	2.47433    	19.1681    	5.79633    	10.1677    	2.63488    	14.8164    	0.164331   	4.38457    	2.36089    	14.8342    	3.40793    	1.66524    	2.25568    	7.91475    	1.56298    	7.51126    	2.19736    	15.1611    	9.67539    	8.46448    	2.27587    	21.97      	0.96989    	2.4958     	2.85207    	14.7546    	2.86264    	5.92436    	2.03974    	15.0576    	1.37579    	8.26325    	2.89793    	9.77921    	8.26023    	3.89779    	2.42066    	13.4709    	5.29435    	1.34374    	2.47937    	5.97561    	1.06128    	5.38646    	2.49384    	13.8699    	0.66362    	5265.07	2388.25	2112.14	3768.39	6756.58	3188.89	1040.79	5689.03	5816.7	1641.44	4137.8	6163.42	2943.33	871.62	3553.65	1          	-6.52312e-07	3.90682e-06	0.804788   	3.8277     	0.136105   	0.145493   	3.82771    	8.2394	
1.4e-10    	5.6        	0.686722   	6.23884e-05	0.726914   	0.98614    	0.937252   	-0.000259399	-0.348643  	0.899053   	0.895938   	0.000211922	-0.444171  	0.908048   	0.940648   	-0.000136653	0.339374   	0.900118   	0.686062   	0.000230387	-0.727538  	0.98613    	0.891363   	-0.000131301	0.453283   	0.9089     	0.838743   	-5.28023e-05	-0.544521  	0.918225   	0.981776   	4.17247e-05	-0.190022  	0.875603   	0.725934   	-1.21493e-06	0.687758   	0.970185   	0.785621   	-4.43714e-05	-0.618692  	0.942465   	0.781795   	-1.4284e-05	0.62353    	0.940187   	0.999981   	7.57612e-05	-0.00414364	0.858903   	0.980051   	-0.000135437	0.198711   	0.872153   	0.844375   	0.000126123	0.535736   	0.917379   	0.727077   	-1.3033e-06	-0.686551  	0.969266   	5.28655    	2.5319     	6.16485    	0.159424   	3.45839    	2.54023    	6.80227    	3.39917    	1.48052    	2.20113    	8.30341    	1.87905    	2.31934    	2.40039    	7.57793    	2.93173    	5.29658    	2.41362    	5.74794    	0.124741   	1.97511    	2.35307    	5.14369    	1.7727     	2.05033    	2.69058    	5.48383    	0.775829   	4.08052    	2.7111     	8.06066    	4.70048    	3.02818    	2.54953    	8.64123    	1.22492    	5.62071    	3.0206     	19.9049    	1.98815    	2.38291    	3.19389    	5.07861    	1.00559    	5.44147    	3.17966    	20.4785    	5.3821     	7.52684    	2.64942    	12.9821    	5.98652    	4.0097     	2.68103    	18.806     	1.82199    	2.65527    	2.41033    	7.77197    	1.34618    	3205.88	2436.29	1012.79	1606.17	3276.7	1328.75	1384.7	2719.91	1878.08	3690.95	1594.81	3591.96	5044.28	2670.65	1701.09	1          	-1.72744e-07	-1.13731e-05	0.777955   	3.39601    	0.142002   	0.143723   	3.39601    	7.65211	
1.5e-10    	5.4        	0.644242   	-0.00020149	0.764817   	0.986022   	0.930374   	6.0895e-05 	-0.366585  	0.88983    	0.879142   	0.000155482	-0.476545  	0.898321   	0.929623   	-4.17782e-05	0.368497   	0.891787   	0.642059   	4.87108e-05	-0.76665   	0.986495   	0.879343   	-5.44026e-06	0.476181   	0.898824   	0.82457    	-0.000204305	-0.56575   	0.906365   	0.975897   	-0.000165018	-0.218197  	0.861027   	0.688439   	0.000338161	0.725283   	0.967267   	0.758345   	-0.000310026	-0.651843  	0.93431    	0.756972   	0.000177017	0.653439   	0.930979   	0.99999    	0.000130123	0.000269257	0.840605   	0.97769    	0.000203034	0.209986   	0.853461   	0.82573    	-0.000101693	0.564057   	0.906908   	0.696005   	-7.49448e-05	-0.718024  	0.962934   	4.65089    	2.13368    	5.79831    	0.325131   	1.83847    	2.76399    	24.2753    	2.96554    	4.31317    	2.65823    	11.8011    	1.07187    	1.83446    	3.08886    	10.686     	2.80818    	4.67511    	2.66387    	4.99632    	0.313536   	2.68566    	2.64761    	5.55845    	1.54592    	5.77865    	2.62509    	9.73838    	3.98189    	5.79227    	3.08253    	15.6355    	6.53285    	11.7365    	2.61709    	10.3787    	1.3954     	3.5691     	2.57724    	15.46      	2.48791    	4.06596    	2.43964    	9.81552    	1.72943    	7.2969     	3.18198    	19.8851    	7.31208    	10.2541    	3.22247    	34.1603    	14.953     	2.27895    	2.36342    	11.1544    	3.30575    	5.16389    	2.61029    	28.4113    	7.64216    	2711.95	1222.14	2761.83	1173.74	2716.23	1638.26	3627	3576.93	7067.58	2276.68	2457.07	4943.24	6224.74	1536.7	3421.42	1          	-5.01496e-07	-3.96328e-06	0.751101   	3.08266    	0.142826   	0.145501   	3.08266    	7.23638	
1.6e-10    	5.2        	0.605132   	0.000187935	0.796122   	0.985865   	0.923446   	-0.000119073	-0.383718  	0.87815    	0.862936   	-8.2671e-05	-0.505307  	0.886329   	0.919602   	0.00023109 	0.392844   	0.881838   	0.600358   	-0.000288715	-0.799727  	0.986844   	0.866362   	0.000107465	0.499411   	0.887352   	0.811936   	3.03615e-05	-0.583738  	0.894674   	0.969348   	-0.000175023	-0.245663  	0.844677   	0.651622   	0.000124835	0.758538   	0.96304    	0.73194    	-6.61716e-05	-0.681365  	0.926101   	0.733914   	0.000135266	0.679237   	0.920104   	0.999973   	-8.21038e-05	0.00651648 	0.819883   	0.97533    	9.85569e-05	0.220728   	0.828285   	0.810766   	-3.48266e-05	0.585363   	0.896143   	0.669688   	-4.49853e-05	-0.742639  	0.953105   	3.25       	2.21015    	2.78422    	0.147867   	1.253      	3.51707    	7.33371    	1.63405    	1.87709    	2.83539    	4.09556    	0.8237     	1.51656    	2.94116    	5.92618    	1.93767    	3.53761    	2.36766    	3.36637    	0.265099   	1.48369    	3.60375    	3.76566    	0.968459   	2.30642    	2.32067    	8.69909    	1.48572    	4.52596    	3.40659    	12.687     	4.50259    	3.67973    	2.64892    	6.76924    	1.29129    	2.65801    	3.30429    	4.63776    	1.08199    	3.06308    	2.84103    	6.22869    	1.24381    	3.20317    	3.22895    	9.32637    	3.19452    	4.11844    	2.87401    	8.73202    	3.47445    	2.46191    	2.84906    	8.00572    	1.47525    	2.99162    	2.4532     	3.7364     	0.698402   	1721.64	869.668	1104.83	1020.28	1833.59	883.9	1404.65	2613.4	2046.91	1533.99	1711.14	1736.89	2179.91	1483.59	1735.83	1          	2.21238e-06	3.10022e-06	0.724196   	2.80285    	0.146874   	0.145426   	2.80284    	6.68624	
1.7e-10    	5          	0.561383   	4.34809e-05	0.827553   	0.986992   	0.91307    	0.000158068	-0.407794  	0.86978    	0.849244   	-0.000203691	-0.527995  	0.875281   	0.909263   	4.7293e-05 	0.416215   	0.873003   	0.556739   	1.94445e-05	-0.830685  	0.987714   	0.852868   	-6.71248e-05	0.522122   	0.876684   	0.797742   	0.000136835	-0.602993  	0.882537   	0.963194   	-0.000148947	-0.268789  	0.827656   	0.615969   	9.50418e-06	0.787768   	0.959025   	0.708712   	7.82162e-05	-0.705494  	0.916281   	0.709597   	-9.17935e-06	0.704604   	0.910122   	0.999982   	-8.05887e-05	0.00543323 	0.79691    	0.970546   	3.70235e-05	0.240899   	0.80666    	0.796909   	-0.000177671	0.604094   	0.883142   	0.639052   	0.000147761	-0.769161  	0.947095   	2.67611    	2.55376    	1.69475    	0.103038   	1.38407    	2.80147    	4.812      	1.06839    	1.4662     	3.06562    	3.66315    	0.871728   	1.0977     	3.22118    	3.53996    	1.12573    	2.96856    	2.2242     	1.6363     	0.0459596  	1.41797    	3.09651    	2.62099    	0.935468   	1.75098    	3.53251    	4.7344     	0.971611   	2.78181    	3.75663    	5.60614    	2.25261    	2.35125    	2.90809    	2.33767    	0.477964   	1.94871    	2.83235    	3.23608    	0.940573   	1.94769    	2.2752     	3.27305    	0.978823   	2.80503    	2.90331    	4.60284    	2.8074     	2.37303    	2.63778    	5.25957    	2.07543    	2.05837    	2.72977    	3.9585     	1.00452    	2.30185    	2.83129    	2.21069    	0.64699    	1299.81	798.096	837.564	666.784	1453.71	781.586	1012.51	1376.08	1225.71	1084.71	1051.13	1316.13	1162.03	1215.94	1195.08	1          	2.11311e-06	-4.06235e-06	0.697263   	2.59276    	0.143201   	0.153376   	2.59276    	6.29293	
1.8e-10    	4.8        	0.519731   	-2.06475e-05	0.854328   	0.987742   	0.902821   	-6.68236e-05	-0.430009  	0.859536   	0.835618   	6.99874e-05	-0.549306  	0.863307   	0.899751   	0.000232563	0.436397   	0.862937   	0.514511   	-0.000176412	-0.857481  	0.98822    	0.838556   	-3.59151e-05	0.544811   	0.86552    	0.783549   	3.68992e-05	-0.621325  	0.870333   	0.956868   	6.20192e-05	-0.290511  	0.809327   	0.581104   	-7.834e-05 	0.813827   	0.954458   	0.684369   	-4.79804e-05	-0.729132  	0.906441   	0.685075   	3.49566e-05	0.72847    	0.900416   	0.999983   	-1.83275e-05	0.00526856 	0.774022   	0.96573    	6.10244e-05	0.259535   	0.78352    	0.783183   	-5.32991e-06	0.621787   	0.870601   	0.609096   	-4.81214e-05	-0.793093  	0.939942   	2.94338    	2.77529    	1.34223    	0.0503735  	1.20706    	3.72578    	3.26512    	1.12518    	1.48512    	3.61742    	2.33316    	0.962766   	0.957082   	3.6487     	2.71769    	0.821957   	2.44777    	2.73521    	1.08313    	0.0320239  	1.24973    	3.38686    	2.05684    	0.725889   	1.97403    	2.7347     	2.85434    	0.798658   	1.72892    	3.3407     	3.83354    	1.39256    	2.32002    	3.00142    	1.37056    	0.344936   	2.05351    	3.18641    	2.27191    	0.614067   	1.89416    	2.58073    	2.07647    	0.653425   	2.26599    	3.87208    	2.68398    	2.26793    	1.80792    	3.77449    	2.92029    	1.76849    	1.59227    	3.02609    	2.07899    	0.780267   	2.18073    	2.82351    	1.68937    	0.477693   	1381.54	637.685	768.317	545.275	1115.6	647.019	1050.06	785.186	1076.06	1054.5	941.395	1002.92	813.182	836.541	1040.78	1          	-4.23922e-06	-3.41977e-06	0.670311   	2.40475    	0.139534   	0.159414   	2.40474    	5.65946	
1.9e-10    	4.6        	0.47756    	-9.19744e-05	0.878597   	0.988308   	0.892602   	2.65131e-05	-0.45084   	0.849277   	0.821698   	8.23759e-05	-0.569919  	0.851777   	0.890036   	-0.000166412	0.455885   	0.852075   	0.47308    	0.000167357	-0.881017  	0.988638   	0.824318   	-2.25117e-05	0.566123   	0.853848   	0.769039   	-7.07672e-05	-0.639198  	0.858389   	0.950425   	-4.17378e-05	-0.310943  	0.790538   	0.546153   	0.000100864	0.837683   	0.949534   	0.660075   	0.000226368	-0.751197  	0.896285   	0.659799   	0.000118348	0.751439   	0.891036   	0.99999    	-0.000404181	0.00376063 	0.750658   	0.960631   	-6.70581e-06	0.277814   	0.760544   	0.76891    	-0.000320068	0.639353   	0.858383   	0.578335   	0.000314033	-0.815797  	0.932781   	2.9536     	2.87892    	0.972289   	0.0230573  	1.2777     	3.86766    	2.63431    	1.01634    	1.45327    	3.92491    	2.23536    	0.971838   	0.964458   	3.63822    	2.30071    	0.741567   	2.29293    	2.63806    	0.715966   	0.025025   	1.3393     	3.13606    	1.83276    	0.767267   	1.50015    	2.79061    	2.19783    	0.854325   	1.72637    	3.80694    	2.84186    	1.41453    	2.33153    	2.94896    	1.16541    	0.336723   	1.8767     	3.28501    	1.90077    	0.627135   	1.79216    	2.91433    	1.50496    	0.563445   	2.04732    	3.75044    	2.25928    	2.04869    	2.66125    	3.54535    	2.25659    	2.09226    	1.90244    	2.84769    	2.99088    	0.696025   	1.82582    	2.95653    	1.34139    	0.449272   	1281.06	623.535	677.114	473.7	1011.19	626.407	746.537	744.899	1022.54	865.105	822.758	841.297	1103	902.879	818.069	1          	2.78492e-06	-3.36216e-06	0.643346   	2.23301    	0.144539   	0.153171   	2.233      	5.67066	
2e-10      	4.4        	0.436305   	0.000314362	0.899796   	0.988724   	0.882635   	-2.82229e-05	-0.470052  	0.838169   	0.807265   	-0.000328887	-0.590185  	0.839825   	0.8804     	0.000165597	0.474227   	0.840797   	0.43196    	-0.000174023	-0.901891  	0.988998   	0.809655   	6.67833e-05	0.586902   	0.841939   	0.754268   	0.000238656	-0.656564  	0.846258   	0.943605   	-9.16198e-05	-0.331066  	0.771526   	0.511053   	-0.000129325	0.859547   	0.944734   	0.634217   	-2.10419e-06	-0.773152  	0.886341   	0.634252   	-0.000109968	0.773123   	0.881862   	0.999991   	0.000142136	0.00355077 	0.727664   	0.955377   	-0.000113832	0.295375   	0.737228   	0.754105   	0.000240202	0.65675    	0.846329   	0.547393   	-0.00011482	-0.836873  	0.925429   	2.31621    	2.96773    	0.660571   	0.0243393  	0.946682   	4.34258    	1.80219    	0.739996   	1.13071    	3.45655    	1.38805    	0.654898   	0.977994   	3.78399    	2.2552     	0.949795   	3.09477    	2.45674    	0.765395   	0.0200179  	1.74306    	3.35146    	1.40895    	0.943749   	1.25086    	2.90542    	1.18826    	0.687969   	1.54445    	3.41143    	1.77141    	1.53822    	2.35732    	2.98974    	1.10551    	0.320869   	1.50147    	3.2129     	1.00361    	0.603874   	1.96324    	3.43852    	1.22929    	0.510558   	1.38668    	3.6577     	1.68323    	1.38519    	1.93135    	4.17763    	2.54581    	1.65043    	1.6215     	3.44391    	2.02118    	0.773335   	2.0829     	2.89731    	1.09844    	0.370182   	894.419	466.308	500.707	451.648	1243.32	757.211	584.191	626.867	967.215	612.628	809.341	554.102	755.625	715.136	866.199	1          	6.55962e-06	1.29451e-05	0.616376   	2.15852    	0.138541   	0.150577   	2.15853    	5.10528	
2.1e-10    	4.2        	0.39501    	0.000227045	0.918675   	0.989063   	0.872645   	-0.000208179	-0.488348  	0.826798   	0.792557   	-8.09651e-05	-0.609794  	0.827867   	0.870656   	0.000106976	0.491887   	0.829149   	0.390983   	-0.000215653	-0.920396  	0.989266   	0.794847   	0.000160714	0.606806   	0.829912   	0.738581   	-0.000234001	-0.674162  	0.834301   	0.936736   	0.000151504	-0.350029  	0.752646   	0.475501   	9.09483e-05	0.879713   	0.939967   	0.608616   	8.36062e-05	-0.793462  	0.876629   	0.60772    	6.2853e-05 	0.794148   	0.872425   	0.999994   	-0.00016058	0.00247743 	0.704338   	0.949793   	0.000119256	0.312869   	0.714283   	0.73865    	3.37511e-06	0.674086   	0.834436   	0.515494   	-0.000100651	-0.856891  	0.918268   	2.30318    	3.25148    	0.469679   	0.0168181  	0.979079   	4.69811    	1.52933    	0.762458   	1.32209    	3.64635    	1.14726    	0.725852   	1.01121    	4.29827    	1.65837    	0.727347   	2.49995    	2.67178    	0.500169   	0.0153725  	1.39527    	3.29783    	1.30495    	0.727243   	1.27204    	3.49805    	1.12219    	0.577295   	1.50665    	3.848      	1.46181    	1.39088    	2.1204     	3.30499    	0.830394   	0.22284    	2.05837    	3.23784    	1.05357    	0.592826   	2.10806    	3.53134    	1.01249    	0.590627   	1.76992    	3.56526    	1.50433    	1.76985    	1.59736    	3.87864    	1.60736    	1.43434    	1.43968    	3.71449    	1.30558    	0.787458   	2.25886    	2.8192     	0.837979   	0.34338    	879.133	404.682	514.925	450.105	937.654	575.539	533.574	577.444	803.546	787.789	794.602	613.922	576.107	602.311	856.443	1          	9.98756e-07	8.05607e-06	0.589403   	2.03971    	0.146123   	0.155891   	2.03972    	4.86728	
2.2e-10    	4          	0.353833   	0.000335674	0.935306   	0.989332   	0.862453   	-0.000485511	-0.506132  	0.815064   	0.777753   	7.10912e-05	-0.628565  	0.815795   	0.860919   	-8.78931e-05	0.508737   	0.816986   	0.350552   	-1.4306e-05	-0.936541  	0.989479   	0.779612   	0.000117961	0.626259   	0.817498   	0.722645   	0.00021877 	-0.691216  	0.822413   	0.929478   	-0.000309955	-0.368869  	0.733575   	0.439498   	6.66785e-05	0.898242   	0.935208   	0.581753   	-0.000222741	-0.813363  	0.866713   	0.580977   	0.000113043	0.813917   	0.86341    	0.999995   	0.000136369	0.00178688 	0.681166   	0.94374    	0.000406698	0.330677   	0.691525   	0.722807   	-2.87481e-05	0.691047   	0.82259    	0.482822   	-0.000285074	-0.875716  	0.911281   	2.42219    	2.94133    	0.393972   	0.0164338  	1.0907     	4.43336    	1.31748    	0.713836   	1.28658    	3.84536    	1.13628    	0.718889   	0.973446   	3.53373    	1.1931     	0.727015   	2.39655    	2.88732    	0.362967   	0.0126037  	1.31164    	3.96258    	0.98962    	0.728869   	1.29142    	3.39293    	1.07342    	0.611483   	1.34967    	3.29453    	1.09466    	1.04411    	1.85886    	2.57689    	0.469586   	0.174056   	1.56062    	2.72       	0.637843   	0.462177   	1.59853    	3.42932    	0.632303   	0.439472   	1.08652    	4.0644     	0.977116   	1.08632    	1.46344    	4.32644    	0.86682    	1.23535    	1.35436    	3.75278    	0.867499   	0.734873   	2.04408    	3.33745    	0.514574   	0.280877   	807.982	428.514	504.677	380.9	819.957	497.606	472.511	468.846	663.329	530.467	567.308	404.997	504.387	519.743	702.293	1          	1.81763e-06	2.02016e-06	0.562427   	1.92799    	0.142894   	0.149799   	1.92799    	4.63421	
2.3e-10    	3.8        	0.31237    	0.000121382	0.949958   	0.989528   	0.852334   	-4.39469e-05	-0.522992  	0.803219   	0.762564   	-0.000166988	-0.646907  	0.803762   	0.851113   	-3.6263e-05	0.524977   	0.80452    	0.310331   	0.000189536	-0.950627  	0.989602   	0.764004   	-0.000205816	0.645207   	0.804935   	0.70612    	-0.000321183	-0.708088  	0.810741   	0.922087   	0.000497818	-0.386973  	0.7145     	0.402958   	-0.000102473	0.915217   	0.930407   	0.554271   	5.10831e-05	-0.832333  	0.85703    	0.55318    	0.000419516	0.833059   	0.854381   	0.999994   	-0.000637595	0.000907197	0.658262   	0.937414   	0.000261067	0.348203   	0.668638   	0.706175   	0.000216148	0.708033   	0.810597   	0.450001   	-0.00036645	-0.893026  	0.90446    	2.933      	2.85663    	0.356542   	0.0113237  	1.08301    	4.68906    	1.10266    	0.870025   	1.46956    	5.73562    	0.888046   	0.820578   	1.00688    	5.39883    	0.750311   	0.617128   	1.90428    	3.38077    	0.232838   	0.0126571  	0.884667   	5.15625    	0.78332    	0.552857   	1.26639    	4.16951    	0.787444   	0.472158   	1.12048    	4.32802    	1.08295    	0.905069   	1.69577    	3.23548    	0.389137   	0.151933   	1.74565    	4.47507    	0.514699   	0.397865   	1.70063    	3.66917    	0.529874   	0.419819   	1.006      	6.2967     	0.890606   	1.00592    	1.42274    	6.61309    	0.856415   	1.24369    	1.06307    	4.39145    	0.707781   	0.502682   	1.68967    	3.60526    	0.448842   	0.216406   	903.221	409.571	476.671	347.201	613.518	329.644	441.414	366.79	556.139	570.487	570.297	347.891	433.734	371.214	548.112	1          	-6.97742e-06	-6.3045e-06	0.535454   	1.85353    	0.131944   	0.154641   	1.85353    	4.49026	
2.4e-10    	3.6        	0.271599   	-0.000134483	0.962409   	0.989644   	0.842273   	0.000186634	-0.539046  	0.790779   	0.746888   	7.30504e-06	-0.664944  	0.791311   	0.841162   	0.000229664	0.540778   	0.791916   	0.269879   	-0.000190986	-0.962892  	0.9897     	0.748179   	2.73409e-05	0.663493   	0.792289   	0.688879   	-3.25976e-05	-0.724872  	0.798869   	0.914422   	-0.000617138	-0.404754  	0.695416   	0.36619    	0.000479734	0.930538   	0.925836   	0.526015   	-0.00016511	-0.850472  	0.847531   	0.525017   	-0.000205114	0.851088   	0.845252   	0.999995   	0.000512534	0.000708525	0.635285   	0.930683   	0.000168214	0.365814   	0.645967   	0.688923   	-2.60839e-05	0.72483    	0.798781   	0.416361   	-0.000112661	-0.909197  	0.897737   	2.07414    	3.50106    	0.187839   	0.0109905  	1.00389    	5.47221    	0.816822   	0.635455   	1.09524    	5.90445    	0.745126   	0.562539   	0.913285   	4.96513    	0.770974   	0.663353   	2.32997    	3.08324    	0.207705   	0.0107317  	1.19909    	4.95784    	0.618043   	0.641703   	1.41179    	4.79457    	0.596895   	0.677826   	1.03536    	4.27613    	0.791001   	0.834379   	2.0498     	3.33208    	0.27605    	0.159034   	1.7817     	4.59005    	0.437951   	0.371546   	1.60581    	4.83127    	0.474685   	0.396493   	1.25869    	6.02613    	0.62478    	1.25813    	1.46446    	4.82221    	0.692659   	1.19126    	1.15741    	5.30195    	0.688404   	0.60194    	1.96103    	3.29825    	0.347594   	0.19223    	592.551	335.198	345.549	312.313	671.699	385.104	448.197	324.024	596.93	534.438	483.169	387.825	418.47	374.175	574.872	1          	3.04179e-06	3.27253e-06	0.508484   	1.75664    	0.137591   	0.145737   	1.75664    	4.34395	
2.5e-10    	3.4        	0.230908   	6.14378e-05	0.972974   	0.989706   	0.832136   	-0.000421785	-0.554565  	0.778016   	0.730849   	0.000356235	-0.682534  	0.778641   	0.831244   	-0.000529674	0.555901   	0.779084   	0.229527   	0.000258851	-0.9733    	0.98975    	0.731855   	0.000182177	0.681455   	0.77946    	0.670985   	-0.00053516	-0.741467  	0.786908   	0.906443   	0.000710297	-0.422317  	0.676272   	0.329177   	-5.76315e-05	0.944266   	0.921407   	0.496671   	8.92125e-05	-0.867935  	0.83806    	0.496069   	0.000320592	0.86828    	0.836246   	0.999995   	-0.00059162	0.000498993	0.612757   	0.923494   	0.000771427	0.383603   	0.623542   	0.670947   	-0.000516361	0.741502   	0.786904   	0.382047   	-6.64908e-05	-0.92414   	0.891255   	1.96065    	3.64985    	0.134209   	0.0119449  	1.03303    	5.51567    	0.622314   	0.611607   	1.02638    	5.58014    	0.600328   	0.496992   	1.09528    	6.75395    	0.631404   	0.77064    	2.76413    	3.46734    	0.176217   	0.0112778  	1.32996    	5.67009    	0.559217   	0.76749    	1.32143    	4.26284    	0.419716   	0.564297   	1.07643    	6.33875    	0.5755     	0.949588   	2.05883    	3.89426    	0.250623   	0.136066   	1.40784    	5.11525    	0.326924   	0.330143   	1.52784    	4.83454    	0.348947   	0.320807   	1.13105    	5.41256    	0.560534   	1.13109    	1.12434    	4.01804    	0.554907   	0.983617   	1.17374    	4.47722    	0.429132   	0.434764   	1.48774    	4.04488    	0.256567   	0.152486   	544.076	327.876	317.993	340.01	722.373	388.148	383.323	312.529	531.118	412.765	427.238	310.575	312.112	347.704	409.882	1          	-4.51683e-07	3.82587e-06	0.481513   	1.74089    	0.144161   	0.155502   	1.74088    	4.38589	
2.6e-10    	3.2        	0.190118   	-5.24978e-05	0.981759   	0.989714   	0.821792   	0.000118047	-0.569782  	0.765009   	0.714629   	-6.0235e-05	-0.699499  	0.765906   	0.821163   	-0.000140479	0.570687   	0.765844   	0.189575   	-0.000128684	-0.981864  	0.98975    	0.715058   	0.000311704	0.699059   	0.766325   	0.652583   	-0.000364877	-0.757712  	0.775179   	0.898219   	0.000507901	-0.439536  	0.65723    	0.29133    	-5.52014e-05	0.95662    	0.916968   	0.466801   	0.000172631	-0.884359  	0.828633   	0.466391   	-0.000202034	0.884575   	0.827274   	0.999993   	4.66246e-05	0.000107294	0.590172   	0.915676   	-0.000312116	0.401897   	0.601211   	0.652523   	0.000220645	0.757764   	0.775072   	0.347014   	2.90268e-05	-0.937857  	0.884883   	2.26215    	3.10559    	0.10046    	0.0101574  	0.894927   	5.37833    	0.537878   	0.636653   	1.23111    	4.12857    	0.43854    	0.602089   	0.938457   	5.7974     	0.49286    	0.63632    	2.2579     	3.41321    	0.102541   	0.0110739  	1.22737    	7.18601    	0.454833   	0.622131   	1.09068    	6.38805    	0.412914   	0.468235   	1.12737    	6.52729    	0.462582   	0.916064   	1.9247     	3.67176    	0.175414   	0.0977964  	1.57224    	4.14305    	0.287617   	0.308146   	1.41004    	4.88912    	0.288673   	0.308652   	1.17683    	7.48322    	0.450419   	1.1776     	1.06535    	8.47474    	0.436165   	0.879856   	1.37394    	6.12446    	0.359868   	0.558045   	1.68353    	4.68521    	0.177568   	0.18424    	556.925	253.498	325.96	282.08	540.239	325.972	311.164	292.988	480.966	392.442	357.785	315.158	272.543	375.852	413.712	1          	1.38335e-06	4.34208e-06	0.454543   	1.68097    	0.141767   	0.153181   	1.68097    	4.00289	
2.7e-10    	3          	0.14926    	0.00017823 	0.988796   	0.989685   	0.811598   	-0.000542438	-0.584207  	0.751841   	0.697807   	0.00027986 	-0.716279  	0.752993   	0.810989   	0.000423375	0.585054   	0.752405   	0.14954    	-0.000548121	-0.988753  	0.989716   	0.697887   	0.000368028	0.716203   	0.753032   	0.633509   	0.000100018	-0.773731  	0.763153   	0.889516   	-0.000343789	-0.456892  	0.637862   	0.253687   	0.000142777	0.967284   	0.912744   	0.436005   	-0.000137003	-0.899941  	0.81925    	0.436253   	0.000240402	0.899821   	0.818319   	0.999992   	-0.000159832	-5.08628e-05	0.567579   	0.907254   	0.000281751	0.420565   	0.578994   	0.633458   	0.000291911	0.77377    	0.763183   	0.311434   	-0.000434432	-0.950265  	0.878711   	2.05495    	4.90656    	0.0605059  	0.0105373  	0.960452   	7.77115    	0.381456   	0.631855   	0.984733   	7.70727    	0.355619   	0.519899   	0.838037   	6.52733    	0.416745   	0.579101   	2.12971    	4.79705    	0.0637848  	0.0102999  	1.12806    	6.08138    	0.350377   	0.576669   	1.4591     	5.52889    	0.341705   	0.540502   	1.12811    	5.83587    	0.39472    	0.900132   	1.97328    	4.69519    	0.135351   	0.0998965  	1.30966    	5.71504    	0.212249   	0.292927   	1.5906     	4.05134    	0.222557   	0.273648   	1.0594     	7.62596    	0.366742   	1.05934    	1.09783    	7.74761    	0.32996    	0.905055   	1.19346    	9.86171    	0.323374   	0.473811   	1.75277    	4.67809    	0.145177   	0.166118   	479.75	256.045	265.741	248.285	474.06	292.552	356.318	267.1	447.47	311.062	365.045	261.236	261.664	295.24	405.282	1          	2.70765e-06	-2.82375e-06	0.427577   	1.67216    	0.140028   	0.159027   	1.67215    	4.12208	
2.8e-10    	2.8        	0.108665   	-0.000784136	0.994076   	0.989604   	0.801221   	0.000818881	-0.598356  	0.738202   	0.680616   	0.000354854	-0.732631  	0.739834   	0.800605   	-0.000362223	0.599182   	0.738658   	0.109536   	0.000589202	-0.993981  	0.989642   	0.680311   	-0.000524637	0.732915   	0.739572   	0.613783   	0.00114801 	-0.789464  	0.751273   	0.880519   	-0.00100924	-0.473992  	0.618677   	0.215258   	-0.000208015	0.976555   	0.908581   	0.404519   	0.000563663	-0.914526  	0.809965   	0.405367   	-0.000767336	0.914148   	0.809316   	0.999988   	0.000349228	-0.000144538	0.545015   	0.898103   	-0.000523927	0.43976    	0.557004   	0.613776   	-0.000638466	0.789473   	0.751325   	0.275095   	0.000778715	-0.961414  	0.872677   	2.13433    	5.17949    	0.0370642  	0.0105061  	0.956393   	11.847     	0.357059   	0.667224   	1.06442    	11.4101    	0.293722   	0.564346   	0.874191   	9.90164    	0.35834    	0.616135   	2.27187    	4.20725    	0.0378188  	0.00941721 	1.08506    	9.69647    	0.280846   	0.548067   	1.08036    	12.4952    	0.28624    	0.451224   	1.03738    	10.2347    	0.315865   	0.800207   	1.82816    	4.10917    	0.0924017  	0.0795527  	1.28308    	5.22033    	0.181138   	0.256844   	1.31611    	9.20761    	0.177862   	0.237671   	1.00765    	11.478     	0.335809   	1.00664    	1.17042    	9.96154    	0.301357   	0.954379   	1.12778    	9.28011    	0.261713   	0.47288    	1.6479     	4.76344    	0.125721   	0.134424   	434.267	239.816	240.139	220.465	460.998	259.016	252.273	233.248	389.851	277.662	278.547	225.282	254.674	259.724	341.255	1          	2.074e-07  	3.31322e-07	0.400607   	1.63473    	0.139037   	0.15968    	1.63473    	3.87494	
2.9e-10    	2.6        	0.0679871  	-0.00383174	0.997676   	0.989442   	0.790863   	0.00052176 	-0.611982  	0.724305   	0.662901   	0.00519307 	-0.748674  	0.726479   	0.790166   	-0.00279723	0.612871   	0.724733   	0.0695104  	0.00405977 	-0.99757   	0.989483   	0.662197   	-0.00331143	0.749316   	0.725857   	0.593403   	0.00453318 	-0.804886  	0.739247   	0.871132   	0.0025828  	-0.491011  	0.59926    	0.176641   	-0.00498829	0.984259   	0.904485   	0.372424   	0.00594577 	-0.928038  	0.800821   	0.373548   	-0.00446092	0.927595   	0.80023    	0.999982   	-0.00261612	-0.000142549	0.522502   	0.888095   	0.00145458 	0.459634   	0.534759   	0.593352   	-0.00610443	0.804907   	0.739305   	0.23866    	0.00416945 	-0.97109   	0.86685    	2.01019    	7.59163    	0.0222834  	0.0129312  	0.765919   	10.4772    	0.314655   	0.556491   	1.13264    	18.0067    	0.27536    	0.567792   	0.863523   	15.9965    	0.317303   	0.631401   	1.85034    	8.52225    	0.0230096  	0.0115516  	0.947363   	8.01168    	0.261204   	0.488074   	1.20777    	8.83308    	0.246178   	0.508349   	1.07286    	16.7022    	0.284789   	0.872823   	1.75505    	8.46371    	0.0796713  	0.0844896  	1.46243    	9.72043    	0.15477    	0.265284   	1.45201    	9.34357    	0.15493    	0.265817   	1.14825    	12.1861    	0.292997   	1.14739    	1.04627    	9.49277    	0.261916   	0.88274    	1.22516    	16.9173    	0.244115   	0.49055    	1.67251    	7.32873    	0.110166   	0.13324    	367.429	188.338	242.257	207.397	336.511	207.21	252.252	221.984	320.482	282.568	275.956	242.611	201.445	248.382	301.937	1          	6.47037e-06	1.12245e-05	0.373626   	1.61009    	0.145762   	0.159095   	1.61009    	3.76788	
3e-10      	2.4        	0.0358483  	-0.0163285 	0.999112   	0.985508   	0.777047   	-0.0328645 	-0.628347  	0.703913   	0.643036   	0.0574965  	-0.762877  	0.710945   	0.777867   	-0.0526969 	0.625521   	0.707444   	0.0376811  	0.0147018  	-0.999094  	0.98579    	0.639619   	0.030351   	0.767945   	0.707529   	0.570492   	-0.0133398 	-0.821154  	0.725041   	0.859726   	0.0436291  	-0.508337  	0.576221   	0.143999   	-0.0169044 	0.989349   	0.898797   	0.341796   	0.0294862  	-0.939136  	0.791207   	0.344795   	-0.00963288	0.93857    	0.790075   	0.999403   	-0.0300849 	0.00112753 	0.495053   	0.874879   	0.0301873  	0.483061   	0.506155   	0.571648   	-0.0449554 	0.818794   	0.726034   	0.209937   	0.0185063  	-0.977417  	0.859355   	51.3801    	294.2      	13.5612    	9.86848    	32.3938    	229.06     	3.00628    	25.9324    	8.96195    	983.364    	4.60139    	3.53152    	10.6723    	693.706    	4.87837    	7.08984    	47.9204    	224.7      	12.3048    	9.13078    	24.7191    	172.086    	2.29576    	16.2978    	9.97012    	52.5183    	0.923569   	5.91681    	8.6112     	296.912    	2.91145    	7.393      	23.0312    	192.362    	5.78202    	2.2578     	3.30228    	328.681    	1.9332     	0.393538   	3.62749    	105.786    	2.66846    	1.31947    	11.6085    	112.401    	0.516576   	10.4483    	24.1349    	132.673    	2.76429    	23.3573    	4.75593    	653.053    	2.19165    	1.54965    	28.7248    	251.426    	8.35445    	2.23353    	7434.09	3631.97	959.335	1137.27	6913.87	2744.25	1082.11	984.851	3475.04	607.187	616.816	1330.88	2738.87	520.79	4251.21	1          	-3.03523e-06	-1.00809e-05	0.346252   	3.38205    	0.14479    	0.161526   	3.38206    	5.56889	
3.1e-10    	2.2        	0.0371037  	-0.101266  	0.994026   	0.970817   	0.759271   	-0.0154829 	-0.650514  	0.663813   	0.601928   	0.173426   	-0.779283  	0.684263   	0.756522   	-0.13591   	0.639579   	0.674204   	0.039841   	0.0939399  	-0.994643  	0.970361   	0.602174   	-0.0121554 	0.798123   	0.670383   	0.533112   	0.046162   	-0.844648  	0.700142   	0.844993   	0.0922804  	-0.526684  	0.539248   	0.138018   	-0.0889266 	0.986324   	0.888357   	0.322216   	0.1058     	-0.940644  	0.780542   	0.315932   	-0.0897345 	0.944412   	0.777695   	0.999705   	-0.021962  	-0.00237799	0.454324   	0.860005   	0.000560027	0.510139   	0.462147   	0.535839   	-0.140138  	0.832459   	0.709832   	0.204323   	0.108012   	-0.972785  	0.850854   	80.0955    	335.784    	19.1956    	7.05194    	21.3869    	70.4449    	7.09909    	26.8608    	45.5084    	207.571    	4.15282    	11.2789    	35.2537    	88.2634    	6.96132    	26.3425    	85.0143    	320.061    	21.5021    	9.01427    	28.5364    	166.201    	5.05756    	24.2342    	17.9251    	172.183    	1.70388    	8.18929    	18.6084    	31.7378    	4.63863    	20.1078    	46.3757    	211.667    	10.1084    	1.84429    	13.3642    	150.231    	5.92438    	0.724997   	1.97906    	211.297    	2.43005    	0.624454   	20.4284    	33.9618    	1.56441    	21.425     	15.1825    	50.6579    	4.42371    	18.4136    	13.2859    	189.536    	0.777803   	1.08261    	27.9999    	286.75     	6.09439    	0.636687   	9626.28	1889.57	4323.66	3223.42	10279.6	2588.13	1541.98	1787.48	5955.42	1942.93	285.062	2022.36	1521.51	1209.63	3741.75	1          	1.00149e-05	4.57961e-06	0.317259   	4.64752    	0.14317    	0.159262   	4.64751    	7.3579	
3.2e-10    	2          	0.0358754  	-0.145225  	0.988724   	0.958451   	0.741432   	-0.00380863	-0.671005  	0.62821    	0.553527   	0.236195   	-0.798604  	0.658739   	0.729611   	-0.183864  	0.658662   	0.639536   	0.0401006  	0.136215   	-0.989846  	0.957293   	0.563564   	-0.0390172 	0.825133   	0.639098   	0.495766   	0.0744997  	-0.865247  	0.679877   	0.825007   	0.130187   	-0.549897  	0.50259    	0.128646   	-0.127234  	0.983481   	0.8799     	0.302571   	0.14775    	-0.941591  	0.77157    	0.285511   	-0.126053  	0.950041   	0.767024   	0.999427   	-0.0326316 	-0.00707945	0.413143   	0.844381   	-0.00773716	0.53566    	0.422883   	0.492724   	-0.194638  	0.848111   	0.695509   	0.196154   	0.152568   	-0.968612  	0.843963   	30.6343    	35.2859    	7.08849    	3.11164    	8.48713    	8.36398    	3.2148     	9.621      	17.3245    	21.8333    	1.94471    	5.28173    	16.241     	9.62677    	2.60673    	10.982     	33.4798    	27.3148    	6.84686    	3.30996    	11.8358    	13.1204    	2.67192    	8.0717     	5.74047    	5.75705    	1.0596     	2.33587    	10.0116    	7.68831    	1.77023    	8.11763    	14.2515    	17.1363    	2.57003    	0.687275   	4.50726    	20.9611    	1.93222    	0.471456   	2.57878    	11.6096    	1.04169    	0.616324   	9.5444     	7.09838    	1.15744    	9.39135    	6.70864    	6.6578     	3.24549    	8.12163    	9.35225    	27.7177    	0.805534   	1.03125    	14.7868    	25.2659    	2.92775    	0.50466    	3101.03	673.843	1394.45	1279.5	3386.17	956.703	489.456	884.621	1567.92	575.036	353.803	855.142	594.774	751.136	1589.99	1          	-8.81531e-06	-6.03062e-06	0.288369   	2.71854    	0.141069   	0.161052   	2.71854    	4.90797	
3.3e-10    	1.8        	0.0317395  	-0.173428  	0.984325   	0.947573   	0.718743   	0.00800196 	-0.695216  	0.593624   	0.505125   	0.276665   	-0.817483  	0.636123   	0.699436   	-0.2173    	0.680845   	0.605328   	0.0390538  	0.164245   	-0.985633  	0.945455   	0.520007   	-0.0619371 	0.851898   	0.61132    	0.456423   	0.0944101  	-0.884731  	0.66359    	0.801078   	0.163066   	-0.575893  	0.466902   	0.116358   	-0.153739  	0.981227   	0.872925   	0.282121   	0.17682    	-0.942935  	0.763993   	0.252937   	-0.146641  	0.9563     	0.757124   	0.998554   	-0.0521776 	-0.0113041 	0.3727     	0.823185   	-0.012486  	0.567611   	0.383941   	0.448803   	-0.228919  	0.863802   	0.682911   	0.186799   	0.178789   	-0.965983  	0.83732    	17.3112    	10.8383    	3.66753    	1.89304    	8.81187    	7.64916    	3.27982    	8.46268    	9.50524    	8.2057     	1.4752     	2.45887    	14.5235    	4.71629    	2.34214    	9.66967    	23.2717    	11.825     	4.05116    	1.96815    	9.20063    	9.47094    	1.87788    	4.48779    	4.53667    	6.49997    	1.23148    	1.46321    	9.68627    	6.97444    	1.92259    	7.67479    	10.1065    	11.5845    	1.57964    	0.560316   	4.18239    	10.6963    	1.23899    	0.746574   	3.80985    	5.4421     	1.14087    	0.789003   	8.64723    	7.58237    	1.3382     	8.54876    	7.80106    	4.41629    	3.65963    	9.04992    	4.94711    	8.75792    	1.26488    	1.25385    	10.0219    	9.55273    	2.05579    	0.625877   	1417.85	613.53	648.164	1025.3	1966.16	670.482	361.798	740.41	951.232	479.137	360.61	667.162	623.629	356.004	894.907	1          	1.82591e-05	5.55101e-06	0.259527   	2.23625    	0.143361   	0.158452   	2.23625    	4.33309	
3.4e-10    	1.6        	0.0262012  	-0.196487  	0.980148   	0.93767    	0.689197   	0.0220664  	-0.72422   	0.559025   	0.456899   	0.308345   	-0.834354  	0.616336   	0.662321   	-0.247324  	0.707206   	0.569664   	0.0409584  	0.188642   	-0.981178  	0.934056   	0.469914   	-0.0869366 	0.878405   	0.586036   	0.413795   	0.113012   	-0.90332   	0.651016   	0.772255   	0.197922   	-0.603666  	0.432835   	0.101714   	-0.177869  	0.978776   	0.868184   	0.26167    	0.202565   	-0.943651  	0.758529   	0.218753   	-0.163293  	0.962015   	0.749077   	0.996734   	-0.0789174 	-0.0158273 	0.331438   	0.799022   	-0.0142411 	0.601103   	0.34658    	0.398099   	-0.257727  	0.880384   	0.672675   	0.177473   	0.199352   	-0.963716  	0.83175    	14.6611    	6.92834    	2.74223    	1.37936    	12.251     	6.49056    	2.46123    	8.0874     	9.48186    	4.40877    	2.29617    	3.59935    	16.0642    	3.19463    	2.97594    	10.8785    	26.099     	8.57625    	4.18247    	2.06498    	9.99508    	7.48483    	2.07332    	4.3902     	4.80266    	5.04199    	1.56615    	1.26269    	8.20634    	6.49422    	2.52654    	6.23221    	6.59361    	10.2733    	1.18269    	0.73152    	6.59483    	10.3619    	1.67474    	1.175      	3.31884    	5.62402    	0.997537   	1.03988    	10.3644    	5.60156    	1.8196     	10.0568    	5.75433    	3.76008    	3.65199    	6.13855    	7.36285    	6.12137    	1.59117    	1.4736     	8.14042    	6.9518     	1.36919    	0.612744   	968.409	751.341	574.905	891.249	1659.06	605.289	335.5	521.482	501.361	560.189	293.303	677.039	407.3	452.839	625.992	1          	2.62319e-06	2.47513e-05	0.230626   	2.04521    	0.14897    	0.172398   	2.04521    	4.07252	
3.5e-10    	1.4        	0.0191477  	-0.214694  	0.976488   	0.92836    	0.651308   	0.0384984  	-0.757815  	0.523825   	0.410318   	0.330681   	-0.849868  	0.599723   	0.611985   	-0.279788  	0.739705   	0.531363   	0.0460788  	0.212011   	-0.97617   	0.923156   	0.41725    	-0.112881  	0.901738   	0.564828   	0.368783   	0.132133   	-0.920066  	0.643005   	0.737926   	0.235656   	-0.632377  	0.40016    	0.0843458  	-0.201237  	0.975899   	0.865546   	0.243457   	0.225029   	-0.94344   	0.756023   	0.180724   	-0.175704  	0.967707   	0.74364    	0.992878   	-0.11685   	-0.022101  	0.289361   	0.771626   	-0.0139231 	0.635877   	0.310209   	0.339708   	-0.280109  	0.89784    	0.665544   	0.1691     	0.214576   	-0.96195   	0.827308   	9.12545    	5.40052    	2.07143    	1.18949    	14.7025    	5.62178    	2.68831    	9.1061     	6.00265    	3.16477    	2.78779    	3.63431    	16.7178    	3.41202    	4.70174    	11.2937    	19.277     	6.92901    	3.40519    	1.64222    	10.4508    	5.26035    	3.16648    	3.40049    	6.13105    	6.27064    	1.64792    	1.91678    	7.29758    	3.4057     	2.77453    	5.28193    	5.46352    	7.96552    	1.1188     	1.20324    	5.52345    	6.56087    	1.41642    	1.89486    	5.33271    	4.26875    	1.96495    	1.91231    	8.41147    	4.1526     	2.50997    	8.07031    	7.48793    	4.35398    	5.29702    	7.90326    	10.266     	3.21594    	3.12091    	1.83999    	10.5677    	4.40441    	1.66203    	0.979327   	491.525	684.956	375.056	796.335	973.638	536.059	357.158	422.36	359.153	467.891	333.224	499.271	402.77	446.316	620.661	1          	-6.9232e-06	2.59269e-05	0.201664   	1.82652    	0.144301   	0.164399   	1.82652    	3.84848	
3.6e-10    	1.2        	-0.000109798	-0.232644  	0.972486   	0.920252   	0.596401   	0.0367955  	-0.801662  	0.488616   	0.383874   	0.364752   	-0.847861  	0.593031   	0.522324   	-0.373275  	0.76421    	0.472935   	0.0827743  	0.246918   	-0.965062  	0.899431   	0.354961   	-0.118829  	0.927141   	0.546323   	0.324768   	0.145057   	-0.934573  	0.641963   	0.698902   	0.31076    	-0.64288   	0.374521   	0.055836   	-0.235104  	0.97024    	0.866628   	0.229524   	0.258026   	-0.938329  	0.75901    	0.13936    	-0.187855  	0.972238   	0.743023   	0.977732   	-0.203587  	-0.0381811 	0.24572    	0.749488   	0.0203621  	0.660434   	0.279067   	0.251838   	-0.316239  	0.913864   	0.654546   	0.175443   	0.228387   	-0.957316  	0.819122   	115.652    	84.9342    	3.10073    	3.08204    	33.22      	86.0013    	6.95012    	14.2675    	137.337    	337.117    	14.5362    	71.7183    	448.873    	782.321    	487.167    	338.811    	592.036    	294.765    	367.004    	165.368    	20.2357    	116.987    	10.6288    	7.31812    	24.4868    	11.717     	9.26423    	7.65333    	18.8393    	366.302    	15.5951    	21.932     	24.3179    	267.477    	6.54395    	3.94262    	12.2802    	257.919    	4.14466    	13.3762    	11.8529    	24.0526    	5.14518    	4.00395    	27.9556    	129.642    	3.40726    	48.095     	35.9753    	167.214    	18.0583    	10.963     	292.868    	483.195    	423.146    	240.298    	383.759    	101.802    	260.685    	100.412    	7059.23	1168.29	6214.19	9484.08	12694.2	668.733	1312.78	666.962	1726.29	642.475	761.555	1648.15	1063.58	6911.94	6990.26	1          	-0.00016694	-5.44083e-05	0.172586   	1.84946    	0.159707   	0.179788   	1.84945    	20.9733	
3.7e-10    	1          	-0.0434113 	-0.26122   	0.964239   	0.916295   	0.532576   	-0.000472978	-0.846217  	0.465445   	0.376213   	0.436354   	-0.817213  	0.597217   	0.369476   	-0.546468  	0.750763   	0.445348   	0.160406   	0.305216   	-0.938338  	0.870348   	0.24856    	-0.0801212 	0.964896   	0.498397   	0.318544   	0.143974   	-0.936762  	0.656609   	0.60833    	0.490987   	-0.623173  	0.355328   	0.00805635 	-0.298568  	0.954262   	0.877359   	0.216805   	0.341233   	-0.914533  	0.776698   	0.0390051  	-0.22244   	0.97359    	0.785893   	0.917156   	-0.334752  	-0.200221  	0.252513   	0.655976   	0.162378   	0.736279   	0.243551   	0.147393   	-0.424111  	0.893476   	0.647125   	0.216616   	0.270093   	-0.938053  	0.81167    	94.4412    	64.9971    	9.44551    	2.65701    	25.6341    	66.9867    	52.2868    	46.9479    	103.796    	6.095      	21.6782    	4.10732    	231.093    	163.917    	9.2434     	17.1005    	654.985    	40.3806    	208.864    	120.412    	139.677    	301.527    	184.843    	306.957    	152.352    	82.8767    	55.8523    	98.597     	14.7039    	91.7833    	15.0939    	16.1949    	150.03     	77.3748    	17.0379    	27.3287    	62.9743    	136.046    	9.85282    	29.3181    	682.213    	351.377    	842.406    	768.947    	431.283    	90.0222    	789.895    	652.819    	34.6706    	87.4969    	6.6459     	12.8779    	43.5028    	34.6363    	14.8569    	22.3032    	110.358    	97.3314    	8.61049    	20.2629    	2305.78	591.888	2239.42	5790.29	11862.7	1715.85	5499.23	643.179	3275.3	2284.94	7872.87	3240.72	1554.76	1030.98	4114.33	1          	0.000131968	-5.3638e-05	0.143602   	1.65903    	0.157156   	0.166302   	1.65903    	12.3222	
3.8e-10    	0.8        	-0.103621  	-0.233629  	0.96627    	0.915945   	0.395531   	-0.0550957 	-0.915229  	0.445755   	0.440066   	0.423725   	-0.788855  	0.605863   	0.0429481  	-0.599523  	0.79119    	0.434798   	0.254493   	0.306625   	-0.916039  	0.854225   	0.232935   	-0.0374565 	0.970526   	0.451908   	0.268485   	0.106635   	-0.956997  	0.661583   	0.631522   	0.518017   	-0.572549  	0.390809   	-0.0858861 	-0.294073  	0.950897   	0.897953   	0.273198   	0.354194   	-0.892967  	0.787621   	-0.0194793 	-0.190733  	0.981061   	0.796241   	0.702495   	-0.60533   	-0.348493  	0.203527   	0.676095   	0.394951   	0.603372   	0.238568   	-0.0222409 	-0.429897  	0.900084   	0.683676   	0.244182   	0.228601   	-0.941823  	0.809171   	612.824    	690.42     	97.0655    	40.7548    	646.305    	143.711    	187.199    	51.1777    	2531.67    	313.99     	8.25031    	201.236    	3590.38    	90.4975    	243.318    	65.9482    	1864.21    	451.671    	252.099    	105.2      	350.444    	234.079    	798.394    	575.661    	73.3588    	402.222    	54.4938    	33.5313    	2584.59    	77.6686    	213.466    	1675.08    	1844.04    	562.779    	355.448    	242.695    	1891.96    	613.794    	34.57      	27.2071    	263.776    	448.65     	234.1      	162.437    	1150.19    	166.512    	312.93     	345.714    	1293.27    	561.342    	555.564    	352.502    	2990.7     	255.254    	588.701    	412.872    	343.854    	801.821    	20.8111    	19.0797    	6143.01	12926.8	39903.8	45367.8	29442.1	2306.6	1835.68	33833.4	19948	36176.2	2362.09	21560.5	12133.2	39428.3	8462.31	0.999999   	0.000695266	0.000324504	0.114965   	2.01297    	0.203476   	0.187163   	2.01322    	30.1733	
3.9e-10    	0.6        	-0.180551  	-0.189193  	0.965064   	0.928189   	0.267127   	-0.0132524 	-0.962618  	0.435166   	0.520795   	0.321479   	-0.789402  	0.611082   	-0.252706  	-0.54116   	0.799286   	0.375358   	0.350796   	0.269601   	-0.896001  	0.860349   	0.0904325  	-0.0916682 	0.990283   	0.478408   	0.244229   	0.0984214  	-0.964583  	0.672224   	0.71126    	0.402536   	-0.572811  	0.397833   	-0.198428  	-0.236709  	0.950767   	0.915872   	0.351275   	0.282011   	-0.892278  	0.795285   	-0.0848648 	-0.157779  	0.983797   	0.801555   	0.371211   	-0.741257  	-0.549996  	0.128129   	0.800127   	0.382839   	0.45077    	0.226941   	-0.217295  	-0.333498  	0.916495   	0.729002   	0.28428    	0.177893   	-0.941913  	0.819737   	282.283    	83.8272    	4.22162    	10.266     	7.81019    	551.266    	29.3646    	27.7173    	292.102    	1076.2     	23.5596    	30.9219    	162.304    	1834.95    	1040.83    	2064.02    	1115.33    	360.188    	338.334    	99.3534    	429.721    	583.284    	171.839    	172.895    	88.4054    	96.896     	5.39857    	12.9457    	147.353    	869.874    	8.08283    	19.2255    	448.991    	413.57     	4.68606    	6.43227    	248.084    	700.461    	12.5914    	29.8739    	32.8277    	12.1347    	21.0351    	16.6715    	101.582    	690.574    	14.3745    	562.262    	33.0463    	742.178    	212.239    	172.166    	531.006    	799.862    	70.1826    	36.9804    	313.398    	10.4957    	50.06      	6.86917    	3417.17	374.942	2464.04	1014.35	3603.02	1347.85	1185.62	1712.06	5690.18	2762.21	1246.53	419.516	341.946	3872.35	1932.8	0.999999   	0.000542424	-0.000107723	0.0865322  	2.13662    	0.150193   	0.17721    	2.13681    	7.76879	
4e-10      	0.4        	-0.219971  	-0.178669  	0.958998   	0.927319   	0.211959   	0.081081   	-0.97363   	0.414103   	0.504325   	0.246746   	-0.827345  	0.594761   	-0.366821  	-0.39285   	0.842862   	0.351819   	0.35818    	0.22698    	-0.90563   	0.878728   	-0.0488137 	-0.151051  	0.987118   	0.508539   	0.24791    	0.131513   	-0.959745  	0.674317   	0.707184   	0.313911   	-0.6329    	0.341649   	-0.251687  	-0.206012  	0.945617   	0.906685   	0.364877   	0.232049   	-0.901652  	0.798256   	-0.143143  	-0.173358  	0.974365   	0.799538   	-0.05712   	-0.662307  	-0.73962   	0.0686332  	0.72143    	0.19334    	0.664229   	0.183636   	-0.292959  	-0.272641  	0.916391   	0.728884   	0.292552   	0.182782   	-0.938607  	0.841511   	9.83503    	7.07217    	6.82056    	6.68605    	59.7653    	80.8048    	18.7421    	8.94386    	56.2837    	63.6966    	44.3115    	7.90432    	73.3802    	58.9574    	27.4604    	21.0375    	11.0558    	10.1453    	33.6026    	28.0346    	78.1419    	90.4579    	16.3653    	19.7368    	59.9453    	34.8686    	8.08797    	4.81128    	76.3964    	64.3005    	42.933     	33.9945    	10.001     	12.2845    	14.7781    	9.21978    	15.9655    	19.2541    	16.6533    	8.65651    	34.0521    	46.8981    	6.83984    	15.553     	46.3824    	110.174    	9.32072    	80.8366    	63.7253    	37.7437    	24.0891    	72.6578    	19.7093    	17.2161    	49.3072    	26.4883    	19.0494    	16.391     	12.6842    	23.4646    	249.666	139.809	241.245	243.666	367.958	728.366	204.924	560.382	327.934	169.676	149.362	128.967	825.254	252.008	604.932	0.999998   	-0.000339249	-0.000378079	0.0575266  	2.4031     	0.13762    	0.162671   	2.40312    	4.04897	
4.1e-10    	0.2        	-0.233014  	-0.178     	0.956004   	0.930336   	0.144151   	0.103367   	-0.984119  	0.394      	0.443678   	0.237303   	-0.864092  	0.590232   	-0.407145  	-0.318229  	0.855907   	0.392315   	0.305478   	0.206265   	-0.929496  	0.915372   	-0.0980197 	-0.150433  	0.983726   	0.531627   	0.221639   	0.145439   	-0.964204  	0.682422   	0.655163   	0.308285   	-0.689504  	0.293243   	-0.271331  	-0.199016  	0.941632   	0.905866   	0.348257   	0.216082   	-0.912102  	0.81417    	-0.18386   	-0.173359  	0.96752    	0.809374   	-0.701752  	-0.489991  	-0.508995  	0.0710831  	0.46855    	0.0927834  	0.878076   	0.179564   	-0.321853  	-0.245995  	0.914195   	0.732038   	0.262021   	0.177243   	-0.9486    	0.868305   	70.9666    	6.98856    	55.2065    	25.4219    	8.39582    	5.06889    	28.2171    	30.3719    	69.3386    	11.8425    	26.6066    	6.10223    	68.9528    	8.68663    	32.7755    	14.6814    	136.603    	5.41483    	160.193    	66.6911    	9.89523    	8.59313    	103.494    	101.535    	10.809     	7.65448    	51.9891    	45.2516    	46.8785    	18.9497    	9.38267    	32.8556    	87.1113    	11.5543    	47.9604    	13.6775    	56.2426    	19.9833    	34.4825    	8.17941    	26.0378    	7.723      	93.5654    	76.7902    	19.9185    	19.4404    	41.2162    	13.1771    	15.6076    	9.91916    	29.9113    	13.044     	65.4065    	18.1316    	63.0588    	21.3394    	60.0635    	8.48242    	87.1998    	49.4926    	1562.93	296.443	562.083	824.312	1195.91	168.518	148.275	1228.01	1042.59	108.764	1179.8	915.932	1048.08	188.979	713.892	0.999992   	-0.000369753	-1.82269e-05	0.0285406  	2.25082    	0.142597   	0.158978   	2.25085    	3.93688	
4.2e-10    	-0         	-0.227636  	-0.174957  	0.957842   	0.935764   	0.0516768  	0.103655   	-0.993212  	0.377488   	0.359381   	0.237539   	-0.902244  	0.592653   	-0.422169  	-0.265833  	0.866338   	0.425653   	0.244891   	0.183059   	-0.952038  	0.940471   	-0.128652  	-0.136726  	0.982201   	0.551082   	0.166587   	0.151523   	-0.974291  	0.697545   	0.559729   	0.321787   	-0.762905  	0.246199   	-0.265204  	-0.192587  	0.944673   	0.90724    	0.28912    	0.204628   	-0.93506   	0.837492   	-0.190656  	-0.160719  	0.968379   	0.8118     	-0.906635  	-0.41938   	-0.00946396	0.09816    	0.184918   	0.005171   	0.982223   	0.194237   	-0.319291  	-0.218872  	0.921895   	0.732518   	0.20984    	0.167728   	-0.963204  	0.891921   	104.745    	12.4048    	61.7153    	23.4607    	15.3963    	14.1023    	19.9155    	22.8868    	127.595    	37.3731    	59.8319    	11.6137    	97.9206    	33.8011    	44.486     	11.4385    	122.058    	30.8645    	71.4394    	22.3133    	7.75707    	8.12563    	30.1229    	28.8265    	22.7931    	6.81249    	36.3202    	29.604     	74.6674    	33.6349    	23.1983    	21.352     	144.141    	28.7478    	67.6993    	15.6586    	139.406    	30.5392    	71.6983    	16.727     	43.4914    	8.23352    	39.9386    	25.8966    	42.8401    	27.8598    	15.2475    	54.8159    	32.7826    	23.3316    	15         	10.2395    	135.748    	37.6689    	60.4759    	11.3363    	60.9189    	6.65649    	55.6743    	30.2748    	1260.44	637.021	224.596	648.835	1376.23	218.518	83.851	971.984	851.81	392.84	320.156	1101.68	964.868	106.7	872.163	0.0125748  	0.0169399  	0.0198321  	0.000137966	1.95758    	0.145692   	0.16049    	1.80798    	3.6508	
