#----------------------------------------------------------------------------------------------------------------------------------------------------------
# Output file for vampire simulation
#   time       : 2025-05-30 04:08:22     process id : 570297
#   hostname   : thor4.psi.ch
#   path       : /scratch/dossan_f/Na2BaMn(PO4)2/vampire_tripleUC_15mat_J2Ja_small_k0.035_Jnn0.11_Ba_highstatistics
#   version    : 6.0.0
#   githash    : 4c9651daecc86c3e6b6df0c8055fcd9e89fd900c
#----------------------------------------------------------------------------------------------------------------------------------------------------------
2e-11      	8          	0.999991   	0.000187523	-7.80883e-05	0.889016   	0.999989   	-8.65977e-05	-7.15637e-05	0.889073   	0.999992   	-0.000144833	0.000102876	0.889052   	0.999992   	-3.18194e-05	2.55357e-05	0.889089   	0.999988   	-0.000113209	-0.000323875	0.889072   	0.999984   	0.000127662	0.000253691	0.889035   	0.999988   	-5.64316e-05	-0.000186671	0.88907    	0.999989   	4.52433e-05	-9.28807e-05	0.889038   	0.999993   	5.43333e-05	0.000280878	0.889053   	0.999992   	-0.000200716	-0.000204178	0.889067   	0.999993   	-6.12092e-05	6.922e-05  	0.889068   	0.99999    	0.000137764	3.70159e-05	0.889051   	0.999992   	-2.74388e-05	0.00011242 	0.889082   	0.999991   	-1.07568e-06	-0.000163279	0.889038   	0.999993   	-6.11234e-05	3.47982e-05	0.889086   	10.8079    	0.368911   	0.417754   	10.7711    	11.0985    	0.357257   	0.459976   	11.0301    	10.5535    	0.356273   	0.385939   	10.5346    	10.46      	0.384476   	0.37792    	10.4375    	10.8161    	0.359939   	0.434873   	10.7289    	10.6942    	0.380644   	0.493632   	10.5249    	10.4448    	0.358828   	0.401701   	10.3395    	10.8924    	0.360523   	0.42104    	10.8171    	10.8593    	0.355541   	0.385036   	10.8548    	10.703     	0.335264   	0.380347   	10.6829    	10.8079    	0.349802   	0.377136   	10.7955    	10.9178    	0.347809   	0.422934   	10.8559    	10.1043    	0.351812   	0.395506   	10.0734    	11.0865    	0.361018   	0.397344   	11.0468    	10.9114    	0.336507   	0.398101   	10.9045    	900.317	940.052	866.984	863.211	906.246	889.748	850.291	918.369	914.367	884.233	902.313	912.984	812.392	938.445	920.024	1          	-1.54257e-05	-1.33338e-05	0.889053   	160.673    	0.108853   	0.112575   	160.672    	13349.5	
3e-11      	7.8        	0.999993   	0.000198911	7.84937e-05	0.88297    	0.999992   	-4.71918e-05	9.94183e-05	0.882973   	0.999993   	-4.59212e-05	2.73289e-05	0.882949   	0.999993   	7.83295e-05	2.40019e-05	0.883004   	0.999993   	-5.36719e-05	7.67061e-05	0.88292    	0.999993   	3.17963e-05	-4.48298e-05	0.882974   	0.999993   	-1.15436e-05	0.000220929	0.883      	0.999992   	-0.000116688	-1.76003e-05	0.882966   	0.999992   	0.000201706	-0.000166262	0.882951   	0.999993   	4.30573e-05	2.33787e-05	0.882939   	0.999992   	3.15449e-05	-2.24567e-05	0.882983   	0.999992   	-0.000184816	-1.01046e-06	0.882954   	0.999993   	8.62445e-05	-1.32743e-05	0.882948   	0.999992   	-8.9813e-05	-2.36816e-05	0.882969   	0.999992   	0.000137884	1.68733e-07	0.882962   	0.035677   	0.366654   	0.399359   	0.0356795  	0.0376393  	0.376368   	0.415475   	0.0376268  	0.0351883  	0.348128   	0.401497   	0.0351986  	0.0379039  	0.370669   	0.410222   	0.0379094  	0.0375448  	0.385494   	0.390997   	0.0375258  	0.0361917  	0.364102   	0.415077   	0.0361782  	0.0374988  	0.374744   	0.40669    	0.0374681  	0.0357127  	0.372732   	0.430914   	0.0357077  	0.0367559  	0.350178   	0.434967   	0.0367651  	0.0366173  	0.390319   	0.385106   	0.036619   	0.0362556  	0.402492   	0.401912   	0.0362391  	0.0367524  	0.388032   	0.39585    	0.0367542  	0.0376038  	0.383552   	0.398832   	0.0376008  	0.036203   	0.368337   	0.457426   	0.0361807  	0.0391089  	0.377883   	0.427666   	0.0391073  	4.50132	4.62394	4.35702	4.81701	4.69155	4.58513	4.62363	4.58094	4.65327	4.59006	4.52761	4.56862	4.63456	4.44696	4.85277	1          	1.73303e-05	1.74213e-05	0.882958   	0.0414268  	0.113743   	0.110984   	0.041427   	1.43494	
4e-11      	7.6        	0.999992   	-0.000147951	-3.22683e-05	0.875786   	0.999992   	0.000125033	-0.000127024	0.875757   	0.999992   	-7.6467e-06	9.42803e-05	0.875815   	0.999992   	0.000206042	-0.000181389	0.875802   	0.999992   	-0.000171159	0.000343098	0.875822   	0.999992   	-4.36917e-05	-0.000113191	0.875783   	0.999992   	0.000121907	0.000179282	0.875774   	0.999992   	2.02188e-05	0.000161466	0.875795   	0.999992   	-0.000302711	-0.00031645	0.875808   	0.999991   	-1.95578e-05	1.01856e-05	0.875808   	0.999992   	0.00019038 	-9.77486e-05	0.875829   	0.999992   	-0.000126337	3.09839e-05	0.875817   	0.999992   	0.000129998	-2.83951e-05	0.875754   	0.999992   	-9.24759e-05	-4.08815e-05	0.875758   	0.999992   	-7.56192e-05	1.61366e-05	0.875806   	0.0398742  	0.410342   	0.430954   	0.0398652  	0.038895   	0.413254   	0.448479   	0.0388759  	0.0398512  	0.394159   	0.465872   	0.03984    	0.0414599  	0.384705   	0.410764   	0.0414677  	0.043027   	0.390414   	0.475408   	0.0430129  	0.0400338  	0.409561   	0.41477    	0.0399994  	0.0404111  	0.379208   	0.452976   	0.0404139  	0.041783   	0.404044   	0.466143   	0.0417431  	0.0402435  	0.408473   	0.400211   	0.0402425  	0.0402621  	0.43976    	0.443713   	0.0402688  	0.0412488  	0.382598   	0.442258   	0.0412561  	0.0423709  	0.41012    	0.435817   	0.0423531  	0.0412282  	0.420192   	0.433384   	0.0412506  	0.0411323  	0.424979   	0.435815   	0.0411267  	0.042499   	0.372105   	0.45197    	0.0424986  	4.71917	4.66414	4.64658	4.88079	4.98274	4.76397	4.69274	4.78706	4.63123	4.73055	4.81953	4.97579	4.80847	4.79297	4.92519	1          	-1.29181e-05	-6.80157e-06	0.875787   	0.047064   	0.113672   	0.117218   	0.0470648  	1.44576	
5e-11      	7.4        	0.999991   	0.000315963	-0.00016597	0.86785    	0.999991   	-1.68493e-05	0.000222527	0.867878   	0.999991   	-0.000207298	-0.000145463	0.867836   	0.999991   	9.06137e-06	0.000196983	0.867903   	0.999991   	-0.000135546	-0.000252181	0.867885   	0.999991   	0.000192815	1.65691e-05	0.867841   	0.999991   	1.68835e-05	-0.000221149	0.867866   	0.999991   	-1.24212e-05	2.54693e-05	0.867865   	0.999991   	-3.63416e-05	0.000167181	0.867879   	0.999991   	-4.25896e-05	0.000178479	0.867906   	0.999991   	-3.38383e-05	-7.95683e-05	0.867869   	0.99999    	4.6968e-05 	-0.000110047	0.867838   	0.999991   	-0.000326072	4.54564e-05	0.867828   	0.999991   	0.000190813	8.72991e-05	0.867851   	0.999991   	0.00014641 	-0.000120955	0.867904   	0.0482971  	0.440386   	0.480162   	0.0482632  	0.0460599  	0.426213   	0.463122   	0.0460159  	0.0482255  	0.424251   	0.472654   	0.0482387  	0.0458846  	0.404941   	0.495497   	0.0458798  	0.0444281  	0.428762   	0.48292    	0.0444308  	0.0479703  	0.44197    	0.475145   	0.0479802  	0.0450522  	0.444461   	0.493497   	0.0450806  	0.0463641  	0.44155    	0.493526   	0.0463619  	0.0479548  	0.436741   	0.472311   	0.0479587  	0.0458596  	0.429554   	0.491894   	0.0458498  	0.0471229  	0.428708   	0.500316   	0.0471204  	0.0458678  	0.476794   	0.495129   	0.045904   	0.0456163  	0.427315   	0.499156   	0.0456524  	0.0475522  	0.426878   	0.511722   	0.0475747  	0.0486557  	0.448044   	0.504914   	0.0486898  	5.28065	5.04241	5.34611	5.0975	5.06076	5.37334	4.89115	5.13947	5.25496	4.99823	5.23152	4.97865	5.01471	5.05487	5.26864	1          	7.18156e-06	-1.03773e-05	0.867859   	0.0512229  	0.117513   	0.118984   	0.0512222  	1.42021	
6e-11      	7.2        	0.99999    	4.45058e-05	0.00028141 	0.859075   	0.99999    	-4.05547e-05	-9.53861e-05	0.859138   	0.99999    	3.59408e-05	-0.000161942	0.859087   	0.999989   	0.000110203	0.00011965 	0.859087   	0.99999    	-6.08114e-05	-5.78846e-05	0.859111   	0.999989   	-3.78839e-05	-9.40013e-05	0.859114   	0.99999    	4.54476e-05	-1.6958e-05	0.859109   	0.99999    	-6.18714e-05	4.69483e-05	0.85913    	0.99999    	3.39331e-06	1.66064e-05	0.85908    	0.999989   	0.000129125	-6.78699e-05	0.859115   	0.99999    	-1.06659e-05	-0.000217987	0.859109   	0.99999    	-0.00013057	0.000298091	0.859083   	0.99999    	-2.9929e-05	0.000172506	0.859111   	0.99999    	0.000226114	-0.000332617	0.859154   	0.99999    	-0.000151974	5.00817e-05	0.859154   	0.0530516  	0.464053   	0.568837   	0.0530323  	0.0543169  	0.449941   	0.541425   	0.0542748  	0.0536253  	0.469005   	0.532542   	0.0536197  	0.0514632  	0.500347   	0.559151   	0.0514595  	0.054924   	0.459636   	0.555101   	0.0549069  	0.0530749  	0.476225   	0.569954   	0.0530632  	0.0530188  	0.476618   	0.535003   	0.0530064  	0.0563035  	0.496635   	0.521218   	0.0563345  	0.0521567  	0.465701   	0.545223   	0.0521696  	0.054899   	0.494338   	0.592719   	0.0549091  	0.0512056  	0.483349   	0.52005    	0.0511859  	0.0516773  	0.468044   	0.554026   	0.0516386  	0.0540486  	0.448402   	0.528298   	0.0540295  	0.0548829  	0.48722    	0.502635   	0.0548921  	0.0537035  	0.453962   	0.52367    	0.0536751  	5.42577	5.52686	5.55141	5.3291	5.47479	5.48948	5.46294	5.80741	5.5651	5.66207	5.28123	5.29326	5.54997	5.68181	5.50288	1          	4.70646e-06	-3.94266e-06	0.859102   	0.0582219  	0.120741   	0.116603   	0.0582206  	1.39129	
7e-11      	7          	0.999989   	-0.000161575	0.000233063	0.849431   	0.999988   	0.000101519	-6.90936e-05	0.849416   	0.999988   	0.000128953	-0.000106106	0.849443   	0.999988   	-4.69826e-05	-5.90665e-05	0.849428   	0.999988   	-1.68214e-05	0.000105294	0.84946    	0.999988   	9.58016e-05	-0.000110341	0.849429   	0.999989   	-8.49682e-06	-8.70671e-07	0.849431   	0.999989   	-4.96868e-05	-2.81542e-05	0.849377   	0.999989   	5.10814e-05	3.0756e-05 	0.849476   	0.999989   	-0.000169089	-0.000162402	0.849463   	0.999988   	0.000119733	0.000150473	0.84946    	0.999988   	4.2115e-05 	2.41764e-05	0.849377   	0.999989   	-0.00022066	-2.15187e-05	0.849398   	0.999989   	0.000311008	-5.11943e-05	0.849411   	0.999988   	-9.62428e-05	0.000124984	0.849425   	0.0580685  	0.517595   	0.582463   	0.0581025  	0.0577652  	0.541742   	0.59777    	0.0577858  	0.0578783  	0.561397   	0.625477   	0.0579163  	0.0588245  	0.562144   	0.606189   	0.0588654  	0.059752   	0.558716   	0.579697   	0.059737   	0.0592896  	0.539313   	0.592051   	0.0592732  	0.0582625  	0.505008   	0.555476   	0.0582646  	0.0599277  	0.542957   	0.563543   	0.0599102  	0.0605572  	0.522511   	0.55402    	0.0605748  	0.0633024  	0.489047   	0.592758   	0.0633071  	0.0599131  	0.507382   	0.619443   	0.0599093  	0.0593645  	0.548083   	0.595171   	0.059316   	0.0619347  	0.542137   	0.569554   	0.0619136  	0.0617518  	0.544991   	0.561706   	0.0617796  	0.0606843  	0.541941   	0.619286   	0.06071    	5.47971	5.57057	5.64306	5.61352	5.82454	5.75906	5.56709	5.69961	5.7991	6.0837	5.75549	5.6176	5.9658	5.86272	5.85753	1          	5.34337e-06	4.01923e-06	0.849419   	0.0686905  	0.123125   	0.120632   	0.0686904  	1.44124	
8e-11      	6.8        	0.999988   	9.9842e-05 	-1.78143e-05	0.838758   	0.999987   	-7.6815e-05	0.000210592	0.838765   	0.999988   	-5.86727e-06	-0.000168295	0.838675   	0.999987   	-0.000279104	0.000156584	0.838648   	0.999987   	0.000165418	2.88003e-05	0.838726   	0.999986   	7.83199e-05	-0.000238696	0.838734   	0.999986   	9.68805e-05	9.9256e-05 	0.838682   	0.999986   	-0.000138235	-9.60677e-05	0.838758   	0.999987   	-3.36796e-05	4.44444e-05	0.838695   	0.999987   	3.39813e-05	0.000111811	0.838744   	0.999987   	9.13559e-05	3.57347e-06	0.838702   	0.999987   	-0.000174708	-0.000122873	0.83872    	0.999987   	-7.74053e-05	0.000154022	0.838691   	0.999987   	0.000105291	-0.00030364	0.838698   	0.999987   	2.88886e-06	0.00014308 	0.838688   	0.0695301  	0.528809   	0.577951   	0.0695133  	0.066266   	0.564668   	0.642892   	0.0662952  	0.0718989  	0.511094   	0.658503   	0.0718824  	0.0680651  	0.561018   	0.647139   	0.0680882  	0.0674464  	0.551237   	0.667057   	0.0674215  	0.066552   	0.598634   	0.691617   	0.0665559  	0.0700879  	0.582952   	0.703253   	0.0701641  	0.0686348  	0.589732   	0.735123   	0.0686675  	0.0701324  	0.564932   	0.67144    	0.0701365  	0.070207   	0.569759   	0.671646   	0.0701957  	0.0678933  	0.55105    	0.662131   	0.0678856  	0.0684491  	0.566483   	0.685817   	0.0684238  	0.0677623  	0.594522   	0.648582   	0.0677488  	0.0677179  	0.559238   	0.679168   	0.0676926  	0.0695987  	0.56823    	0.699343   	0.0695492  	6.41628	5.97522	6.33501	6.03808	5.90521	6.20024	6.44055	6.29769	6.34931	6.15385	6.17445	6.11207	6.05453	6.02178	6.1613	1          	-7.46948e-06	3.27318e-07	0.838702   	0.0732648  	0.12184    	0.124114   	0.0732661  	1.30674	
9e-11      	6.6        	0.999985   	8.47076e-06	-0.000233646	0.826856   	0.999985   	-4.0748e-05	-0.000110816	0.826844   	0.999985   	4.34566e-05	0.000308801	0.82687    	0.999986   	0.000125908	8.96649e-05	0.826819   	0.999986   	-9.31507e-05	0.000190957	0.8269     	0.999986   	-3.76214e-05	-0.000336837	0.826896   	0.999985   	-8.30917e-05	-4.58792e-06	0.826885   	0.999985   	9.48757e-06	-0.000166714	0.826872   	0.999985   	5.16759e-05	0.000289508	0.826851   	0.999984   	-1.3835e-05	-0.000371746	0.826872   	0.999985   	-6.64216e-05	0.000292205	0.826821   	0.999986   	0.000122231	0.000130406	0.826886   	0.999985   	1.25904e-05	4.7285e-06 	0.826863   	0.999985   	2.62349e-05	-4.0329e-05	0.826856   	0.999986   	-4.95791e-05	3.50906e-05	0.826905   	0.0780808  	0.598044   	0.75217    	0.0781033  	0.0786892  	0.610639   	0.748941   	0.0786147  	0.076964   	0.586358   	0.787461   	0.0769669  	0.0824096  	0.619894   	0.70076    	0.0824165  	0.079039   	0.597562   	0.706296   	0.0790306  	0.0798681  	0.579598   	0.709187   	0.0798456  	0.0782665  	0.612607   	0.770783   	0.0782988  	0.0818448  	0.650926   	0.759227   	0.0817797  	0.0766787  	0.652355   	0.762344   	0.0766575  	0.081581   	0.730058   	0.704926   	0.0815161  	0.0833027  	0.626261   	0.7121     	0.0832433  	0.0785246  	0.628955   	0.690249   	0.0783878  	0.0791363  	0.626832   	0.708198   	0.0790823  	0.0821556  	0.665961   	0.74016    	0.0821886  	0.0749402  	0.67677    	0.640678   	0.0749903  	6.59998	6.51107	6.18714	6.96434	6.58382	6.62631	6.51758	6.8345	6.45306	6.69213	6.86788	6.51998	6.58167	6.58688	6.21107	1          	1.0948e-06 	5.15098e-06	0.826854   	0.0875378  	0.122711   	0.131891   	0.0875388  	1.34384	
1e-10      	6.4        	0.999984   	0.000123036	-0.000177623	0.813813   	0.999982   	-7.54986e-05	2.98733e-05	0.813845   	0.999983   	-4.35979e-05	0.000269113	0.813872   	0.999982   	-1.53666e-05	0.000149776	0.813871   	0.999983   	0.000185236	-0.000246354	0.813816   	0.999983   	-0.000178614	0.000128597	0.813796   	0.999984   	-0.000157705	0.000264255	0.813797   	0.999982   	-9.98782e-05	-0.000286479	0.81387    	0.999984   	0.000239586	-4.75482e-05	0.813847   	0.999984   	2.83185e-05	-0.000249517	0.813788   	0.999984   	-0.000337412	-0.000171378	0.813816   	0.999982   	0.000261491	0.000350632	0.813842   	0.999983   	0.000211317	0.000117087	0.813826   	0.999983   	8.61914e-05	-7.46956e-05	0.813781   	0.999983   	-0.000283908	-1.48992e-05	0.813933   	0.0880689  	0.672083   	0.789481   	0.0880926  	0.0880383  	0.713552   	0.843615   	0.0880255  	0.0906516  	0.703875   	0.809005   	0.0907175  	0.0887403  	0.718363   	0.849811   	0.088736   	0.0939783  	0.659245   	0.878365   	0.0939635  	0.0941519  	0.676931   	0.848875   	0.0940953  	0.085183   	0.651386   	0.78959    	0.0851134  	0.0935439  	0.70497    	0.865057   	0.0935907  	0.090502   	0.618285   	0.771161   	0.0905219  	0.091838   	0.691976   	0.758258   	0.0918056  	0.0933423  	0.637121   	0.820159   	0.0932986  	0.0907228  	0.737156   	0.857142   	0.0907552  	0.0882645  	0.697531   	0.816285   	0.0881681  	0.0881255  	0.743374   	0.77886    	0.0881384  	0.089533   	0.684793   	0.805532   	0.0895388  	6.72486	7.03006	7.18943	6.61422	7.37893	7.28817	6.62685	7.22483	6.96857	7.10522	7.23912	7.15998	6.86388	6.87173	7.01307	1          	-3.82637e-06	2.66671e-06	0.813821   	0.0884352  	0.127109   	0.128101   	0.0884352  	1.15336	
1.1e-10    	6.2        	0.999981   	-4.24624e-05	-8.47919e-05	0.799479   	0.99998    	0.000131621	-9.85859e-05	0.799508   	0.999981   	-8.48597e-05	0.000290356	0.799522   	0.999981   	2.57912e-05	-0.000462403	0.799529   	0.999979   	-0.000148344	0.000537736	0.799464   	0.999981   	0.000106965	-0.000186621	0.79953    	0.999979   	0.000344509	0.000190807	0.799462   	0.99998    	-0.00037532	-4.47387e-05	0.799478   	0.99998    	-4.47201e-05	-0.000176577	0.799495   	0.999981   	-5.29208e-05	-0.000300001	0.799487   	0.99998    	-0.000104818	0.000308802	0.799503   	0.999982   	0.000160656	9.35794e-06	0.799511   	0.99998    	0.000129003	0.000203183	0.799487   	0.99998    	-8.88171e-05	-0.00017235	0.799513   	0.999979   	-4.20243e-05	-6.60244e-05	0.79944    	0.111189   	0.809082   	0.845939   	0.111205   	0.101239   	0.788074   	0.931107   	0.101205   	0.0998973  	0.768643   	0.892644   	0.0999254  	0.101205   	0.709017   	0.943518   	0.101158   	0.108547   	0.811099   	0.994735   	0.108333   	0.102737   	0.779411   	0.824456   	0.102753   	0.105362   	0.804905   	0.9953     	0.105424   	0.106927   	0.797214   	0.910057   	0.106989   	0.103014   	0.799893   	0.918916   	0.102999   	0.100867   	0.744342   	0.893436   	0.100832   	0.104405   	0.749779   	0.924074   	0.104421   	0.10158    	0.708885   	0.829672   	0.101569   	0.103063   	0.782814   	0.95888    	0.103047   	0.10387    	0.752651   	0.967263   	0.103777   	0.10198    	0.831487   	0.988133   	0.102025   	7.98063	7.33998	7.18786	7.18937	7.96526	7.44496	7.61544	7.81823	7.52123	7.50454	7.53284	7.48529	7.47536	7.38526	7.55034	1          	-5.69831e-06	-3.5943e-06	0.799478   	0.100899   	0.135839   	0.13558    	0.1009     	1.21157	
1.2e-10    	6          	0.999977   	1.30134e-05	-0.000305618	0.783743   	0.999977   	4.46438e-06	-5.2704e-05	0.783853   	0.999977   	-3.61069e-05	0.000329679	0.783769   	0.999976   	-0.000123354	0.000359117	0.783845   	0.999977   	0.000312752	-0.000241175	0.783888   	0.999978   	-0.000183679	-3.02793e-05	0.783817   	0.999979   	-4.7546e-06	-3.09132e-05	0.783746   	0.999977   	0.000292671	0.00011427 	0.783799   	0.999976   	-0.000303355	-4.80324e-05	0.783766   	0.999978   	-0.000118551	5.6406e-05 	0.783878   	0.999978   	0.000187532	-8.25613e-05	0.783847   	0.999977   	1.2907e-06 	1.61229e-05	0.783783   	0.999976   	-4.40194e-05	-3.78141e-05	0.783878   	0.999978   	0.000134674	0.000117511	0.783763   	0.999978   	-9.38585e-05	-6.95902e-05	0.78387    	0.118316   	0.852087   	1.01116    	0.118298   	0.117771   	0.908469   	0.974309   	0.117777   	0.117748   	0.876704   	1.0302     	0.117761   	0.120566   	0.84589    	1.09727    	0.120617   	0.122126   	0.797946   	1.10094    	0.122199   	0.114094   	0.748435   	1.05645    	0.113963   	0.120349   	0.738265   	0.997903   	0.120303   	0.123807   	0.842424   	1.05077    	0.123664   	0.126626   	0.874463   	1.09549    	0.126523   	0.116667   	0.823175   	0.990114   	0.11664    	0.116525   	0.86361    	0.932784   	0.11667    	0.120918   	0.83523    	1.07998    	0.120896   	0.117785   	0.793356   	1.16738    	0.117657   	0.114945   	0.778843   	1.02975    	0.114967   	0.115536   	0.757235   	1.08553    	0.115474   	7.94851	8.10187	8.08322	8.43096	8.20846	7.75698	8.26859	8.59242	8.30053	7.82545	7.96026	8.14555	7.8405	7.76962	7.91681	1          	2.49115e-06	6.26071e-06	0.783799   	0.112372   	0.130532   	0.130622   	0.112372   	1.17879	
1.3e-10    	5.8        	0.999973   	-0.000104511	-0.000390074	0.766672   	0.999972   	-7.052e-05 	-0.000108248	0.766724   	0.999973   	0.000145593	0.00044641 	0.766854   	0.999974   	-9.22286e-05	0.000313349	0.766725   	0.999972   	8.53247e-05	-2.43629e-06	0.766809   	0.999974   	-7.91707e-05	-0.000215581	0.76664    	0.999973   	0.000187189	2.29311e-05	0.766743   	0.99997    	-0.000236899	0.000722791	0.766708   	0.999971   	1.43553e-05	-0.000720302	0.766705   	0.999971   	-0.000103569	-0.00011279	0.766763   	0.99997    	3.32078e-05	0.000597254	0.766733   	0.999971   	5.22542e-05	-0.000423453	0.766756   	0.999975   	-9.598e-05 	-0.000277572	0.766704   	0.999972   	-7.76946e-05	7.74446e-05	0.766697   	0.999973   	1.19856e-05	7.42016e-05	0.766801   	0.142109   	0.990869   	1.11467    	0.142161   	0.14106    	0.911378   	1.27627    	0.141105   	0.14579    	0.99014    	1.16711    	0.146075   	0.134105   	0.905987   	1.12506    	0.134042   	0.146667   	0.972135   	1.27604    	0.146715   	0.150852   	0.929197   	1.10187    	0.150725   	0.138459   	0.87463    	1.24342    	0.138344   	0.138157   	1.01554    	1.32527    	0.138186   	0.144665   	0.983055   	1.25957    	0.144561   	0.133535   	0.930197   	1.38347    	0.133674   	0.148064   	0.99025    	1.3693     	0.147687   	0.140249   	0.981507   	1.3105     	0.140338   	0.148914   	0.951515   	1.0137     	0.148866   	0.135313   	0.964032   	1.2266     	0.135281   	0.131188   	0.909709   	1.22557    	0.131314   	8.99866	8.83505	8.99315	8.73906	9.26415	9.34159	8.8538	8.87096	8.88009	8.54456	9.12107	8.86685	9.11415	8.54093	8.54668	1          	-2.20536e-05	3.7162e-07 	0.766714   	0.124607   	0.13372    	0.135974   	0.124608   	1.11951	
1.4e-10    	5.6        	0.999965   	-3.11478e-05	0.000367015	0.748224   	0.999968   	0.000355   	9.32478e-05	0.748232   	0.999968   	-0.00034911	-0.000355411	0.748288   	0.999969   	0.000187124	-0.000239241	0.748227   	0.999968   	-0.000276279	2.18083e-05	0.748198   	0.999969   	0.000109857	0.000182459	0.748345   	0.999966   	0.000383959	0.000162174	0.748345   	0.999966   	2.71664e-05	0.000213416	0.748285   	0.999967   	-0.000423495	-0.000442676	0.748258   	0.999969   	0.000305935	0.00031318 	0.748182   	0.999967   	-0.000535076	-0.000374156	0.748244   	0.999971   	0.000173499	6.41562e-05	0.7482     	0.999967   	0.000239978	-0.000648109	0.748211   	0.999965   	-0.000266332	-0.000140476	0.748333   	0.999965   	-2.72787e-05	0.000875454	0.748213   	0.158734   	1.13679    	1.49651    	0.158541   	0.154077   	1.01944    	1.412      	0.154104   	0.163745   	1.01365    	1.36496    	0.163645   	0.159537   	0.963894   	1.39621    	0.159726   	0.165882   	1.04892    	1.34959    	0.165964   	0.159721   	1.01087    	1.3203     	0.159762   	0.163497   	1.07903    	1.48016    	0.16325    	0.162676   	1.02705    	1.49575    	0.162822   	0.164492   	1.08033    	1.36766    	0.16443    	0.163075   	0.987197   	1.31673    	0.163243   	0.163304   	1.09449    	1.36795    	0.163276   	0.175317   	0.974171   	1.20379    	0.175403   	0.163172   	0.987985   	1.45214    	0.163154   	0.158318   	1.12821    	1.5234     	0.158363   	0.166182   	1.09565    	1.47113    	0.166128   	9.19176	8.95402	9.47678	9.62038	9.67913	9.27994	9.93942	9.42461	9.66004	9.49591	9.63933	10.1851	9.53782	9.19805	9.81976	1          	-8.32412e-06	6.1736e-06 	0.748228   	0.133503   	0.130917   	0.138016   	0.133502   	1.04561	
1.5e-10    	5.4        	0.999964   	2.62461e-05	0.000117429	0.72836    	0.999961   	0.000105349	-0.000276317	0.728344   	0.999959   	-0.000119217	0.000212529	0.728425   	0.999961   	0.000170877	-8.41184e-05	0.72844    	0.99996    	-6.17728e-05	-0.000120298	0.728317   	0.999963   	-2.05741e-05	0.000238375	0.728465   	0.999958   	-0.000645265	-0.000562315	0.728377   	0.999961   	0.00062194 	0.00152921 	0.728313   	0.999962   	-3.26501e-05	-0.00104952	0.728455   	0.999962   	0.000599412	-0.000386298	0.728355   	0.999958   	-0.000944027	0.000460407	0.728366   	0.999958   	0.000301847	-9.95471e-05	0.728352   	0.999958   	0.000122274	0.00055133 	0.72835    	0.99996    	-0.000183999	-0.000659355	0.72845    	0.99996    	9.24721e-05	3.48935e-05	0.728397   	0.187015   	1.29528    	1.26513    	0.186976   	0.181031   	1.24917    	1.50912    	0.180827   	0.173273   	1.28031    	1.60696    	0.173497   	0.191763   	1.11664    	1.6554     	0.192132   	0.184292   	1.06397    	1.80485    	0.184288   	0.19069    	1.0276     	1.61478    	0.190584   	0.192619   	1.12755    	1.82786    	0.192789   	0.17531    	1.12072    	1.55873    	0.175346   	0.192284   	1.11951    	1.57336    	0.191986   	0.196341   	1.12516    	1.57639    	0.196443   	0.191203   	1.25551    	1.71174    	0.191197   	0.191415   	1.241      	1.73198    	0.191336   	0.191569   	1.35262    	1.65362    	0.191567   	0.186659   	1.13199    	1.73774    	0.186337   	0.187029   	1.13698    	1.72843    	0.186913   	10.1299	9.89061	9.53938	10.2853	10.1177	10.4929	10.4415	9.56966	10.3953	10.6312	10.4373	10.0789	10.5653	10.256	9.90181	1          	2.17817e-06	-6.2869e-06	0.728356   	0.149445   	0.136759   	0.139816   	0.149444   	1.04868	
1.6e-10    	5.2        	0.999954   	0.000947778	0.000163167	0.707114   	0.999952   	0.000214546	0.000513794	0.707204   	0.99995    	-0.00118555	-0.000663429	0.707273   	0.999954   	0.000613227	0.0003078  	0.707056   	0.999954   	-0.000265743	9.6503e-06 	0.707175   	0.999952   	-0.000422398	-0.000360392	0.7073     	0.99995    	-0.00041026	0.000475581	0.707149   	0.999951   	-0.000370136	-0.001612  	0.70718    	0.999953   	0.000789187	0.0011205  	0.707266   	0.999952   	-0.000183356	-0.000929454	0.707406   	0.999949   	-0.000311485	0.000404179	0.706998   	0.999954   	0.000411858	0.000592874	0.707203   	0.999957   	-0.000296946	-0.000155593	0.707153   	0.999954   	-3.20394e-05	0.000492372	0.707125   	0.999954   	0.000254744	-0.00024949	0.707386   	0.226206   	1.28895    	1.75376    	0.226086   	0.220982   	1.47053    	1.71971    	0.220904   	0.213887   	1.32116    	1.98415    	0.214116   	0.212573   	1.48804    	1.6092     	0.212263   	0.219294   	1.29664    	1.79201    	0.219267   	0.21302    	1.46891    	1.73312    	0.213244   	0.219757   	1.28789    	2.0547     	0.219604   	0.231099   	1.22061    	1.99757    	0.231163   	0.221485   	1.15535    	1.92289    	0.2214     	0.216734   	1.30817    	1.8573     	0.216813   	0.222597   	1.41595    	2.02004    	0.22281    	0.215753   	1.33874    	1.76853    	0.216044   	0.219722   	1.23072    	1.65544    	0.219781   	0.229224   	1.34407    	1.70908    	0.229093   	0.216101   	1.36581    	1.71676    	0.216194   	11.4579	11.052	10.9051	10.8209	10.8186	10.7987	11.0302	11.7535	11.6079	11.0144	11.1704	11.0844	11.2123	11.6512	11.0481	1          	-1.63318e-05	7.25429e-06	0.707166   	0.152368   	0.139223   	0.139025   	0.152368   	1.0448	
1.7e-10    	5          	0.999943   	-0.00050766	-0.000606835	0.684775   	0.999939   	0.000550911	0.000893982	0.684581   	0.999935   	-9.73341e-05	-0.000359004	0.684785   	0.999942   	0.000373096	0.00153908 	0.684786   	0.999939   	0.000182073	-0.00094481	0.684608   	0.999945   	-0.000536086	-0.000475977	0.684744   	0.99994    	8.53613e-05	-0.00041837	0.684705   	0.999935   	0.000245663	0.000663232	0.684784   	0.99994    	-0.000350474	-0.000374738	0.684743   	0.999936   	0.000394033	4.43135e-05	0.684787   	0.999938   	-0.000363482	0.000236551	0.684579   	0.999939   	-2.11702e-05	-0.000225648	0.68474    	0.999941   	-0.000104509	-5.19809e-05	0.684688   	0.999944   	-0.000259138	-0.000733933	0.68468    	0.999937   	0.000509585	0.000853433	0.684773   	0.264785   	1.47266    	2.08582    	0.264353   	0.258241   	1.35784    	2.46275    	0.25799    	0.254296   	1.60756    	2.50335    	0.254453   	0.253461   	1.51691    	2.04015    	0.253392   	0.255687   	1.68361    	2.15211    	0.255358   	0.263938   	1.50807    	1.94369    	0.263671   	0.26682    	1.58851    	2.21135    	0.266522   	0.271787   	1.52021    	2.53888    	0.271497   	0.26616    	1.56073    	2.23278    	0.266088   	0.245393   	1.42621    	2.59792    	0.245375   	0.2668     	1.51562    	2.39279    	0.267284   	0.247482   	1.45322    	2.35946    	0.247905   	0.256143   	1.59425    	2.15093    	0.255878   	0.250922   	1.45428    	2.03203    	0.251431   	0.267945   	1.49885    	2.40984    	0.268052   	11.9772	12.3675	12.0086	12.1912	11.745	12.6302	12.281	12.8619	11.9955	11.1875	12.3643	11.7976	12.0935	11.5693	12.5571	1          	6.65092e-06	2.88034e-06	0.684676   	0.169688   	0.13995    	0.136864   	0.16969    	1.0595	
1.8e-10    	4.8        	0.999928   	5.341e-05  	1.84812e-05	0.661251   	0.999931   	-0.000163023	0.000433302	0.661068   	0.999924   	8.24418e-05	-0.000399914	0.661005   	0.999929   	0.000336973	0.000102332	0.661035   	0.999929   	-9.5289e-05	0.00113285 	0.661026   	0.999925   	-0.000333415	-0.00137086	0.661256   	0.99992    	-0.00109675	0.00106683 	0.661139   	0.99993    	0.000412716	0.000382755	0.661021   	0.999923   	0.000717515	-0.00139389	0.661077   	0.999927   	0.000230167	-0.000105011	0.661038   	0.999931   	0.000192454	-0.000684188	0.661185   	0.99993    	-0.000393377	0.000639609	0.661084   	0.999933   	0.000134377	2.03849e-05	0.660965   	0.999937   	0.000475308	-0.0002816 	0.661127   	0.999934   	-0.000694703	0.00023694 	0.661234   	0.311198   	1.67091    	2.55126    	0.311686   	0.299331   	1.47265    	2.56734    	0.298339   	0.291965   	1.7322     	2.72959    	0.291751   	0.313212   	1.57153    	2.57614    	0.312581   	0.290692   	1.71606    	2.4377     	0.290747   	0.305413   	1.5726     	2.75779    	0.305527   	0.3221     	1.72876    	2.91095    	0.322338   	0.28564    	1.63558    	2.44261    	0.286095   	0.285838   	1.82978    	2.60817    	0.285643   	0.307996   	1.60732    	2.64397    	0.306512   	0.314875   	1.6197     	2.42626    	0.315249   	0.301273   	1.73232    	2.3698     	0.301323   	0.316344   	1.52126    	2.38557    	0.315933   	0.290981   	1.52365    	2.14982    	0.291305   	0.294157   	1.49057    	2.36796    	0.294129   	12.8981	13.2304	12.2557	13.176	12.5608	13.3137	13.6821	12.334	12.2395	13.1151	13.5464	12.6873	13.2057	12.4085	12.6916	1          	-9.63133e-06	-1.32909e-05	0.661054   	0.17035    	0.137686   	0.13906    	0.170349   	0.994429	
1.9e-10    	4.6        	0.999907   	0.000751009	-0.0013508 	0.636681   	0.999904   	0.000129717	0.00071624 	0.636331   	0.999905   	-0.00081562	0.000741192	0.636344   	0.99991    	-0.00102922	-0.00105676	0.63655    	0.999906   	-0.000214574	0.00167068 	0.636432   	0.999914   	0.00119101 	-0.000597106	0.636418   	0.999909   	0.000365127	-0.00256426	0.636383   	0.999914   	-0.000544335	0.00258173 	0.636678   	0.999918   	0.00029248 	-3.56812e-05	0.636436   	0.999902   	-0.000172112	-0.00048226	0.636509   	0.999909   	0.000228382	0.00188815 	0.636415   	0.999901   	-0.000154861	-0.00151344	0.636597   	0.999916   	-0.000286601	0.000792265	0.636539   	0.999921   	-0.000316556	-0.00126315	0.636489   	0.999916   	0.000640058	0.000395922	0.63649    	0.334048   	1.91282    	3.06767    	0.334682   	0.346625   	1.96644    	3.23484    	0.347415   	0.36954    	1.8802     	3.23022    	0.369873   	0.352189   	1.96182    	2.86005    	0.352726   	0.349794   	1.74386    	3.28365    	0.350118   	0.36164    	1.74464    	2.90365    	0.360501   	0.380254   	1.76269    	3.00364    	0.379597   	0.392959   	1.77754    	2.7394     	0.392387   	0.361158   	1.73765    	2.73209    	0.361036   	0.373304   	1.85826    	3.44933    	0.374261   	0.369706   	1.77596    	3.08187    	0.369379   	0.348331   	1.90522    	3.42036    	0.348506   	0.356389   	1.88639    	2.65541    	0.354468   	0.375079   	1.7941     	2.45965    	0.376057   	0.369527   	1.78377    	2.76346    	0.368901   	12.9785	13.3163	13.7729	13.6842	13.9907	14.6129	14.9894	15.0647	14.1537	14.6236	14.7042	13.8923	14.24	14.5015	14.1761	1          	4.17046e-06	-5.00328e-06	0.636429   	0.173319   	0.135834   	0.13867    	0.173321   	1.02627	
2e-10      	4.4        	0.999887   	0.000114524	0.0028029  	0.610946   	0.999859   	-0.000272843	0.00141049 	0.610882   	0.999862   	9.95891e-05	-0.00419104	0.611125   	0.999864   	-7.90709e-05	0.00190226 	0.611016   	0.99989    	-0.000205607	-0.000919966	0.610881   	0.999855   	0.000299014	-0.000872433	0.611011   	0.999898   	0.00101467 	0.000220027	0.61101    	0.999906   	6.65775e-05	-0.00124173	0.610976   	0.999894   	-0.0011804 	0.00104203 	0.610864   	0.999897   	0.000591149	-0.00133488	0.610938   	0.999881   	-0.000739172	0.00232332 	0.611185   	0.999874   	0.000212076	-0.00106178	0.610814   	0.999891   	0.000169801	0.00142561 	0.610836   	0.999892   	-0.000248247	0.00103874 	0.611188   	0.999882   	9.01268e-05	-0.0023714 	0.610903   	0.406191   	2.15732    	3.29931    	0.406176   	0.407361   	2.51591    	4.50292    	0.40681    	0.436569   	2.38049    	4.10831    	0.436655   	0.414945   	2.1208     	4.59405    	0.41475    	0.436586   	1.97658    	3.53061    	0.435293   	0.423526   	2.0258     	5.23373    	0.423799   	0.437272   	2.1387     	2.94669    	0.437681   	0.429383   	1.92558    	2.76358    	0.42976    	0.435885   	2.09905    	3.1454     	0.435848   	0.405619   	2.13564    	2.99505    	0.406094   	0.415416   	2.1444     	3.69535    	0.417652   	0.424493   	2.09603    	4.21507    	0.424911   	0.448717   	1.82992    	3.57828    	0.448379   	0.427175   	1.97556    	3.42106    	0.427401   	0.41991    	1.79459    	3.99956    	0.422462   	14.6798	14.9019	15.515	14.981	15.9514	14.7876	15.7187	15.4838	15.5214	14.8401	14.8546	14.439	15.9158	15.4581	14.8393	1          	-3.82154e-06	1.10689e-05	0.6109     	0.179219   	0.140941   	0.140134   	0.17922    	1.13218	
2.1e-10    	4.2        	0.999858   	-0.000386348	0.000206475	0.5845     	0.999859   	0.000471201	-0.0017075 	0.584997   	0.999853   	-0.000101405	0.00136992 	0.584723   	0.999826   	-0.000380032	-0.00220721	0.584734   	0.999832   	0.00153414 	0.000996661	0.584918   	0.999855   	-0.00104785	0.00124593 	0.584514   	0.999873   	-0.001568  	0.00039424 	0.584903   	0.99984    	0.0014711  	0.00110982 	0.584957   	0.999852   	5.00203e-05	-0.00149738	0.584331   	0.99984    	-0.000577134	0.00172898 	0.584765   	0.999857   	0.000335689	0.00136641 	0.58492    	0.999837   	0.000354561	-0.00304565	0.584632   	0.99985    	6.76694e-05	0.00104577 	0.584664   	0.999861   	0.000692141	-0.00289616	0.584765   	0.999875   	-0.000680088	0.00189829 	0.584682   	0.524975   	2.4672     	4.0428     	0.524482   	0.52317    	2.41818    	4.00167    	0.523995   	0.546924   	2.26155    	4.43883    	0.546769   	0.550583   	2.77994    	5.08886    	0.551312   	0.529234   	2.52824    	5.10311    	0.52772    	0.513026   	2.72546    	3.87891    	0.512425   	0.471489   	2.33637    	3.45923    	0.471334   	0.513264   	2.37752    	4.91242    	0.512052   	0.511556   	2.5473     	4.19298    	0.512181   	0.504663   	2.24478    	5.01991    	0.504875   	0.507177   	2.25105    	4.26351    	0.504594   	0.495441   	2.2789     	4.98696    	0.49816    	0.520768   	2.32944    	4.529      	0.522358   	0.49189    	2.02009    	4.17011    	0.493144   	0.562386   	2.03659    	3.59346    	0.563493   	16.732	16.6246	17.9433	17.5223	16.6569	16.536	15.7038	16.6374	16.4739	16.1734	16.5121	16.3684	16.5727	15.793	17.592	1          	1.54593e-05	6.78138e-07	0.584647   	0.179939   	0.141236   	0.137938   	0.179942   	1.16519	
2.2e-10    	4          	0.999803   	-0.00015254	0.000346358	0.557771   	0.999816   	-0.000808703	-0.00329398	0.558151   	0.999825   	0.00101202 	0.0029727  	0.557868   	0.999813   	-0.0008802 	-0.00339078	0.55797    	0.999807   	0.0017593  	0.000658711	0.557867   	0.999791   	-0.000800463	0.00280778 	0.557875   	0.999812   	-0.000748338	-0.00281161	0.558026   	0.999805   	0.000881427	0.00318817 	0.557852   	0.999789   	-0.000166038	-0.000413082	0.557949   	0.999784   	-0.00024285	0.00340144 	0.55792    	0.999817   	0.000760238	-0.00175659	0.557939   	0.999824   	-0.000465326	-0.00181046	0.557837   	0.999836   	0.000971621	0.00181827 	0.557741   	0.999821   	-0.00104622	0.000144537	0.558095   	0.999828   	4.53293e-05	-0.00196159	0.557899   	0.599549   	2.57102    	5.64642    	0.60075    	0.635887   	2.70894    	4.76453    	0.635238   	0.619151   	2.41755    	4.70086    	0.615734   	0.628253   	2.09342    	5.48845    	0.627644   	0.614752   	2.36316    	5.62917    	0.617241   	0.638183   	2.22872    	6.32008    	0.635885   	0.690467   	2.03264    	5.63761    	0.689647   	0.664293   	2.25779    	5.67646    	0.661906   	0.729043   	2.64278    	6.19254    	0.734388   	0.626772   	2.39458    	6.41186    	0.63144    	0.576578   	2.22204    	5.34536    	0.576751   	0.611423   	2.45457    	4.84453    	0.609007   	0.616577   	2.35315    	4.40448    	0.614376   	0.598163   	2.32305    	5.14178    	0.597983   	0.648345   	2.52856    	4.60452    	0.65397    	17.1957	17.7691	18.2309	17.9762	18.3101	18.0429	19.9947	18.4487	20.934	17.9776	16.544	17.4981	17.5295	17.141	18.8779	1          	8.25721e-06	-8.61132e-06	0.557812   	0.174208   	0.138749   	0.140563   	0.174211   	1.28436	
2.3e-10    	3.8        	0.999792   	-0.00214776	0.00369379 	0.530987   	0.999775   	0.00157355 	0.000440743	0.530427   	0.999726   	0.00057754 	-0.00415371	0.530573   	0.999717   	0.00193445 	-0.00109997	0.530519   	0.99973    	6.22669e-05	0.000868796	0.530542   	0.999718   	-0.00198718	0.000360707	0.53081    	0.99978    	0.000160102	-0.00327835	0.530494   	0.999732   	0.00140376 	-0.000493783	0.530652   	0.999764   	-0.0015977 	0.00368331 	0.530763   	0.999734   	0.000538927	0.00134354 	0.530984   	0.999769   	0.000762363	-0.00462938	0.530434   	0.999759   	-0.00133442	0.00336444 	0.53045    	0.999734   	0.000206582	-0.00499052	0.530467   	0.999743   	-0.00148389	0.00231686 	0.53078    	0.999772   	0.00132101 	0.00271875 	0.530658   	0.719873   	2.57834    	4.95614    	0.719392   	0.736599   	2.76088    	5.67263    	0.735053   	0.745421   	3.01773    	7.04062    	0.751479   	0.794677   	2.44575    	8.17068    	0.790226   	0.860005   	2.73857    	7.46919    	0.857621   	0.891718   	2.65782    	7.92991    	0.887888   	0.689162   	2.64813    	5.48158    	0.694743   	0.691591   	2.80722    	7.3044     	0.692603   	0.805236   	2.79588    	5.82816    	0.803576   	0.741763   	2.53259    	7.52612    	0.749072   	0.758013   	2.57086    	5.75711    	0.755631   	0.782408   	2.55133    	6.31756    	0.782935   	0.829884   	2.39102    	7.19777    	0.829317   	0.77676    	2.26577    	7.30146    	0.77689    	0.827063   	2.84178    	5.62912    	0.826498   	18.5908	18.6693	19.8282	20.5222	21.6333	21.8071	17.3186	18.3387	20.8812	19.2761	19.2108	19.6757	20.7199	20.1438	21.8439	1          	-1.89253e-06	1.272e-05  	0.530503   	0.173456   	0.137537   	0.143452   	0.173459   	1.29666	
2.4e-10    	3.6        	0.999702   	-0.00118465	0.00185256 	0.502947   	0.999654   	-0.000506933	-0.00519512	0.50335    	0.999689   	0.00166432 	0.00342382 	0.50293    	0.999646   	-0.00114994	0.00247811 	0.503007   	0.999722   	0.00203074 	-0.00321016	0.503004   	0.99972    	-0.000904032	0.000883311	0.503212   	0.999715   	0.0012348  	-0.00341317	0.502803   	0.999648   	0.00156454 	0.000281249	0.503044   	0.999693   	-0.00291604	0.00300109 	0.503379   	0.999667   	0.000538052	0.000318187	0.502991   	0.999731   	-0.00183165	0.00614191 	0.502891   	0.999622   	0.00128848 	-0.00628339	0.503376   	0.99967    	0.000843049	0.00477949 	0.503101   	0.999631   	-0.000605043	-0.00447807	0.503019   	0.999712   	-0.000264807	-0.000283934	0.503203   	0.887789   	2.689      	7.34435    	0.890016   	0.898734   	2.99437    	8.30678    	0.901358   	0.923463   	2.92805    	7.38245    	0.923032   	0.874797   	2.74758    	9.16797    	0.87724    	0.827772   	2.49574    	6.69187    	0.828042   	0.783362   	2.87687    	6.63799    	0.784448   	0.846235   	3.00501    	6.43111    	0.843317   	0.864103   	2.97929    	8.92905    	0.863248   	0.859892   	2.82343    	7.32726    	0.854294   	0.988217   	2.76886    	8.52124    	0.984216   	0.904254   	2.8093     	5.64407    	0.908817   	0.941581   	2.80303    	9.36275    	0.934824   	0.920497   	2.71775    	8.12994    	0.92738    	0.98876    	2.62957    	9.51475    	0.970647   	0.878976   	2.40117    	7.36438    	0.870797   	20.7964	20.4671	20.5826	20.1456	18.2287	17.9529	19.5067	19.4105	20.0928	21.9074	20.4986	21.3467	21.0455	22.2599	19.7641	0.999999   	-9.82045e-06	1.95852e-05	0.502924   	0.183027   	0.138423   	0.141819   	0.183028   	1.49234	
2.5e-10    	3.4        	0.999573   	-0.000137519	-0.00950383	0.475508   	0.999534   	0.000162177	0.00717913 	0.475168   	0.999635   	-3.39358e-05	0.00259199 	0.475195   	0.999484   	-0.00113076	0.000338095	0.47512    	0.999506   	-0.00136301	0.00642738 	0.475249   	0.999453   	0.00256333 	-0.00663204	0.475638   	0.999455   	-0.00103768	0.0110832  	0.475181   	0.999464   	0.00265751 	-0.0017497 	0.475224   	0.99947    	-0.00176154	-0.00926006	0.475612   	0.999662   	0.00236589 	0.00351849 	0.475162   	0.999632   	-0.0011439 	-0.00611819	0.474994   	0.999473   	-0.00135609	0.00249612 	0.475711   	0.999542   	0.00127539 	-0.00558104	0.475503   	0.999618   	0.000625658	-0.00364967	0.475437   	0.999629   	-0.0018066 	0.00931099 	0.474993   	1.0517     	3.48274    	8.12531    	1.05771    	1.14264    	2.93006    	10.4266    	1.14371    	1.03106    	3.48265    	7.44617    	1.01306    	1.11616    	3.35545    	12.2524    	1.10658    	1.18137    	3.29358    	11.0223    	1.17022    	1.14671    	3.46391    	12.3522    	1.12412    	1.11911    	3.21909    	11.435     	1.11657    	0.945254   	3.0617     	13.0207    	0.938204   	1.07393    	3.19376    	11.5539    	1.07563    	1.20209    	3.26122    	6.70601    	1.19326    	1.14508    	2.79536    	7.78338    	1.15016    	1.16354    	3.8075     	12.082     	1.15991    	1.07904    	2.89186    	10.5094    	1.07634    	1.07616    	3.26085    	8.11311    	1.07365    	1.16092    	3.10484    	6.79693    	1.1662     	21.0853	22.8209	20.4204	21.1318	22.9699	21.9029	22.2083	19.2886	20.6575	22.6057	22.0916	22.603	22.0809	21.6904	21.9367	0.999999   	-7.0792e-06	2.14122e-05	0.475096   	0.177182   	0.135427   	0.146866   	0.177183   	1.57825	
2.6e-10    	3.2        	0.999516   	-0.000744918	-0.00190724	0.448042   	0.999411   	0.00186988 	0.00793555 	0.446972   	0.99944    	-0.00108503	-0.00596159	0.447251   	0.9995     	0.00159298 	0.00764602 	0.447878   	0.999602   	-0.00102103	0.00136699 	0.44731    	0.999538   	-0.000489174	-0.00900868	0.447036   	0.999557   	-0.000787343	0.00579184 	0.447987   	0.999668   	0.00118862 	0.00156306 	0.447666   	0.999561   	-0.00048737	-0.00748064	0.446463   	0.999505   	0.000958109	0.00608519 	0.446858   	0.999444   	0.00093923 	-0.00118918	0.44753    	0.999524   	-0.00191964	-0.00484885	0.447831   	0.999499   	-0.000353181	0.00454576 	0.447344   	0.999511   	-0.000820272	-0.00510308	0.447413   	0.999605   	0.00107671 	0.000555575	0.447384   	1.41213    	2.93346    	10.0209    	1.39584    	1.45551    	3.29363    	11.5985    	1.4511     	1.11598    	3.34919    	11.2334    	1.12597    	1.21338    	3.12985    	9.54823    	1.22413    	1.17571    	3.05773    	7.60019    	1.17558    	1.16103    	3.22121    	8.09073    	1.15328    	1.34819    	3.24123    	8.21581    	1.33807    	1.37284    	2.87684    	6.02161    	1.37665    	1.38686    	3.38097    	7.6582     	1.39747    	1.38411    	3.48652    	9.27672    	1.36993    	1.42018    	3.75077    	11.1356    	1.40542    	1.43088    	3.20863    	9.28393    	1.44206    	1.28288    	3.28044    	9.90324    	1.28337    	1.21531    	4.10826    	8.69736    	1.22527    	1.32463    	3.56471    	7.04775    	1.33618    	23.8871	24.7475	19.9082	20.9804	21.0305	19.6454	23.4192	23.8944	24.4116	24.1095	24.2649	24.6385	22.8861	21.518	22.7961	0.999999   	-4.4866e-06	7.82183e-06	0.447186   	0.175198   	0.136421   	0.140905   	0.175199   	1.66917	
2.7e-10    	3          	0.999221   	-0.00216516	0.00653619 	0.420192   	0.999264   	0.000330207	0.005605   	0.419086   	0.999352   	0.00160675 	-0.0122648 	0.419404   	0.999113   	0.000460537	0.0144204  	0.419331   	0.999292   	0.00036933 	-0.0100061 	0.419862   	0.999005   	-0.000568614	-0.00435047	0.419604   	0.999266   	0.000649361	0.00673665 	0.419398   	0.999184   	-0.000924258	-0.0164205 	0.419284   	0.999326   	0.000101728	0.00958135 	0.420165   	0.999132   	-0.000654838	-0.00830291	0.419368   	0.999364   	-0.0010706 	-0.0045381 	0.420109   	0.999275   	0.0016607  	0.0127159  	0.419212   	0.999322   	-0.00150254	-0.00791992	0.420148   	0.999195   	0.00157941 	0.0081132  	0.419039   	0.999301   	-9.45256e-05	-0.000329404	0.4195     	1.33455    	3.39077    	14.533     	1.33999    	1.73471    	2.66765    	14.2718    	1.71105    	1.72061    	3.35345    	10.17      	1.72886    	1.63557    	3.33934    	15.1455    	1.63908    	1.6068     	3.10145    	12.5356    	1.64471    	1.41036    	3.63679    	19.6394    	1.38564    	1.49104    	3.74059    	13.0647    	1.49401    	1.47717    	3.66269    	12.4346    	1.48405    	1.43444    	3.86928    	11.0298    	1.43277    	1.3294     	3.64068    	16.0877    	1.35137    	1.51805    	3.89988    	10.9097    	1.51184    	1.68173    	3.6934     	11.4682    	1.67376    	1.60076    	2.72603    	12.5754    	1.59425    	1.56007    	2.94469    	15.2645    	1.56871    	1.59353    	2.71324    	13.7944    	1.59239    	21.3631	24.771	24.903	23.489	24.2923	22.2743	21.7965	22.2579	21.6258	20.9861	22.9651	24.1019	22.5077	23.5593	24.178	0.999999   	-1.71961e-05	-2.10476e-05	0.419262   	0.177441   	0.144268   	0.145737   	0.177437   	1.68989	
2.8e-10    	2.8        	0.998878   	0.000993277	-0.0116643 	0.391185   	0.998924   	0.000499278	-0.016333  	0.39184    	0.998583   	-0.0012015 	0.0280181  	0.392354   	0.998645   	0.00167592 	-0.026996  	0.392216   	0.998861   	-0.00330962	0.0259911  	0.39171    	0.999294   	0.00154443 	0.00100198 	0.391455   	0.999162   	0.00151357 	0.00819178 	0.390768   	0.998675   	-0.00130256	0.00959591 	0.392244   	0.998767   	-7.78577e-05	-0.0179823 	0.392352   	0.998388   	-0.00128313	0.0306047  	0.391879   	0.999134   	0.00235812 	-0.00594715	0.391503   	0.998604   	-0.00121115	-0.0249079 	0.392122   	0.99853    	0.000335859	0.0262658  	0.391144   	0.998051   	0.00129977 	-0.0363927 	0.393376   	0.999112   	-0.0017819 	0.0104146  	0.391181   	1.70775    	4.19027    	17.4754    	1.71913    	2.00548    	3.75093    	15.6889    	1.99042    	1.98058    	4.03572    	17.0775    	1.9684     	1.86992    	3.00571    	17.4907    	1.90989    	1.99978    	3.67034    	12.7025    	1.97858    	1.83572    	3.66294    	10.8579    	1.84318    	2.07672    	4.14021    	12.3227    	2.06658    	2.03549    	4.05531    	22.4185    	2.06897    	2.12842    	4.10052    	18.0522    	2.12415    	1.85337    	2.80123    	20.8057    	1.91103    	1.89885    	3.62888    	13.7818    	1.8943     	1.73965    	3.93303    	18.4877    	1.76555    	1.692      	3.37712    	19.6941    	1.64915    	1.65515    	3.4131     	23.2713    	1.65995    	1.94793    	3.66165    	13.4195    	1.93932    	21.4993	24.7768	24.9834	23.9513	25.3533	24.3562	25.6275	26.2425	26.5453	23.7376	24.0872	22.6221	22.0375	22.3267	23.4941	0.999999   	-2.26762e-07	-1.84434e-05	0.391341   	0.172113   	0.135977   	0.142606   	0.172116   	1.90845	
2.9e-10    	2.6        	0.997729   	0.0025731  	-0.00252626	0.363993   	0.997541   	-0.000731636	-0.0310696 	0.364623   	0.997895   	-0.0019523 	0.0332745  	0.36437    	0.997486   	0.00172393 	-0.02607   	0.36426    	0.998275   	-0.0019312 	0.0103871  	0.363354   	0.998326   	0.000162276	0.0152934  	0.365069   	0.99826    	-0.00124718	0.00129831 	0.363969   	0.997327   	-0.00136841	0.0178475  	0.36425    	0.998208   	0.00251383 	-0.0187667 	0.364655   	0.997658   	0.00242916 	0.0335387  	0.363738   	0.998504   	-0.000582643	-0.00994631	0.365664   	0.997651   	-0.00167242	-0.0234826 	0.363325   	0.997545   	0.00226208 	0.0294469  	0.363977   	0.99766    	-0.00220056	-0.0335223 	0.364922   	0.998101   	0.000206874	0.00418182 	0.364162   	2.14364    	4.01456    	36.4931    	2.25206    	1.96308    	3.66094    	31.515     	1.89222    	2.09222    	2.85179    	24.7948    	2.16208    	2.55173    	4.42404    	34.3009    	2.55426    	2.42434    	4.26675    	25.2781    	2.39911    	2.09648    	3.53187    	24.3465    	2.09323    	2.02371    	3.91845    	26.9852    	2.01042    	2.20299    	3.46977    	41.4941    	2.28524    	2.44498    	3.4353     	25.5214    	2.51997    	2.51118    	3.5381     	28.1196    	2.57542    	2.33571    	4.54907    	21.4279    	2.34376    	2.76771    	3.82466    	32.9209    	2.7857     	2.10898    	3.8148     	32.1234    	2.15858    	2.06543    	3.5766     	28.1753    	2.09586    	2.18764    	3.58784    	30.0804    	2.18827    	22.4212	21.986	23.0211	26.5003	22.9928	23.3132	21.4948	24.0987	23.97	26.0518	23.9773	27.4436	23.1631	23.4971	24.1417	0.999999   	1.54735e-05	4.46786e-06	0.363515   	0.171092   	0.140148   	0.140395   	0.171088   	1.88647	
3e-10      	2.4        	0.997982   	0.00346699 	0.0192976  	0.336026   	0.998494   	-0.00241118	-0.0198921 	0.336154   	0.997842   	-0.00114905	0.000845577	0.337064   	0.997996   	-0.00200428	-0.00372959	0.33641    	0.997758   	0.000149709	-0.0157776 	0.337287   	0.998783   	0.00152367 	0.0197732  	0.335483   	0.998556   	-0.000752865	-0.0237287 	0.336481   	0.998516   	-0.000351389	0.00365613 	0.33635    	0.99769    	0.00125415 	0.0200737  	0.336364   	0.997598   	-0.000627746	-0.0183112 	0.335794   	0.997903   	0.000324797	0.0362483  	0.336165   	0.998603   	0.000236534	-0.0175534 	0.337317   	0.998373   	0.00106347 	0.0315254  	0.334887   	0.997702   	0.000173325	0.00708924 	0.336678   	0.997793   	-0.00118002	-0.0384634 	0.337814   	2.85368    	4.12002    	23.8339    	2.98725    	2.68704    	4.08626    	15.7101    	2.66958    	2.92062    	3.87287    	29.0214    	2.90664    	3.09434    	4.11386    	26.2966    	3.13891    	2.557      	3.30485    	28.9895    	2.54476    	2.22411    	3.49273    	11.9065    	2.20708    	2.96046    	2.97818    	14.7091    	2.9737     	2.1239     	3.9373     	18.509     	2.1226     	2.79443    	3.88712    	28.2429    	2.8547     	2.85483    	4.23457    	29.5931    	2.87074    	2.66296    	3.57186    	18.2808    	2.64007    	2.77229    	3.38292    	15.6673    	2.80602    	2.41401    	3.87913    	13.106     	2.39267    	2.56279    	3.71568    	30.9733    	2.60988    	2.4313     	3.45189    	18.943     	2.37495    	24.513	23.7981	24.4672	26.9894	22.7919	20.2577	25.0448	19.8892	24.395	24.7973	23.7445	24.841	21.6378	22.2337	21.1683	0.999999   	-1.48283e-05	3.27317e-06	0.335781   	0.169064   	0.139384   	0.146954   	0.16907    	2.32131	
3.1e-10    	2.2        	0.995247   	-0.00224462	-0.072168  	0.307611   	0.996328   	0.00615847 	0.00471841 	0.312342   	0.996107   	-0.00404628	0.0669071  	0.308241   	0.99517    	-0.00328389	-0.0676473 	0.309804   	0.994775   	0.0067087  	0.08477    	0.309142   	0.996408   	-0.00344765	-0.0170907 	0.309643   	0.99708    	0.00202785 	0.0277152  	0.308715   	0.995382   	0.00347713 	0.0596533  	0.309957   	0.994515   	-0.00559042	-0.0873651 	0.309772   	0.995263   	0.000827647	0.0788352  	0.307669   	0.996992   	-0.00194308	-0.0327559 	0.310112   	0.996149   	0.001127   	-0.045278  	0.310228   	0.996802   	-0.00258937	0.0188203  	0.310221   	0.995936   	0.000631788	-0.0731789 	0.308124   	0.995899   	0.0017985  	0.0538389  	0.309606   	3.26546    	4.29103    	22.7132    	3.13575    	3.04385    	3.90376    	44.1416    	3.22061    	2.86468    	4.18013    	16.7036    	2.85271    	3.67188    	4.31735    	28.3237    	3.63822    	3.46882    	4.00646    	16.4619    	3.42239    	4.05841    	4.27341    	39.983     	4.01484    	3.58965    	3.79809    	28.1947    	3.32227    	3.08917    	3.16756    	33.3847    	3.19593    	3.61106    	4.36891    	16.6778    	3.53586    	2.9885     	3.69842    	16.8926    	3.01143    	3.00255    	3.71797    	27.9973    	2.92163    	3.01413    	4.06686    	32.3204    	3.00752    	3.09872    	3.40928    	35.6239    	3.1394     	2.8393     	3.66608    	13.8343    	2.79985    	2.82934    	3.79858    	30.5419    	3.09131    	24.3074	23.9948	20.5181	25.5929	23.8418	28.4299	23.4782	23.3296	24.0764	21.5261	21.4718	21.6971	23.5003	20.7177	21.7171	0.999999   	1.36437e-05	4.06234e-05	0.308133   	0.164119   	0.136903   	0.144528   	0.164119   	2.16048	
3.2e-10    	2          	0.998179   	0.00101094 	-0.0274498 	0.281238   	0.995981   	-0.00247282	0.0245421  	0.282971   	0.997387   	0.00136782 	0.00246621 	0.279877   	0.996998   	-0.000689977	0.00098617 	0.2794     	0.997965   	0.00231838 	0.0201825  	0.282549   	0.996599   	-0.00164588	-0.0203809 	0.282095   	0.99651    	-0.000384274	0.0216642  	0.280788   	0.996972   	0.000208372	-0.00924157	0.280749   	0.998161   	0.000155484	-0.0119119 	0.28247    	0.997516   	-0.00201247	0.0187724  	0.278626   	0.997455   	0.00356927 	-0.03388   	0.282769   	0.995637   	-0.00158911	0.0153885  	0.282978   	0.995624   	0.00246607 	-0.0238496 	0.281758   	0.997284   	-0.00180263	-0.00952383	0.280502   	0.997705   	-0.000995954	0.034784   	0.282067   	3.75713    	4.45489    	10.8043    	3.73961    	3.14723    	3.70702    	36.1058    	3.10392    	3.66558    	3.93052    	23.9098    	3.86329    	4.29619    	4.09972    	26.8144    	4.01118    	4.26986    	4.4673     	15.0515    	4.24954    	3.67944    	3.78136    	30.6392    	3.87613    	3.62159    	3.64168    	30.3705    	3.39       	3.32457    	3.78206    	28.2264    	3.55417    	3.60954    	4.17443    	14.6734    	3.56905    	3.39722    	4.53375    	19.8185    	3.58099    	3.80129    	3.64545    	17.6595    	3.9632     	3.87277    	4.51852    	40.6649    	3.65848    	3.60888    	4.04894    	39.8195    	3.81233    	4.21809    	4.26585    	23.862     	4.21134    	4.36935    	4.18832    	13.7965    	4.26008    	21.6321	20.0085	21.9404	24.227	25.0396	21.0683	19.5651	18.9509	21.1408	20.7026	23.336	22.6503	21.1357	24.3921	25.8352	0.999998   	-2.01464e-06	2.06601e-05	0.280562   	0.162923   	0.139171   	0.140256   	0.162919   	2.08296	
3.3e-10    	1.8        	0.996015   	0.00716512 	0.0634582  	0.255494   	0.997757   	-0.00631137	0.0230098  	0.251666   	0.993999   	-0.00115451	-0.0855622 	0.25489    	0.993403   	-0.000722169	0.0802557  	0.251364   	0.995196   	-0.00488808	-0.0767341 	0.255963   	0.997253   	0.00529493 	-0.00207046	0.255264   	0.997592   	0.00241758 	-0.0204132 	0.253879   	0.994717   	-0.00122044	-0.0682356 	0.253961   	0.994002   	-0.000820263	0.0883445  	0.254689   	0.994361   	-0.000347359	-0.0830655 	0.255435   	0.997926   	-0.00138763	0.0201799  	0.254426   	0.99539    	0.00129853 	0.0642784  	0.252229   	0.996532   	0.0093214  	-0.0585569 	0.254037   	0.993498   	-0.00350974	0.0921097  	0.254398   	0.997181   	-0.00577503	-0.0334904 	0.253842   	3.75634    	4.61391    	12.4408    	3.80207    	5.07831    	4.30227    	12.1379    	4.9258     	4.50647    	4.09899    	16.4307    	4.76062    	3.89026    	3.99003    	24.5055    	3.89649    	3.93444    	4.29883    	11.887     	3.97308    	4.13384    	4.22088    	19.6902    	4.14688    	4.85739    	4.74113    	14.2984    	4.8719     	3.93709    	4.39113    	21.2718    	4.11484    	3.68288    	3.92814    	14.2856    	3.79512    	4.0954     	3.9547     	15.3582    	4.3493     	3.95759    	4.34831    	11.9569    	3.98175    	4.06183    	4.08353    	17.6805    	4.15228    	4.40484    	3.47738    	11.2408    	4.44258    	4.0388     	3.96149    	15.6282    	4.18919    	3.79598    	4.60118    	14.7595    	3.8016     	19.5167	22.5263	21.1016	18.9879	19.1458	21.4527	22.1914	18.9635	18.6465	20.1471	19.4921	20.6881	20.1347	18.3466	16.426	0.999998   	-3.07461e-05	-1.89584e-05	0.252995   	0.161739   	0.141281   	0.141776   	0.161742   	1.76853	
3.4e-10    	1.6        	0.972253   	6.18971e-05	0.218765   	0.230722   	0.987329   	-0.00417923	-0.120592  	0.227015   	0.992274   	0.00414755 	-0.0991066 	0.229561   	0.995544   	0.00385773 	0.0436221  	0.224389   	0.976326   	-0.00190868	-0.204703  	0.232698   	0.981815   	-0.00168932	0.164377   	0.229835   	0.975861   	-0.00363912	-0.196951  	0.229441   	0.996293   	0.002094   	0.00871916 	0.227514   	0.979145   	0.0016856  	0.188029   	0.230422   	0.982904   	0.00475683 	-0.170787  	0.230512   	0.972266   	0.00194158 	0.220914   	0.2298     	0.996352   	-0.00664066	-0.0497892 	0.227078   	0.993938   	-0.000454847	0.0785358  	0.227734   	0.9879     	-0.00436464	0.136165   	0.227494   	0.975348   	0.00465135 	-0.210921  	0.230772   	3.88978    	4.99824    	19.6595    	3.94286    	4.49676    	4.51281    	32.4266    	4.83469    	4.3509     	4.22451    	15.9885    	4.88119    	4.83822    	3.7713     	20.0325    	4.94153    	4.45775    	3.99517    	13.8717    	4.57779    	4.47271    	4.19367    	27.8692    	4.65682    	4.50553    	5.3929     	26.7521    	5.18049    	4.00217    	4.73811    	20.6274    	3.93896    	4.16247    	4.72642    	16.5969    	4.41708    	4.21154    	4.82118    	12.1225    	4.32456    	4.87703    	4.44569    	16.12      	4.57028    	3.85295    	4.56116    	12.0095    	3.98952    	4.2747     	4.93275    	15.8124    	4.24198    	4.83863    	4.59664    	13.8359    	4.2474     	4.05883    	4.78436    	10.4196    	4.2478     	14.079	17.4108	14.4508	17.042	17.0703	16.5827	17.464	15.1031	15.5555	16.7543	17.2203	15.7913	15.9281	16.9738	17.0634	0.999997   	-8.37527e-06	-2.64075e-05	0.225394   	0.166654   	0.146809   	0.146325   	0.166652   	2.46225	
3.5e-10    	1.4        	0.99054    	-0.000620864	-0.0501537 	0.201843   	0.99219    	-0.00274241	0.0724101  	0.198789   	0.991142   	0.00444487 	-0.0225049 	0.19771    	0.990178   	-0.00336764	0.0475818  	0.200161   	0.990453   	0.00473858 	0.0257269  	0.198262   	0.99167    	-0.0011184 	-0.0739184 	0.200235   	0.989553   	0.00292504 	0.0871483  	0.201195   	0.989413   	-0.00502996	-0.0751773 	0.198768   	0.989785   	0.00172457 	-0.013159  	0.199474   	0.98871    	-0.00553735	0.00421401 	0.199981   	0.990044   	-0.00174907	-0.0641192 	0.199537   	0.991135   	0.00696863 	0.0601787  	0.199675   	0.99243    	-0.00993153	-0.0515091 	0.199944   	0.989366   	0.00641199 	6.97595e-05	0.198999   	0.989442   	0.00396586 	0.0537479  	0.199942   	5.90716    	4.22984    	39.9408    	5.61254    	4.57839    	3.99728    	23.5988    	4.68827    	5.51966    	5.06139    	40.1982    	5.57236    	4.35883    	4.67339    	42.2898    	4.51327    	4.87695    	3.89314    	44.3328    	4.82093    	4.67947    	4.38061    	25.3257    	4.32894    	4.63607    	4.19318    	32.2273    	4.84079    	5.24025    	4.47242    	36.4753    	5.07088    	4.07112    	3.67412    	51.5056    	4.6288     	6.51072    	4.45134    	56.6422    	6.75746    	5.27216    	3.92999    	38.0939    	5.34982    	5.62014    	4.90191    	32.741     	5.80105    	7.83924    	3.84598    	29.2596    	7.85234    	6.02923    	4.45388    	52.3483    	6.23723    	4.66507    	4.63799    	43.4907    	4.4247     	16.8995	14.6633	15.5011	13.9755	14.0629	14.1068	13.3289	13.5418	13.0309	18.6589	16.3289	16.9915	18.6454	17.7924	13.356	0.999996   	-5.55587e-05	6.93393e-05	0.19771    	0.169817   	0.142867   	0.137124   	0.169807   	2.05132	
3.6e-10    	1.2        	0.977296   	0.00451192 	-0.150923  	0.175983   	0.990649   	-0.00981131	-0.0278595 	0.172121   	0.97492    	0.00461417 	0.183826   	0.17156    	0.979183   	-0.00788542	-0.164988  	0.172372   	0.972072   	-0.00447816	0.180707   	0.17469    	0.989978   	0.012123   	-0.0200531 	0.172899   	0.985429   	-0.00593706	0.0930374  	0.173531   	0.984939   	0.00241886 	0.123576   	0.173466   	0.96775    	0.00349734 	-0.213849  	0.17349    	0.967474   	-0.0166131 	0.213108   	0.175344   	0.980422   	0.0135103  	-0.126492  	0.173198   	0.987317   	0.0035706  	-0.0862202 	0.172543   	0.989152   	0.00674945 	0.0495486  	0.171029   	0.97502    	0.00100198 	-0.186191  	0.17618    	0.979267   	-0.0079638 	0.143478   	0.172345   	4.96055    	6.18231    	40.1376    	5.61999    	5.18006    	4.95787    	30.5349    	5.26187    	4.42264    	4.72867    	26.2806    	4.53105    	5.00474    	4.87991    	23.5297    	5.37663    	4.29771    	4.71339    	42.8896    	6.04699    	5.74501    	4.77588    	34.5325    	5.9235     	5.25243    	4.00463    	37.0097    	5.08998    	6.01517    	4.87207    	24.7964    	5.9021     	4.69312    	5.54841    	30.8906    	5.82946    	6.76665    	4.24167    	33.8379    	6.36216    	4.29393    	4.97172    	39.979     	4.24231    	5.49862    	5.07055    	30.921     	6.04526    	4.80326    	5.05897    	32.2642    	4.65856    	4.90676    	4.34356    	27.1361    	5.86987    	4.4545     	4.16913    	36.6117    	4.4061     	11.7544	12.6881	10.1726	11.4795	10.0468	12.8905	12.769	13.3691	12.2293	13.6393	10.4566	13.368	10.1296	11.5996	10.7336	0.999995   	1.33495e-05	-2.81784e-05	0.169886   	0.166683   	0.137361   	0.145393   	0.166678   	1.82909	
3.7e-10    	1          	0.978556   	0.0054577  	-0.0768881 	0.14557    	0.980247   	-0.00066206	0.0152964  	0.142722   	0.991233   	-0.00475409	0.0580481  	0.144708   	0.989859   	-0.0107081 	-0.056556  	0.141675   	0.980473   	0.00174753 	0.0708382  	0.144733   	0.978597   	0.00864974 	-0.0206212 	0.146919   	0.972177   	-0.000648899	0.0392381  	0.144541   	0.988054   	0.00675408 	0.025249   	0.143284   	0.983935   	-0.00612526	-0.0608257 	0.145977   	0.986159   	0.00145402 	0.0502151  	0.144381   	0.971284   	-0.0148112 	-0.052928  	0.145564   	0.987876   	0.0130453  	-0.00137148	0.143661   	0.982948   	-0.0122252 	-0.0181203 	0.146284   	0.988974   	-0.00193881	-0.0597579 	0.142106   	0.974102   	0.0141275  	0.0749982  	0.145185   	4.61827    	5.04958    	48.2507    	4.98508    	5.0864     	4.99021    	48.1398    	4.90612    	4.62161    	4.03983    	16.2351    	4.95919    	3.45503    	4.29276    	18.5651    	3.4824     	3.61528    	4.91819    	44.0677    	4.45055    	3.86177    	4.52761    	58.5816    	4.79714    	5.49042    	4.30344    	72.3413    	5.92709    	5.56449    	4.55907    	26.673     	5.32716    	4.06889    	4.03799    	36.2927    	4.12666    	4.01853    	4.68315    	30.8997    	4.43278    	3.95823    	3.79786    	75.7899    	5.08017    	4.47676    	4.22383    	29.1895    	4.56284    	4.4937     	5.15677    	43.5814    	4.81396    	4.6497     	4.40831    	20.3777    	4.54992    	4.66939    	5.21812    	59.5625    	4.94699    	8.97902	9.90669	8.89769	7.43415	7.02555	8.08895	10.6262	9.51206	7.84936	8.0921	7.26216	8.56474	8.53012	8.02888	7.88985	0.999993   	-3.0325e-05	-1.09758e-06	0.141896   	0.166181   	0.143629   	0.143011   	0.166192   	2.07555	
3.8e-10    	0.8        	0.937728   	0.0212544  	-0.308663  	0.118978   	0.956576   	-0.022631  	0.241435   	0.119821   	0.989263   	0.00407147 	0.0640851  	0.11644    	0.990581   	-0.0132138 	-0.016609  	0.112239   	0.946254   	0.00334841 	0.298937   	0.122826   	0.944579   	0.00909866 	-0.288577  	0.120762   	0.940061   	-0.00852472	0.29995    	0.120081   	0.986061   	0.00610752 	-0.0727752 	0.119827   	0.963146   	0.00186454 	-0.238011  	0.114629   	0.97815    	-0.00936758	0.153468   	0.117591   	0.936181   	0.0159194  	-0.311628  	0.123496   	0.968565   	-0.00617682	0.183438   	0.114495   	0.964858   	0.0178012  	-0.214307  	0.11803    	0.982719   	-0.00419806	-0.111222  	0.116018   	0.935242   	-0.0156072 	0.311625   	0.121792   	6.42934    	6.00912    	17.4069    	6.2349     	5.39362    	5.81705    	20.9268    	6.6504     	5.13212    	4.37088    	11.0179    	4.96928    	4.6783     	4.2111     	11.3411    	4.71733    	4.10844    	4.8405     	12.1323    	5.66406    	3.88627    	4.757      	20.5381    	5.21381    	4.33784    	7.17276    	18.9395    	4.96626    	3.41844    	5.52603    	16.3209    	3.58751    	3.93753    	3.86348    	10.5006    	4.41521    	4.87718    	4.54559    	13.5505    	4.79642    	5.21685    	4.29611    	24.1787    	7.21585    	4.35623    	5.33726    	18.8754    	3.96911    	4.96202    	3.71359    	20.2026    	7.16945    	5.19277    	4.53138    	15.5402    	5.36396    	5.0483     	4.29636    	26.6292    	8.20946    	7.37813	6.71513	6.79424	6.56311	6.68974	6.82595	6.37138	5.76299	6.10377	6.28201	6.61462	5.41328	6.76799	7.35667	7.83148	0.999989   	-4.19054e-05	-0.000167724	0.113751   	0.167816   	0.144854   	0.152229   	0.167797   	1.78488	
3.9e-10    	0.6        	0.897087   	0.000558074	-0.392978  	0.0945568  	0.918012   	0.00100333 	0.318567   	0.0967969  	0.980594   	-0.00045942	0.0737525  	0.0850518  	0.976066   	0.00919687 	0.0567305  	0.0899929  	0.923053   	-0.0108618 	0.33666    	0.0920734  	0.89301    	0.00216537 	-0.376382  	0.0942651  	0.887203   	0.00666725 	0.409201   	0.0969372  	0.973184   	-0.00891147	-0.111759  	0.0869931  	0.925768   	0.00142372 	-0.321773  	0.093335   	0.938155   	-0.0201239 	0.288777   	0.0898609  	0.876691   	0.00835249 	-0.439498  	0.0983043  	0.961415   	0.0116421  	0.193989   	0.0898804  	0.935096   	-0.0110981 	-0.278483  	0.0892698  	0.971237   	0.0013997  	-0.175867  	0.0900967  	0.886286   	0.00659483 	0.415648   	0.0971466  	4.53456    	5.39459    	21.5366    	7.17459    	5.15802    	4.79041    	32.2458    	6.95498    	5.68467    	4.82394    	10.8854    	5.49622    	5.93962    	4.71492    	18.5775    	5.46913    	5.53009    	4.5826     	16.2661    	6.85057    	6.29646    	4.95242    	33.9047    	9.2407     	5.02064    	6.12479    	25.4752    	8.47369    	5.26843    	6.18661    	15.2649    	5.96804    	4.2204     	4.69989    	18.7176    	4.82736    	4.52901    	5.09024    	14.8773    	5.27434    	4.78616    	5.27593    	21.2729    	7.12359    	6.60392    	5.55842    	14.578     	6.47251    	5.7781     	4.70466    	21.8828    	6.82055    	5.06454    	4.8145     	9.40271    	5.14666    	5.49189    	4.70364    	25.8726    	9.13482    	5.72982	5.28057	6.18331	5.71805	5.75453	5.77135	5.51662	6.0469	5.60557	5.70163	6.46805	7.17355	5.73016	5.03852	5.70342	0.999981   	-5.37114e-06	-8.68085e-05	0.0854621  	0.164685   	0.141519   	0.14127    	0.164701   	1.88147	
4e-10      	0.4        	0.856361   	0.00194275 	-0.382431  	0.0648335  	0.92431    	0.000595557	0.0998156  	0.0642319  	0.910078   	-0.0102101 	0.29992    	0.0634692  	0.92507    	0.0164659  	-0.232037  	0.0618124  	0.883486   	-0.0123969 	0.375      	0.0646726  	0.925487   	-0.0018483 	-0.160476  	0.0624028  	0.897189   	-0.00216013	0.273879   	0.063717   	0.93954    	-0.0348318 	0.129468   	0.0634648  	0.863078   	0.0309617  	-0.400276  	0.0642505  	0.884325   	0.0402334  	0.366376   	0.065688   	0.877806   	-0.0375006 	-0.333221  	0.0647884  	0.942575   	0.00399736 	-0.0223329 	0.0606759  	0.927404   	-0.00255464	-0.0270954 	0.0609203  	0.880333   	-0.0142613 	-0.342685  	0.0632511  	0.892117   	0.0164797  	0.315408   	0.0678563  	4.96952    	6.992      	29.0274    	6.98809    	4.07281    	5.36618    	37.4428    	6.10472    	5.03457    	5.61268    	19.6392    	7.46001    	5.07881    	5.07105    	21.0518    	7.40386    	4.74194    	4.97903    	19.0512    	6.86455    	3.86238    	4.41321    	27.8388    	3.96473    	4.51479    	5.42317    	27.1111    	4.90656    	4.57483    	4.21739    	24.6893    	5.75704    	4.83206    	5.42506    	23.7368    	8.69215    	5.90792    	4.5755     	20.205     	7.69955    	4.60609    	5.07439    	30.8136    	7.55206    	5.15813    	4.20035    	25.0992    	5.98668    	4.67617    	6.43609    	30.6371    	5.5377     	5.90754    	5.41893    	25.9714    	8.46276    	5.20329    	7.41915    	32.7389    	12.4574    	4.82332	4.83708	4.40605	4.65779	4.81969	4.30168	4.55238	4.75011	4.36301	4.6713	4.24279	4.94051	4.5742	4.43338	5.48515	0.999956   	-0.000221705	-0.000265283	0.0570464  	0.165168   	0.142778   	0.146192   	0.165156   	2.37414	
4.1e-10    	0.2        	0.814318   	0.0606434  	-0.381729  	0.0341558  	0.637055   	-0.0594733 	-0.694028  	0.0478704  	0.50673    	0.0254715  	0.808221   	0.0578262  	0.502197   	0.0168719  	-0.807144  	0.0581887  	0.754155   	-0.0573898 	0.514863   	0.0392615  	0.702086   	0.0217961  	0.611805   	0.0416708  	0.768778   	0.0445893  	-0.466481  	0.0387368  	0.512654   	-0.00977868	0.817498   	0.0600365  	0.643275   	-0.014285  	-0.650124  	0.0443151  	0.633167   	0.0366837  	0.704954   	0.0490187  	0.805635   	0.0300365  	0.33545    	0.0338152  	0.512203   	-0.0566321 	-0.808182  	0.0578537  	0.519615   	0.0416077  	0.804839   	0.0537483  	0.537721   	-0.00756851	-0.787506  	0.0510464  	0.895246   	-0.0672993 	-0.0894235 	0.0354019  	5.48496    	4.88776    	9.75168    	5.54038    	4.40975    	5.04766    	14.0129    	7.90222    	5.77184    	6.30752    	18.5625    	14.5012    	5.36633    	4.93213    	19.0658    	11.7745    	5.5257     	3.7161     	14.191     	8.61231    	4.19272    	4.7371     	13.2863    	8.66718    	4.49833    	4.8319     	14.9325    	6.5053     	4.68766    	5.03743    	20.4292    	15.6386    	4.6        	4.7278     	21.6679    	12.0897    	5.76679    	5.17879    	16.4875    	13.212     	5.65073    	4.23003    	13.0015    	5.86653    	6.1794     	4.61242    	18.4562    	13.5031    	5.6187     	5.71368    	13.3389    	11.4542    	5.52405    	5.43147    	13.1551    	9.95077    	5.92931    	4.52368    	10.8367    	5.81898    	4.00299	3.91916	4.06536	5.01494	4.2098	4.40244	4.57903	4.32182	3.78374	3.99031	4.19123	4.60812	3.70846	4.04799	4.00724	0.999824   	0.000172236	-0.000258581	0.0285531  	0.168644   	0.142475   	0.145888   	0.168642   	1.94026	
4.2e-10    	-0         	-0.0231743 	-0.096167  	0.335281   	0.0331914  	0.0264872  	0.0568417  	-0.561915  	0.0323157  	-0.028489  	0.00081075 	0.330171   	0.0204834  	0.00615426 	0.0582225  	-0.592483  	0.0208277  	-0.0125385 	-0.03358   	-0.252972  	0.0288052  	-0.0107405 	-0.0577345 	0.534084   	0.032884   	-0.0461831 	0.0360386  	-0.464212  	0.0328716  	0.0501718  	0.0392628  	0.754967   	0.0242079  	0.044341   	-0.018848  	0.0762597  	0.0274021  	-0.0653935 	0.0525705  	0.0426646  	0.0253766  	0.0684206  	-0.0187846 	0.396208   	0.032437   	-0.00210326	-0.0717899 	-0.694858  	0.0248875  	0.0422468  	-0.0274371 	0.613313   	0.0263604  	-0.0311279 	0.0499981  	-0.173969  	0.0223314  	0.00340815 	0.0264275  	-0.343364  	0.0321637  	6.54402    	4.44778    	65.3362    	15.4938    	6.34361    	5.2356     	39.7943    	17.6308    	4.46553    	4.85008    	18.4515    	5.64285    	5.22234    	5.04944    	11.5101    	6.50261    	4.64312    	5.64744    	53.5373    	11.2845    	5.32965    	5.50521    	45.1578    	13.8302    	4.53684    	5.27284    	50.3523    	15.3735    	5.52372    	4.20455    	10.4375    	7.22329    	5.50839    	4.77618    	51.77      	11.6943    	6.04993    	5.63267    	44.2739    	13.0189    	4.30053    	5.3133     	58.7614    	20.8479    	4.77517    	5.48935    	15.7801    	10.9373    	4.27544    	4.8139     	23.6958    	14.0183    	5.07952    	5.30425    	28.5947    	7.01875    	5.41783    	5.02321    	65.7628    	23.3749    	3.70351	3.30888	3.26849	3.36017	3.69207	3.67101	3.70334	3.34174	3.18929	3.53928	3.69896	3.91583	3.89975	4.05943	4.06191	-0.00169267	-0.00466348	0.0147518  	0.000607014	0.168014   	0.145743   	0.146548   	0.0891789  	2.05091	
