#----------------------------------------------------------------------------------------------------------------------------------------------------------
# Output file for vampire simulation
#   time       : 2025-05-30 05:15:10     process id : 577018
#   hostname   : thor4.psi.ch
#   path       : /scratch/dossan_f/Na2BaMn(PO4)2/vampire_tripleUC_15mat_J2Ja_small_k0.035_Jnn0.11_Ba_highstatistics
#   version    : 6.0.0
#   githash    : 4c9651daecc86c3e6b6df0c8055fcd9e89fd900c
#----------------------------------------------------------------------------------------------------------------------------------------------------------
2e-11      	8          	0.999993   	-3.75465e-05	5.24337e-05	0.88178    	0.999992   	-0.000166442	2.55507e-05	0.881839   	0.999992   	0.000189017	-0.00010092	0.88178    	0.999992   	-3.51393e-05	0.000189649	0.881784   	0.999992   	-6.07637e-05	-0.000135101	0.88178    	0.999992   	9.0471e-05 	4.71209e-05	0.881803   	0.999992   	0.00014059 	-5.46862e-05	0.881778   	0.999992   	-2.04801e-05	1.51225e-05	0.881768   	0.999992   	-0.000144927	3.72662e-05	0.881784   	0.999992   	-0.000187444	-0.000143093	0.881749   	0.999993   	9.56179e-05	6.75674e-05	0.881802   	0.999992   	0.000133865	-2.9039e-05	0.88175    	0.999991   	8.09828e-05	3.80003e-05	0.881805   	0.999993   	2.14592e-05	-5.60609e-05	0.881799   	0.999992   	-0.00014575	-1.14833e-05	0.881813   	9.16808    	0.302981   	0.39112    	9.16659    	9.11984    	0.330544   	0.395926   	9.1173     	9.05213    	0.328119   	0.388101   	9.04513    	8.90696    	0.339449   	0.369321   	8.90246    	8.93418    	0.334353   	0.418647   	8.92749    	9.4859     	0.341367   	0.377747   	9.47696    	9.1482     	0.343229   	0.352304   	9.13867    	8.93357    	0.309785   	0.375334   	8.91656    	9.23623    	0.355328   	0.367714   	9.23398    	8.81952    	0.317179   	0.382489   	8.80827    	9.06004    	0.331902   	0.372692   	9.05972    	9.58162    	0.361733   	0.348835   	9.57252    	9.60425    	0.324124   	0.38876    	9.57414    	9.11877    	0.325996   	0.382746   	9.11688    	8.76151    	0.350264   	0.376514   	8.74656    	724.432	725.052	712.97	692.781	693.053	767.404	724.582	696.893	734.975	677.579	714.22	778.847	778.449	717.439	673.808	1          	-3.04561e-06	-4.03105e-06	0.881781   	136.421    	0.113672   	0.111985   	136.42     	10743.1	
3e-11      	7.8        	0.999992   	0.000152   	2.79931e-05	0.87544    	0.999992   	3.71256e-05	0.000132594	0.875453   	0.999992   	-0.000220744	-0.000171212	0.875463   	0.999992   	-0.000173745	0.000110138	0.875409   	0.999992   	-7.21318e-05	-1.42461e-05	0.87549    	0.999992   	0.000297783	-6.01683e-05	0.875458   	0.999992   	-0.000112818	3.0097e-05 	0.87546    	0.999992   	0.000199714	-0.000148818	0.875437   	0.999992   	-0.000119899	7.15071e-05	0.875469   	0.999992   	-3.1489e-05	3.83629e-05	0.875489   	0.999992   	1.81522e-05	-1.79324e-05	0.875424   	0.999992   	1.87776e-05	-3.12255e-05	0.875473   	0.999993   	0.000114185	3.73274e-05	0.875426   	0.999992   	-0.000136451	0.000172384	0.875438   	0.999992   	8.36748e-05	-0.000189142	0.875482   	0.0386088  	0.356578   	0.400413   	0.0385745  	0.0404336  	0.342878   	0.392705   	0.0404156  	0.0402417  	0.348686   	0.416254   	0.040257   	0.037323   	0.371275   	0.39416    	0.037306   	0.0401418  	0.364057   	0.367364   	0.0401682  	0.0381479  	0.335433   	0.405696   	0.0381468  	0.0379554  	0.349485   	0.421763   	0.0379427  	0.0393527  	0.32067    	0.391942   	0.0393393  	0.0411635  	0.344011   	0.391388   	0.0411695  	0.0404917  	0.343057   	0.428012   	0.0404686  	0.0390733  	0.373061   	0.396348   	0.0390724  	0.0399826  	0.345506   	0.395546   	0.0399888  	0.0391223  	0.326088   	0.374301   	0.039119   	0.0393777  	0.346468   	0.399621   	0.0393787  	0.0393119  	0.354457   	0.406393   	0.0393181  	4.60513	4.73832	4.73033	4.3332	4.82633	4.47843	4.5497	4.65086	4.71644	4.72329	4.70656	4.79754	4.54675	4.56032	4.59267	1          	3.59415e-06	-8.26856e-07	0.875447   	0.0403771  	0.1128     	0.114941   	0.0403771  	1.39411	
4e-11      	7.6        	0.999991   	0.000234817	0.000166032	0.868075   	0.999991   	-8.40907e-05	-0.00018452	0.868066   	0.999992   	-7.65069e-05	-2.49041e-05	0.868025   	0.999991   	-7.56028e-06	-2.48137e-05	0.86803    	0.999991   	9.76727e-05	2.77111e-05	0.86806    	0.999991   	-2.42623e-05	2.63456e-05	0.868053   	0.999991   	-4.21037e-05	0.000128657	0.868067   	0.999992   	0.00013771 	3.29972e-05	0.86809    	0.999991   	-7.5457e-05	-0.000316057	0.868057   	0.999992   	7.96102e-05	8.70891e-05	0.868063   	0.999991   	-0.000119999	-0.000254685	0.868103   	0.999992   	9.03476e-05	9.13954e-05	0.86806    	0.999991   	-2.70358e-06	1.40218e-05	0.868058   	0.999991   	-0.000147333	-4.28659e-05	0.868029   	0.999991   	9.22899e-05	2.31289e-05	0.868073   	0.043273   	0.369178   	0.438285   	0.0432388  	0.0435511  	0.397413   	0.444087   	0.0435301  	0.0441628  	0.377676   	0.398089   	0.0441459  	0.0436559  	0.393141   	0.435385   	0.0436448  	0.0440464  	0.400262   	0.44248    	0.0440548  	0.0417855  	0.415386   	0.385566   	0.0417804  	0.0423363  	0.378783   	0.430304   	0.042331   	0.0449064  	0.390542   	0.393595   	0.044912   	0.0421654  	0.397353   	0.418814   	0.0421771  	0.0425847  	0.383353   	0.395536   	0.0425827  	0.0454594  	0.38278    	0.417683   	0.0454495  	0.0423878  	0.358441   	0.366568   	0.042393   	0.0432801  	0.41166    	0.465791   	0.0432859  	0.0435925  	0.388701   	0.437994   	0.0435762  	0.0443887  	0.370786   	0.469093   	0.0443577  	4.85677	4.86677	4.91871	4.74581	4.75018	4.51425	4.66587	4.97621	4.64118	4.68138	4.97974	4.64024	4.89641	4.86391	4.96912	1          	1.01886e-05	-1.66987e-05	0.868053   	0.0486726  	0.110265   	0.112116   	0.0486733  	1.46038	
5e-11      	7.4        	0.999991   	6.3858e-05 	0.000110082	0.85995    	0.999991   	3.34596e-05	2.30701e-05	0.859859   	0.99999    	2.74456e-06	-0.000127238	0.859914   	0.99999    	-8.63063e-05	-0.000110389	0.859962   	0.99999    	1.01464e-05	-5.49555e-05	0.859924   	0.99999    	0.000167081	0.000201897	0.859917   	0.999991   	-9.03072e-05	2.70118e-05	0.859889   	0.999991   	2.63966e-05	-0.000231506	0.859968   	0.999991   	9.62186e-05	0.000173905	0.859932   	0.99999    	-0.00012786	7.51151e-05	0.859941   	0.999991   	-7.33838e-06	-0.000254361	0.859945   	0.99999    	0.000145566	5.20756e-05	0.859983   	0.999991   	4.67219e-05	8.6653e-05 	0.859951   	0.999991   	0.000165106	-0.0001121 	0.859974   	0.99999    	-0.000198266	-5.29754e-06	0.859904   	0.046745   	0.395792   	0.46189    	0.046739   	0.0479666  	0.392958   	0.472712   	0.0479495  	0.0466049  	0.404822   	0.478422   	0.0466191  	0.0476188  	0.437376   	0.454176   	0.0475958  	0.0453789  	0.398047   	0.48003    	0.0453816  	0.0513738  	0.412624   	0.465517   	0.0513475  	0.0518546  	0.411184   	0.444424   	0.0518376  	0.0486979  	0.39041    	0.458052   	0.0486823  	0.0507299  	0.420957   	0.414349   	0.0507294  	0.0490682  	0.428201   	0.468226   	0.0490834  	0.0492664  	0.405244   	0.459885   	0.0492418  	0.0489293  	0.413395   	0.471686   	0.0489286  	0.0472429  	0.411476   	0.452553   	0.0472111  	0.0500634  	0.407743   	0.427376   	0.0500418  	0.0471692  	0.408051   	0.468521   	0.0471478  	4.74558	5.05165	4.79256	4.8748	4.76638	5.29291	5.25615	4.97892	5.21281	5.03461	4.99466	5.08642	4.86379	5.1432	4.90612	1          	1.64762e-05	-9.72172e-06	0.859926   	0.0546351  	0.114613   	0.120677   	0.0546349  	1.44977	
6e-11      	7.2        	0.999989   	0.000166483	-6.76846e-05	0.851013   	0.999989   	-3.30842e-05	0.000175014	0.850989   	0.999989   	-0.000141222	-0.000118293	0.850996   	0.99999    	-0.000117593	0.000168961	0.850988   	0.999989   	1.4388e-06 	3.08032e-05	0.850953   	0.999989   	0.00015027 	-0.000239168	0.851009   	0.999989   	0.000275567	-0.000132605	0.851026   	0.999989   	-0.000289017	-0.000196267	0.850962   	0.999989   	-2.13816e-06	0.00030869 	0.850964   	0.99999    	-0.000213168	-0.000111216	0.850991   	0.99999    	4.99804e-05	8.04427e-05	0.85106    	0.999989   	0.00012711 	-2.80098e-05	0.850969   	0.999989   	-0.000248899	0.00012448 	0.850981   	0.999989   	2.11616e-05	-0.00022045	0.850999   	0.999989   	0.000336776	-1.04344e-05	0.850988   	0.0548116  	0.443342   	0.5204     	0.0548099  	0.0514337  	0.462743   	0.483619   	0.0513978  	0.056542   	0.467014   	0.508447   	0.0564832  	0.0543252  	0.447707   	0.492855   	0.0543685  	0.0563116  	0.445428   	0.534857   	0.056298   	0.0551398  	0.476733   	0.542623   	0.0551301  	0.0524724  	0.470017   	0.508538   	0.0525226  	0.0508983  	0.443872   	0.566549   	0.050877   	0.055096   	0.451891   	0.523144   	0.055102   	0.0560367  	0.419896   	0.475783   	0.0560577  	0.054051   	0.421994   	0.476157   	0.0540504  	0.0534169  	0.449681   	0.50038    	0.0534668  	0.054664   	0.470702   	0.524811   	0.0546436  	0.0563663  	0.436845   	0.504509   	0.0563803  	0.0572486  	0.459176   	0.522188   	0.0572411  	5.2902	4.98466	5.45096	5.31279	5.49495	5.33159	5.21827	4.97203	5.21238	5.24896	5.23617	5.2213	5.39259	5.60821	5.57969	1          	5.61685e-06	-1.56768e-05	0.850984   	0.0594535  	0.12025    	0.118578   	0.0594521  	1.3787	
7e-11      	7          	0.999988   	-2.03155e-05	3.79823e-05	0.84111    	0.999987   	-1.60415e-05	0.000179584	0.841139   	0.999988   	2.4497e-05 	-0.000108112	0.841099   	0.999988   	-3.2322e-05	-7.048e-05 	0.841211   	0.999988   	0.000104126	6.63866e-05	0.841147   	0.999987   	-4.08934e-05	-0.000164591	0.841097   	0.999988   	-0.000152474	-0.000297079	0.841181   	0.999988   	4.4852e-05 	0.000404609	0.841061   	0.999988   	7.74124e-05	-4.86369e-05	0.841148   	0.999989   	8.19443e-05	-0.000166412	0.841156   	0.999988   	8.09369e-06	0.000188066	0.841151   	0.999988   	-0.000161437	-6.02446e-05	0.841183   	0.999988   	-7.70395e-05	1.50301e-06	0.841148   	0.999988   	1.93336e-05	-7.19194e-05	0.84112    	0.999988   	4.14715e-05	7.51977e-05	0.841104   	0.0604884  	0.487434   	0.592569   	0.0604681  	0.0629814  	0.51334    	0.599211   	0.0629984  	0.0605296  	0.48746    	0.594221   	0.0605061  	0.0604274  	0.480784   	0.562751   	0.0604339  	0.0581494  	0.484672   	0.584527   	0.0581766  	0.0601461  	0.517827   	0.6122     	0.0601123  	0.0610625  	0.503046   	0.55291    	0.0610645  	0.0583863  	0.46669    	0.562881   	0.0583766  	0.0601663  	0.480531   	0.577118   	0.0601644  	0.0620723  	0.456857   	0.545239   	0.0620698  	0.0613903  	0.497069   	0.555476   	0.0613491  	0.0626487  	0.477454   	0.588199   	0.0626364  	0.0650972  	0.525087   	0.548962   	0.0651328  	0.063841   	0.47333    	0.606577   	0.0638529  	0.059974   	0.489828   	0.582343   	0.059955   	5.44897	5.84537	5.47231	5.43554	5.22012	5.55456	5.57439	5.21601	5.33261	5.5778	5.60893	5.70951	5.82609	5.72961	5.526	1          	-6.52989e-06	-2.27987e-06	0.841127   	0.064785   	0.12184    	0.125226   	0.0647836  	1.32653	
8e-11      	6.8        	0.999987   	-3.99145e-05	-4.74207e-05	0.830329   	0.999986   	-9.42034e-05	1.16725e-05	0.830321   	0.999987   	4.4732e-05 	0.000106199	0.830263   	0.999986   	-0.000175506	-7.40979e-05	0.830344   	0.999987   	6.05696e-05	0.000174385	0.830301   	0.999986   	0.000152586	-5.23325e-05	0.830313   	0.999986   	-0.000409994	0.000165748	0.830314   	0.999986   	-4.02536e-05	0.00019633 	0.830266   	0.999987   	0.000308568	-0.000349182	0.830296   	0.999987   	-9.60654e-05	-0.000103161	0.830314   	0.999986   	0.000193001	0.000136316	0.830277   	0.999986   	-0.00010333	-2.53816e-05	0.830289   	0.999987   	0.000307255	-0.000170455	0.830324   	0.999986   	-0.000134788	-0.00011525	0.830291   	0.999987   	-0.000138911	0.000134897	0.830361   	0.0721302  	0.517461   	0.599566   	0.072132   	0.0741026  	0.504166   	0.669692   	0.0740979  	0.0688601  	0.504497   	0.58683    	0.0688592  	0.0693549  	0.568828   	0.661346   	0.0693584  	0.0713934  	0.508258   	0.623208   	0.0713873  	0.0678116  	0.564793   	0.635881   	0.0677767  	0.0718191  	0.53364    	0.655769   	0.0717749  	0.070054   	0.540519   	0.656874   	0.0700986  	0.0686121  	0.467958   	0.638083   	0.0685805  	0.0721739  	0.482699   	0.593639   	0.0721784  	0.0692021  	0.567415   	0.638838   	0.069219   	0.0688868  	0.550949   	0.611993   	0.0689078  	0.0653964  	0.525029   	0.565641   	0.0654179  	0.0695316  	0.567122   	0.609583   	0.0695609  	0.0722773  	0.571797   	0.572998   	0.0722509  	6.14289	6.15946	5.68195	5.9031	5.97316	5.76646	6.11391	5.79415	5.67004	6.02254	5.61099	5.89164	5.47919	5.90064	6.01723	1          	-1.10879e-05	-8.22994e-07	0.830296   	0.0777933  	0.121581   	0.123881   	0.077794   	1.38606	
9e-11      	6.6        	0.999984   	0.000102796	-2.47211e-05	0.818407   	0.999984   	-0.000236653	-0.000289374	0.818377   	0.999985   	0.000141886	0.000339836	0.818364   	0.999984   	0.000305921	9.39323e-05	0.818372   	0.999985   	-0.000108286	-0.000133217	0.818417   	0.999985   	-0.000178789	0.000135986	0.81835    	0.999986   	0.00021398 	2.70821e-05	0.818437   	0.999985   	-8.08318e-05	-0.000399728	0.818416   	0.999985   	-4.98032e-05	0.0003025  	0.818335   	0.999985   	-0.000192695	-0.000303349	0.818356   	0.999986   	0.000483984	0.000343581	0.818339   	0.999984   	-0.000305111	-2.80854e-05	0.818378   	0.999985   	-0.000228521	0.000158476	0.818353   	0.999985   	1.8757e-05 	-9.48093e-05	0.8184     	0.999985   	0.000187548	-4.84306e-05	0.818442   	0.0798851  	0.600037   	0.694067   	0.0798329  	0.0816611  	0.55818    	0.724525   	0.081665   	0.0775461  	0.526901   	0.718428   	0.077543   	0.0807759  	0.595367   	0.693534   	0.0807034  	0.0801831  	0.558003   	0.655239   	0.0802398  	0.0798736  	0.59492    	0.689691   	0.079896   	0.0801846  	0.56062    	0.636838   	0.0801627  	0.0807122  	0.557325   	0.662716   	0.0807741  	0.0800271  	0.616628   	0.659371   	0.0799671  	0.0831364  	0.586791   	0.668058   	0.0831296  	0.0798181  	0.528412   	0.659166   	0.0798721  	0.082672   	0.578975   	0.707887   	0.0826366  	0.0750581  	0.580798   	0.694799   	0.0750519  	0.075933   	0.561303   	0.704827   	0.0759232  	0.0817942  	0.559387   	0.707021   	0.0817613  	6.17602	6.3496	6.04102	6.27354	6.2105	6.26317	6.22735	6.19705	6.16343	6.49485	6.30546	6.65365	5.85715	6.06762	6.27998	1          	4.87222e-06	5.33416e-06	0.818371   	0.0826649  	0.125447   	0.127151   	0.0826668  	1.23909	
1e-10      	6.4        	0.999983   	0.000188659	-0.000194704	0.805357   	0.999983   	-0.000141829	7.34579e-05	0.80528    	0.999983   	-5.23273e-05	0.000149036	0.805327   	0.999983   	-0.000247115	1.19061e-05	0.805355   	0.999984   	-2.88238e-05	-9.02701e-05	0.805395   	0.999983   	0.000199666	5.04516e-05	0.805253   	0.999983   	6.29197e-05	-0.000106461	0.805399   	0.999983   	0.000256967	6.54916e-05	0.805334   	0.999982   	-0.000287932	0.000105341	0.805273   	0.999984   	-0.000203447	-7.48874e-05	0.805249   	0.999984   	3.29028e-05	0.000103925	0.805368   	0.999983   	0.000113116	-2.87458e-05	0.805334   	0.999983   	-1.64387e-05	0.000161552	0.805353   	0.999983   	-8.03464e-05	-1.14077e-05	0.8053     	0.999982   	0.000120082	-0.000114607	0.805322   	0.089577   	0.641093   	0.708308   	0.08944    	0.0891288  	0.661272   	0.735542   	0.0890582  	0.0948615  	0.605712   	0.748906   	0.0948816  	0.0898931  	0.611807   	0.714416   	0.0898986  	0.08842    	0.572516   	0.72068    	0.0883625  	0.0950252  	0.645047   	0.698834   	0.0949865  	0.0926566  	0.662038   	0.7168     	0.0926884  	0.0850805  	0.620856   	0.720849   	0.0850577  	0.0920396  	0.680229   	0.769585   	0.092015   	0.0897892  	0.562154   	0.72168    	0.0898102  	0.0917534  	0.586679   	0.706426   	0.0916408  	0.0952037  	0.638459   	0.745949   	0.0951915  	0.0919404  	0.599842   	0.764263   	0.091944   	0.0902928  	0.646584   	0.713481   	0.0902802  	0.093261   	0.647695   	0.805901   	0.0932737  	6.71567	6.85499	7.08281	6.75156	6.64644	7.08805	6.81095	6.25228	6.73843	6.51352	6.77867	7.03906	6.68744	6.81974	6.96267	1          	-5.58912e-06	6.66531e-06	0.805313   	0.0877403  	0.125331   	0.12633    	0.0877401  	1.21435	
1.1e-10    	6.2        	0.99998    	-0.000293966	4.66196e-05	0.79102    	0.999981   	0.000227916	6.75941e-05	0.791049   	0.999981   	0.000105845	-0.000203898	0.791069   	0.999981   	5.32741e-05	0.000201439	0.791039   	0.999981   	-0.000113266	0.00060854 	0.791046   	0.99998    	-8.15843e-05	-0.000793648	0.790992   	0.999981   	1.18418e-05	0.000141058	0.791006   	0.99998    	0.000251485	-0.000131598	0.791077   	0.999981   	-0.000222361	-7.17117e-05	0.791032   	0.99998    	0.000151324	0.000312629	0.790985   	0.999979   	-5.75954e-05	-0.000167966	0.791002   	0.99998    	-9.32564e-05	-0.000120693	0.791101   	0.99998    	-2.22932e-05	9.34971e-05	0.791072   	0.99998    	-9.00136e-06	-0.000114689	0.790958   	0.999981   	0.00011998 	7.46133e-05	0.791052   	0.103809   	0.67159    	0.846978   	0.103878   	0.101566   	0.63105    	0.818717   	0.101575   	0.108347   	0.671594   	0.781076   	0.108376   	0.0989811  	0.708875   	0.801588   	0.0989886  	0.0996082  	0.686811   	0.795268   	0.0996004  	0.103965   	0.72665    	0.824504   	0.104005   	0.102562   	0.664021   	0.800851   	0.102752   	0.102619   	0.668703   	0.906513   	0.102549   	0.102128   	0.681231   	0.808945   	0.10218    	0.0993372  	0.698212   	0.884989   	0.0993122  	0.101505   	0.653112   	0.954581   	0.101433   	0.105713   	0.696502   	0.850878   	0.105609   	0.106363   	0.723223   	0.818156   	0.106322   	0.105103   	0.698218   	0.853193   	0.10519    	0.108438   	0.696004   	0.79211    	0.108401   	7.35526	7.12439	7.39907	6.72023	6.90908	7.20459	7.10182	6.90344	7.06331	7.03699	7.04425	7.08351	7.2578	7.28902	7.29791	1          	2.00192e-06	-3.89844e-06	0.791018   	0.0949642  	0.126705   	0.131302   	0.094963   	1.17831	
1.2e-10    	6          	0.999975   	3.74218e-05	0.000187256	0.775428   	0.999977   	-2.23183e-05	-0.000247701	0.775481   	0.999977   	-4.61586e-05	5.37397e-05	0.77551    	0.999976   	-0.000184444	8.59894e-06	0.775366   	0.999976   	-4.19372e-05	-0.000188065	0.775484   	0.999976   	9.4526e-05 	0.000243788	0.77547    	0.999978   	0.00038612 	-0.000107282	0.775404   	0.999978   	-0.00018027	-6.41612e-05	0.775454   	0.999978   	-0.000186734	0.000189742	0.775425   	0.999978   	-9.06955e-05	-0.000236807	0.775399   	0.999976   	1.50711e-05	0.000567928	0.775488   	0.999978   	0.000114955	-0.000275784	0.77544    	0.999977   	-8.65528e-05	0.000487398	0.775516   	0.999978   	-3.45532e-05	-0.000261507	0.775474   	0.999976   	9.01647e-05	-0.000365179	0.775423   	0.122297   	0.774035   	1.05651    	0.12233    	0.115203   	0.738441   	0.948901   	0.115185   	0.116321   	0.786367   	0.919088   	0.116427   	0.121581   	0.76292    	1.04227    	0.121558   	0.115473   	0.784363   	1.01096    	0.115342   	0.114158   	0.759338   	1.06092    	0.114235   	0.120607   	0.754058   	0.879275   	0.1207     	0.117844   	0.774545   	0.873914   	0.117747   	0.119065   	0.739884   	0.891601   	0.119143   	0.114462   	0.754136   	0.919388   	0.114529   	0.124867   	0.818738   	0.950125   	0.12485    	0.124445   	0.77165    	0.891112   	0.124627   	0.120363   	0.807396   	0.869041   	0.120503   	0.110797   	0.732979   	0.880757   	0.110782   	0.121986   	0.777521   	0.978169   	0.121915   	7.52446	7.51624	7.48186	7.93248	7.48784	7.25805	7.79514	7.67542	7.91804	7.54594	7.88589	8.02353	7.51469	7.22065	7.8694	1          	-8.99125e-06	-5.36898e-07	0.775433   	0.101592   	0.12558    	0.1325     	0.101591   	1.13425	
1.3e-10    	5.8        	0.999971   	0.000172717	0.000101814	0.75847    	0.999973   	-0.000301945	-0.00014997	0.758557   	0.999973   	0.000144259	-2.5598e-05	0.75857    	0.999974   	0.000316006	-0.000460023	0.758503   	0.999974   	4.46963e-05	0.000687098	0.758517   	0.999973   	-0.000415896	-0.00027079	0.758639   	0.999973   	0.000158988	-0.000272436	0.758432   	0.999975   	-0.000167763	-0.000414177	0.758569   	0.999972   	1.60871e-05	0.000539658	0.758569   	0.999972   	-0.000200181	0.000477117	0.758497   	0.999974   	1.23627e-05	5.06114e-05	0.758634   	0.999975   	0.000196326	-0.000564213	0.758534   	0.999972   	-5.00018e-05	0.000184956	0.758575   	0.999971   	0.000126667	-0.000162985	0.758524   	0.999972   	-3.5737e-05	6.5445e-07 	0.758589   	0.134447   	0.977427   	1.10825    	0.134387   	0.139589   	0.852147   	1.09112    	0.13947    	0.139212   	0.851709   	1.07238    	0.139301   	0.143239   	0.855993   	0.993694   	0.143215   	0.146656   	0.861556   	0.953072   	0.146682   	0.134087   	0.87526    	1.02867    	0.134159   	0.141185   	0.821048   	1.07199    	0.141182   	0.139087   	0.799926   	1.0105     	0.138963   	0.134323   	0.827671   	1.17301    	0.134292   	0.137102   	0.880133   	1.08645    	0.137166   	0.145362   	0.828526   	1.01013    	0.145388   	0.135398   	0.800962   	0.973448   	0.135344   	0.14294    	0.8541     	1.13542    	0.142951   	0.136776   	0.948889   	1.08831    	0.136776   	0.133727   	0.920285   	1.07852    	0.13363    	8.18902	8.22554	8.28889	8.65772	9.01462	7.93573	8.19602	8.36623	8.09527	8.24838	8.51111	8.12244	8.54791	8.01351	8.11261	1          	1.21954e-06	-1.84821e-05	0.758525   	0.118069   	0.13304    	0.139489   	0.118071   	1.13815	
1.4e-10    	5.6        	0.999968   	0.000374277	-0.000155199	0.740313   	0.999968   	0.000267391	0.000541036	0.740372   	0.999969   	-0.000711471	-0.000449436	0.740248   	0.999972   	0.000212013	-0.000103113	0.740397   	0.999967   	-0.000519578	0.000369952	0.740313   	0.999969   	0.000450465	-0.000255839	0.740282   	0.999968   	-0.000426677	-0.000195495	0.740364   	0.999969   	-5.92348e-05	-3.75197e-05	0.740236   	0.999968   	0.000489452	0.000154832	0.740389   	0.999967   	-3.88119e-05	-0.00042618	0.740312   	0.999968   	0.000299822	4.40291e-05	0.740445   	0.999968   	-0.000180997	0.000420188	0.740359   	0.999969   	0.000123792	-0.0001641 	0.740331   	0.999972   	0.000140475	-0.000104311	0.740283   	0.999972   	-0.000311738	0.000266828	0.740273   	0.158738   	0.984252   	1.18165    	0.158781   	0.161197   	0.954245   	1.22549    	0.16108    	0.168395   	0.950482   	1.14248    	0.168389   	0.162795   	0.85621    	1.05274    	0.162642   	0.163874   	1.00991    	1.24191    	0.163832   	0.165891   	0.934469   	1.19097    	0.166061   	0.152625   	0.82801    	1.31173    	0.15273    	0.165085   	0.880419   	1.20367    	0.164964   	0.1591     	0.899777   	1.28141    	0.159202   	0.159307   	0.975207   	1.2885     	0.159166   	0.15803    	0.943191   	1.20481    	0.158175   	0.160378   	0.881384   	1.29432    	0.160603   	0.164833   	0.960662   	1.12969    	0.1647     	0.158139   	0.92037    	1.00764    	0.157963   	0.152966   	0.860696   	1.01188    	0.152981   	9.22161	9.0991	9.49719	9.00119	9.18214	9.19155	8.59251	9.3351	8.71923	8.80233	8.80686	8.90284	9.46482	8.7734	8.50975	1          	7.38737e-06	-6.23299e-06	0.740305   	0.125896   	0.132768   	0.1354     	0.125894   	1.06086	
1.5e-10    	5.4        	0.999963   	-0.000283282	-0.000217398	0.720792   	0.999964   	0.000182273	1.23882e-05	0.72068    	0.999963   	-3.31032e-05	0.000158558	0.720798   	0.999962   	-0.000163862	-1.35213e-05	0.720849   	0.99996    	0.000194045	-0.000130996	0.720736   	0.999959   	-2.37186e-06	0.00023628 	0.720797   	0.999964   	0.000662676	-0.000151914	0.720811   	0.999962   	-0.000151723	0.00037612 	0.720837   	0.999965   	-0.000414686	-0.000249644	0.720731   	0.999961   	0.000242747	0.000526509	0.720798   	0.999963   	-0.000632587	-0.000276458	0.720775   	0.999963   	0.000384464	-0.000356285	0.720724   	0.999963   	1.22963e-06	0.000240541	0.720724   	0.999958   	-0.000337925	-0.000495595	0.720908   	0.999961   	0.000420879	0.000190196	0.720768   	0.186019   	1.03378    	1.3261     	0.185871   	0.185219   	0.96031    	1.38014    	0.185078   	0.178712   	0.959477   	1.39371    	0.178664   	0.172073   	1.09748    	1.34225    	0.172017   	0.184899   	1.0861     	1.50321    	0.185052   	0.176954   	1.12808    	1.54054    	0.176528   	0.182662   	1.0154     	1.29784    	0.182359   	0.18204    	0.99662    	1.41742    	0.182209   	0.18894    	0.930407   	1.29055    	0.188828   	0.186105   	1.10179    	1.38516    	0.186448   	0.190067   	1.04527    	1.31437    	0.190098   	0.181295   	0.993846   	1.38061    	0.181086   	0.180741   	1.02231    	1.38784    	0.180793   	0.182438   	1.10656    	1.59158    	0.18204    	0.192269   	0.976896   	1.50374    	0.192545   	9.70151	9.54028	9.58384	8.9763	9.80281	9.1586	9.40442	9.4231	9.77874	9.58223	9.75292	9.63087	9.53772	9.54094	9.65703	1          	4.5589e-06 	-1.00689e-05	0.720755   	0.136131   	0.135822   	0.135983   	0.136129   	1.02783	
1.6e-10    	5.2        	0.999954   	-0.000337484	0.000248925	0.69997    	0.999954   	0.000384992	-0.000424855	0.700012   	0.999955   	-7.82965e-05	0.000236693	0.699954   	0.999955   	-0.000308712	-0.00038659	0.699933   	0.999955   	0.00062431 	0.000523706	0.699948   	0.999954   	-0.000413397	-0.000151963	0.699978   	0.999958   	0.000369407	-0.000317614	0.699918   	0.999954   	0.000356154	0.00028541 	0.699843   	0.999957   	-0.000766996	4.6353e-05 	0.700027   	0.999956   	-0.000152214	-0.000181379	0.69985    	0.999954   	0.000218686	0.00115953 	0.700046   	0.999956   	-3.42972e-05	-0.000967062	0.699952   	0.999957   	0.000176172	0.000196601	0.700001   	0.999958   	-0.000326978	0.000633342	0.699921   	0.999959   	0.000187017	-0.000827048	0.699946   	0.224246   	1.2247     	1.56313    	0.224376   	0.217996   	1.20001    	1.61082    	0.21793    	0.222079   	1.14735    	1.55738    	0.222024   	0.219286   	1.144      	1.5845     	0.219545   	0.215146   	1.15861    	1.56984    	0.215102   	0.215565   	1.06855    	1.72731    	0.215446   	0.202865   	1.14843    	1.41183    	0.202796   	0.213202   	1.20678    	1.59205    	0.213108   	0.203971   	1.18537    	1.42672    	0.204287   	0.209992   	1.22832    	1.44776    	0.210028   	0.208753   	1.2732     	1.50011    	0.208385   	0.220672   	1.21687    	1.42473    	0.22092    	0.217888   	1.18747    	1.43425    	0.217826   	0.208264   	1.21098    	1.31628    	0.20813    	0.226742   	1.13748    	1.36085    	0.226906   	10.8737	10.591	10.7989	10.3096	10.4432	10.2505	9.5409	10.2294	9.72081	9.99019	9.98139	10.6357	10.5035	10.1522	10.8113	1          	-6.72623e-06	5.01854e-06	0.699922   	0.141952   	0.134632   	0.133599   	0.141952   	1.01343	
1.7e-10    	5          	0.999946   	-0.000198921	0.0011413  	0.677812   	0.999945   	5.9144e-05 	-0.00247301	0.677863   	0.999941   	0.000210955	0.00133198 	0.67811    	0.999945   	-0.000489547	-0.00101062	0.677898   	0.999945   	0.000816001	0.00075794 	0.677911   	0.999946   	-0.000340149	0.000296108	0.677952   	0.999944   	0.000517322	-9.71534e-05	0.677827   	0.999948   	-0.000177245	-0.000130194	0.678019   	0.999945   	-0.000229951	0.000215297	0.677871   	0.999947   	0.000326639	0.000864083	0.677879   	0.999948   	0.000295586	0.000105686	0.677923   	0.99995    	-0.000665423	-0.000931097	0.677954   	0.999944   	0.000352245	0.00036707 	0.677963   	0.999947   	-0.000319905	-0.000162538	0.677904   	0.999944   	-2.17555e-05	-0.000157908	0.677853   	0.252433   	1.25118    	1.7979     	0.252174   	0.247637   	1.33481    	1.64112    	0.248256   	0.249865   	1.26553    	2.05348    	0.249935   	0.243766   	1.35502    	1.73261    	0.243473   	0.245142   	1.36673    	1.74613    	0.244998   	0.236186   	1.41954    	1.63262    	0.236198   	0.249425   	1.43432    	1.72388    	0.249136   	0.248396   	1.29422    	1.67645    	0.24832    	0.239228   	1.26723    	1.84751    	0.239502   	0.250656   	1.17204    	1.79793    	0.250891   	0.248741   	1.17576    	1.77631    	0.249072   	0.244203   	1.20246    	1.6122     	0.244561   	0.241259   	1.33232    	1.82913    	0.241104   	0.246725   	1.38129    	1.62397    	0.246451   	0.248289   	1.37382    	1.82681    	0.248453   	10.8557	10.7426	11.1681	10.7787	10.7326	10.5022	10.8468	10.8655	10.8401	11.189	10.8315	11.1574	10.5466	11.0717	11.1332	1          	9.1052e-06 	7.77716e-06	0.677879   	0.147265   	0.134281   	0.134411   	0.147264   	1.00042	
1.8e-10    	4.8        	0.999936   	0.00020291 	-0.000921193	0.654704   	0.999942   	-0.000839319	-0.000377041	0.654618   	0.999939   	0.000653724	0.00124973 	0.654904   	0.999931   	-0.000725101	0.000381369	0.654894   	0.999933   	1.49656e-05	-0.000335013	0.654842   	0.99993    	0.000695297	-0.000272951	0.654705   	0.999927   	0.000142723	-0.000306204	0.65476    	0.999928   	0.000230362	-0.000179492	0.654758   	0.999927   	-0.000418863	0.000443352	0.654889   	0.999937   	-0.000456758	-0.000408423	0.65484    	0.999939   	0.000364175	0.000880922	0.654672   	0.999935   	4.02974e-05	-0.000480711	0.654841   	0.999936   	0.000541967	-0.000720488	0.654831   	0.999932   	-0.000151068	-0.000419279	0.654711   	0.999935   	-0.000397217	0.00102178 	0.654738   	0.306097   	1.5309     	1.84613    	0.305652   	0.305775   	1.20175    	1.87857    	0.306001   	0.283328   	1.38723    	1.77923    	0.283016   	0.303847   	1.43485    	2.20687    	0.30376    	0.314298   	1.43997    	2.12676    	0.314416   	0.283296   	1.42585    	2.2797     	0.283499   	0.284267   	1.47965    	2.38472    	0.284206   	0.283303   	1.45927    	2.3468     	0.283088   	0.302496   	1.56276    	2.30849    	0.302267   	0.295139   	1.31681    	2.02931    	0.295909   	0.296757   	1.41041    	1.79796    	0.296984   	0.280559   	1.36695    	2.07351    	0.280282   	0.304275   	1.47629    	1.89361    	0.304397   	0.294601   	1.42786    	2.18881    	0.29464    	0.317477   	1.46439    	1.98421    	0.317479   	12.5659	12.3145	11.8662	12.3714	12.8757	11.6935	11.5765	11.6834	12.2321	11.6363	11.9569	11.9014	12.5697	12.1827	13.1722	1          	-6.66384e-06	-2.96028e-05	0.654737   	0.155255   	0.135667   	0.141584   	0.155256   	1.017	
1.9e-10    	4.6        	0.999923   	-0.000128107	-0.000334886	0.630492   	0.999926   	0.0001281  	0.00127975 	0.630859   	0.999928   	8.76537e-05	-0.000957916	0.630518   	0.999921   	-0.000707664	-0.000796632	0.630594   	0.999915   	-0.00012284	0.000883063	0.630628   	0.999913   	0.000789645	-0.000139235	0.630636   	0.999923   	-0.00030226	-0.00125979	0.630736   	0.999922   	0.000323526	0.00100235 	0.630634   	0.999916   	-0.000145346	0.000352482	0.630483   	0.999912   	0.000987867	-0.00128862	0.63059    	0.999914   	-0.000786579	0.00230782 	0.630651   	0.999916   	-0.00022842	-0.000982161	0.630661   	0.99993    	-6.83743e-05	-0.00135847	0.630649   	0.999916   	-4.02232e-05	0.00251118 	0.630645   	0.999923   	6.242e-05  	-0.00120335	0.630527   	0.338735   	1.62994    	2.18516    	0.338782   	0.308786   	1.36774    	2.22395    	0.309025   	0.345811   	1.58314    	1.95144    	0.345588   	0.336752   	1.48004    	2.37565    	0.336428   	0.340206   	1.51077    	2.66243    	0.340324   	0.350947   	1.5306     	2.75532    	0.351889   	0.346287   	1.54288    	2.1965     	0.345548   	0.33738    	1.65903    	2.17027    	0.338193   	0.326623   	1.58686    	2.54599    	0.326754   	0.341806   	1.82825    	2.43134    	0.342056   	0.339488   	1.6426     	2.46217    	0.339474   	0.351068   	1.74089    	2.38848    	0.35112    	0.355481   	1.41718    	2.011      	0.35522    	0.336333   	1.62776    	2.36682    	0.33615    	0.327464   	1.57259    	2.21187    	0.328132   	12.6731	11.899	12.8923	12.7551	12.6567	13.0771	12.6099	12.7151	11.9964	12.8793	13.1868	13.2642	13.4332	12.6934	12.3344	1          	-1.00944e-05	1.82893e-06	0.63057    	0.166063   	0.135715   	0.143414   	0.166063   	0.997647	
2e-10      	4.4        	0.999903   	0.00120763 	-0.00111007	0.605634   	0.999908   	0.000639325	-0.000841142	0.605535   	0.999903   	-0.00169065	0.00198581 	0.60577    	0.999906   	7.76586e-05	8.53456e-06	0.605706   	0.999904   	0.00012645 	-0.00054634	0.605561   	0.999899   	-0.000263844	0.00060119 	0.605557   	0.999904   	-0.00132518	5.21905e-05	0.605796   	0.999891   	-5.79924e-05	-0.000388552	0.605544   	0.999896   	0.00148864 	0.000376193	0.605542   	0.999905   	0.000454994	0.00159174 	0.605438   	0.999899   	0.000958106	0.00094866 	0.605821   	0.999908   	-0.00140133	-0.00270364	0.605661   	0.999901   	0.000886664	0.00144458 	0.605451   	0.999912   	-0.0001441 	0.000102948	0.605701   	0.999902   	-0.000829795	-0.00153782	0.605813   	0.386645   	1.52765    	2.80298    	0.387333   	0.421892   	1.60966    	2.53531    	0.42287    	0.409437   	1.78392    	2.46563    	0.409839   	0.396212   	1.64951    	2.62788    	0.396827   	0.390352   	1.64972    	2.71629    	0.391792   	0.401717   	1.65862    	2.93126    	0.400688   	0.408377   	1.84045    	2.50608    	0.408605   	0.397073   	1.80559    	3.16452    	0.397301   	0.409179   	1.74937    	2.91032    	0.40888    	0.401529   	1.73047    	2.51716    	0.401317   	0.405352   	1.66533    	2.86813    	0.404705   	0.380694   	1.46137    	2.53237    	0.381451   	0.381576   	1.98704    	2.45497    	0.380753   	0.399858   	1.7221     	2.28496    	0.399112   	0.396002   	1.56845    	2.84097    	0.395408   	12.9083	14.7414	14.2308	13.6152	13.7531	14.0158	14.1366	13.7631	14.2535	13.5648	14.0016	13.4701	13.4907	13.3974	13.3779	1          	7.4869e-06 	-1.92732e-06	0.605577   	0.163884   	0.138282   	0.143171   	0.163882   	1.01518	
2.1e-10    	4.2        	0.999881   	0.00086183 	0.00234864 	0.579846   	0.999881   	-4.67518e-05	-0.00105217	0.579856   	0.999874   	-0.000818351	-0.00108802	0.579843   	0.999892   	0.000431121	-5.96911e-05	0.579898   	0.999888   	-0.00060092	0.000642564	0.579748   	0.999891   	0.00024767 	-0.000649141	0.579849   	0.999872   	0.000677223	-0.000851329	0.579831   	0.999882   	-0.00183148	0.00058046 	0.579905   	0.99988    	0.00118024 	0.000342545	0.579759   	0.99988    	0.000553847	-6.58698e-05	0.579552   	0.999886   	-0.00112504	0.00018496 	0.580152   	0.999874   	0.000544362	-0.000220421	0.579811   	0.999879   	0.000111913	0.00113826 	0.57967    	0.99989    	0.00079505 	0.000781767	0.579941   	0.999884   	-0.00082743	-0.00199483	0.579865   	0.447428   	2.09406    	2.71592    	0.44633    	0.466968   	1.79868    	3.14111    	0.46697    	0.465218   	1.94895    	3.28343    	0.464931   	0.482431   	1.80511    	2.69084    	0.482504   	0.472187   	1.82889    	2.8121     	0.470776   	0.46131    	1.79385    	2.72467    	0.460948   	0.478224   	1.85724    	3.45113    	0.478107   	0.445038   	1.82536    	3.0164     	0.445813   	0.507464   	2.09987    	2.85665    	0.505773   	0.48775    	1.94345    	3.03849    	0.488285   	0.442887   	1.87718    	2.85113    	0.44241    	0.446239   	1.90118    	3.35154    	0.445541   	0.443544   	1.93007    	3.08638    	0.443357   	0.478195   	1.6693     	2.90265    	0.476411   	0.446356   	1.76004    	2.96469    	0.446948   	14.0593	14.3875	14.3531	14.8345	14.4172	14.4516	15.2782	13.4675	15.3361	15.1726	13.9699	13.5529	13.5556	15.1322	14.1707	1          	1.00434e-05	2.5607e-06 	0.579767   	0.169618   	0.136632   	0.138956   	0.169614   	1.04738	
2.2e-10    	4          	0.999857   	9.94335e-05	0.0027964  	0.553627   	0.999824   	-0.00053776	-0.00446325	0.553412   	0.999851   	0.000304413	0.00162209 	0.55343    	0.999855   	-0.000570157	-0.000219044	0.553547   	0.999865   	-0.000499115	-0.000718981	0.553453   	0.999851   	0.00103084 	0.000986089	0.553421   	0.999857   	3.13332e-05	0.000184427	0.553463   	0.999873   	-8.2276e-05	-0.000382025	0.553548   	0.999857   	0.000127146	0.000287887	0.553579   	0.999864   	0.000327916	-0.000686259	0.553569   	0.999866   	-0.000759018	0.00129504 	0.553431   	0.999876   	0.000425142	-0.000637842	0.553491   	0.999858   	0.000110501	0.00227354 	0.553584   	0.999847   	0.000182977	0.00293529 	0.553368   	0.999852   	-0.000343809	-0.00530743	0.553493   	0.582357   	1.90586    	3.36299    	0.58103    	0.570065   	2.08172    	4.23074    	0.570121   	0.578111   	1.97185    	3.64618    	0.578277   	0.544571   	2.1727     	3.34121    	0.543804   	0.525612   	2.15063    	2.95972    	0.525771   	0.52792    	1.98231    	3.64078    	0.529145   	0.556682   	1.89275    	3.52905    	0.557296   	0.531499   	2.19001    	2.62999    	0.532391   	0.530543   	2.03521    	3.38224    	0.52995    	0.548637   	2.13382    	3.01114    	0.548632   	0.514139   	1.91802    	3.13035    	0.514617   	0.546033   	1.7971     	2.91726    	0.545359   	0.548479   	2.13376    	3.15016    	0.549383   	0.566787   	2.38646    	3.24757    	0.563451   	0.549765   	2.01848    	3.08203    	0.54906    	16.222	16.0165	16.1434	15.6466	14.2713	14.6367	15.5053	14.8382	15.2112	15.513	14.5864	15.3514	15.5298	15.8067	15.5022	1          	-1.03502e-05	-2.61582e-06	0.553416   	0.17177    	0.136479   	0.141357   	0.171772   	1.06005	
2.3e-10    	3.8        	0.999813   	0.00117205 	-0.00170311	0.526817   	0.999847   	-0.000478695	0.000670107	0.526754   	0.999844   	-0.000764471	0.000986657	0.526342   	0.999803   	0.000484911	0.00125099 	0.526644   	0.99979    	-0.00154311	-0.00193448	0.526386   	0.99985    	0.00121707 	0.000691601	0.526875   	0.999803   	0.00062923 	0.000390894	0.52684    	0.999789   	-0.00158267	0.000374056	0.526561   	0.999829   	0.000947605	-0.000987804	0.526545   	0.999839   	-0.000367626	-0.000647958	0.526724   	0.999816   	-0.000596152	-0.000940351	0.526561   	0.999789   	0.000989836	0.00149164 	0.52662    	0.999797   	-0.000319108	-0.000667474	0.526732   	0.999821   	-0.000767255	0.000909468	0.526739   	0.999795   	0.00104478 	-0.000121226	0.526456   	0.619834   	2.01935    	4.33177    	0.618406   	0.638597   	2.0737     	3.18859    	0.63909    	0.664927   	2.1666     	3.15645    	0.664801   	0.696934   	2.26498    	4.47695    	0.697134   	0.701443   	2.30819    	4.78687    	0.700502   	0.63745    	2.1199     	2.99854    	0.639124   	0.664691   	2.41589    	4.3717     	0.665457   	0.677367   	2.28522    	4.93409    	0.676795   	0.690375   	2.05221    	3.79316    	0.688869   	0.651475   	2.1128     	3.41674    	0.651267   	0.608887   	2.10975    	4.20046    	0.608739   	0.650877   	2.14849    	5.0548     	0.649868   	0.684631   	2.36382    	4.62093    	0.682093   	0.601372   	2.47747    	3.66157    	0.603137   	0.604512   	2.25732    	4.78051    	0.602818   	15.798	16.3545	16.4898	17.5831	17.6506	15.9899	16.8025	17.225	16.9331	16.756	15.4791	16.1481	17.507	15.0878	14.9138	0.999999   	4.76056e-06	-1.67432e-05	0.526543   	0.175619   	0.138555   	0.142697   	0.175615   	1.12167	
2.4e-10    	3.6        	0.9998     	-0.00187567	0.000170166	0.499323   	0.99977    	0.00145536 	-0.00118741	0.499672   	0.9998     	0.000316415	0.00105387 	0.499358   	0.999741   	0.0010061  	-0.00217342	0.499425   	0.999766   	-2.12109e-05	-0.00131935	0.499628   	0.999781   	-0.000975531	0.00365103 	0.499323   	0.999747   	0.000988535	-0.00722167	0.499726   	0.999765   	0.000768422	0.00232267 	0.499256   	0.999734   	-0.00181088	0.00496847 	0.499421   	0.999755   	0.000408789	0.000775219	0.499456   	0.999781   	-0.00130532	0.00577489 	0.499455   	0.99976    	0.000906888	-0.00641921	0.4996     	0.999758   	-0.000895571	0.00312529 	0.499287   	0.999764   	0.000641901	-7.2602e-05	0.499818   	0.999768   	0.000245844	-0.00302656	0.499272   	0.795183   	2.16054    	3.96959    	0.79643    	0.788563   	2.48045    	4.58283    	0.78506    	0.727622   	2.09669    	4.07214    	0.727533   	0.749516   	2.13357    	5.79839    	0.751871   	0.761834   	2.11776    	5.10442    	0.760233   	0.733833   	2.2116     	4.34365    	0.729331   	0.751595   	2.66713    	4.33843    	0.750313   	0.777016   	2.21206    	4.93909    	0.774236   	0.750712   	2.37551    	5.40741    	0.751439   	0.726319   	2.56176    	5.01948    	0.729609   	0.745922   	2.58022    	3.66898    	0.747117   	0.758277   	2.44024    	4.34642    	0.758794   	0.775979   	2.80063    	4.52048    	0.773708   	0.765956   	2.25697    	5.04629    	0.764786   	0.75344    	2.39239    	4.63719    	0.756103   	17.6251	17.8913	16.6744	16.2938	17.3575	16.888	16.684	16.9917	16.8298	16.8676	16.8013	16.7715	17.2177	16.8098	16.8714	0.999999   	-7.87055e-06	2.42823e-05	0.499351   	0.172577   	0.141456   	0.144156   	0.172575   	1.18904	
2.5e-10    	3.4        	0.999702   	-0.00168224	-0.00222416	0.471755   	0.999719   	0.00140976 	0.00107612 	0.471695   	0.999679   	0.000410578	0.00100049 	0.472693   	0.999707   	0.000686186	-0.00163707	0.471952   	0.999744   	0.000940429	0.00192528 	0.472057   	0.999688   	-0.00162937	-0.000304603	0.472045   	0.999719   	-0.00109806	0.0026563  	0.471757   	0.99969    	0.000458445	0.00235453 	0.472151   	0.999701   	0.000732187	-0.00490038	0.472225   	0.999668   	0.00136427 	0.00343181 	0.471791   	0.999719   	0.00220678 	-0.00420967	0.47239    	0.99971    	-0.00352648	0.000789244	0.471918   	0.999697   	0.000897675	0.00203991 	0.472765   	0.999635   	-0.00144195	-0.00271538	0.471598   	0.999702   	0.000424982	0.000837195	0.471829   	0.942192   	2.66318    	5.4542     	0.939441   	0.916143   	2.17317    	5.54928    	0.915989   	0.897463   	2.82024    	6.04754    	0.891559   	0.859042   	2.73506    	5.29588    	0.85566    	0.847597   	2.51119    	4.51245    	0.852975   	0.918997   	2.85061    	5.72863    	0.911098   	1.00497    	2.47992    	5.15594    	1.0046     	0.956435   	2.30827    	6.19367    	0.956724   	1.01159    	2.64098    	5.30167    	1.01754    	0.9782     	2.89444    	6.06702    	0.971265   	0.900098   	2.66034    	4.81323    	0.900163   	0.922945   	3.06792    	4.76275    	0.924026   	0.988587   	2.37274    	5.9358     	0.984611   	0.955924   	2.60898    	7.34608    	0.959248   	0.891283   	2.28175    	5.94068    	0.895977   	18.6443	17.5774	18.66	17.4997	17.036	18.2356	19.3628	18.3873	19.7191	18.6477	17.7584	18.3543	20.0667	18.5534	17.4087	0.999999   	1.41096e-05	9.81862e-06	0.4719     	0.171364   	0.134784   	0.142835   	0.171361   	1.27354	
2.6e-10    	3.2        	0.999683   	-0.000666332	0.00162192 	0.444074   	0.999687   	0.00163084 	0.00278645 	0.444392   	0.999689   	-0.000818561	-0.00445028	0.444779   	0.999674   	-0.000390875	-0.00100595	0.444572   	0.999692   	-0.000228137	-0.000137316	0.444277   	0.99967    	0.00043753 	0.00103968 	0.444479   	0.999656   	-0.00386011	0.00157809 	0.444254   	0.999651   	0.00168772 	-0.000637351	0.444593   	0.99971    	0.00216681 	-0.00114116	0.44449    	0.999718   	0.00123643 	-0.00078164	0.444506   	0.999659   	0.000416604	-0.00507473	0.444614   	0.999635   	-0.00190543	0.00601258 	0.444213   	0.999601   	0.00156911 	-0.0119658 	0.444214   	0.999642   	-0.00160763	0.00532123 	0.444457   	0.999636   	2.44921e-05	0.00647102 	0.444734   	1.09347    	2.73055    	4.96913    	1.09169    	1.00744    	2.77733    	4.75458    	1.00662    	1.04852    	2.87807    	4.48442    	1.04203    	0.990219   	2.63068    	5.35397    	0.994335   	1.09895    	3.24951    	4.26822    	1.0936     	1.05197    	3.43604    	4.63744    	1.04986    	1.04362    	2.85765    	5.33338    	1.03658    	0.9901     	2.28246    	6.24288    	0.989592   	1.07271    	2.53505    	4.48543    	1.073      	1.01583    	2.58006    	4.29623    	1.0151     	1.07885    	2.8228     	5.22702    	1.0803     	1.07518    	2.80836    	5.64604    	1.07727    	1.02258    	2.91379    	5.04809    	1.01872    	1.09512    	2.93966    	5.46815    	1.10143    	1.05193    	2.88745    	5.53108    	1.05395    	18.8666	17.98	17.7523	17.055	19.0022	18.0676	17.6278	17.4437	18.2153	17.5196	18.2759	18.6141	18.6487	18.832	18.6098	0.999999   	-1.89113e-05	-2.1011e-05	0.444295   	0.168889   	0.139868   	0.137951   	0.168886   	1.36127	
2.7e-10    	3          	0.99957    	0.00226636 	-0.000379528	0.41736    	0.99956    	-0.00191592	0.00339524 	0.416519   	0.999512   	-0.00039128	-0.00302434	0.416556   	0.999553   	0.000208573	0.00508625 	0.41693    	0.99961    	9.95186e-05	0.000810278	0.41719    	0.999565   	-0.000320469	-0.00577704	0.416337   	0.999566   	-0.000935851	0.00686395 	0.41709    	0.999603   	0.000750854	-0.00135803	0.416642   	0.999569   	0.000256194	-0.00549566	0.416752   	0.999582   	-0.000227727	-0.00154486	0.417136   	0.999638   	-0.000476953	-0.00341535	0.416489   	0.999556   	0.000563383	0.00483924 	0.416695   	0.99955    	0.00216779 	-0.00540869	0.416793   	0.999533   	-0.000702501	0.00562426 	0.417086   	0.999599   	-0.00146662	-0.000288291	0.41654    	1.21631    	3.36232    	5.85801    	1.21374    	1.10418    	2.8802     	6.399      	1.09786    	1.13555    	2.9966     	7.41534    	1.13672    	1.20803    	2.57435    	6.76597    	1.20158    	1.19863    	2.52446    	5.88036    	1.19779    	1.26587    	2.6374     	6.3383     	1.26528    	1.36676    	2.62433    	6.22851    	1.36828    	1.43973    	3.18242    	5.34304    	1.43811    	1.29555    	3.02429    	5.91505    	1.2846     	1.33481    	2.56938    	6.40873    	1.33209    	1.4083     	2.8171     	4.84691    	1.40603    	1.25854    	2.76032    	6.54293    	1.26068    	1.37964    	2.83796    	6.47967    	1.3714     	1.42635    	2.53234    	7.19839    	1.42719    	1.27909    	3.20396    	5.39838    	1.27956    	18.3417	16.4998	17.3482	17.6256	18.3995	19.0106	19.8837	20.9474	19.2733	20.3405	20.5804	19.3038	20.5233	21.1941	18.4626	0.999999   	-3.90891e-06	-1.90245e-06	0.416629   	0.171685   	0.137903   	0.143591   	0.171688   	1.41585	
2.8e-10    	2.8        	0.99945    	-0.000103128	0.00422968 	0.388853   	0.999459   	-0.000979167	0.00187237 	0.389473   	0.999552   	0.00115008 	-0.00596606	0.389049   	0.999514   	0.00131067 	-0.00106231	0.388676   	0.999473   	0.00194511 	0.00130134 	0.389739   	0.999534   	-0.00321339	-0.000309962	0.388926   	0.999572   	-0.000112272	-0.000127247	0.388941   	0.999543   	-0.000339119	0.00282909 	0.389529   	0.999437   	0.000441734	-0.00261275	0.388804   	0.999371   	-0.000173701	-0.00153087	0.388962   	0.999303   	-0.000356588	0.00705055 	0.389357   	0.999419   	0.000340249	-0.00569845	0.389094   	0.999607   	-0.000754831	0.000794611	0.388759   	0.999492   	0.00188019 	0.00698497 	0.388676   	0.999471   	-0.00115751	-0.00766987	0.38991    	1.50279    	2.75508    	7.38636    	1.49815    	1.43854    	3.1112     	7.04411    	1.44618    	1.40066    	2.74667    	5.32264    	1.40449    	1.66202    	2.92459    	6.14578    	1.65516    	1.55338    	2.83767    	7.06057    	1.56491    	1.604      	2.64255    	6.00879    	1.60423    	1.7227     	2.80625    	5.20627    	1.71758    	1.5018     	3.31803    	5.1959     	1.49432    	1.64808    	3.52832    	6.96919    	1.6554     	1.75399    	2.71086    	9.05692    	1.74687    	1.44882    	2.97581    	9.66099    	1.45658    	1.41821    	3.28103    	7.3044     	1.41354    	1.53578    	2.80386    	4.54219    	1.53103    	1.5289     	2.78295    	6.21632    	1.51532    	1.45993    	3.17024    	6.22746    	1.46005    	18.924	18.6714	18.5454	21.1755	20.1022	20.3493	22.2396	19.6813	21.5889	21.9645	18.9708	18.2743	19.859	19.1021	18.8995	0.999999   	-5.32945e-06	1.21446e-05	0.388914   	0.162541   	0.137605   	0.140387   	0.162547   	1.28187	
2.9e-10    	2.6        	0.999395   	-0.00250665	0.00644586 	0.361454   	0.999373   	0.00131127 	-0.00357903	0.361429   	0.999297   	0.00118953 	-0.00283497	0.361744   	0.999276   	-0.00162039	0.00238279 	0.360926   	0.999376   	0.00284072 	-0.00727207	0.361793   	0.999426   	-0.00101843	0.0048011  	0.361772   	0.999392   	-0.000650988	-0.00644672	0.361538   	0.9994     	0.00271144 	0.00284696 	0.361415   	0.999176   	-0.00200576	0.00329881 	0.361541   	0.999168   	0.000197161	-0.00547585	0.362261   	0.999272   	0.00241317 	0.0082052  	0.360917   	0.999233   	-0.00246302	-0.00237103	0.361455   	0.999341   	0.00191489 	0.00148814 	0.362052   	0.999405   	-0.000435445	-0.000360102	0.36032    	0.999474   	-0.00162699	-0.000934823	0.362188   	1.78167    	2.8358     	6.60721    	1.79644    	1.58636    	3.236      	6.82903    	1.60097    	1.7612     	2.94616    	8.33998    	1.73804    	1.91614    	2.9319     	8.7016     	1.9176     	1.81255    	2.89432    	6.771      	1.82793    	1.77914    	2.83721    	6.27638    	1.77354    	1.69203    	2.79246    	6.73428    	1.6977     	1.76946    	2.6882     	6.87575    	1.75559    	1.98632    	3.01283    	10.238     	1.99098    	2.02982    	3.441      	9.88267    	2.04642    	1.80096    	3.39533    	7.76219    	1.79526    	1.93645    	3.70764    	8.60984    	1.92915    	1.96313    	2.98476    	7.65635    	1.95404    	1.81241    	2.4745     	7.09978    	1.81531    	1.88541    	2.62069    	5.91036    	1.88807    	20.1289	17.6806	19.1477	20.0998	19.5851	19.4067	18.531	19.0555	20.5255	22.1859	19.6948	20.7451	21.235	19.5613	21.6233	0.999999   	1.85661e-05	2.03586e-05	0.36128    	0.167252   	0.13998    	0.136657   	0.167243   	1.47383	
3e-10      	2.4        	0.999286   	-1.60244e-05	-0.000870323	0.333579   	0.999131   	-0.00194331	0.000953415	0.333828   	0.999244   	0.00200631 	-0.000192881	0.334427   	0.999164   	-0.000118729	-0.0070929 	0.33314    	0.999366   	-0.00112176	-0.000571531	0.33437    	0.99913    	0.0012676  	0.00750241 	0.334234   	0.99915    	-0.00054916	-0.00517284	0.333968   	0.998866   	0.000953887	0.00660383 	0.334306   	0.999167   	-0.000364759	-0.00157733	0.333704   	0.999142   	-0.00130807	0.00596681 	0.333841   	0.999136   	-0.0021295 	0.00202362 	0.333762   	0.998872   	0.00345999 	-0.00779312	0.334202   	0.999165   	-0.000106307	0.00420711 	0.334197   	0.999308   	0.000391664	0.000259727	0.333675   	0.999166   	-0.000478197	-0.00426386	0.333974   	1.86001    	3.31514    	6.52134    	1.85705    	2.28715    	3.54025    	8.41047    	2.27741    	2.10533    	3.40617    	7.04542    	2.10736    	2.04581    	3.22334    	7.95099    	2.05152    	1.91295    	3.60365    	5.1676     	1.90782    	2.23089    	3.34957    	8.25831    	2.2154     	2.1136     	3.33372    	8.24377    	2.12178    	1.89989    	3.03222    	12.407     	1.91659    	2.37452    	3.08543    	8.40726    	2.38387    	2.07297    	3.84837    	7.76199    	2.07732    	2.16633    	3.47225    	8.3947     	2.16716    	2.26447    	3.24981    	11.8757    	2.27341    	2.01123    	2.99824    	8.42536    	2.00246    	1.6928     	3.89925    	5.63798    	1.6845     	1.95517    	2.99908    	8.37493    	1.94471    	17.6447	20.5581	19.0535	18.8413	17.4244	20.0773	19.7494	17.6534	21.1708	19.2881	19.1516	20.2548	18.1741	15.6559	17.9144	0.999999   	2.92787e-06	-7.60062e-06	0.333665   	0.163477   	0.139087   	0.144303   	0.163477   	1.42466	
3.1e-10    	2.2        	0.998942   	0.000535943	0.00611146 	0.306957   	0.998796   	0.00182529 	-0.00669506	0.305172   	0.998784   	-0.00233631	0.000886533	0.307272   	0.998848   	-0.000776206	-0.00693043	0.306601   	0.999      	0.000544114	-0.00829412	0.306916   	0.999013   	0.000233607	0.0156461  	0.305777   	0.99884    	0.000981603	-0.0180365 	0.30729    	0.998915   	-0.000493767	-0.000307344	0.30583    	0.998611   	-0.000568106	0.0187008  	0.306401   	0.998852   	0.00312228 	-0.00860247	0.30585    	0.998701   	-0.00159066	0.019898   	0.305662   	0.998862   	-0.00146777	-0.0116105 	0.307929   	0.998822   	0.000337845	0.00176942 	0.306369   	0.999001   	-0.000938379	0.0041208  	0.307032   	0.999072   	0.000239522	-0.00584947	0.305984   	2.28274    	3.24075    	8.87212    	2.26915    	2.3465     	3.1417     	10.4842    	2.34669    	2.79206    	3.50274    	10.7785    	2.8338     	1.87393    	3.42483    	9.70501    	1.87348    	2.38657    	2.9179     	8.37729    	2.40203    	2.51667    	2.85446    	7.17876    	2.51598    	2.71103    	4.25601    	7.45982    	2.7435     	2.52785    	3.03872    	9.51529    	2.51814    	2.34185    	3.31076    	10.7075    	2.27539    	2.27948    	3.20675    	9.62664    	2.28423    	2.62412    	3.3248     	9.4187     	2.63407    	2.21169    	2.44853    	10.1391    	2.21304    	2.74072    	2.88573    	10.8059    	2.74403    	2.31507    	3.09448    	8.47033    	2.31225    	2.20608    	3.33661    	7.20272    	2.18722    	17.9854	17.205	21.1424	14.7519	18.1704	19.1488	20.0482	19.6159	17.1463	18.2932	19.751	17.6967	20.2023	17.8628	16.3862	0.999998   	-3.00323e-05	3.07071e-05	0.306124   	0.162866   	0.141875   	0.143986   	0.162863   	1.35547	
3.2e-10    	2          	0.999075   	-0.00346627	-0.0044867 	0.278687   	0.998984   	0.000662895	0.00522182 	0.279801   	0.999095   	0.00284066 	-0.00100996	0.278185   	0.998906   	-0.000437913	0.00283389 	0.278095   	0.998921   	0.00527854 	-0.000372503	0.279454   	0.998656   	-0.00477697	-0.00253549	0.279312   	0.998616   	-0.00256642	0.00924005 	0.279619   	0.998712   	-0.00138145	-0.00381816	0.278589   	0.998919   	0.00375803 	-0.00543675	0.278752   	0.99894    	-0.0016112 	0.00442281 	0.279572   	0.998647   	0.00467009 	-0.00718239	0.277559   	0.99879    	-0.00283238	0.00259319 	0.279811   	0.998844   	0.00382269 	0.00235511 	0.278331   	0.998925   	0.000686067	-0.00565078	0.279717   	0.998812   	-0.00416991	0.00303318 	0.278849   	2.94355    	3.40237    	5.36154    	2.94965    	2.82815    	3.30545    	6.3774     	2.8109     	2.24454    	2.89138    	5.70674    	2.22606    	2.55288    	3.09623    	7.32816    	2.53859    	2.71198    	3.42765    	6.83179    	2.68868    	2.54464    	2.71199    	10.1796    	2.56477    	2.74558    	3.08694    	9.78279    	2.69972    	2.50331    	3.10308    	9.33506    	2.56631    	2.6491     	2.76297    	7.42271    	2.64241    	2.38489    	3.29369    	6.90269    	2.40288    	2.39715    	2.90562    	9.75123    	2.43702    	2.43935    	2.99704    	8.7255     	2.46462    	2.9349     	3.01335    	7.91597    	2.89396    	2.5487     	3.1246     	7.15961    	2.55681    	2.58687    	3.25383    	8.06988    	2.59268    	18.7788	17.4699	14.6467	16.1864	16.5582	17.2938	17.1589	15.7518	15.3369	15.7023	14.9754	15.8073	17.8685	16.1604	16.0077	0.999998   	1.33537e-05	-1.50525e-05	0.278637   	0.154581   	0.137234   	0.143389   	0.154582   	1.36581	
3.3e-10    	1.8        	0.997943   	-0.00258129	0.000418665	0.251843   	0.998317   	0.000295654	-0.0080619 	0.252167   	0.998307   	0.00222868 	0.00766616 	0.250861   	0.998522   	0.00295028 	-0.0113519 	0.251531   	0.998082   	-0.0039404 	-0.000273059	0.250842   	0.998243   	0.000783675	0.0116047  	0.252426   	0.998199   	0.00407617 	-0.0133288 	0.250429   	0.998551   	-0.00510373	0.015684   	0.252877   	0.998364   	0.000859257	-0.00208081	0.2514     	0.998417   	-0.00323748	0.00569784 	0.252462   	0.998474   	-0.00126999	0.0102385  	0.250539   	0.998353   	0.00490401 	-0.015263  	0.251717   	0.998583   	0.00228459 	0.0137844  	0.251322   	0.998308   	-0.000293639	-0.00819715	0.252396   	0.998306   	-0.00225864	-0.00498818	0.250978   	2.97648    	3.27732    	12.8627    	2.97271    	2.8912     	3.13229    	9.90378    	2.90588    	2.90823    	3.09544    	9.93596    	2.94278    	2.78463    	3.67706    	7.35503    	2.77631    	2.87259    	3.44423    	11.5049    	2.9015     	3.13046    	3.671      	9.67649    	3.1329     	2.89665    	3.2134     	10.0794    	2.91995    	2.86382    	2.88199    	7.45676    	2.81587    	3.02786    	3.1275     	9.67439    	3.03028    	3.40613    	3.31911    	8.95587    	3.37226    	3.04935    	2.94667    	8.45031    	3.01285    	3.05594    	3.41526    	8.58087    	3.09092    	2.83149    	2.95404    	7.37942    	2.84094    	3.23275    	2.50601    	10.5257    	3.20424    	3.46734    	3.18692    	9.99956    	3.50705    	15.8012	15.3737	15.458	13.7659	14.3301	15.0876	14.869	14.4233	15.4372	17.3771	15.5079	14.9769	14.5808	16.156	16.9447	0.999998   	-2.69486e-05	4.29913e-05	0.251167   	0.156502   	0.141671   	0.140703   	0.156498   	1.42808	
3.4e-10    	1.6        	0.998154   	-0.00107728	-0.0110937 	0.224553   	0.997814   	-0.00276141	-0.0156248 	0.224827   	0.997603   	0.00413822 	0.0268805  	0.222987   	0.997624   	2.46803e-05	-0.0331044 	0.224887   	0.998228   	0.000812911	0.0117914  	0.223812   	0.998032   	-0.00101042	0.0208786  	0.223663   	0.998107   	-0.00128441	-0.00908792	0.225105   	0.99805    	-0.000218479	0.0243801  	0.223454   	0.997942   	0.00168564 	-0.0156027 	0.223739   	0.998217   	0.00318927 	0.0042561  	0.224019   	0.998219   	-0.00503304	0.0120275  	0.223116   	0.998207   	0.00198123 	-0.0164707 	0.225121   	0.998251   	0.00217683 	0.0160444  	0.223594   	0.997877   	-0.00309729	-0.0123485 	0.224174   	0.998288   	0.0009195  	-0.00349245	0.224534   	3.08416    	3.72049    	7.34927    	3.0472     	3.54935    	3.13725    	9.73041    	3.5468     	3.43373    	3.13651    	9.33681    	3.43196    	3.3317     	2.77887    	8.61949    	3.31515    	2.94482    	3.61101    	6.99576    	2.97579    	2.88878    	2.69632    	8.14576    	2.89492    	3.45958    	3.5193     	8.03531    	3.42642    	3.40197    	3.13179    	7.09458    	3.41729    	3.1771     	3.21691    	8.76955    	3.16271    	3.36957    	2.94354    	8.02239    	3.35645    	2.87271    	2.96526    	7.56824    	2.90834    	3.46813    	3.24518    	7.13044    	3.45054    	3.22111    	3.45261    	6.62657    	3.25373    	3.50388    	3.65623    	9.11577    	3.53564    	2.6453     	4.14419    	6.50145    	2.63996    	12.9427	13.6179	13.8555	13.4081	11.7183	12.1652	14.4624	13.1266	13.0684	13.526	11.9674	13.989	12.9866	13.8765	10.9549	0.999997   	1.24954e-05	-3.77209e-05	0.223667   	0.162782   	0.142379   	0.144359   	0.162777   	1.45066	
3.5e-10    	1.4        	0.997179   	0.00135553 	0.0262281  	0.196649   	0.997018   	-0.00355366	-0.0134105 	0.195368   	0.997274   	0.00156419 	-0.0125511 	0.197952   	0.997485   	0.000296738	0.0223844  	0.195469   	0.997269   	0.00332233 	-0.026039  	0.197117   	0.997666   	-0.00373442	0.00459738 	0.1972     	0.997747   	0.00180024 	-0.00378334	0.195734   	0.997521   	0.00161272 	-0.0228576 	0.197672   	0.996794   	-0.00351602	0.0267289  	0.196503   	0.996775   	-0.000903768	-0.0300681 	0.195781   	0.997082   	-0.00417655	0.0243944  	0.197329   	0.997529   	0.00521543 	0.00546714 	0.197018   	0.99731    	0.00224289 	0.00474498 	0.19748    	0.997317   	-0.00304281	0.0195298  	0.195764   	0.996913   	0.000707835	-0.0247175 	0.196666   	3.31763    	3.4165     	8.37269    	3.28376    	3.52658    	3.36395    	10.1832    	3.47224    	3.58719    	3.30921    	9.82033    	3.75069    	4.27992    	2.92548    	7.77379    	4.26477    	3.2707     	3.33533    	8.13684    	3.27557    	3.60563    	3.77836    	7.39906    	3.6128     	3.36857    	3.64341    	7.00513    	3.37015    	3.28235    	3.6225     	7.06356    	3.25785    	3.47251    	3.68118    	9.85483    	3.44233    	3.79577    	3.2066     	9.94055    	3.79481    	3.02835    	3.27468    	9.39556    	3.06271    	2.77558    	3.37425    	8.37422    	2.7822     	3.95043    	3.31262    	9.50983    	3.90163    	4.70484    	3.06607    	8.80448    	4.74354    	3.58819    	2.84589    	10.4749    	3.58298    	9.98192	10.9284	10.9899	12.0301	10.3913	10.8136	10.5715	10.5357	10.8497	11.5327	9.51121	9.73112	11.5885	13.9468	11.3736	0.999996   	-3.36094e-05	-8.89538e-06	0.196108   	0.162451   	0.139049   	0.140764   	0.162456   	1.47589	
3.6e-10    	1.2        	0.996596   	-0.00143209	0.0161161  	0.16832    	0.995829   	-0.0041083 	-0.0076982 	0.169266   	0.995836   	0.00580333 	-0.00862379	0.169696   	0.996593   	-0.00268378	0.00166008 	0.168774   	0.995797   	0.00280789 	-0.0182121 	0.16849    	0.995976   	-0.000198621	0.0160937  	0.170019   	0.996814   	-0.00359325	-0.0127495 	0.168162   	0.996088   	-0.00124572	0.00409817 	0.169791   	0.996689   	0.00500301 	0.00954943 	0.169139   	0.995916   	-0.00823702	-0.0125159 	0.168373   	0.996132   	0.00114489 	0.0219686  	0.168857   	0.99662    	0.00686848 	-0.00895739	0.170046   	0.995079   	-0.00493917	0.0174837  	0.168585   	0.995385   	0.000961434	0.000696848	0.169019   	0.996492   	0.003447   	-0.0164639 	0.169938   	4.56528    	3.24152    	8.27246    	4.58582    	3.32822    	3.9739     	10.7799    	3.37499    	5.33659    	2.80546    	11.861     	5.33839    	3.19617    	2.90176    	9.12457    	3.21218    	3.45161    	3.81602    	10.2508    	3.38684    	3.25762    	3.68962    	10.2871    	3.28173    	3.96131    	3.36376    	7.49317    	3.97792    	3.85688    	3.44187    	10.5323    	3.8814     	2.99513    	3.87067    	7.51658    	2.92791    	3.75296    	3.07231    	10.9438    	3.79877    	3.97995    	3.35197    	9.34608    	3.93307    	3.62287    	3.51739    	8.2078     	3.55271    	3.53385    	4.10306    	12.5898    	3.49656    	3.50669    	3.69945    	12.5048    	3.44603    	3.56836    	3.25801    	8.71998    	3.55588    	10.5808	8.22607	11.4845	8.04764	8.26431	8.09009	9.16097	8.3997	7.36282	9.00982	8.85881	9.17475	8.64992	8.64174	8.89787	0.999995   	6.55034e-06	-4.37189e-06	0.168444   	0.160278   	0.139342   	0.141064   	0.160257   	1.51758	
3.7e-10    	1          	0.995494   	0.000316129	0.0205353  	0.141304   	0.996174   	0.00814221 	-0.00301461	0.140333   	0.994702   	-0.00814115	-0.0163201 	0.142334   	0.994989   	0.00226597 	0.00721163 	0.141177   	0.994884   	0.0117603  	-0.013064  	0.141014   	0.995268   	-0.0140287 	0.0052253  	0.141852   	0.995095   	0.00329432 	-0.00306968	0.141506   	0.994564   	0.00271763 	0.00945584 	0.140879   	0.994743   	-0.00577902	-0.0071303 	0.141772   	0.994757   	0.000139247	0.00334148 	0.141411   	0.99564    	0.00387096 	-0.00376792	0.1406     	0.995174   	-0.00445455	-0.000132865	0.141952   	0.99484    	-0.000127757	0.0108211  	0.14294    	0.995012   	0.00671323 	0.0120322  	0.140986   	0.9952     	-0.00604565	-0.0227149 	0.140129   	3.23643    	3.18913    	7.4465     	3.24607    	3.57132    	3.50403    	5.6925     	3.55755    	3.17891    	3.83879    	9.0305     	3.19173    	4.08162    	3.95365    	8.39412    	4.11641    	3.64705    	3.91077    	8.14397    	3.56059    	3.43868    	3.62084    	7.89683    	3.44882    	4.57348    	3.7849     	8.11792    	4.46671    	3.63379    	3.97834    	9.2132     	3.62201    	3.59086    	3.40607    	9.4038     	3.50686    	3.6648     	3.27864    	9.60437    	3.63482    	3.53091    	4.24193    	6.40767    	3.54725    	3.72833    	4.12771    	7.91177    	3.74879    	4.12335    	4.03618    	8.87343    	4.13399    	3.79822    	3.73158    	8.34155    	3.81997    	3.93409    	3.69636    	7.18722    	3.88745    	6.48101	6.33779	6.09019	7.53047	6.55015	6.29811	7.47403	7.1818	6.66114	6.88354	6.74331	7.39714	6.90905	7.29372	7.07646	0.999992   	5.02272e-05	4.30722e-05	0.140656   	0.159601   	0.136435   	0.147474   	0.159588   	1.45868	
3.8e-10    	0.8        	0.989699   	0.00737896 	0.0212677  	0.11351    	0.99273    	-0.00322452	-0.0165656 	0.113556   	0.990764   	-0.00462998	-0.00367436	0.114077   	0.990654   	0.00100412 	-0.00679186	0.112713   	0.98998    	-0.00718957	0.0090089  	0.113748   	0.992126   	0.00668573 	-0.000410894	0.114764   	0.992358   	-0.00633714	0.00118495 	0.112384   	0.992894   	0.0099173  	0.0257748  	0.113324   	0.992142   	-0.00284012	-0.0280135 	0.115081   	0.992581   	-0.000548084	0.0239708  	0.11349    	0.992478   	0.00925139 	-0.00850752	0.112991   	0.993666   	-0.00762645	-0.0150111 	0.114136   	0.993543   	0.0119241  	-0.0113583 	0.112186   	0.991952   	-0.0008886 	-0.000574254	0.114392   	0.991921   	-0.0115192 	0.0135364  	0.114174   	3.58271    	4.00276    	11.8423    	3.51228    	3.99643    	3.96676    	7.1701     	3.89639    	2.97459    	3.45152    	11.2771    	2.92247    	3.64445    	3.64704    	10.9938    	3.65185    	3.80901    	3.57627    	12.5617    	3.91844    	3.77039    	3.26741    	9.5928     	3.81911    	3.8405     	3.73183    	8.07075    	3.80486    	4.11769    	3.78769    	7.04643    	4.21716    	3.59884    	4.10089    	8.03833    	3.57615    	4.19017    	3.67864    	7.46825    	4.08044    	3.65869    	3.45519    	8.33654    	3.67472    	4.32629    	4.09705    	5.82157    	4.31629    	3.88753    	3.47478    	6.4285     	3.94213    	3.71548    	4.0385     	9.16477    	3.81626    	3.55148    	3.78245    	8.9348     	3.54493    	5.48058	5.32554	4.72603	5.60649	5.17122	5.32051	5.34388	5.47145	5.20134	5.55626	5.30088	5.85884	5.31697	5.08951	5.11562	0.999988   	-8.50465e-06	0.00010601 	0.112723   	0.16159    	0.142565   	0.145968   	0.161595   	1.47675	
3.9e-10    	0.6        	0.986392   	0.0015085  	-0.00351661	0.0856176  	0.982792   	2.92648e-06	0.0424687  	0.0872664  	0.983623   	-0.00263498	-0.0403238 	0.0851904  	0.986398   	0.007211   	0.0328703  	0.0862789  	0.98637    	-0.00811858	-0.0288689 	0.0855168  	0.988004   	0.00401484 	-0.00383473	0.0855173  	0.98778    	-0.0156202 	-0.0213017 	0.0878036  	0.987512   	0.0131138  	-0.0190836 	0.0848485  	0.982658   	0.00172002 	0.0419482  	0.0850726  	0.986182   	-0.00613336	-0.0373702 	0.0863152  	0.985809   	0.0112233  	0.00523769 	0.0842538  	0.984557   	-0.00702036	0.0338422  	0.08711    	0.983802   	-0.00482213	-0.0382368 	0.085837   	0.983032   	0.00827049 	0.0444338  	0.0861722  	0.986257   	-0.0032786 	-0.00735614	0.0860913  	3.76181    	3.56077    	8.79558    	3.81103    	4.11741    	3.9183     	11.2879    	4.08616    	3.89126    	3.74558    	10.1871    	3.91183    	3.36407    	3.99476    	7.89949    	3.34507    	3.25264    	3.83084    	8.08673    	3.28766    	3.73685    	3.79362    	7.20419    	3.85756    	3.95874    	3.38194    	7.85402    	3.94383    	3.32121    	3.16404    	7.46884    	3.21398    	4.30095    	3.88907    	10.5833    	4.19897    	4.14138    	4.04418    	7.98501    	4.16301    	4.0998     	4.03697    	8.65428    	4.30613    	3.91184    	3.87012    	10.1227    	3.98096    	4.22274    	3.76624    	10.7068    	4.47202    	3.59729    	4.09153    	10.1553    	3.45451    	3.388      	3.84781    	8.74977    	3.44321    	3.60626	4.07873	3.78386	4.39356	3.84667	3.97922	4.28559	4.04156	4.11028	4.27431	4.35817	4.34315	4.21432	4.19199	3.96896	0.999978   	1.36646e-05	1.12881e-06	0.0846722  	0.157982   	0.141062   	0.148207   	0.157963   	1.43192	
4e-10      	0.4        	0.976969   	0.0307951  	0.0166946  	0.0587323  	0.968021   	-0.0138839 	-0.0160898 	0.0583858  	0.971082   	-0.0197371 	0.00298073 	0.0573319  	0.971594   	0.00553202 	-0.00879046	0.058603   	0.971884   	-0.0141896 	0.0392093  	0.0573407  	0.971611   	0.010579   	-0.0334343 	0.0584903  	0.970726   	-0.0124951 	0.0440067  	0.057992   	0.973664   	0.0152578  	-0.0234403 	0.0590907  	0.96669    	0.000426112	-0.0287949 	0.0576085  	0.966682   	-0.00324333	0.00257485 	0.0592149  	0.969181   	0.00530673 	-0.00718697	0.0572726  	0.965819   	-0.00306501	-0.00241265	0.0588369  	0.96574    	0.0231393  	-0.0041529 	0.0563371  	0.964751   	-0.0148669 	0.00857778 	0.0593102  	0.97122    	-0.0123119 	-0.0110879 	0.0595696  	3.79004    	3.62678    	5.79274    	3.77909    	3.9141     	3.29493    	9.55253    	3.74785    	4.19583    	3.75133    	7.86498    	4.26838    	3.68753    	3.03679    	8.92476    	3.72751    	3.93237    	3.1537     	7.32389    	3.73179    	4.28086    	3.30753    	8.24531    	4.29782    	3.24408    	3.46641    	8.30146    	3.34979    	3.41225    	3.13659    	7.77549    	3.33065    	4.1883     	3.27863    	9.92199    	4.12985    	3.42798    	3.28379    	11.4521    	3.66019    	3.82415    	3.73506    	8.72658    	3.90692    	3.52219    	3.49161    	10.7982    	3.42244    	4.11721    	3.66534    	9.21386    	4.04457    	3.77205    	4.19968    	10.6738    	3.67044    	3.08009    	4.18698    	8.16154    	3.05194    	3.66623	3.40495	3.37444	3.21649	3.25454	3.4321	3.13224	3.08271	3.48446	3.14155	3.24021	3.08695	3.19795	3.35779	3.38532	0.999952   	-9.13177e-05	0.000250944	0.056519   	0.161587   	0.139799   	0.147619   	0.161581   	1.47142	
4.1e-10    	0.2        	0.874908   	0.00630297 	-0.0145647 	0.0304238  	0.880695   	0.0134513  	0.00568487 	0.0332048  	0.902777   	-0.00343892	0.00525269 	0.0319447  	0.882441   	-0.0254372 	0.0722538  	0.0319643  	0.892466   	-0.00665207	-0.0433212 	0.0314117  	0.876311   	0.0351001  	-0.0137932 	0.03251    	0.890501   	-0.016842  	0.0295982  	0.0315885  	0.880892   	0.0262289  	-0.132156  	0.0321151  	0.902914   	-0.00356348	0.0946549  	0.0313017  	0.88571    	-0.023548  	-0.137383  	0.0313799  	0.896805   	0.020066   	0.0685221  	0.0323321  	0.880234   	0.00479748 	0.0753756  	0.0319246  	0.890881   	-0.0384681 	-0.0101641 	0.0308155  	0.889482   	0.0323055  	0.0167451  	0.031819   	0.898488   	-0.00314647	-0.00894299	0.031967   	4.44221    	3.43125    	9.71215    	4.41568    	3.76282    	3.48071    	12.0613    	3.96686    	3.55249    	3.33754    	8.18113    	3.46602    	3.2773     	3.88801    	9.9931     	3.43227    	3.73081    	3.99346    	8.09501    	3.86165    	3.44759    	3.82408    	11.1916    	3.44562    	3.36988    	4.08218    	8.30942    	3.30693    	3.26276    	3.58925    	9.27656    	3.18937    	4.31075    	3.45778    	6.96664    	4.48308    	3.37868    	3.2272     	9.39962    	3.79282    	3.57215    	3.71522    	8.70974    	3.70816    	2.94652    	3.52209    	10.1356    	2.78983    	3.92649    	3.30568    	7.69296    	3.45228    	3.51454    	3.02835    	9.36989    	3.15067    	3.77873    	3.25876    	8.50825    	3.68344    	2.80042	2.81177	2.70351	2.80674	2.6487	2.68441	2.57991	3.01681	2.81726	2.81616	2.78033	2.79675	2.97636	2.67745	2.85445	0.999807   	0.000351462	9.46712e-05	0.0282747  	0.158373   	0.140687   	0.146127   	0.158288   	1.57804	
4.2e-10    	-0         	0.0584991  	0.0170532  	-0.0753351 	0.0151333  	-0.0271726 	0.0015605  	0.0702502  	0.0162601  	0.0246913  	-0.0143969 	-0.0125134 	0.014186   	-0.0173132 	0.0694701  	-0.0895159 	0.0154028  	-0.0336906 	0.0140108  	0.0200545  	0.015443   	0.0631065  	-0.0750727 	0.00745943 	0.0158678  	-0.0323733 	0.0774712  	-0.0293746 	0.0162441  	0.0298428  	-0.0817598 	0.0568174  	0.0161329  	-0.00134222	0.0168911  	-0.0558024 	0.0151042  	-0.0686606 	0.0568224  	0.157159   	0.0146756  	-0.00709786	-0.0247577 	0.000307488	0.015755   	0.0540422  	-0.00129708	-0.123308  	0.0158876  	-0.0233089 	-0.0619046 	0.0133521  	0.0152312  	0.000228163	0.0210949  	-0.145404  	0.0143689  	0.0283442  	0.0291165  	0.169263   	0.0147984  	3.71252    	4.01563    	9.28235    	3.10866    	4.45899    	4.41893    	10.4325    	3.23738    	3.81895    	3.53465    	7.42357    	2.30467    	3.89339    	3.80969    	9.46995    	2.66942    	3.72314    	3.15331    	11.0342    	3.19692    	3.75848    	3.56676    	12.114     	4.00981    	3.78031    	3.46605    	12.6219    	3.60047    	3.38772    	3.22143    	12.5124    	3.17888    	4.12317    	3.33164    	9.66824    	3.02609    	3.78017    	2.76043    	8.89644    	2.58956    	4.31812    	3.22641    	10.8916    	3.0998     	4.19762    	3.94081    	10.3802    	3.22961    	3.56213    	3.79795    	9.97803    	3.01818    	4.36577    	2.8202     	7.41761    	2.4455     	4.03581    	3.31915    	8.05227    	2.39675    	2.68303	2.70225	2.63641	2.4829	2.58697	2.37495	2.75705	2.54866	2.53235	2.558	2.49257	2.51324	2.53584	2.57408	2.50744	-0.00316071	-0.0181234 	-0.0046087 	0.000629843	0.165757   	0.14357    	0.144947   	0.0854935  	1.41499	
