#----------------------------------------------------------------------------------------------------------------------------------------------------------
# Output file for vampire simulation
#   time       : 2025-05-30 03:36:05     process id : 567025
#   hostname   : thor4.psi.ch
#   path       : /scratch/dossan_f/Na2BaMn(PO4)2/vampire_tripleUC_15mat_J2Ja_small_k0.035_Jnn0.11_Ba_highstatistics
#   version    : 6.0.0
#   githash    : 4c9651daecc86c3e6b6df0c8055fcd9e89fd900c
#----------------------------------------------------------------------------------------------------------------------------------------------------------
2e-11      	8          	0.999985   	-5.31837e-05	-0.000313761	0.892752   	0.999951   	-6.43361e-05	0.000545518	0.892726   	0.999976   	0.000117365	-0.000252403	0.892763   	0.999961   	-3.29185e-06	0.000168802	0.892813   	0.999991   	-1.68898e-05	6.14252e-05	0.892728   	0.999952   	2.77716e-05	-0.000375208	0.892768   	0.999967   	-8.43008e-06	0.000415741	0.892744   	0.999961   	-1.06497e-05	-0.000453017	0.892736   	0.999993   	5.88535e-05	-5.66671e-05	0.892781   	0.999991   	-4.31239e-05	2.41438e-05	0.89275    	0.999959   	-2.90304e-05	-0.000389789	0.892755   	0.999949   	-7.44917e-05	0.000373373	0.892784   	0.999948   	-7.21798e-05	-0.000190181	0.892788   	0.999985   	2.27099e-06	-7.40403e-06	0.892765   	0.999971   	7.45072e-05	0.00021336 	0.892768   	11.3544    	0.375374   	0.483451   	11.191     	11.7998    	0.379841   	1.10907    	10.8442    	11.92      	0.341547   	0.630795   	11.5589    	11.5755    	0.331221   	0.921965   	10.8566    	11.9776    	0.36486    	0.406334   	11.9381    	11.694     	0.35386    	1.11284    	10.7648    	11.5866    	0.351573   	0.773844   	11.0233    	12.0735    	0.374894   	0.847522   	11.3874    	11.3631    	0.365462   	0.400636   	11.3628    	11.8907    	0.359305   	0.407913   	11.8435    	11.7967    	0.34711    	0.965155   	11.041     	11.4757    	0.342194   	1.19962    	10.4306    	11.8647    	0.383663   	1.16064    	10.8501    	11.6459    	0.370336   	0.505082   	11.4757    	11.9198    	0.359029   	0.74917    	11.4683    	951.543	1003.77	1032.96	972.667	1045.67	987.285	977.649	1047.75	950.353	1029.76	1008.75	960.854	1003.88	990.034	1023.43	1          	-6.26367e-06	-1.48724e-05	0.892748   	175.471    	0.113624   	0.111128   	175.471    	14916.3	
3e-11      	7.8        	0.999993   	1.23921e-05	-7.70326e-05	0.886807   	0.999993   	2.26309e-05	0.000134449	0.886805   	0.999993   	9.04958e-06	-3.52986e-05	0.886793   	0.999992   	0.000235547	-0.000192079	0.886814   	0.999993   	-0.000146807	2.81999e-05	0.886793   	0.999992   	-0.000109004	0.000155621	0.886787   	0.999992   	0.000294144	3.17824e-05	0.886855   	0.999992   	-0.000152971	-3.54719e-05	0.886847   	0.999992   	-0.000120386	-1.07953e-05	0.886785   	0.999993   	-0.000131471	-8.87765e-05	0.88679    	0.999993   	-6.16435e-05	0.000134871	0.886809   	0.999992   	0.000183163	-6.7546e-06	0.886817   	0.999993   	-2.39271e-05	1.62149e-05	0.886809   	0.999993   	-2.31537e-05	-0.000198582	0.88676    	0.999993   	2.48569e-05	0.000178248	0.886827   	0.0351907  	0.373413   	0.417218   	0.0351883  	0.0368577  	0.358341   	0.428266   	0.0368633  	0.0362249  	0.360184   	0.436124   	0.0362365  	0.0349315  	0.38367    	0.453547   	0.0349236  	0.0340821  	0.365275   	0.440371   	0.0340722  	0.0359072  	0.377713   	0.461216   	0.0358737  	0.0339468  	0.401073   	0.442864   	0.0339456  	0.0369357  	0.413488   	0.429043   	0.0369313  	0.0348384  	0.408427   	0.421537   	0.0348447  	0.0367665  	0.377513   	0.410207   	0.0367738  	0.0378972  	0.367623   	0.425274   	0.0378937  	0.0347116  	0.392831   	0.441896   	0.0347086  	0.0368656  	0.371698   	0.431618   	0.0368883  	0.036551   	0.361951   	0.439769   	0.036549   	0.0363522  	0.359154   	0.455369   	0.0363139  	4.62926	4.74149	4.57561	4.593	4.48852	4.64707	4.42873	4.84773	4.584	4.68435	4.87852	4.45737	4.71351	4.71602	4.7449	1          	8.32418e-07	2.32806e-06	0.8868     	0.0401395  	0.113684   	0.122141   	0.0401408  	1.44386	
4e-11      	7.6        	0.999993   	-0.00021649	-0.000144975	0.879721   	0.999992   	0.000153805	1.83426e-05	0.879773   	0.999992   	0.000127921	8.77349e-05	0.879742   	0.999992   	-0.000255093	-6.2428e-05	0.879725   	0.999991   	1.03425e-05	3.72576e-05	0.879711   	0.999992   	0.000206718	1.39744e-05	0.879746   	0.999992   	-1.72273e-05	0.00038042 	0.879719   	0.999992   	0.00017947 	-0.000286153	0.879738   	0.999992   	-0.000198569	-0.000171694	0.879742   	0.999992   	8.55315e-05	4.35752e-05	0.879753   	0.999992   	-9.54359e-05	-2.4298e-05	0.87971    	0.999992   	1.74564e-05	1.4223e-05 	0.879718   	0.999992   	-0.000111448	0.000105412	0.879726   	0.999992   	4.37206e-05	9.50343e-05	0.879748   	0.999992   	2.03261e-05	-0.000148949	0.879736   	0.041152   	0.378038   	0.429174   	0.0411275  	0.0402081  	0.408679   	0.471696   	0.0402198  	0.0422093  	0.404887   	0.426079   	0.0422143  	0.0405164  	0.421175   	0.443955   	0.040507   	0.0418739  	0.446648   	0.476822   	0.0418815  	0.0412543  	0.406826   	0.474231   	0.0412768  	0.0424009  	0.432953   	0.47548    	0.0423855  	0.0402996  	0.411689   	0.470698   	0.0403024  	0.0411363  	0.412284   	0.449616   	0.0411193  	0.0407874  	0.434184   	0.465252   	0.0407635  	0.0415469  	0.416851   	0.478488   	0.0415333  	0.0418168  	0.451463   	0.459384   	0.04182    	0.0401602  	0.418272   	0.436832   	0.0401595  	0.0397262  	0.423913   	0.461196   	0.0397254  	0.0423912  	0.419123   	0.421583   	0.0423779  	5.13313	4.91384	5.12919	4.95084	5.02892	4.90299	5.129	4.75568	4.87493	4.84397	4.99905	5.07359	5.04202	4.8259	5.12931	1          	-3.26888e-06	-2.83851e-06	0.879727   	0.0484697  	0.113431   	0.12187    	0.0484695  	1.51111	
5e-11      	7.4        	0.999991   	0.000226821	-0.00010909	0.871916   	0.999991   	-3.21888e-05	-5.05238e-06	0.871917   	0.999991   	-0.000131568	0.000125119	0.871972   	0.999991   	7.44968e-05	5.32077e-05	0.871915   	0.999991   	0.000220424	0.000116917	0.87193    	0.999991   	-0.00028932	-0.000135521	0.871879   	0.999991   	0.000207016	4.60621e-05	0.871946   	0.999991   	-0.000234066	-0.000280551	0.871954   	0.999991   	6.43007e-05	0.000221378	0.871942   	0.999991   	-0.000350496	6.52986e-05	0.871963   	0.999991   	0.000139035	-5.2293e-06	0.871903   	0.999991   	0.000224849	-0.00015192	0.871864   	0.999991   	-6.4468e-05	-0.000151147	0.871925   	0.999991   	0.000112819	0.000256275	0.87194    	0.999991   	2.0281e-05 	-0.000140581	0.87189    	0.0457309  	0.453518   	0.493468   	0.0457512  	0.0468024  	0.432358   	0.522648   	0.0468131  	0.0427235  	0.453499   	0.481805   	0.042719   	0.0447134  	0.455397   	0.531278   	0.0446968  	0.044064   	0.441483   	0.500406   	0.0440551  	0.0455513  	0.446982   	0.49874    	0.0455616  	0.0453393  	0.442548   	0.523892   	0.0453252  	0.0475274  	0.447174   	0.522564   	0.0474898  	0.0427225  	0.442925   	0.523742   	0.0427085  	0.0468444  	0.430233   	0.515531   	0.0468433  	0.048823   	0.465354   	0.489945   	0.0488086  	0.046039   	0.438713   	0.516059   	0.046041   	0.0471765  	0.471503   	0.532083   	0.0471704  	0.0453159  	0.445054   	0.527885   	0.0453094  	0.0461066  	0.438851   	0.532588   	0.0461116  	5.13363	5.13543	4.87819	5.09217	5.02834	5.22185	4.88217	5.31029	5.13192	5.37567	5.52903	5.37651	5.09624	5.10624	5.18021	1          	1.25439e-05	-6.29791e-06	0.871916   	0.0520166  	0.124003   	0.122586   	0.0520166  	1.45115	
6e-11      	7.2        	0.99999    	6.6397e-05 	0.000192422	0.863237   	0.99999    	0.000273104	-2.02658e-05	0.863267   	0.99999    	-0.000356555	-0.000200171	0.863255   	0.99999    	-0.000240626	-0.000112509	0.863255   	0.99999    	2.85423e-05	3.25197e-05	0.863295   	0.99999    	0.00021456 	7.21441e-05	0.863269   	0.99999    	-7.61455e-05	7.08542e-05	0.863248   	0.99999    	0.000165068	-2.97772e-05	0.863264   	0.99999    	-0.00013367	2.22531e-05	0.863302   	0.99999    	7.07846e-05	0.000184251	0.863245   	0.999989   	6.27008e-05	-2.40058e-05	0.863288   	0.99999    	-0.000147957	-0.000199943	0.863194   	0.99999    	0.000146986	-0.00011465	0.863247   	0.99999    	7.21694e-05	-8.8027e-05	0.863261   	0.99999    	-0.000226804	8.50162e-05	0.86328    	0.0515226  	0.481226   	0.540541   	0.0514988  	0.0534559  	0.482665   	0.569442   	0.0534395  	0.0529158  	0.500828   	0.561659   	0.0528913  	0.0519352  	0.463576   	0.533222   	0.051969   	0.0511567  	0.488706   	0.566836   	0.0511235  	0.0530128  	0.497981   	0.570459   	0.0529958  	0.0537169  	0.487425   	0.568197   	0.0537398  	0.0523406  	0.466301   	0.59315    	0.0523385  	0.0513882  	0.490579   	0.546012   	0.0513417  	0.0525672  	0.489144   	0.516035   	0.0525424  	0.0517502  	0.485925   	0.612429   	0.0517661  	0.0507884  	0.483543   	0.595217   	0.0507747  	0.052992   	0.500761   	0.528958   	0.052991   	0.0528915  	0.475748   	0.521217   	0.0528361  	0.0505898  	0.498317   	0.578298   	0.0505416  	5.52768	5.66532	5.59864	5.52343	5.46617	5.64427	5.65159	5.69489	5.61086	5.6895	5.41531	5.54656	5.64894	5.7399	5.41067	1          	-5.41899e-06	-8.66509e-06	0.863252   	0.0571376  	0.119066   	0.124743   	0.057139   	1.36488	
7e-11      	7          	0.999988   	-9.93078e-05	-1.46121e-05	0.853652   	0.999989   	-1.54145e-05	-0.000281051	0.8536     	0.999989   	0.000105848	0.000230554	0.853687   	0.999989   	4.59671e-05	-5.08523e-05	0.85362    	0.999989   	1.67319e-05	0.000114343	0.853631   	0.999989   	-3.59762e-06	-0.000125164	0.853675   	0.999989   	-0.000272513	-7.0952e-05	0.853639   	0.999989   	0.000145246	-9.92719e-05	0.85368    	0.999989   	0.000133416	0.000113564	0.85362    	0.999988   	-3.72112e-05	4.5787e-05 	0.853701   	0.999988   	-0.000151423	1.47502e-05	0.85366    	0.999988   	9.23826e-05	3.23507e-06	0.853662   	0.999989   	0.000166549	-0.000259013	0.853669   	0.999988   	-0.000176891	0.000170166	0.853703   	0.999989   	0.000166581	-4.94647e-05	0.853646   	0.0578561  	0.528652   	0.669472   	0.0578732  	0.0602276  	0.489872   	0.625275   	0.0601971  	0.058562   	0.528575   	0.59       	0.0585     	0.0598962  	0.545607   	0.601805   	0.0598669  	0.0586635  	0.505033   	0.644088   	0.058754   	0.0605389  	0.519717   	0.612964   	0.0605479  	0.0602465  	0.526925   	0.612213   	0.0601932  	0.0594867  	0.524523   	0.626455   	0.0595108  	0.0595416  	0.541686   	0.595307   	0.0595218  	0.0604281  	0.568685   	0.649882   	0.0603941  	0.0625731  	0.534541   	0.644222   	0.0625071  	0.0572765  	0.613154   	0.580195   	0.0572681  	0.0581768  	0.541564   	0.613191   	0.0581361  	0.058201   	0.546501   	0.686311   	0.058193   	0.0545995  	0.550571   	0.620563   	0.0545946  	5.60916	5.77112	5.80188	5.79686	5.82919	5.95761	5.94961	5.7215	5.90577	6.01312	6.13728	5.6728	5.80495	5.76754	5.59531	1          	7.74624e-06	-1.71809e-05	0.853647   	0.0667883  	0.122366   	0.126187   	0.066788   	1.42267	
8e-11      	6.8        	0.999988   	0.00021169 	-4.80907e-05	0.843029   	0.999987   	-0.000147421	7.00057e-05	0.843046   	0.999987   	-0.000122999	5.58992e-06	0.842977   	0.999987   	-4.90415e-05	0.000239369	0.842997   	0.999986   	-8.9924e-06	-0.000172925	0.842977   	0.999987   	-2.08156e-05	-3.86888e-05	0.843034   	0.999987   	6.4585e-05 	-2.04789e-05	0.842998   	0.999987   	0.000148002	0.000234153	0.842971   	0.999986   	-0.000146459	-0.000152241	0.843062   	0.999987   	0.000163037	0.00021402 	0.843017   	0.999987   	-0.000179005	-0.000107376	0.84305    	0.999988   	3.45334e-05	-0.000149369	0.84302    	0.999988   	-0.000240903	0.000268124	0.84306    	0.999987   	0.000240142	0.000112374	0.842999   	0.999987   	1.85144e-05	-0.000343437	0.842962   	0.063957   	0.577668   	0.657618   	0.0639668  	0.0664474  	0.592674   	0.695264   	0.0664871  	0.0689584  	0.625073   	0.630265   	0.0689136  	0.0688132  	0.59999    	0.703141   	0.0687855  	0.0685731  	0.628554   	0.738017   	0.068542   	0.0685537  	0.590766   	0.685449   	0.0685331  	0.0653437  	0.573318   	0.678431   	0.0653936  	0.0684851  	0.607095   	0.655347   	0.0685542  	0.0717818  	0.613888   	0.731516   	0.0718329  	0.068552   	0.578081   	0.709585   	0.0684996  	0.0664245  	0.583887   	0.674162   	0.0664146  	0.0685441  	0.571028   	0.654118   	0.0684963  	0.0648447  	0.53991    	0.682934   	0.0648704  	0.0713002  	0.546643   	0.718084   	0.0712992  	0.0675635  	0.595611   	0.702245   	0.0675021  	5.98402	6.35195	6.33295	6.35383	6.42179	6.30652	6.04458	6.28925	6.72809	6.37379	6.34779	6.34479	6.0712	6.62941	6.36576	1          	-2.32982e-06	7.46622e-06	0.843003   	0.0753836  	0.124378   	0.125757   	0.075385   	1.34723	
9e-11      	6.6        	0.999986   	0.000114514	0.000236564	0.831221   	0.999987   	2.75935e-05	-0.00043788	0.831168   	0.999986   	-0.000145856	0.000303878	0.831281   	0.999985   	8.52343e-05	0.000105415	0.831222   	0.999986   	-0.000309518	-0.000185254	0.831235   	0.999985   	0.000279382	0.000163593	0.831153   	0.999986   	0.000165628	0.000182961	0.831283   	0.999986   	8.96615e-05	-0.000492515	0.831246   	0.999986   	-0.000307546	0.000270113	0.831223   	0.999986   	-0.000156699	-0.000222786	0.831166   	0.999985   	0.000156256	5.4177e-06 	0.831244   	0.999985   	7.35896e-05	0.00019091 	0.831237   	0.999985   	0.000183569	9.70916e-06	0.831244   	0.999986   	-0.000204387	-0.000290084	0.831219   	0.999986   	2.10313e-05	0.000248033	0.831175   	0.0728079  	0.589466   	0.71836    	0.0726939  	0.0761786  	0.561852   	0.716856   	0.0761914  	0.0791928  	0.609437   	0.757458   	0.0792085  	0.0770686  	0.722105   	0.769075   	0.0771469  	0.0741374  	0.599261   	0.765075   	0.0741527  	0.0822797  	0.654182   	0.769249   	0.0822068  	0.0788191  	0.631025   	0.763895   	0.0788233  	0.0785913  	0.572284   	0.767063   	0.0785913  	0.0807716  	0.600014   	0.750568   	0.0807967  	0.0802105  	0.618578   	0.755555   	0.0802174  	0.0799728  	0.552472   	0.885664   	0.0800054  	0.0803002  	0.668464   	0.782731   	0.0803784  	0.0767512  	0.640126   	0.792119   	0.0767726  	0.0804066  	0.649414   	0.716924   	0.0803612  	0.0780267  	0.672401   	0.711596   	0.0779839  	6.27334	6.53029	6.66862	6.8431	6.48095	7.00549	6.84387	6.74343	6.93193	6.95932	6.89861	6.89038	6.50264	6.90063	6.75716	1          	4.80511e-06	5.86656e-06	0.831209   	0.0841117  	0.126167   	0.127752   	0.0841125  	1.28811	
1e-10      	6.4        	0.999984   	0.000369514	0.00042025 	0.81819    	0.999984   	-0.000144379	-5.67923e-05	0.818109   	0.999984   	-0.000172503	-0.000325918	0.818225   	0.999983   	0.000176195	-8.35958e-05	0.818172   	0.999982   	-0.0001572 	-0.000528358	0.818211   	0.999983   	1.14297e-05	0.000560681	0.818132   	0.999984   	-2.05754e-05	2.60027e-05	0.818226   	0.999984   	-0.000196364	-0.000217412	0.818111   	0.999983   	0.000217148	0.000237858	0.81824    	0.999982   	-7.2634e-05	-0.000437115	0.818128   	0.999981   	7.91542e-05	0.000526435	0.818257   	0.999984   	-8.39115e-06	-5.7006e-05	0.818158   	0.999982   	-0.000368193	6.68782e-05	0.818184   	0.999983   	0.000158729	-9.63547e-05	0.818124   	0.999983   	0.000293894	5.12108e-05	0.818263   	0.0922028  	0.627504   	0.843942   	0.0921996  	0.0860213  	0.64147    	0.892383   	0.086003   	0.0865761  	0.676118   	0.846029   	0.0865691  	0.0884515  	0.728841   	0.842284   	0.0884021  	0.0859364  	0.714019   	0.923431   	0.0859247  	0.0906778  	0.71894    	0.853066   	0.0906444  	0.0935776  	0.653329   	0.883192   	0.0935196  	0.089785   	0.701805   	0.789083   	0.089749   	0.0941986  	0.754201   	0.86158    	0.0942764  	0.0858731  	0.74759    	0.941637   	0.0858287  	0.0916849  	0.815986   	0.94185    	0.0916728  	0.0907157  	0.687312   	0.844666   	0.0908016  	0.0909254  	0.715572   	0.938626   	0.0908806  	0.0927636  	0.697496   	0.872054   	0.0927036  	0.0873961  	0.727768   	0.904444   	0.0874178  	7.16951	6.97351	6.84241	7.0152	6.8977	7.26	7.53218	7.17757	7.81036	6.9921	7.34354	7.01316	7.18706	7.47749	6.99478	1          	1.10272e-05	5.78624e-06	0.818168   	0.0924935  	0.125134   	0.128854   	0.0924954  	1.26712	
1.1e-10    	6.2        	0.999979   	0.000399581	-0.0001481 	0.803865   	0.99998    	8.26405e-05	-0.000140703	0.80384    	0.999979   	-0.000440635	0.000337623	0.803797   	0.99998    	0.000165266	-0.00027106	0.803772   	0.999981   	-3.57049e-05	0.000228828	0.803794   	0.999982   	-0.000177244	-0.000117296	0.803883   	0.99998    	-0.000229267	-1.64694e-05	0.803854   	0.999979   	0.000332384	-0.00015621	0.803821   	0.99998    	-4.28745e-05	0.000225226	0.803822   	0.99998    	0.000405613	-0.000112578	0.803814   	0.99998    	-0.000511486	-0.000234297	0.803811   	0.99998    	4.24235e-05	0.000257469	0.803874   	0.999982   	0.000205557	0.000145487	0.803892   	0.999981   	-1.73503e-06	0.000234005	0.803827   	0.999981   	-0.00029364	-0.000409943	0.803778   	0.107311   	0.90852    	0.989244   	0.107462   	0.100302   	0.849104   	0.919841   	0.100319   	0.105845   	0.859421   	1.02783    	0.105903   	0.0995786  	0.887797   	0.921234   	0.0995026  	0.10336    	0.827334   	0.897715   	0.103385   	0.101041   	0.756404   	0.896058   	0.100963   	0.105678   	0.818735   	1.02003    	0.105675   	0.106543   	0.805168   	1.0481     	0.106688   	0.100785   	0.786246   	1.03315    	0.10076    	0.102473   	0.806036   	0.963577   	0.102577   	0.0985434  	0.802393   	1.00758    	0.0984695  	0.102649   	0.737388   	1.03719    	0.102738   	0.0944041  	0.695952   	0.931094   	0.0943211  	0.104562   	0.788853   	0.892701   	0.104612   	0.108513   	0.750025   	1.00291    	0.108486   	8.16153	7.57607	8.01036	7.49204	7.59962	7.4068	7.85488	8.03529	7.58907	7.41124	7.27453	7.86926	7.24069	7.8895	7.99156	1          	-6.57567e-06	-1.18661e-05	0.803814   	0.108278   	0.128494   	0.131696   	0.10828    	1.31029	
1.2e-10    	6          	0.999978   	1.61217e-05	0.000617995	0.787985   	0.999977   	2.71786e-05	-0.00037053	0.788122   	0.999977   	-3.57309e-05	-0.000141137	0.788068   	0.999975   	1.11774e-06	0.000119673	0.788058   	0.999979   	-0.000208797	0.00038252 	0.788142   	0.999976   	0.000281754	-0.000473553	0.788002   	0.999977   	-0.000234426	-0.000399417	0.788115   	0.999977   	0.000395721	7.38957e-05	0.788119   	0.999978   	-0.000120893	0.000295803	0.788043   	0.999976   	-0.000383076	0.000412459	0.788022   	0.999979   	0.000134225	-0.00019979	0.788044   	0.999975   	0.000171014	-0.000263826	0.78811    	0.999977   	6.51117e-05	-0.000263391	0.788105   	0.999978   	-0.000180446	3.35221e-06	0.788079   	0.999978   	0.000217241	0.000233307	0.78806    	0.11823    	0.880515   	1.02662    	0.118275   	0.124701   	0.851676   	1.1031     	0.124746   	0.120512   	0.808279   	1.19353    	0.120418   	0.115407   	0.915575   	1.21936    	0.11523    	0.121728   	0.806626   	1.05155    	0.121564   	0.114069   	0.935602   	1.14791    	0.114137   	0.114253   	0.88698    	1.0842     	0.114183   	0.115289   	0.875361   	1.15133    	0.115367   	0.121834   	0.827524   	1.09723    	0.12184    	0.118472   	0.93856    	1.17063    	0.118457   	0.120711   	0.859575   	0.999986   	0.120816   	0.124627   	1.01896    	1.19048    	0.124598   	0.127795   	0.818857   	1.1472     	0.12778    	0.122819   	0.851888   	1.06779    	0.122599   	0.117064   	0.843748   	1.08963    	0.117251   	8.48158	8.58709	8.46677	7.99032	8.37291	7.99144	7.9981	8.20013	8.34127	8.24693	8.26517	8.85098	8.71957	8.46533	8.14046	1          	9.76796e-06	1.85182e-06	0.788054   	0.113727   	0.129818   	0.131531   	0.113726   	1.17982	
1.3e-10    	5.8        	0.999973   	0.000391387	3.33108e-05	0.77091    	0.999972   	-0.000112428	-0.000470686	0.770859   	0.999974   	-0.000248134	0.000415134	0.770961   	0.999972   	0.000198948	-0.000215733	0.770848   	0.999972   	0.00028683 	1.14892e-05	0.770962   	0.999972   	-0.000573239	0.000144099	0.770859   	0.999971   	-0.000167581	-0.000296079	0.77082    	0.999971   	0.000423618	0.000669602	0.770906   	0.999971   	-0.000300052	-0.000441706	0.770914   	0.999974   	5.95321e-05	9.18504e-05	0.770893   	0.999974   	0.000256641	0.000366581	0.77088    	0.999975   	-0.000358502	-0.000466517	0.770913   	0.99997    	-0.00028686	0.00041225 	0.770947   	0.999972   	0.000250109	-0.000423391	0.770905   	0.999972   	3.39571e-05	7.45575e-05	0.770693   	0.13906    	0.999817   	1.22733    	0.139142   	0.142002   	0.97109    	1.33565    	0.142013   	0.138552   	0.973855   	1.15023    	0.13847    	0.144717   	0.934662   	1.37933    	0.144797   	0.138836   	1.03071    	1.32358    	0.138707   	0.136337   	1.01147    	1.31245    	0.136506   	0.136469   	1.0408     	1.3654     	0.136383   	0.137015   	1.01746    	1.33446    	0.137046   	0.140188   	1.00115    	1.39592    	0.140331   	0.141283   	0.929435   	1.20161    	0.141319   	0.135443   	0.933094   	1.23863    	0.135562   	0.138184   	0.851622   	1.24822    	0.138207   	0.126862   	0.997175   	1.47683    	0.12689    	0.151547   	1.03038    	1.29586    	0.1516     	0.135554   	1.02288    	1.3431     	0.135556   	9.14179	9.08013	8.90643	9.07606	8.9798	8.94814	8.8985	8.69956	8.85468	8.87655	8.693	9.01637	8.36898	9.61238	8.87542	1          	-9.78508e-06	-6.37478e-06	0.770864   	0.130039   	0.131965   	0.136145   	0.13004    	1.09001	
1.4e-10    	5.6        	0.999968   	-0.000171324	-0.00022463	0.752269   	0.999965   	0.000167267	0.000147497	0.752204   	0.999965   	-7.11754e-05	6.54761e-05	0.752267   	0.999968   	5.71006e-06	-0.000621807	0.75223    	0.999966   	-9.22039e-05	0.000341247	0.752207   	0.999968   	0.000204088	0.000369156	0.752334   	0.999965   	-0.000124237	0.000121052	0.752224   	0.999967   	0.000574347	0.000375039	0.752223   	0.999969   	-0.000499983	-0.00046888	0.752305   	0.999966   	-3.31223e-05	-0.000247369	0.752262   	0.999966   	-8.38976e-05	0.000957496	0.752119   	0.999967   	9.16776e-05	-0.00066174	0.75233    	0.999967   	-0.000320167	-0.000404639	0.752244   	0.999966   	0.000635461	0.000271995	0.752184   	0.999967   	-0.000341776	0.000124415	0.752278   	0.162849   	1.04094    	1.4685     	0.162773   	0.164948   	1.17838    	1.58842    	0.16492    	0.154663   	1.13848    	1.63694    	0.154769   	0.159483   	1.09255    	1.44632    	0.159668   	0.161784   	1.22683    	1.45583    	0.161558   	0.157394   	1.17327    	1.3439     	0.157402   	0.162684   	1.04079    	1.71716    	0.162776   	0.164892   	1.04404    	1.58917    	0.164864   	0.165237   	1.04299    	1.42234    	0.164955   	0.160604   	1.07858    	1.59027    	0.160509   	0.15724    	1.06913    	1.61304    	0.157328   	0.155781   	1.09365    	1.51426    	0.155847   	0.160037   	1.06772    	1.53372    	0.159875   	0.159965   	1.16337    	1.5343     	0.159784   	0.159977   	1.09862    	1.53902    	0.160109   	9.80374	9.94104	9.4333	9.61794	9.91192	9.37158	9.81753	9.90096	9.81219	9.72418	9.38459	9.42521	9.71824	9.65056	9.80814	1          	-3.96839e-06	9.75819e-06	0.75222    	0.146181   	0.130995   	0.136118   	0.146181   	1.14762	
1.5e-10    	5.4        	0.999957   	-0.00021975	0.0004127  	0.732201   	0.99996    	0.000371303	-0.000834169	0.732195   	0.999959   	-9.63873e-05	0.000435118	0.732236   	0.99996    	0.000512072	-0.000941794	0.732283   	0.999961   	-0.000239236	0.000717585	0.732079   	0.999957   	-0.000227755	0.000281951	0.73223    	0.999958   	0.000200378	0.000494879	0.732132   	0.999961   	0.000140803	0.000194048	0.732246   	0.99996    	-0.000363528	-0.000607884	0.732232   	0.999961   	-0.000196138	-0.000509572	0.732108   	0.999963   	7.07404e-05	2.34034e-05	0.732119   	0.99996    	0.000225089	0.000363234	0.732325   	0.999957   	7.19773e-05	0.000791736	0.732262   	0.999958   	-0.000354037	-0.000688896	0.732234   	0.999963   	0.000216429	-6.10217e-05	0.732181   	0.191842   	1.27269    	1.97752    	0.191687   	0.198163   	1.25175    	1.74797    	0.198596   	0.206255   	1.16348    	1.90437    	0.206491   	0.185321   	1.21945    	1.75461    	0.185169   	0.171169   	1.36051    	1.55281    	0.171226   	0.176846   	1.44848    	1.76079    	0.177017   	0.188003   	1.2978     	1.86541    	0.187932   	0.19186    	1.2461     	1.71522    	0.192032   	0.201119   	1.29615    	1.67472    	0.201363   	0.194533   	1.18083    	1.75455    	0.194554   	0.178067   	1.13417    	1.64089    	0.178172   	0.192457   	1.24052    	1.75818    	0.192226   	0.19898    	1.27327    	1.95685    	0.198761   	0.193865   	1.25394    	1.90834    	0.193529   	0.185762   	1.11422    	1.67342    	0.18555    	10.8424	11.1064	11.408	10.1832	9.61544	9.99502	10.6661	10.3315	11.1186	10.9033	9.93762	10.573	11.1492	10.7312	10.6566	1          	7.3514e-06 	4.86845e-06	0.732175   	0.14566    	0.132453   	0.142555   	0.145658   	1.03766	
1.6e-10    	5.2        	0.99995    	-2.23579e-05	-0.00038672	0.710825   	0.999948   	0.000299646	-0.00097922	0.710777   	0.999948   	-0.000198128	0.00134068 	0.710793   	0.999948   	-7.93239e-05	0.000363827	0.710671   	0.99995    	-0.000258248	-0.000660885	0.71085    	0.999952   	0.000311124	0.000292057	0.710865   	0.999951   	0.000447853	-0.000414771	0.7107     	0.999951   	-0.000632584	0.000408159	0.710848   	0.999949   	0.000200112	-7.19034e-05	0.71082    	0.99995    	-0.000763557	-0.000520823	0.710781   	0.999951   	0.000273544	-0.000262495	0.710745   	0.999951   	0.000484959	0.000770131	0.710762   	0.999953   	0.000266399	-7.94467e-05	0.7108     	0.999951   	-0.00059374	-0.000201654	0.710771   	0.999953   	0.000352516	0.000269252	0.710811   	0.213642   	1.51885    	2.01547    	0.213573   	0.22647    	1.4984     	2.12       	0.226431   	0.231223   	1.51436    	2.10318    	0.231213   	0.231775   	1.58343    	2.07223    	0.231964   	0.232452   	1.3012     	2.21814    	0.232077   	0.230899   	1.46146    	1.9516     	0.231241   	0.231612   	1.3879     	2.09348    	0.231714   	0.232942   	1.47525    	1.99138    	0.232534   	0.240785   	1.29676    	2.30642    	0.24053    	0.220161   	1.46171    	2.0364     	0.220059   	0.226454   	1.49599    	1.9732     	0.226768   	0.224036   	1.4759     	1.98034    	0.224125   	0.229798   	1.27958    	2.06429    	0.229434   	0.234538   	1.3839     	2.07284    	0.23428    	0.22988    	1.36064    	1.94336    	0.229845   	11.3412	11.5669	11.628	11.8032	11.8912	11.9241	12.1594	11.9682	12.2295	11.7949	11.705	11.4703	11.8614	12.2022	11.9051	1          	5.67629e-06	-9.01057e-06	0.710753   	0.156524   	0.134442   	0.146322   	0.156526   	1.04593	
1.7e-10    	5          	0.999933   	0.000643968	-0.000448712	0.688078   	0.999933   	0.000203461	0.000668593	0.688      	0.99994    	-0.000793938	-0.000217775	0.688094   	0.999942   	-0.000245311	0.000203551	0.68804    	0.999936   	-0.00061477	0.000972733	0.68808    	0.999944   	0.000791686	-0.00119386	0.688056   	0.999933   	0.000918952	-0.000462356	0.687999   	0.999936   	-0.000799263	-0.000234375	0.688218   	0.999929   	-6.80525e-05	0.000831853	0.688004   	0.999936   	0.000237549	-0.000449722	0.688053   	0.99993    	0.000207826	0.000858731	0.68802    	0.999939   	-0.000406708	-0.000575218	0.68817    	0.999932   	0.000774534	-0.000620799	0.688155   	0.999936   	-0.000218536	-0.000107706	0.68796    	0.999931   	-0.000534981	0.000724966	0.688237   	0.265974   	1.62685    	2.77895    	0.265786   	0.268138   	1.51034    	2.94053    	0.268023   	0.2631     	1.57357    	2.41694    	0.263552   	0.28159    	1.49198    	2.339      	0.281365   	0.266096   	1.55517    	2.65359    	0.265971   	0.253345   	1.45852    	2.22229    	0.253791   	0.262122   	1.62167    	2.76424    	0.261774   	0.263379   	1.73579    	2.51253    	0.263777   	0.255917   	1.84554    	2.87306    	0.256132   	0.259688   	1.45667    	2.76124    	0.259029   	0.270351   	1.73556    	2.87889    	0.270177   	0.268783   	1.54295    	2.51577    	0.268721   	0.269167   	1.65086    	2.81025    	0.268341   	0.28338    	1.67074    	2.54551    	0.282742   	0.286131   	1.58356    	2.96925    	0.286405   	12.6669	12.8486	12.8203	12.9951	12.5442	12.0588	12.6255	12.4459	12.3837	12.279	12.7233	13.2537	13.0205	13.4856	13.2526	1          	6.44681e-06	-3.2798e-06	0.688033   	0.172452   	0.132583   	0.139944   	0.17245    	1.05918	
1.8e-10    	4.8        	0.999919   	0.000582784	-0.000580694	0.664224   	0.999927   	3.51582e-06	0.0012701  	0.66427    	0.999924   	-0.000757125	-0.000637911	0.664199   	0.999915   	0.000359622	0.000983753	0.664119   	0.99992    	-0.000895413	-0.00169661	0.664256   	0.999925   	0.000606044	0.000688719	0.664247   	0.999921   	-0.000575237	-0.00146758	0.664231   	0.999927   	0.000482308	0.000635498	0.664162   	0.999922   	2.54894e-05	0.000803836	0.664174   	0.999924   	0.000892894	0.000468475	0.664047   	0.99993    	-3.64728e-05	0.00107604 	0.664161   	0.999919   	-0.000948594	-0.0015867 	0.664303   	0.999921   	-2.51965e-05	0.000689737	0.664158   	0.999921   	0.000375841	-0.000737223	0.664266   	0.999925   	-0.00039484	0.000115351	0.664218   	0.319391   	1.95328    	3.01428    	0.319683   	0.307178   	1.72342    	2.71637    	0.307212   	0.308311   	1.68415    	2.98674    	0.307576   	0.295264   	1.72326    	3.48327    	0.295533   	0.287852   	1.69913    	3.1203     	0.288301   	0.295687   	1.8444     	2.77832    	0.294618   	0.33074    	1.86116    	2.97384    	0.33114    	0.312893   	1.63885    	2.83367    	0.313063   	0.33522    	1.64957    	3.1496     	0.334644   	0.30736    	1.8787     	2.80473    	0.308067   	0.304343   	1.95779    	2.31532    	0.304466   	0.322518   	1.95365    	2.93586    	0.322145   	0.318215   	1.91522    	2.95077    	0.317528   	0.339621   	2.03025    	2.85301    	0.34024    	0.328599   	1.85064    	2.7996     	0.328432   	14.0701	13.195	13.5001	12.6487	12.6503	12.842	13.7688	13.6564	14.971	13.274	13.0998	13.6215	14.1043	14.7935	14.4547	1          	-2.05575e-05	1.97884e-06	0.664151   	0.176484   	0.135375   	0.137926   	0.176486   	1.06775	
1.9e-10    	4.6        	0.999901   	0.000627046	-8.9265e-05	0.639349   	0.999907   	-0.00112059	0.000335699	0.639139   	0.999911   	0.000517253	-0.000154908	0.63929    	0.999909   	-0.000226974	-0.00188899	0.639372   	0.999887   	0.000387692	0.00199694 	0.639369   	0.999901   	-0.000166801	-0.000153166	0.639192   	0.999903   	7.7948e-05 	0.00081672 	0.639066   	0.999901   	-0.000708228	0.00183352 	0.639313   	0.999892   	0.000516168	-0.00265242	0.639439   	0.999892   	0.00133292 	0.00193852 	0.639256   	0.999898   	-0.000878643	-0.000106555	0.639267   	0.999894   	-0.000524412	-0.00179287	0.639325   	0.999896   	0.000406644	0.00287864 	0.639329   	0.99989    	-0.000372668	-0.00176574	0.639247   	0.9999     	7.78254e-05	-0.000942986	0.639378   	0.37569    	2.1202     	3.55619    	0.3751     	0.395414   	1.89028    	3.40486    	0.395822   	0.389733   	2.00246    	3.06818    	0.389727   	0.374526   	2.05408    	3.081      	0.373907   	0.350287   	2.05868    	4.29043    	0.349648   	0.368742   	2.00056    	3.65273    	0.368862   	0.375336   	2.16656    	3.37629    	0.374285   	0.392035   	1.82091    	3.74812    	0.393852   	0.348463   	2.18754    	3.79954    	0.348647   	0.387542   	2.01827    	4.03455    	0.38842    	0.410883   	1.93023    	3.86732    	0.41265    	0.378979   	1.91842    	4.03723    	0.378922   	0.381233   	1.90184    	3.79591    	0.380885   	0.364349   	2.17056    	4.05294    	0.363247   	0.364926   	1.95633    	3.74676    	0.363981   	15.1961	15.3736	15.3155	14.904	14.064	14.5597	14.8925	15.2449	13.8208	15.8006	16.3533	14.9886	14.9348	14.3279	14.0103	1          	-4.12013e-06	1.69529e-05	0.639224   	0.181457   	0.134645   	0.141702   	0.181457   	1.08628	
2e-10      	4.4        	0.999869   	0.000262001	1.12271e-05	0.613583   	0.999875   	0.000198578	0.000126774	0.613739   	0.999867   	-0.000297751	-0.000247518	0.613222   	0.999872   	-0.00077264	0.000288291	0.613637   	0.999886   	0.000109861	0.00129728 	0.613243   	0.999865   	0.000808492	-0.00169525	0.613621   	0.999858   	0.000583071	0.00198146 	0.613417   	0.999855   	-0.00129854	-0.00120189	0.613661   	0.999888   	0.000823115	-0.00088489	0.613407   	0.999862   	-2.07918e-05	0.00068193 	0.613819   	0.999847   	-5.89734e-05	-0.000839743	0.613379   	0.999862   	0.000119192	0.000236913	0.613494   	0.999866   	-0.00108562	-0.000104881	0.613713   	0.999883   	-8.24808e-06	0.00194349 	0.613546   	0.999864   	0.00108406 	-0.00178938	0.61331    	0.445657   	2.58861    	4.29905    	0.445795   	0.450088   	2.38485    	4.22283    	0.450966   	0.427277   	2.57239    	4.43727    	0.426413   	0.42961    	2.08744    	4.6427     	0.42678    	0.442281   	2.21849    	3.74387    	0.44246    	0.445527   	2.29723    	4.72085    	0.446083   	0.440862   	2.58272    	4.77833    	0.445029   	0.447991   	2.4665     	5.09837    	0.445705   	0.466724   	2.36294    	3.51743    	0.467485   	0.426962   	2.16014    	5.10897    	0.425253   	0.435937   	2.44842    	5.62097    	0.435993   	0.454193   	2.09983    	5.2019     	0.455083   	0.486557   	2.21568    	4.83591    	0.488297   	0.467143   	2.22112    	3.8726     	0.467635   	0.496554   	2.30373    	4.76388    	0.496713   	16.2205	16.4825	15.885	15.8457	16.0595	15.4916	15.4191	15.9931	16.5197	15.5035	15.8744	16.8036	17.2361	16.8861	18.0386	1          	2.92879e-05	-1.35752e-05	0.613438   	0.183189   	0.142147   	0.141634   	0.183191   	1.21408	
2.1e-10    	4.2        	0.999825   	-2.30987e-05	0.000367306	0.586976   	0.999827   	0.000942737	0.000314925	0.58695    	0.999837   	-0.00094288	-0.000676428	0.587057   	0.999854   	0.00145781 	-0.000946876	0.587054   	0.999835   	-0.000404749	0.000435203	0.587068   	0.999836   	-0.00102921	0.000461211	0.586851   	0.999785   	0.0011811  	0.000656365	0.587075   	0.99983    	-0.00130372	-0.0004071 	0.587233   	0.999842   	0.000105778	-0.000175128	0.586666   	0.999827   	0.00195945 	0.00160061 	0.587055   	0.999843   	-0.00144636	0.000116285	0.586891   	0.999842   	-0.000549361	-0.00178363	0.586988   	0.999831   	-0.000797665	-0.000118063	0.586909   	0.999795   	-0.000290447	2.66591e-06	0.587006   	0.999794   	0.0010179  	-3.37433e-05	0.587134   	0.577205   	2.36094    	6.09867    	0.575121   	0.54002    	2.44185    	5.90824    	0.541516   	0.529599   	2.51374    	5.33899    	0.529377   	0.530374   	2.50205    	4.49766    	0.531793   	0.531765   	2.35746    	5.59653    	0.5326     	0.510678   	2.3259     	5.54743    	0.510336   	0.515406   	2.68952    	7.63783    	0.517041   	0.544848   	2.25336    	5.92897    	0.545027   	0.519824   	2.36702    	5.25748    	0.518501   	0.576669   	2.54075    	5.63663    	0.571787   	0.585289   	2.46207    	5.09151    	0.58905    	0.538731   	2.63211    	4.90339    	0.53817    	0.599627   	2.35692    	5.7782     	0.597888   	0.516105   	2.38845    	7.49824    	0.519015   	0.562432   	2.51047    	7.42307    	0.563246   	18.3591	17.6365	17.0665	17.2211	17.6651	16.6687	16.8505	17.8142	17.1848	18.8558	18.9988	17.6616	19.4456	16.8122	18.2444	1          	-8.4382e-06	-1.32313e-05	0.586893   	0.185549   	0.136959   	0.141515   	0.185551   	1.17844	
2.2e-10    	4          	0.999776   	-0.00140238	-0.000398768	0.559955   	0.999788   	-0.00119704	-0.00099366	0.559694   	0.999805   	0.0023575  	0.00130632 	0.560048   	0.999776   	-0.000812768	-0.00129707	0.559785   	0.999791   	0.00138109 	0.000114705	0.559751   	0.99976    	-0.000526044	0.00118912 	0.56015    	0.999803   	-0.000584743	-4.82027e-05	0.559785   	0.999749   	0.00144933 	0.000164448	0.560079   	0.999788   	-0.000789114	-0.000108496	0.559802   	0.999748   	0.000417045	0.00418288 	0.5599     	0.999752   	0.000261159	-0.002528  	0.559998   	0.999768   	-0.000688791	-0.0016331 	0.559781   	0.999758   	-1.56029e-05	0.000637432	0.560247   	0.999787   	-0.00129673	-0.00222233	0.559995   	0.999753   	0.00134042 	0.00159816 	0.55956    	0.662665   	2.91917    	6.85361    	0.659318   	0.646289   	2.91076    	6.32485    	0.64518    	0.670604   	2.89437    	5.51181    	0.669509   	0.683151   	2.91285    	6.84691    	0.679615   	0.654755   	2.47441    	6.66005    	0.656727   	0.74446    	2.8471     	7.67639    	0.741958   	0.606285   	2.65068    	5.97246    	0.604982   	0.666797   	2.7481     	8.22617    	0.668848   	0.665719   	2.48812    	6.82089    	0.671259   	0.576487   	2.84577    	7.85475    	0.581518   	0.633454   	2.37849    	8.37095    	0.630898   	0.65115    	2.57148    	7.53614    	0.648322   	0.705538   	2.68108    	7.94138    	0.704213   	0.614432   	2.55752    	6.66604    	0.615836   	0.661059   	2.70726    	8.0458     	0.661494   	19.7554	19.0935	19.3999	19.2223	19.4021	20.7488	18.2038	19.8778	18.7687	17.7759	18.6573	18.8028	20.7432	18.1988	18.2525	1          	-5.98413e-06	-3.94733e-06	0.559776   	0.190745   	0.142308   	0.146804   	0.19075    	1.4314	
2.3e-10    	3.8        	0.999629   	0.000671643	0.0023518  	0.532425   	0.999696   	0.000812267	-0.00499855	0.532479   	0.999751   	-0.00144202	0.00259517 	0.532455   	0.999741   	0.002398   	4.75711e-05	0.532591   	0.999644   	-0.00132208	-0.00483649	0.532478   	0.999743   	-0.0011544 	0.00477077 	0.532179   	0.999723   	0.000258323	-0.0048552 	0.532465   	0.999698   	-0.00100958	0.00320463 	0.532666   	0.999667   	0.000831857	0.00161026 	0.532138   	0.999648   	-0.000546673	-0.000200924	0.532051   	0.999747   	0.000572287	0.000585919	0.532747   	0.999697   	1.46312e-05	-0.000240393	0.532408   	0.999686   	0.00108379 	-0.00235481	0.532271   	0.999592   	0.000587876	0.00217233 	0.532891   	0.999628   	-0.00181752	0.000178176	0.532161   	0.749036   	2.99161    	11.6265    	0.742559   	0.802217   	3.20557    	8.37264    	0.804348   	0.729674   	2.57155    	7.14603    	0.73782    	0.691939   	2.69918    	7.48771    	0.692177   	0.822254   	3.10032    	10.5613    	0.823349   	0.848544   	2.7706     	6.9588     	0.849399   	0.961447   	3.03993    	7.5104     	0.960965   	0.844778   	3.19213    	8.5907     	0.850251   	0.836565   	3.41937    	9.75913    	0.840375   	0.804559   	2.40873    	11.5623    	0.807295   	0.892097   	2.69791    	7.33688    	0.886492   	0.717179   	2.90814    	9.12976    	0.718691   	0.740131   	3.01085    	9.30431    	0.731716   	0.803726   	2.60086    	13.528     	0.797172   	0.811339   	3.20618    	11.4713    	0.80853    	19.1378	21.6092	19.5205	18.0285	21.6844	20.5894	23.9254	21.5022	21.6338	21.2351	23.1839	19.0126	19.1584	20.8723	21.0218	1          	-4.41632e-06	1.89862e-06	0.53226    	0.182355   	0.148285   	0.142854   	0.182354   	1.58178	
2.4e-10    	3.6        	0.999593   	-0.00275699	-0.00137732	0.504304   	0.999626   	0.00282142 	0.00474774 	0.504527   	0.999626   	0.000103847	-0.00359635	0.505031   	0.999627   	-0.00204517	-0.00337891	0.504686   	0.999625   	0.0014947  	0.00124829 	0.504589   	0.999679   	0.000525979	0.00216561 	0.50452    	0.999611   	-0.00153932	-0.00653692	0.5047     	0.999532   	0.000607568	0.0107693  	0.505108   	0.999638   	0.000923098	-0.00418913	0.504185   	0.99954    	-0.00035497	0.00323249 	0.504334   	0.999604   	-0.000982744	1.91866e-05	0.504744   	0.999473   	0.00137288 	-0.0032508 	0.504801   	0.999528   	-0.00154828	-0.00246588	0.50472    	0.999565   	-0.000185419	0.00379006 	0.504826   	0.999591   	0.0018218  	-0.00134889	0.50443    	0.946391   	3.13761    	11.2063    	0.940925   	0.96734    	3.42437    	9.37794    	0.963042   	1.16088    	3.28364    	9.84472    	1.14679    	0.995642   	3.55341    	9.4721     	0.992543   	0.931484   	4.04072    	9.28111    	0.938832   	0.990341   	2.97816    	8.38394    	0.996132   	1.01799    	2.83462    	10.2617    	1.02132    	1.00555    	3.42697    	11.2302    	1.00519    	1.16849    	3.77015    	8.80245    	1.17107    	1.08497    	3.4306     	12.8124    	1.09912    	1.00655    	3.47782    	10.6234    	0.992465   	1.04372    	3.42146    	15.151     	1.03707    	1.01679    	3.4978     	13.2603    	1.03621    	1.05508    	3.47502    	11.8215    	1.05419    	1.00275    	3.34235    	11.1585    	1.00063    	21.0172	21.8121	24.6543	22.3461	21.4014	23.1252	23.1624	23.0118	25.1245	23.7102	22.4456	22.7773	23.2936	22.7725	22.0136	0.999999   	1.65475e-05	-8.51259e-06	0.504427   	0.18488    	0.141179   	0.142646   	0.184877   	1.81125	
2.5e-10    	3.4        	0.999289   	0.00122604 	0.0185137  	0.476471   	0.999273   	0.00109359 	-0.0154816 	0.47686    	0.999382   	-0.00242009	-0.00304079	0.476777   	0.999514   	0.000478413	-0.00946772	0.477065   	0.999433   	-0.00336887	-0.00652091	0.476616   	0.999291   	0.00291784 	0.0160534  	0.476252   	0.99939    	-0.000756941	-0.00889492	0.476134   	0.999346   	0.000152143	0.0172514  	0.477036   	0.999491   	0.000525734	-0.00836935	0.47691    	0.999389   	-0.000197603	-0.000155987	0.476275   	0.999406   	0.000195205	0.0147995  	0.476877   	0.999235   	0.000108517	-0.0147379 	0.477023   	0.999183   	-0.00215673	0.0172943  	0.476465   	0.999256   	0.00197572 	0.0037425  	0.476959   	0.999153   	0.000254953	-0.0211049 	0.476867   	1.31428    	3.77737    	13.3223    	1.29804    	1.32372    	2.9822     	16.3533    	1.32368    	1.24045    	3.79012    	15.7102    	1.26024    	1.20695    	3.30685    	10.7936    	1.23004    	1.15551    	3.72592    	13.4842    	1.16673    	1.26295    	3.14208    	15.1505    	1.25668    	1.22297    	3.4664     	14.7102    	1.24529    	1.24183    	3.36229    	12.7281    	1.23631    	1.08499    	3.13835    	11.9949    	1.09184    	1.17404    	2.90441    	16.5199    	1.16617    	1.27681    	2.85539    	12.5288    	1.24786    	1.33607    	3.42262    	17.5379    	1.35761    	1.08257    	3.47185    	17.7087    	1.10761    	1.12114    	3.32778    	20.1727    	1.15798    	1.17609    	3.57275    	16.321     	1.18042    	25.1479	24.9445	24.1626	22.7465	22.8388	23.4373	23.7948	24.0056	22.4596	22.5963	24.4786	26.2775	20.7466	22.3989	22.1334	0.999999   	1.33448e-06	-1.06185e-05	0.476389   	0.182472   	0.138822   	0.141644   	0.18247    	1.9731	
2.6e-10    	3.2        	0.999103   	0.00283716 	0.00777834 	0.449327   	0.99861    	0.000689234	0.00908661 	0.449499   	0.998178   	-0.00350194	-0.0168476 	0.447884   	0.998625   	0.00132244 	0.00845057 	0.448347   	0.999105   	-0.00325352	-0.000509592	0.449491   	0.998607   	0.00185538 	-0.00787735	0.4487     	0.998634   	0.00297216 	0.00388701 	0.449521   	0.998276   	-0.000925397	-0.0147596 	0.448204   	0.998739   	-0.00205279	0.0106005  	0.449225   	0.998413   	0.00338487 	-0.0101404 	0.448969   	0.998703   	-0.00313831	0.00533782 	0.449265   	0.997944   	-0.000203336	0.00473502 	0.448865   	0.997972   	0.000356445	-0.00344311	0.448739   	0.998039   	-2.71029e-05	0.00920049 	0.449424   	0.99917    	-0.000289081	-0.0058183 	0.448898   	1.65222    	3.35098    	21.0994    	1.66598    	1.48578    	2.7841     	35.2998    	1.44415    	1.58093    	3.5376     	43.4927    	1.58297    	1.37006    	4.11368    	33.5347    	1.34271    	1.77746    	4.1071     	21.0896    	1.77832    	1.66936    	3.3596     	34.9559    	1.64011    	1.70831    	3.85545    	34.3583    	1.64086    	1.71253    	2.9921     	42.5837    	1.75666    	1.54094    	3.03267    	30.8385    	1.47088    	1.44159    	3.92825    	39.192     	1.39       	1.31914    	3.6494     	32.6081    	1.36771    	1.36474    	3.47387    	54.4007    	1.43574    	1.38905    	3.69566    	53.348     	1.38259    	1.39786    	3.52554    	50.7365    	1.38538    	1.43187    	3.39613    	19.4805    	1.38663    	28.8412	24.4003	25.1173	23.2805	28.6993	27.4584	28.2345	25.9405	25.0282	23.944	22.8009	23.0828	23.6375	25.0848	24.6722	0.999999   	3.01097e-07	5.64398e-06	0.448302   	0.185452   	0.139051   	0.141053   	0.185457   	2.5554	
2.7e-10    	3          	0.985132   	0.00341337 	0.157223   	0.426501   	0.981178   	-0.000358444	0.1844     	0.434239   	0.937809   	-0.00284618	-0.33173   	0.441843   	0.939798   	0.00291681 	0.327412   	0.443165   	0.972243   	-0.000123308	-0.219032  	0.428605   	0.991486   	-0.00303027	-0.119546  	0.431079   	0.997685   	0.00169005 	0.0502044  	0.426605   	0.948783   	-0.00166576	-0.303796  	0.442045   	0.961195   	-0.000107746	0.261306   	0.432282   	0.951      	-0.000514766	-0.294727  	0.437189   	0.998847   	-0.000904262	0.0152016  	0.424842   	0.957008   	0.00146406 	0.279014   	0.439152   	0.96738    	0.000300866	-0.245274  	0.435835   	0.940315   	0.0027945  	0.326999   	0.440689   	0.994794   	-0.00325633	-0.0882675 	0.426779   	2.35913    	4.10943    	58.2899    	3.81406    	2.26728    	3.95765    	41.3226    	4.23716    	2.52248    	3.6854     	144.844    	10.4322    	2.70893    	3.05056    	135.455    	11.6186    	2.44005    	3.06534    	87.5631    	6.19554    	2.01114    	3.55336    	31.0685    	2.04517    	2.23199    	4.26764    	22.2463    	1.99222    	2.34887    	3.62617    	105.742    	10.3248    	1.86443    	3.59329    	103.625    	7.33053    	2.28223    	4.12233    	116.492    	7.58806    	2.50169    	4.11447    	22.2217    	2.61299    	1.96405    	3.6726     	85.1014    	6.74009    	1.86014    	3.57342    	52.9782    	5.29722    	2.35725    	4.04892    	122.521    	9.91872    	2.80934    	4.05389    	29.6598    	3.4914     	29.6047	32.4194	27.9968	32.193	32.2731	26.5323	28.0173	32.5744	25.2909	28.9734	31.2184	26.2701	27.3335	29.0901	34.0819	0.999999   	-8.82476e-06	7.6542e-06 	0.42004    	0.188171   	0.139258   	0.142115   	0.188169   	7.70241	
2.8e-10    	2.8        	0.988552   	0.000963192	0.146669   	0.404395   	0.907319   	0.00213531 	0.417017   	0.431847   	0.847986   	-0.00266279	-0.527881  	0.453584   	0.836385   	0.00283336 	0.545926   	0.458235   	0.96362    	-0.00110935	-0.264006  	0.412321   	0.940808   	-0.00193676	-0.336478  	0.42045    	0.974943   	-0.000276777	0.218066   	0.409197   	0.839348   	0.00106954 	-0.541397  	0.456783   	0.927281   	-0.0009716 	0.372076   	0.424596   	0.894506   	0.00251299 	-0.444902  	0.435959   	0.994427   	-0.00341547	-0.0951509 	0.402159   	0.855842   	0.000449526	0.514366   	0.451411   	0.87868    	-0.00149917	-0.474515  	0.442178   	0.869215   	0.001241   	0.492695   	0.446549   	0.998903   	0.000140924	-0.0252844 	0.399839   	2.52721    	3.60283    	10.7576    	2.54208    	3.01591    	3.76123    	35.4471    	5.28917    	2.90942    	3.65007    	32.4366    	7.28826    	3.14263    	3.53395    	38.1225    	10.4455    	2.15525    	4.26551    	16.6225    	2.4426     	2.6186     	4.1786     	17.7549    	4.02391    	2.99935    	4.03752    	19.5701    	3.89656    	2.94517    	3.91025    	34.626     	7.05109    	2.05161    	4.29853    	19.3884    	4.11573    	2.7838     	3.7974     	23.1875    	4.30918    	3.1414     	3.31352    	19.9959    	3.2887     	3.00816    	2.89982    	44.0156    	8.27064    	2.87598    	3.49544    	35.968     	5.08164    	2.89519    	3.37373    	22.3676    	4.8056     	3.85347    	3.60443    	13.6669    	3.79328    	31.1671	29.3281	28.9421	35.2134	24.4806	28.5768	32.7138	27.5386	26.3702	29.3031	30.6082	27.8226	27.6993	28.4648	38.6108	0.999999   	4.47413e-07	-9.97871e-06	0.39195    	0.179439   	0.139564   	0.142598   	0.179437   	7.35238	
2.9e-10    	2.6        	0.965824   	-0.000437135	0.252722   	0.385997   	0.895638   	0.000315443	0.442732   	0.40771    	0.785896   	0.000138363	-0.617079  	0.451337   	0.784767   	-0.00512014	0.61846    	0.450465   	0.927021   	0.00328145 	-0.371315  	0.397952   	0.942482   	0.00251159 	-0.331484  	0.392945   	0.977342   	0.00129747 	0.205945   	0.381493   	0.791222   	-0.000131768	-0.61029   	0.448945   	0.88079    	-0.00103287	0.47105    	0.414077   	0.836729   	-0.00154448	-0.544448  	0.430958   	0.996433   	-0.000640565	-0.0502862 	0.375933   	0.815035   	0.00227542 	0.578233   	0.438757   	0.853054   	-0.00163965	-0.520053  	0.424786   	0.80572    	0.000454645	0.590584   	0.443691   	0.991551   	0.00132766 	-0.108225  	0.37608    	4.33601    	3.03949    	33.5096    	6.45954    	3.02602    	3.4971     	17.7574    	3.08021    	4.06271    	3.33002    	19.5309    	4.43403    	4.23261    	3.91266    	20.1676    	5.29732    	2.83515    	3.02614    	30.92      	6.41449    	3.85556    	3.54002    	17.0136    	4.5135     	3.72077    	3.30477    	20.5695    	3.16126    	3.25633    	3.62467    	19.5954    	5.18241    	2.69091    	3.05853    	29.027     	7.2014     	5.22036    	3.78427    	42.7333    	6.93344    	4.72336    	4.64197    	40.4926    	4.31349    	2.85054    	4.25849    	15.7433    	4.54185    	3.31055    	3.56784    	21.7493    	5.45586    	3.7577     	4.38494    	25.1092    	5.38594    	3.19867    	3.55006    	48.1207    	4.13317    	37.0298	24.7377	31.4065	33.2189	27.5587	31.6316	26.5262	24.6365	24.8779	37.0993	33.6209	24.3646	28.7974	30.2032	29.0434	0.999999   	2.53073e-05	2.75895e-05	0.364154   	0.174718   	0.141737   	0.143013   	0.174722   	3.08142	
3e-10      	2.4        	0.934351   	-0.00452239	0.353123   	0.374477   	0.875213   	0.00177396 	0.481113   	0.390889   	0.703587   	0.00242509 	-0.709443  	0.451992   	0.71309    	-0.00168096	0.700076   	0.449611   	0.87196    	0.00177214 	-0.487754  	0.388903   	0.94076    	0.000171363	-0.334732  	0.372231   	0.982291   	-0.000406312	0.181536   	0.359886   	0.72988    	0.00265552 	-0.682722  	0.441348   	0.816531   	-0.00239873	0.576419   	0.409141   	0.768908   	0.00158882 	-0.638432  	0.424806   	0.998978   	0.00323037 	-0.00177597	0.354125   	0.770623   	-0.00400732	0.636142   	0.42744    	0.815657   	0.000495482	-0.577063  	0.41196    	0.724093   	-0.00130198	0.688669   	0.442666   	0.981384   	0.00093382 	-0.18611   	0.360069   	3.87503    	4.42108    	18.6295    	4.60428    	4.08047    	4.53213    	25.5912    	7.25666    	3.88878    	3.3734     	23.8295    	7.537      	4.92592    	3.55348    	17.4498    	6.20503    	4.16649    	3.96183    	15.8833    	5.09882    	3.7473     	3.64614    	27.5803    	6.70002    	3.13859    	4.23621    	16.0257    	3.91007    	3.98552    	3.70222    	13.9324    	5.76919    	3.99039    	4.30328    	7.43746    	3.85953    	3.27916    	4.27091    	12.2079    	4.83098    	3.9687     	3.95655    	13.9565    	4.01191    	3.27649    	4.52786    	15.7103    	4.94093    	3.93651    	3.69365    	16.9576    	4.34727    	3.95693    	4.98387    	17.9125    	7.38188    	4.12526    	4.16516    	16.2831    	4.20618    	28.7914	30.0811	24.0863	33.5678	30.3835	28.7492	26.2425	28.5033	30.2699	27.1904	30.766	24.7271	26.832	28.9394	29.7803	0.999999   	3.20238e-05	5.87233e-06	0.336535   	0.180055   	0.136589   	0.145796   	0.180055   	4.43346	
3.1e-10    	2.2        	0.906023   	-0.00325243	0.418652   	0.347633   	0.883999   	0.00560201 	0.463637   	0.357998   	0.687286   	-0.0020021 	-0.725801  	0.430703   	0.693532   	0.00214927 	0.719791   	0.427988   	0.838542   	0.000154533	-0.541952  	0.369482   	0.946361   	-0.0030332 	-0.315269  	0.338846   	0.98796    	-8.55946e-05	0.132365   	0.326523   	0.722184   	-0.00260558	-0.690407  	0.418072   	0.777016   	0.00306269 	0.628173   	0.389679   	0.732585   	-0.00237717	-0.679534  	0.409421   	0.994011   	0.000399911	0.0694524  	0.322704   	0.766934   	0.00196004 	0.639581   	0.39986    	0.824542   	0.00184309 	-0.562958  	0.378856   	0.702892   	-0.000300855	0.710457   	0.422445   	0.962693   	-0.00191596	-0.260698  	0.330278   	2.71914    	5.14292    	29.7618    	5.04329    	3.95087    	4.39044    	28.7115    	5.09919    	3.23898    	3.39409    	7.71989    	3.31365    	3.379      	4.63271    	7.15354    	3.48464    	5.87759    	4.37028    	25.157     	5.35411    	3.87872    	4.45225    	35.9511    	3.9448     	3.38026    	4.99355    	43.2097    	3.70606    	4.81521    	4.35281    	17.8085    	5.26114    	5.51323    	3.63289    	13.4091    	5.15707    	5.7599     	4.09999    	12.9637    	4.70739    	4.15413    	3.67191    	48.2102    	4.10037    	6.27601    	4.12527    	25.557     	5.34585    	4.91074    	4.20066    	29.8995    	6.57155    	4.73083    	3.80314    	9.92207    	3.59027    	5.66735    	4.36051    	36.0455    	5.83127    	18.3361	21.4277	20.1938	22.9332	31.4261	25.3507	23.7223	25.6605	29.5771	30.6409	26.177	29.298	25.7054	27.0709	32.5766	0.999999   	-1.2039e-05	9.62693e-06	0.309023   	0.16611    	0.137352   	0.142068   	0.166104   	3.12302	
3.2e-10    	2          	0.858305   	0.00347134 	0.510197   	0.335439   	0.886297   	-0.00160207	0.459343   	0.327708   	0.636909   	-0.00142895	-0.770079  	0.418445   	0.646414   	0.00137983 	0.762061   	0.410529   	0.779933   	-0.0015254 	-0.623753  	0.363199   	0.958337   	-0.000157352	-0.27807   	0.309029   	0.996146   	-0.000771615	0.0569662  	0.29772    	0.690464   	0.00307063 	-0.722327  	0.395726   	0.71448    	-0.00234676	0.698177   	0.385009   	0.672762   	0.0040526  	-0.738584  	0.401442   	0.985177   	-0.00528968	0.155683   	0.300712   	0.744591   	-3.99322e-05	0.666271   	0.374089   	0.812227   	-0.00508645	-0.581065  	0.351148   	0.64649    	0.00173782 	0.762132   	0.41292    	0.934247   	0.00335165 	-0.351165  	0.313288   	4.9074     	3.97262    	20.7312    	5.89069    	6.19271    	4.41335    	21.841     	6.24814    	4.94153    	4.73144    	10.8338    	4.20104    	4.82407    	5.16109    	12.1225    	5.38383    	6.30132    	5.45499    	18.3803    	5.8527     	5.24796    	4.82218    	23.3978    	4.91174    	5.10387    	4.65616    	22.6323    	4.84748    	4.28352    	4.52551    	12.7839    	5.27778    	5.00193    	4.657      	18.8574    	7.12677    	6.09373    	4.34846    	15.7866    	5.14795    	4.69993    	4.71829    	29.4497    	6.06453    	4.37985    	3.88067    	14.1644    	6.01266    	5.47999    	3.85096    	18.7519    	5.45924    	5.13406    	4.15821    	10.3706    	5.26024    	4.57425    	3.76366    	23.7862    	5.7197     	25.0425	28.7555	23.7321	23.4754	27.8418	24.0305	26.7995	20.4249	21.6679	24.5044	26.363	21.9247	23.4076	25.7376	23.2245	0.999998   	2.15188e-05	1.28148e-05	0.281525   	0.165445   	0.14037    	0.14761    	0.165447   	2.84271	
3.3e-10    	1.8        	0.805734   	-0.00186076	0.587401   	0.324537   	0.878084   	-0.00264609	0.473925   	0.304      	0.571769   	0.00340141 	-0.819442  	0.409419   	0.595212   	-0.0038937 	0.803036   	0.400587   	0.720959   	-0.000178921	-0.690373  	0.349651   	0.956743   	0.0053618  	-0.281165  	0.283993   	0.99674    	-0.00439433	0.0377326  	0.274162   	0.636349   	0.00412019 	-0.770667  	0.381768   	0.654227   	-0.000736155	0.755067   	0.376068   	0.605871   	-0.00106851	-0.794013  	0.397568   	0.972416   	0.00222514 	0.216312   	0.280196   	0.698707   	-0.000520776	0.714027   	0.356449   	0.787905   	-0.00019743	-0.61383   	0.32694    	0.580016   	-0.00105619	0.813611   	0.406956   	0.898336   	0.00144696 	-0.433107  	0.299385   	7.17307    	5.3066     	44.1191    	14.4121    	9.16526    	3.99116    	20.3108    	5.36202    	7.17298    	4.88333    	12.6595    	6.18446    	4.17011    	3.53009    	6.33892    	4.55784    	7.34717    	4.69545    	25.5157    	6.77375    	5.83353    	4.56187    	24.6081    	3.68879    	6.80901    	5.92456    	20.362     	6.52658    	4.65248    	3.97749    	8.02781    	5.2947     	5.12229    	5.03259    	14.9243    	6.71031    	8.59487    	3.78929    	22.1561    	7.45881    	5.35972    	5.27303    	38.5276    	7.62456    	7.31473    	4.04943    	11.1043    	4.84728    	4.98086    	4.3658     	14.9518    	6.40119    	5.92705    	3.61588    	15.9468    	6.71158    	4.2989     	5.24662    	33.6586    	8.88809    	29.4369	23.9807	26.0341	19.4793	21.6104	18.8545	25.1457	21.2785	20.4768	25.1943	22.5679	25.2524	17.7354	18.6962	20.3922	0.999998   	-3.61997e-05	1.95871e-05	0.254002   	0.170674   	0.138134   	0.146824   	0.170665   	2.85325	
3.4e-10    	1.6        	0.706776   	0.00179637 	0.70555    	0.32242    	0.911612   	0.0037972  	0.40559    	0.268009   	0.524135   	-0.00409812	-0.85098   	0.395368   	0.554338   	0.00577603 	0.831371   	0.380918   	0.624232   	-0.0034959 	-0.780259  	0.351934   	0.984313   	-0.0040267 	-0.165429  	0.252559   	0.99031    	0.00538303 	-0.118946  	0.25328    	0.61357    	-0.00462536	-0.788504  	0.357927   	0.556069   	0.000745707	0.830289   	0.375782   	0.522641   	-0.00135628	-0.851598  	0.394463   	0.917162   	-0.00169864	0.391124   	0.267189   	0.701442   	0.00262667 	0.711121   	0.325502   	0.817603   	0.000229182	-0.572873  	0.298279   	0.50023    	-0.000487626	0.865019   	0.399986   	0.800276   	0.000321636	-0.596367  	0.294288   	5.11385    	4.05122    	18.7431    	8.4066     	5.64659    	4.43379    	18.027     	5.53739    	4.77525    	3.45547    	11.1245    	7.3084     	5.54101    	3.71182    	12.6976    	6.72523    	4.90849    	4.01022    	10.3848    	6.154      	4.92948    	5.10257    	12.2576    	5.51386    	5.67347    	5.95112    	16.5768    	5.38481    	4.85749    	4.34534    	13.5848    	6.92077    	4.89823    	4.30258    	10.4738    	5.75513    	6.62093    	4.67115    	14.6561    	8.14098    	4.8466     	5.47111    	25.4356    	6.80734    	6.45226    	4.00699    	15.2098    	8.83122    	8.66876    	3.8885     	15.326     	6.87683    	7.18794    	4.10117    	15.5863    	9.75559    	8.80101    	4.6161     	20.4059    	10.1781    	17.8104	17.9991	18.4767	15.0069	18.2947	15.5969	18.04	14.4099	15.3696	18.8581	15.0191	20.9533	19.8662	20.3093	25.8739	0.999997   	-2.38732e-05	-9.59672e-05	0.22637    	0.170358   	0.143764   	0.150519   	0.170359   	2.73709	
3.5e-10    	1.4        	0.774139   	-0.00353229	0.628058   	0.266192   	0.784747   	-0.000649616	0.613542   	0.269241   	0.474436   	0.0026453  	-0.879383  	0.379377   	0.490144   	-0.00236724	0.870561   	0.371924   	0.66924    	0.00241623 	-0.740781  	0.296666   	0.896321   	0.000787832	-0.42592   	0.241195   	0.975343   	0.00674203 	0.175507   	0.223648   	0.524943   	-0.00247953	-0.849397  	0.356732   	0.587264   	-0.00182165	0.808047   	0.325771   	0.531729   	0.00426205 	-0.845689  	0.354941   	0.983096   	-0.00531765	0.124142   	0.218269   	0.577046   	-0.000832697	0.814872   	0.334895   	0.663461   	0.00673754 	-0.74569   	0.304559   	0.480247   	-0.00246708	0.876462   	0.372952   	0.904273   	-0.00469073	-0.41499   	0.238613   	6.0216     	5.44165    	39.1669    	19.1398    	4.99409    	4.96768    	52.2347    	24.4036    	6.54669    	4.82524    	11.1123    	6.24612    	6.4153     	3.71557    	25.4733    	17.3091    	5.86522    	5.52366    	27.7455    	18.1544    	7.70465    	4.42484    	65.64      	17.6595    	5.09022    	4.72905    	59.0764    	7.06005    	7.1809     	5.42609    	31.5703    	17.9798    	5.45239    	3.80599    	21.0757    	14.0182    	6.79548    	5.08447    	16.0476    	10.0442    	7.98152    	5.40779    	54.9563    	7.7956     	5.13106    	4.99289    	34.8765    	21.9055    	5.14571    	4.30403    	40.9282    	26.5542    	5.04936    	3.78377    	8.96759    	6.37734    	6.29397    	3.8444     	43.5759    	12.731     	16.0626	15.145	13.9692	16.441	17.1635	18.5388	16.3664	16.6652	16.0374	15.1654	17.1266	14.8247	14.953	14.8463	19.8593	0.999996   	-1.55041e-05	8.54344e-05	0.198615   	0.170933   	0.139269   	0.153025   	0.170929   	2.74621	
3.6e-10    	1.2        	0.824766   	-0.00543751	0.559387   	0.226847   	0.620957   	0.00228559 	0.781945   	0.282804   	0.395643   	0.00194944 	-0.91773   	0.378406   	0.383219   	7.17078e-05	0.923172   	0.384594   	0.682128   	0.00302963 	-0.728913  	0.26431    	0.747908   	-0.00321936	-0.660955  	0.246734   	0.907016   	-0.00185484	0.413642   	0.218198   	0.396351   	0.00477018 	-0.917508  	0.374119   	0.548066   	-0.0048075 	0.835021   	0.303273   	0.477135   	0.00251736 	-0.877815  	0.335172   	0.992534   	0.00214246 	-0.0817091 	0.192308   	0.461288   	-0.00377166	0.886473   	0.350068   	0.537495   	0.000752131	-0.84206   	0.31451    	0.429646   	-0.00323704	0.902141   	0.359477   	0.949497   	0.00409664 	-0.300994  	0.198883   	7.94565    	6.46023    	18.9682    	9.03671    	6.86297    	4.95073    	12.8043    	8.02949    	5.40158    	5.05621    	8.37426    	6.45814    	4.58521    	4.30737    	5.44817    	5.03249    	6.25032    	4.92867    	14.0231    	8.71403    	6.41422    	3.84462    	13.1597    	7.30642    	6.71409    	5.66772    	14.9724    	6.61389    	4.8305     	4.37163    	5.16642    	3.943      	6.41152    	5.0293     	11.6895    	8.06266    	5.87289    	4.77235    	11.2163    	7.82409    	5.34659    	4.47822    	16.4826    	5.08104    	4.82238    	4.23092    	8.71614    	6.10483    	4.74203    	5.49807    	10.5742    	6.77995    	6.37154    	4.84219    	10.8298    	8.12047    	6.1825     	5.61505    	18.0945    	7.95926    	14.5389	15.0254	11.9911	12.2598	14.7578	13.1489	12.9565	10.4265	13.0275	11.4147	12.2658	11.653	11.2833	13.5493	12.7704	0.999995   	-3.44014e-05	0.000101925	0.17068    	0.17083    	0.144267   	0.150557   	0.170829   	2.31116	
3.7e-10    	1          	0.757616   	0.000687544	0.647998   	0.211242   	0.541746   	-0.00281292	0.838987   	0.271014   	0.316894   	0.00150825 	-0.947793  	0.382956   	0.307092   	0.000293148	0.951184   	0.38457    	0.59879    	0.00217324 	-0.79864   	0.251773   	0.691504   	-0.00282139	-0.718912  	0.230586   	0.859647   	0.00156695 	0.501417   	0.188871   	0.325839   	-5.37121e-06	-0.944687  	0.375369   	0.482189   	-0.00091034	0.874623   	0.297782   	0.391684   	0.0031973  	-0.919073  	0.337083   	0.987299   	-0.0062503 	-0.0991453 	0.167004   	0.372492   	-0.000379705	0.927076   	0.352594   	0.448765   	-0.00302027	-0.892271  	0.316104   	0.335808   	-0.000358078	0.941202   	0.367048   	0.924381   	0.00569496 	-0.363023  	0.176527   	7.67198    	5.61528    	16.4689    	10.6268    	5.26785    	4.55752    	12.2148    	8.6641     	5.95554    	4.67604    	9.54889    	7.28123    	4.90697    	4.12363    	7.48303    	6.72815    	5.30745    	5.43939    	13.0407    	7.75419    	6.09165    	6.39832    	16.1495    	10.0659    	7.34736    	4.37772    	20.8524    	8.39138    	7.29243    	4.7528     	10.0484    	8.29287    	5.13036    	5.5812     	19.4208    	14.6756    	5.97665    	4.51198    	17.3549    	13.0424    	6.8325     	4.35227    	25.4774    	6.80563    	6.6619     	4.1447     	15.7296    	11.0618    	6.34964    	4.67444    	17.8074    	11.5301    	5.49523    	5.59929    	12.1661    	10.3577    	7.0441     	6.20579    	24.6917    	8.48767    	13.4138	10.7322	10.2973	10.2685	10.5046	11.3528	11.4418	12.2206	10.5644	8.98428	11.8177	10.2118	10.4402	10.7293	10.0738	0.999993   	-2.64208e-05	0.000100952	0.142584   	0.172443   	0.146017   	0.153258   	0.172434   	2.46446	
3.8e-10    	0.8        	0.792045   	-0.00836388	0.598072   	0.169608   	0.396144   	0.00975947 	0.916736   	0.287791   	0.252797   	-0.00346951	-0.966807  	0.377205   	0.244115   	0.00308054 	0.969146   	0.385293   	0.585933   	0.0115291  	-0.806779  	0.215632   	0.522529   	-0.0153898 	-0.849642  	0.236101   	0.691337   	0.0176851  	0.717576   	0.185663   	0.255      	-0.00290933	-0.966245  	0.381039   	0.445507   	-0.00798802	0.893589   	0.264242   	0.353852   	-0.00228299	-0.934102  	0.311435   	0.906783   	-0.00299798	-0.403535  	0.14889    	0.269143   	0.00270294 	0.962427   	0.364513   	0.325901   	-0.00335558	-0.944464  	0.335187   	0.2874     	0.00347232 	0.956919   	0.352881   	0.976329   	-0.000782386	-0.156248  	0.135758   	6.39917    	7.07735    	28.7556    	12.8326    	5.99968    	5.99562    	23.5275    	20.5826    	7.41157    	5.68927    	7.41551    	6.901      	5.58143    	5.52474    	8.09069    	7.22053    	4.71715    	6.64295    	18.8222    	11.945     	6.72995    	6.38389    	20.8435    	15.0094    	7.6208     	6.29873    	13.214     	10.7444    	5.23983    	7.1837     	6.18189    	5.04891    	5.87153    	6.80969    	13.4135    	11.702     	7.28055    	6.30314    	15.7767    	14.1923    	6.5915     	5.59784    	21.0694    	9.77722    	5.03828    	5.85978    	8.86252    	7.7947     	5.36478    	5.55703    	14.3585    	11.3687    	6.50221    	6.83325    	10.2503    	8.81347    	6.74072    	5.73666    	24.1299    	7.6356     	9.67713	11.5097	10.3261	9.59506	7.942	9.40969	9.32714	7.19965	10.2554	10.7442	8.23309	8.66091	9.19368	8.52656	9.78236	0.999989   	2.01366e-05	-4.45501e-05	0.114291   	0.170161   	0.141745   	0.156393   	0.170152   	2.7831	
3.9e-10    	0.6        	0.675398   	-0.00190126	0.726849   	0.145109   	0.327866   	-0.00351411	0.942567   	0.258934   	0.212048   	0.0030889  	-0.97655   	0.357594   	0.199871   	-0.00527034	0.97923    	0.365032   	0.477123   	-0.00166589	-0.875607  	0.19673    	0.442031   	0.0104833  	-0.893291  	0.208033   	0.624999   	-0.00601972	0.772496   	0.155089   	0.204798   	0.00645297 	-0.978207  	0.359977   	0.353239   	-0.00547671	0.93423    	0.24911    	0.278316   	0.00252976 	-0.959664  	0.301332   	0.899999   	0.0150802  	-0.386558  	0.108259   	0.226036   	-0.00750046	0.973362   	0.341071   	0.271128   	0.00222655 	-0.961467  	0.306335   	0.224772   	0.000300859	0.973753   	0.335801   	0.937572   	-0.00660955	-0.29836   	0.106237   	7.9428     	5.56396    	19.4147    	9.22466    	7.13918    	5.82967    	29.2363    	23.7437    	6.00332    	4.533      	11.9686    	10.3149    	4.44587    	5.16183    	14.0686    	13.1687    	5.42854    	5.92253    	22.6478    	18.6159    	6.64411    	6.42205    	32.7774    	27.0056    	4.89013    	5.53162    	26.4513    	16.4865    	4.07442    	4.48858    	18.2688    	16.6796    	4.22243    	5.35705    	9.90601    	9.04361    	4.63786    	4.59617    	9.15035    	8.35695    	5.54297    	5.2966     	33.7362    	11.882     	6.07588    	3.93985    	20.8345    	19.3666    	6.34025    	4.71483    	23.041     	20.6741    	5.56252    	5.07478    	8.826      	9.35325    	4.60001    	6.25185    	24.3754    	8.75657    	6.63794	7.03924	6.69099	9.15262	9.7067	6.36186	6.3208	9.33565	6.15246	7.25045	7.50383	9.74166	8.86876	8.87316	9.54354	0.999981   	-0.000165865	4.58728e-05	0.0858427  	0.173943   	0.140927   	0.15062    	0.173942   	2.67069	
4e-10      	0.4        	0.355407   	-0.0164149 	0.929973   	0.178104   	0.3115     	0.00541072 	0.947496   	0.187659   	0.148819   	0.00511783 	-0.988281  	0.3473     	0.146882   	-0.00672059	0.988381   	0.342141   	0.252392   	0.0080091  	-0.965588  	0.232813   	0.489978   	0.00360536 	-0.858708  	0.131734   	0.818351   	-0.0180225 	0.496558   	0.0809784  	0.164098   	0.00449024 	-0.985405  	0.320609   	0.196771   	0.00126338 	0.979199   	0.279337   	0.164961   	-0.000333542	-0.985437  	0.315306   	0.86602    	-0.00966317	0.379591   	0.0764222  	0.191867   	0.00257783 	0.980424   	0.284898   	0.256405   	-0.0058039 	-0.964452  	0.239366   	0.148933   	-0.00132222	0.987946   	0.339703   	0.507249   	0.0188545  	-0.847759  	0.123006   	5.54851    	6.12214    	36.8879    	30.1275    	4.21808    	5.40473    	21.6057    	18.6589    	5.50213    	3.96169    	10.2369    	10.2003    	7.15621    	4.64792    	8.05897    	7.6745     	4.96065    	6.92801    	38.8195    	36.3697    	8.28126    	7.50828    	31.0407    	20.12      	8.22981    	7.31446    	40.5592    	18.7652    	8.15596    	5.93472    	7.23958    	6.69927    	5.43298    	5.45737    	31.8876    	29.5085    	6.55039    	4.66353    	23.1519    	22.615     	8.36756    	5.91105    	41.0763    	15.7836    	7.04638    	4.49998    	10.4629    	10.9885    	7.86352    	5.34821    	21.8949    	18.866     	7.86091    	4.97091    	15.9342    	14.3968    	6.69566    	5.56993    	45.288     	34.0339    	6.37142	9.56987	9.37118	6.29035	8.41631	7.19752	8.53762	5.40971	9.72328	12.1203	5.2673	9.36646	8.32524	8.60308	6.28742	0.999957   	0.000266698	3.22761e-05	0.0573119  	0.174324   	0.142565   	0.151482   	0.174357   	2.54951	
4.1e-10    	0.2        	0.217647   	0.00823003 	0.97241    	0.159963   	0.13485    	-0.00389897	0.988935   	0.203242   	0.0681476  	-0.000491974	-0.997108  	0.356796   	0.0699301  	0.00455613 	0.996976   	0.354971   	0.115438   	-0.00524132	-0.991344  	0.221994   	0.2588     	-0.00861907	-0.960305  	0.140034   	0.430068   	-0.031315  	0.866166   	0.0725582  	0.0820372  	-0.00464146	-0.995916  	0.33525    	0.107692   	0.014639   	0.992971   	0.272188   	0.0772163  	-0.00839705	-0.99616   	0.311723   	0.8134     	0.0869154  	0.197638   	0.0456067  	0.0835369  	-0.00304697	0.995734   	0.302105   	0.121981   	0.00154036 	-0.991286  	0.255131   	0.0781541  	0.00237066 	0.996341   	0.341458   	0.317849   	-0.0199152 	-0.932903  	0.0936045  	5.00151    	7.04132    	24.1891    	23.909     	5.48732    	4.52173    	24.8763    	24.125     	4.32998    	5.52061    	10.0608    	9.86852    	4.51227    	5.19223    	11.7368    	11.4976    	5.85737    	7.22705    	17.6458    	17.4333    	5.59489    	7.22532    	25.9207    	24.3203    	7.24748    	7.85805    	35.0081    	28.1973    	5.48438    	5.17698    	15.07      	14.8248    	5.94701    	4.78648    	15.1443    	14.5731    	5.45262    	5.44373    	7.60713    	7.42502    	6.63238    	6.43372    	35.2054    	6.59409    	4.13797    	5.31428    	21.7776    	21.5154    	4.96345    	4.86502    	25.2505    	24.0326    	4.32156    	5.38366    	7.14256    	7.10569    	5.12971    	6.66315    	27.8105    	23.7771    	7.26066	6.5532	6.26065	7.07646	7.1364	5.89204	6.21546	9.39751	7.07936	6.64255	5.03058	8.93192	7.32657	5.63746	5.75872	0.999828   	7.17531e-05	0.000416282	0.028683   	0.173919   	0.14268    	0.154408   	0.173911   	2.88457	
4.2e-10    	-0         	0.00585222 	0.0113547  	0.993947   	0.133884   	-0.00429575	0.00236394 	0.997666   	0.211493   	0.000909241	-0.00489528	-0.99934   	0.343628   	0.00513187 	0.00451418 	0.999303   	0.345957   	-0.00152906	0.00299711 	-0.996959  	0.197206   	-0.0102514 	-0.0144648 	-0.994736  	0.150412   	0.00624741 	0.0171499  	0.982092   	0.0780426  	-0.005929  	-0.00107078	-0.999211  	0.330178   	0.00519916 	-0.00337695	0.998416   	0.254008   	-0.00637424	0.0027089  	-0.998934  	0.296971   	0.0965671  	-0.0845701 	-0.240525  	0.0186323  	-0.000303992	0.00396836 	0.999068   	0.301914   	0.00549466 	-0.00376327	-0.998714  	0.2638     	0.00489213 	0.00212067 	0.999211   	0.32891    	-0.0447571 	0.0021771  	-0.972879  	0.0674193  	5.52511    	9.11532    	12.0488    	11.9213    	5.74475    	8.60973    	10.363     	10.2791    	4.69085    	6.14319    	9.63785    	9.70144    	6.11053    	5.29963    	10.34      	10.4175    	6.96672    	9.58918    	10.2493    	10.2812    	6.6126     	9.09965    	9.31045    	9.11712    	5.86991    	8.63249    	10.9212    	10.7517    	5.50169    	6.29934    	11.4502    	11.4817    	6.98862    	7.20035    	9.4037     	9.44945    	6.29378    	6.61282    	7.71893    	7.74548    	6.20054    	9.87451    	10.5929    	4.59115    	5.89149    	6.05823    	13.7695    	13.8544    	5.77213    	6.53673    	10.5533    	10.5435    	5.47663    	6.25177    	10.1503    	10.1548    	5.06364    	9.77739    	9.00729    	8.3039     	5.1307	5.8355	6.10311	5.80303	4.75855	5.23718	5.13021	5.55142	4.30424	4.84368	4.92031	5.37091	4.68068	6.01878	5.20666	0.0108509  	0.00330094 	0.00266653 	0.000593688	0.17021    	0.140714   	0.151408   	0.0918554  	3.02723	
