#----------------------------------------------------------------------------------------------------------------------------------------------------------
# Output file for vampire simulation
#   time       : 2025-05-30 01:13:02     process id : 552613
#   hostname   : thor4.psi.ch
#   path       : /scratch/dossan_f/Na2BaMn(PO4)2/vampire_tripleUC_15mat_J2Ja_small_k0.035_Jnn0.11_Ba_highstatistics
#   version    : 6.0.0
#   githash    : 4c9651daecc86c3e6b6df0c8055fcd9e89fd900c
#----------------------------------------------------------------------------------------------------------------------------------------------------------
2e-11      	8          	0.999783   	-6.94929e-05	0.000836122	0.908103   	0.999876   	0.000351479	-0.000629692	0.908187   	0.999853   	-0.000454455	-0.000383353	0.908006   	0.999936   	0.000272268	2.49738e-05	0.9081     	0.999808   	-1.78369e-05	-0.000693592	0.908103   	0.999761   	-0.000226741	0.000681518	0.908018   	0.999831   	0.000321695	-0.000417231	0.908168   	0.999833   	-0.000562178	5.10823e-06	0.907967   	0.999845   	0.000133783	0.000516951	0.908124   	0.999825   	-2.37658e-05	-0.000547809	0.908062   	0.999738   	-0.000414103	0.000764266	0.908112   	0.999919   	0.000456838	-0.000350552	0.908134   	0.999795   	-0.000582722	0.000206703	0.90798    	0.999909   	0.000258469	0.000452176	0.908128   	0.999815   	0.00021266 	-0.000532618	0.908174   	18.5947    	0.461283   	8.80749    	10.5684    	12.8937    	2.4177     	3.97263    	8.82634    	22.0114    	1.67538    	1.59798    	17.7849    	13.6651    	2.23551    	0.55288    	11.8171    	17.7821    	0.389797   	7.55857    	10.8402    	22.2694    	2.01861    	5.97485    	13.2851    	14.0976    	1.42623    	7.37192    	8.18989    	24.0578    	2.51001    	0.475069   	19.4071    	15.6362    	0.54713    	6.23675    	10.3127    	19.9246    	0.7924     	4.7262     	13.9976    	20.6344    	1.06993    	9.8852     	10.4146    	12.6675    	2.5323     	1.37845    	10.1853    	23.9641    	2.36725    	2.29995    	17.0793    	14.4942    	1.20042    	2.53386    	11.649     	15.4511    	0.651941   	8.34951    	8.76631    	1784.2	957.934	2393.93	1055.91	1645.83	2481.26	1113.88	2803.2	1310.63	2014.49	2158.15	927.945	2802.17	1155.23	1298.46	1          	-1.83911e-06	-1.11273e-05	0.908014   	264.477    	0.110756   	0.114406   	264.477    	24890.8	
3e-11      	7.8        	0.999993   	6.53142e-05	-4.81244e-05	0.902655   	0.999994   	-3.75593e-05	3.15426e-05	0.90263    	0.999994   	-3.57784e-05	-1.6601e-05	0.902644   	0.999993   	-5.19739e-05	-0.000336105	0.902686   	0.999993   	-9.26491e-06	0.000101726	0.902628   	0.999993   	2.39035e-05	0.000234793	0.902639   	0.999994   	0.000159659	1.09367e-06	0.90265    	0.999994   	-0.000217727	7.5823e-05 	0.902686   	0.999994   	8.0356e-05 	-0.000108235	0.902676   	0.999994   	-5.42419e-05	0.00013302 	0.90268    	0.999994   	0.00012223 	-0.000270824	0.902649   	0.999994   	-0.000106503	0.000134166	0.902683   	0.999994   	0.000175251	-8.66015e-05	0.902672   	0.999993   	-4.94836e-05	3.47484e-05	0.902662   	0.999994   	-0.000158903	0.00013573 	0.902669   	0.0324548  	0.454595   	0.459997   	0.0324606  	0.0332396  	0.412796   	0.470243   	0.0332262  	0.032842   	0.411375   	0.483447   	0.0328295  	0.032487   	0.436747   	0.478031   	0.0324771  	0.033889   	0.425706   	0.480812   	0.0338809  	0.034017   	0.447347   	0.462648   	0.0340139  	0.0315099  	0.398423   	0.4353     	0.031518   	0.0336248  	0.390023   	0.438766   	0.0336059  	0.0328641  	0.415331   	0.43109    	0.0328538  	0.0336963  	0.419118   	0.460727   	0.0336835  	0.0322456  	0.417437   	0.443207   	0.0322629  	0.0319849  	0.412739   	0.463663   	0.0319806  	0.0318829  	0.421016   	0.407793   	0.0318772  	0.0323773  	0.442768   	0.456439   	0.0323991  	0.0325164  	0.406914   	0.470452   	0.0325341  	5.06193	5.03853	4.96247	4.9583	5.07295	5.05513	4.86531	5.00321	4.97967	5.00261	4.87672	4.85944	4.86956	4.87189	4.95337	1          	-6.35375e-06	1.09125e-06	0.902655   	0.037787   	0.113575   	0.119301   	0.0377872  	1.46314	
4e-11      	7.6        	0.999993   	-4.27975e-05	4.24776e-05	0.896092   	0.999993   	-5.31477e-05	-0.000198315	0.896162   	0.999993   	6.3224e-05 	0.000149321	0.896109   	0.999993   	0.000152544	-0.000188499	0.896095   	0.999993   	2.28078e-05	-3.89661e-05	0.896043   	0.999993   	-0.00020451	0.000250558	0.896122   	0.999993   	-0.000217932	-3.45606e-05	0.896092   	0.999993   	2.26963e-05	8.56682e-05	0.896069   	0.999993   	0.000205114	-3.98762e-05	0.896144   	0.999993   	0.000221176	0.000141095	0.896113   	0.999993   	-0.000131374	-2.23643e-06	0.896097   	0.999993   	-1.71212e-05	-0.000175573	0.896114   	0.999993   	3.78194e-05	-0.000254883	0.896113   	0.999993   	-7.38781e-05	0.000295999	0.896117   	0.999993   	-6.86431e-06	-1.13776e-05	0.896125   	0.0370262  	0.444602   	0.519427   	0.037028   	0.0376607  	0.436604   	0.53971    	0.037666   	0.0366095  	0.465427   	0.547466   	0.0365972  	0.0362211  	0.480788   	0.500931   	0.0362029  	0.0354991  	0.454183   	0.505339   	0.0355094  	0.0340699  	0.453996   	0.504989   	0.0340724  	0.0361269  	0.431195   	0.499824   	0.0361298  	0.0362944  	0.47086    	0.538034   	0.0362766  	0.0374765  	0.45181    	0.531173   	0.0374516  	0.0377421  	0.437337   	0.510301   	0.037761   	0.0374677  	0.474227   	0.54371    	0.0374452  	0.0366193  	0.458483   	0.512722   	0.03664    	0.0361874  	0.472209   	0.508195   	0.0362142  	0.0369516  	0.463792   	0.500231   	0.0369829  	0.0375824  	0.467426   	0.527285   	0.0375544  	5.18595	5.24818	5.15162	5.18924	4.99768	4.86961	5.23317	5.08941	5.2175	5.25885	5.37107	5.07066	5.03378	5.18153	5.21736	1          	-1.47235e-06	1.38672e-06	0.896101   	0.0434971  	0.1203     	0.113792   	0.0434971  	1.49632	
5e-11      	7.4        	0.999992   	0.000144277	0.00011485 	0.888752   	0.999992   	0.000171118	-7.6146e-05	0.888767   	0.999992   	-0.000267266	-1.34712e-05	0.888799   	0.999991   	0.000200465	-0.000305273	0.888779   	0.999992   	-0.000333545	1.52945e-05	0.888727   	0.999992   	0.000102556	0.000229072	0.888789   	0.999992   	-0.000133184	-2.96318e-05	0.888765   	0.999992   	-7.99435e-06	-0.000112592	0.888757   	0.999992   	9.88121e-05	9.66917e-05	0.888736   	0.999992   	-0.000287381	-0.000184047	0.888782   	0.999992   	-1.34329e-05	-3.19567e-05	0.888758   	0.999992   	0.000297678	0.000250575	0.888822   	0.999992   	9.57654e-05	-0.000145471	0.888753   	0.999992   	-0.000204247	-4.18972e-05	0.888739   	0.999992   	0.000109668	0.000207071	0.88881    	0.0414348  	0.484051   	0.607175   	0.0414068  	0.0412426  	0.487315   	0.545468   	0.0412337  	0.043483   	0.526377   	0.573057   	0.0435099  	0.0429648  	0.547652   	0.612737   	0.0429581  	0.0427093  	0.513644   	0.578558   	0.0427267  	0.0447155  	0.506084   	0.598432   	0.0447006  	0.0440802  	0.517781   	0.575483   	0.0440495  	0.040971   	0.534265   	0.54181    	0.0409272  	0.0430717  	0.46798    	0.564581   	0.0431009  	0.0424488  	0.486438   	0.567586   	0.0424451  	0.0435027  	0.537181   	0.586703   	0.04351    	0.0424398  	0.500752   	0.58893    	0.0424418  	0.0408487  	0.468791   	0.56956    	0.0408451  	0.0432882  	0.519435   	0.516118   	0.0432884  	0.0435517  	0.491455   	0.558491   	0.0435449  	5.58099	5.48708	5.72585	5.61513	5.5896	5.76435	5.84021	5.49014	5.72314	5.69423	5.80708	5.74751	5.44969	5.44291	5.77044	1          	-1.81121e-06	-1.7944e-06	0.888762   	0.0496801  	0.120551   	0.127687   	0.0496794  	1.45826	
6e-11      	7.2        	0.999991   	5.13556e-05	-0.000136939	0.88055    	0.999991   	-2.19701e-05	-0.000169821	0.880552   	0.999991   	4.23134e-05	0.000270416	0.880555   	0.999991   	4.37296e-06	-0.0001223 	0.880555   	0.999991   	-0.000166775	0.000114915	0.880533   	0.999991   	0.000128277	-1.53317e-05	0.880529   	0.999991   	-0.000174058	0.000109969	0.880537   	0.999991   	5.39096e-05	9.79268e-05	0.880555   	0.999991   	0.000123481	-0.000236272	0.880556   	0.999991   	-0.000218459	-0.00033573	0.880556   	0.999991   	8.15451e-05	1.00806e-05	0.880559   	0.99999    	0.000127671	0.000265252	0.880575   	0.999991   	2.11236e-05	-3.90118e-05	0.880551   	0.999991   	-0.00012356	-6.37375e-05	0.880597   	0.999991   	0.000102408	0.000111363	0.880529   	0.0497364  	0.551625   	0.61881    	0.04975    	0.0477367  	0.555612   	0.653377   	0.0477554  	0.04754    	0.51547    	0.653134   	0.0475257  	0.051201   	0.526068   	0.625898   	0.0512226  	0.0469031  	0.557766   	0.613394   	0.0469226  	0.0447679  	0.552962   	0.61075    	0.0447407  	0.0511498  	0.551787   	0.648854   	0.0511451  	0.0483716  	0.558678   	0.624395   	0.0483973  	0.0447193  	0.581997   	0.600278   	0.0447897  	0.0470681  	0.575131   	0.658145   	0.0470874  	0.0462144  	0.555815   	0.644853   	0.0461669  	0.0516625  	0.575963   	0.679231   	0.0516672  	0.0503149  	0.532234   	0.634268   	0.0503371  	0.0501502  	0.536879   	0.62084    	0.050156   	0.0463888  	0.553095   	0.668807   	0.0463615  	5.95168	5.81401	5.70042	6.21487	5.77036	5.64348	5.99947	5.88714	5.70008	5.73914	5.81177	6.29221	6.04028	6.10389	5.75046	1          	2.10102e-06	-9.27754e-06	0.880545   	0.0580092  	0.119585   	0.121085   	0.05801    	1.42701	
7e-11      	7          	0.99999    	-8.86464e-05	-8.20185e-05	0.871325   	0.99999    	-0.000106356	1.98276e-05	0.871297   	0.99999    	0.000148516	7.76683e-05	0.871329   	0.99999    	-0.0004063 	8.2483e-05 	0.871292   	0.99999    	0.000212809	0.000178246	0.871302   	0.99999    	0.000197858	-0.00033936	0.871316   	0.99999    	-1.43046e-05	-0.000160928	0.871335   	0.99999    	0.000188778	0.000327642	0.87129    	0.999989   	-0.000114485	-0.000210366	0.871287   	0.99999    	4.3905e-05 	-0.000104276	0.871262   	0.99999    	0.000406939	-0.000139067	0.871286   	0.99999    	-0.000380808	0.000258331	0.87134    	0.999989   	-3.89098e-06	-0.000152506	0.87132    	0.99999    	-0.000123362	-8.76282e-05	0.871289   	0.99999    	0.00016979 	0.000250078	0.871289   	0.0533719  	0.619108   	0.702008   	0.0533746  	0.0569871  	0.617513   	0.667829   	0.0569988  	0.0574418  	0.586545   	0.723767   	0.0574138  	0.0588267  	0.56223    	0.722039   	0.0588314  	0.0574879  	0.578178   	0.701679   	0.0574953  	0.054289   	0.610895   	0.68992    	0.0542939  	0.0556606  	0.572385   	0.735959   	0.0556095  	0.0573986  	0.544631   	0.746204   	0.0574187  	0.0554369  	0.578231   	0.786708   	0.0554581  	0.0552065  	0.598492   	0.729919   	0.0551596  	0.0541438  	0.643494   	0.623602   	0.0541687  	0.0563792  	0.608844   	0.724421   	0.0563964  	0.0553413  	0.647728   	0.729825   	0.0553202  	0.0574786  	0.616842   	0.702488   	0.0574719  	0.0565809  	0.56513    	0.686806   	0.0565733  	6.23311	6.26578	6.58131	6.69567	6.52268	6.34222	6.31502	6.52464	6.45298	6.33151	6.16216	6.52737	6.26926	6.58779	6.33287	1          	8.69878e-06	-5.44596e-06	0.871295   	0.069656   	0.123293   	0.126115   	0.0696561  	1.46792	
8e-11      	6.8        	0.999988   	1.37774e-05	0.000446295	0.860923   	0.999988   	0.000100858	-0.000117838	0.860925   	0.999988   	-9.52759e-05	-0.000322568	0.860927   	0.999989   	0.000204601	-0.000184537	0.860961   	0.999988   	4.77742e-05	0.000197977	0.860954   	0.999989   	-0.000261112	5.69569e-05	0.860968   	0.999988   	0.000444444	0.000110114	0.860996   	0.999988   	-1.71632e-05	-5.49347e-05	0.860939   	0.999988   	-0.000477264	-6.55026e-05	0.860976   	0.999988   	-0.000296877	-0.00016443	0.860944   	0.999988   	0.000258532	-0.000101871	0.860972   	0.999988   	7.9854e-05 	0.000226348	0.860934   	0.999987   	-0.000131581	-0.000284498	0.860962   	0.999988   	7.42209e-05	6.18548e-05	0.860912   	0.999988   	6.15638e-05	0.00024376 	0.860961   	0.0631766  	0.67334    	0.800486   	0.0631676  	0.0633817  	0.659077   	0.794927   	0.0633223  	0.067111   	0.633679   	0.833443   	0.0671281  	0.0617154  	0.640431   	0.789812   	0.0616794  	0.0649863  	0.717524   	0.793942   	0.0650233  	0.0655593  	0.653884   	0.777636   	0.065532   	0.0617352  	0.690936   	0.826335   	0.0617483  	0.06971    	0.624112   	0.864858   	0.0696716  	0.0662926  	0.678426   	0.84167    	0.0663677  	0.0656836  	0.695117   	0.815137   	0.0656973  	0.0689627  	0.678163   	0.840657   	0.0688262  	0.0648651  	0.628863   	0.850089   	0.0648851  	0.0646295  	0.717679   	0.848723   	0.0645514  	0.0624137  	0.697882   	0.785593   	0.0623948  	0.0636406  	0.672253   	0.801425   	0.063708   	6.72602	6.73233	7.09972	6.52004	6.96792	6.90273	6.68258	7.41897	7.08916	6.93284	7.11562	6.96449	6.67619	6.61592	6.74274	1          	4.43942e-07	3.15001e-06	0.86094    	0.0799759  	0.125319   	0.13157    	0.0799753  	1.42615	
9e-11      	6.6        	0.999986   	-3.68239e-05	-1.68346e-05	0.849369   	0.999987   	2.11464e-05	-0.000196868	0.849277   	0.999986   	4.01062e-05	0.000205401	0.849222   	0.999986   	-0.000152616	0.000110466	0.849243   	0.999985   	-0.000200651	-0.000139635	0.849303   	0.999986   	0.00033543 	-1.21299e-05	0.84933    	0.999987   	-0.000193896	-0.000100594	0.849294   	0.999986   	0.000298435	0.000349567	0.849307   	0.999986   	-0.000149328	-0.000241798	0.849256   	0.999986   	6.92411e-05	0.000262167	0.849278   	0.999986   	-0.000202363	-0.000117159	0.849346   	0.999987   	0.000189772	-8.28013e-05	0.849288   	0.999987   	5.69881e-05	-0.000140693	0.84931    	0.999987   	-4.36241e-05	8.09938e-05	0.8493     	0.999985   	3.86417e-05	5.45462e-05	0.849258   	0.0745451  	0.753812   	0.95505    	0.0746141  	0.0782328  	0.710737   	0.929165   	0.0782562  	0.0709384  	0.716683   	0.944608   	0.0708838  	0.0738929  	0.772006   	0.904057   	0.0738383  	0.0747477  	0.794689   	0.983438   	0.0747451  	0.076685   	0.726243   	0.996565   	0.0767596  	0.0758847  	0.727124   	0.88781    	0.0758263  	0.0760831  	0.706582   	0.945306   	0.0760458  	0.077015   	0.686168   	0.993602   	0.0768991  	0.0740815  	0.697063   	0.977195   	0.0740853  	0.0755799  	0.731585   	0.928587   	0.0755877  	0.0751545  	0.756867   	0.884938   	0.0751396  	0.0740073  	0.685556   	0.96442    	0.0740448  	0.0713237  	0.697701   	0.870533   	0.0713701  	0.0782634  	0.813963   	1.0106     	0.0782928  	7.36579	7.53581	7.15184	7.19448	7.32538	7.48808	7.22153	7.67575	7.5535	7.40448	7.47811	7.40925	7.34944	6.95352	7.46569	1          	4.65862e-06	9.16773e-07	0.849281   	0.0876534  	0.1293     	0.130524   	0.0876549  	1.29042	
1e-10      	6.4        	0.999983   	0.000359592	8.17825e-05	0.836256   	0.999982   	-0.000574664	-0.000171259	0.83618    	0.999984   	0.000230459	4.60209e-05	0.836318   	0.999984   	1.06171e-05	0.000202565	0.836208   	0.999984   	6.16163e-05	-0.000226784	0.836233   	0.999984   	-8.27094e-05	4.82344e-05	0.836309   	0.999984   	-0.000250224	-0.000120858	0.836263   	0.999983   	-0.000145035	-0.000147747	0.836206   	0.999983   	0.00025015 	0.000329725	0.836262   	0.999983   	0.000388649	-0.000281377	0.836266   	0.999983   	-0.000322066	0.0002698  	0.836201   	0.999984   	3.10834e-05	-2.83277e-05	0.836264   	0.999983   	-4.39308e-05	6.38656e-06	0.836282   	0.999983   	0.000201794	0.000206926	0.836269   	0.999984   	-4.42368e-05	-0.000173973	0.836272   	0.0907867  	0.845301   	1.12412    	0.0907694  	0.0872508  	0.967286   	1.09954    	0.0872137  	0.0878036  	0.883724   	1.06999    	0.0878015  	0.0867792  	0.870983   	1.04508    	0.08678    	0.0867839  	0.847707   	0.990321   	0.0867176  	0.088457   	0.850286   	1.05343    	0.0884355  	0.0887712  	0.812675   	1.0881     	0.0887628  	0.0854945  	0.89784    	1.06781    	0.0854802  	0.0893042  	0.960649   	1.07194    	0.089343   	0.0851529  	0.830351   	1.17247    	0.0851375  	0.0890387  	0.895981   	1.05874    	0.0890295  	0.0878774  	0.818397   	1.11341    	0.0878592  	0.090068   	0.864442   	1.16647    	0.0900785  	0.0866006  	0.844174   	1.17363    	0.0865325  	0.0909224  	0.852878   	1.0535     	0.0908798  	8.07927	8.05266	8.10037	8.11522	7.94897	7.97822	7.99822	7.72945	7.8312	7.91392	7.87656	8.06485	8.14137	7.87885	8.39139	1          	4.73091e-06	2.81253e-06	0.836239   	0.100463   	0.130925   	0.132579   	0.100463   	1.29277	
1.1e-10    	6.2        	0.99998    	0.000501462	-9.21034e-05	0.821803   	0.999979   	-0.000213502	-0.000558991	0.821634   	0.999981   	-0.000258148	0.000608173	0.821668   	0.999981   	0.000219274	0.00013091 	0.82177    	0.99998    	-0.00030499	0.000128124	0.821684   	0.999981   	5.75592e-05	-0.000305313	0.821758   	0.999977   	-6.86026e-06	-0.000331351	0.821666   	0.99998    	-0.000185811	0.000180882	0.82169    	0.999979   	0.000194772	9.1214e-05 	0.821749   	0.999979   	-2.52799e-05	-0.000253237	0.821648   	0.999981   	7.07251e-05	0.000458617	0.821711   	0.99998    	-8.68983e-05	-0.000144723	0.821709   	0.999978   	-6.14753e-05	0.000172504	0.821699   	0.999979   	0.000447701	-0.00011826	0.821732   	0.99998    	-0.000365255	-9.43175e-05	0.821671   	0.0996572  	1.03235    	1.24697    	0.099817   	0.10537    	1.00176    	1.33373    	0.105314   	0.106291   	0.925726   	1.25415    	0.106338   	0.104235   	0.952137   	1.2564     	0.104172   	0.109463   	1.03095    	1.21118    	0.109362   	0.109251   	0.959872   	1.19956    	0.109145   	0.109259   	1.07497    	1.50123    	0.10914    	0.108408   	0.997749   	1.27682    	0.108447   	0.104859   	0.915745   	1.46128    	0.10485    	0.107013   	0.959443   	1.41156    	0.106936   	0.104442   	0.95649    	1.23531    	0.10447    	0.0996731  	0.992051   	1.33849    	0.0997973  	0.105875   	0.982271   	1.54841    	0.106014   	0.099764   	0.953      	1.42934    	0.0998454  	0.106092   	0.960968   	1.30729    	0.106206   	8.57718	9.00292	8.94004	8.78179	9.1093	9.2971	9.0725	9.25746	8.8524	8.83115	8.73459	8.46113	8.75657	8.44084	8.7969	1          	-1.1427e-06	-8.49784e-06	0.82169    	0.116814   	0.135549   	0.1357     	0.116813   	1.26106	
1.2e-10    	6          	0.999976   	3.04731e-06	0.000245304	0.805516   	0.999975   	-0.000100866	0.000312208	0.805595   	0.999977   	6.64769e-05	-0.000546051	0.805569   	0.999975   	6.40175e-05	-0.000114477	0.805482   	0.999975   	-0.000497986	0.000369297	0.805591   	0.999975   	0.000332519	-0.000322794	0.805559   	0.999977   	-0.000370537	0.000923616	0.805553   	0.999977   	0.000313577	-0.000216224	0.805565   	0.999973   	0.00010894 	-0.000726549	0.805575   	0.999975   	3.42564e-05	-0.000708665	0.805477   	0.999976   	-0.000283417	0.000398487	0.805493   	0.999973   	0.000255195	0.000298218	0.805649   	0.999976   	0.000224555	0.000259837	0.805539   	0.999978   	-0.000236919	-0.000410015	0.805497   	0.999974   	1.27114e-05	0.000126969	0.805565   	0.12515    	1.17589    	1.49609    	0.12521    	0.118393   	1.20052    	1.51492    	0.11841    	0.122546   	1.05581    	1.48298    	0.122522   	0.121802   	1.09108    	1.7035     	0.121775   	0.117476   	1.15931    	1.60126    	0.117474   	0.126341   	1.10139    	1.59302    	0.12646    	0.122527   	1.04794    	1.45481    	0.122591   	0.121727   	1.13611    	1.43667    	0.121595   	0.124051   	1.17544    	1.7557     	0.124196   	0.120833   	1.00177    	1.70209    	0.120634   	0.124554   	1.03702    	1.64339    	0.124526   	0.12234    	1.15554    	1.81657    	0.122175   	0.125456   	0.988703   	1.62059    	0.12544    	0.124608   	1.0353     	1.41314    	0.124525   	0.117403   	1.12762    	1.73675    	0.117337   	9.89272	9.60472	9.77011	9.83562	9.27294	9.83066	9.65723	10.0307	9.4724	9.63293	9.73624	9.75303	10.0473	9.44046	9.11223	1          	-4.9756e-06	-7.29808e-06	0.805529   	0.126457   	0.136695   	0.138819   	0.126455   	1.16398	
1.3e-10    	5.8        	0.99997    	9.54777e-05	-0.000208165	0.787719   	0.999968   	-0.000242423	3.18623e-05	0.7878     	0.999969   	8.24913e-05	0.000189341	0.787738   	0.999967   	0.000248663	0.000698625	0.787725   	0.999969   	4.19615e-05	-0.000284453	0.787781   	0.999969   	-0.0002339 	-0.000455647	0.787797   	0.99997    	0.000391253	0.000296731	0.787678   	0.999968   	0.000219397	-0.00044194	0.787735   	0.999967   	-0.000663795	0.000168023	0.787794   	0.999969   	-0.00040511	0.00032268 	0.787774   	0.999971   	0.00036526 	-0.000103441	0.787714   	0.999966   	0.000112639	-0.000205246	0.787681   	0.999969   	0.000180767	-0.000298024	0.787804   	0.99997    	0.000357768	0.000303139	0.787782   	0.999969   	-0.000604004	9.30596e-05	0.787675   	0.14823    	1.33336    	1.85635    	0.148058   	0.138353   	1.29454    	2.0428     	0.138627   	0.156267   	1.36232    	1.87354    	0.155982   	0.14394    	1.32911    	2.09499    	0.143869   	0.146596   	1.2322     	1.97925    	0.146337   	0.146554   	1.23176    	2.05135    	0.146228   	0.140334   	1.23227    	1.91321    	0.140457   	0.145125   	1.38208    	2.00783    	0.145124   	0.146236   	1.36525    	2.08387    	0.146315   	0.148737   	1.35041    	1.90949    	0.148644   	0.152486   	1.19869    	1.83768    	0.152349   	0.148972   	1.58454    	1.94106    	0.14917    	0.13744    	1.32416    	1.93763    	0.137353   	0.149906   	1.38606    	1.75731    	0.150249   	0.149029   	1.20432    	1.99803    	0.148653   	10.8491	10.3942	11.2136	10.46	10.6773	10.1326	10.1813	10.2332	10.6819	10.7671	11.3993	10.9557	10.251	11.0085	10.8487	1          	-3.47204e-06	7.23739e-06	0.787722   	0.147439   	0.139075   	0.140024   	0.147436   	1.10213	
1.4e-10    	5.6        	0.999962   	0.000369409	-5.68709e-05	0.768224   	0.99996    	7.68465e-05	-2.18534e-05	0.768345   	0.99996    	-0.000538111	6.34516e-05	0.768296   	0.999962   	-8.63833e-05	-0.000407419	0.768203   	0.999961   	0.00013371 	0.000418666	0.768254   	0.999961   	-5.46837e-05	-2.76251e-05	0.768326   	0.999964   	0.000442145	0.000788979	0.768321   	0.999957   	-0.000499863	-2.35475e-05	0.768258   	0.999959   	5.58085e-05	-0.000758475	0.768278   	0.999959   	0.000140951	0.000340727	0.768307   	0.999959   	0.000306056	-0.000285346	0.768292   	0.99996    	-0.00042293	-6.86702e-05	0.768261   	0.999962   	-0.000364359	-0.000528342	0.768256   	0.999962   	0.000287   	0.000737182	0.768376   	0.999962   	9.25402e-05	-0.000191283	0.768189   	0.178002   	1.49778    	2.25731    	0.178002   	0.178273   	1.44228    	2.55382    	0.178563   	0.174733   	1.47257    	2.47298    	0.174448   	0.183501   	1.68316    	2.07701    	0.183353   	0.170553   	1.63353    	2.25797    	0.170478   	0.179214   	1.62145    	2.29464    	0.178952   	0.179118   	1.42554    	2.16392    	0.1793     	0.172827   	1.6792     	2.59479    	0.172622   	0.177447   	1.45079    	2.67599    	0.177124   	0.188312   	1.6082     	2.49699    	0.188587   	0.172877   	1.64993    	2.44515    	0.172793   	0.171076   	1.62202    	2.39333    	0.171106   	0.165079   	1.28951    	2.51183    	0.164993   	0.181091   	1.43061    	2.31922    	0.181068   	0.173091   	1.44448    	2.34254    	0.17302    	11.9069	12.3688	11.7447	12.02	11.7574	11.9933	11.8742	11.3656	12.337	12.849	11.4101	11.8419	10.9614	12.0789	11.3796	1          	-4.06903e-06	-1.21437e-06	0.768249   	0.163918   	0.140621   	0.14166    	0.163918   	1.05207	
1.5e-10    	5.4        	0.999954   	4.37e-05   	0.000730097	0.747276   	0.999945   	-7.29385e-05	-0.000641574	0.747037   	0.999954   	0.000100304	-0.000160026	0.747148   	0.99995    	-0.000710292	-0.000436814	0.747249   	0.99995    	0.000441813	0.000335672	0.747101   	0.999954   	0.000358957	8.47249e-05	0.747246   	0.999955   	0.00039083 	-0.000142781	0.747247   	0.999952   	-0.00020581	0.000579849	0.747059   	0.999951   	-0.00019761	-0.000387041	0.747117   	0.999952   	0.00037604 	-0.000911285	0.74711    	0.999954   	0.000283061	0.000704117	0.747193   	0.999955   	-0.000647219	0.00020366 	0.747253   	0.999955   	0.000512607	0.000269215	0.747127   	0.99995    	-0.000163674	-0.00019011	0.747252   	0.999952   	-0.000330603	1.93217e-06	0.74722    	0.206327   	1.76008    	2.55112    	0.206476   	0.203674   	1.78436    	3.37394    	0.204005   	0.215716   	1.79671    	2.56495    	0.215365   	0.212862   	1.72704    	2.98321    	0.212438   	0.213987   	1.68302    	3.06371    	0.213725   	0.207329   	1.87533    	2.5244     	0.207468   	0.210967   	1.61223    	2.66598    	0.21064    	0.212993   	1.43778    	3.1145     	0.212931   	0.21509    	1.80357    	2.82552    	0.214462   	0.211375   	1.70095    	2.77742    	0.211357   	0.196748   	1.70813    	2.62882    	0.19673    	0.198556   	1.62558    	2.57803    	0.19813    	0.220393   	1.87912    	2.41011    	0.220325   	0.217856   	2.06354    	2.69361    	0.218035   	0.215945   	1.7485     	2.75833    	0.215868   	12.7568	12.6678	13.4498	13.1267	13.3696	13.2405	13.3567	13.2647	13.0971	13.227	12.0876	11.8989	14.1589	13.065	13.573	1          	1.21022e-05	2.76546e-06	0.74714    	0.173346   	0.136723   	0.138883   	0.173343   	1.14053	
1.6e-10    	5.2        	0.999932   	0.000135437	-0.00142551	0.724399   	0.999937   	-0.00064553	0.00207569 	0.724551   	0.999938   	0.000501488	-0.000681479	0.72457    	0.999935   	-0.00031954	0.00153973 	0.724479   	0.999936   	0.000500693	-0.00137287	0.724577   	0.999933   	-0.00020479	-0.000272328	0.724567   	0.99993    	4.62073e-05	0.00010522 	0.724661   	0.999934   	-0.000717285	-0.000466675	0.724382   	0.999937   	0.000738646	0.000319185	0.724601   	0.999937   	-0.00092195	0.000366247	0.724663   	0.999942   	0.000147242	-0.000950181	0.724541   	0.999935   	0.000796916	0.000631722	0.724457   	0.999937   	-0.000178525	-0.000830437	0.724606   	0.999933   	-3.67609e-05	0.000130795	0.724596   	0.999934   	0.000184372	0.000642316	0.724532   	0.263897   	1.95335    	4.02016    	0.263404   	0.257996   	1.70866    	3.66356    	0.256968   	0.249715   	1.66845    	3.78749    	0.249885   	0.239441   	2.02492    	3.6635     	0.239198   	0.258013   	1.771      	3.87723    	0.258712   	0.245659   	2.23217    	3.688      	0.245615   	0.254426   	2.32832    	3.91575    	0.254058   	0.23848    	2.10958    	3.76702    	0.238492   	0.248432   	1.9993     	3.61194    	0.248251   	0.257258   	2.21174    	3.31599    	0.256807   	0.24889    	1.84416    	3.32373    	0.248439   	0.255824   	2.03434    	3.70523    	0.25699    	0.237996   	2.16979    	3.40655    	0.238396   	0.251542   	2.11175    	3.89025    	0.251248   	0.24745    	2.00841    	3.86054    	0.24716    	15.4997	14.9098	14.5356	13.3623	14.6317	14.2916	14.6801	13.7366	14.3152	15.3301	14.203	14.4002	13.8708	14.3198	14.1395	1          	1.60753e-06	-1.27042e-05	0.724499   	0.18948    	0.138134   	0.147296   	0.189482   	1.16152	
1.7e-10    	5          	0.999907   	0.000904937	-0.00329071	0.700725   	0.999895   	-8.61655e-05	0.000544541	0.700484   	0.999913   	-0.000776046	0.00280621 	0.700306   	0.999919   	8.10745e-05	-0.00173087	0.700481   	0.999906   	0.000602356	0.00322158 	0.700425   	0.999907   	-0.000593199	-0.00146891	0.700546   	0.999915   	0.000165883	0.00161242 	0.700561   	0.999919   	0.000600684	0.000487208	0.700542   	0.999918   	-0.000738059	-0.00208207	0.700325   	0.999904   	-0.000623711	0.00028866 	0.700416   	0.999908   	6.24324e-05	0.000907453	0.700388   	0.999905   	0.000619734	-0.00120175	0.700458   	0.999905   	-0.000829914	0.00193162 	0.700501   	0.999909   	0.00110465 	-0.00347746	0.700488   	0.999913   	-0.000248154	0.00161332 	0.700423   	0.337101   	2.20416    	5.0746     	0.338219   	0.324978   	2.555      	6.15616    	0.324894   	0.320817   	2.28108    	4.58956    	0.319396   	0.321725   	2.49949    	4.11787    	0.322053   	0.307763   	1.86505    	5.51896    	0.309181   	0.314947   	2.45       	5.17417    	0.315292   	0.293276   	2.24518    	4.70067    	0.292834   	0.304175   	1.93214    	4.78184    	0.30359    	0.288951   	2.07257    	4.58471    	0.290346   	0.307346   	2.12251    	5.82155    	0.30833    	0.302539   	2.19975    	5.38636    	0.302002   	0.309459   	2.3746     	5.45446    	0.309389   	0.295936   	2.43121    	5.26538    	0.297564   	0.31373    	2.45788    	4.57117    	0.31249    	0.291564   	2.72065    	4.39052    	0.290915   	17.5096	16.6892	16.0929	16.9358	15.8115	15.5549	15.3377	15.278	15.0742	15.3438	16.0376	16.0547	15.4174	15.9073	15.8421	1          	1.66138e-05	1.05543e-05	0.700408   	0.201578   	0.136023   	0.145891   	0.20158    	1.18247	
1.8e-10    	4.8        	0.999869   	0.00125654 	0.00239179 	0.675024   	0.999896   	-0.00155202	0.000464641	0.675216   	0.999866   	0.000335938	-0.00289263	0.675074   	0.999836   	0.000862392	0.00425026 	0.674987   	0.999873   	-0.00100402	5.41905e-05	0.675297   	0.999871   	0.000117518	-0.00433746	0.675043   	0.999868   	-1.1228e-05	0.00332482 	0.67518    	0.999875   	-0.000113958	-0.00551103	0.675007   	0.999883   	3.802e-05  	0.00224242 	0.67492    	0.999885   	-0.00102503	-0.00209238	0.674954   	0.999878   	0.000432789	-0.000827874	0.675215   	0.999885   	0.000610828	0.00286221 	0.675129   	0.999902   	0.000494782	0.000696903	0.674955   	0.999872   	0.000808235	0.00347694 	0.675105   	0.999872   	-0.00136068	-0.00420698	0.675127   	0.410718   	2.68252    	7.13654    	0.409914   	0.399209   	2.53666    	5.37767    	0.400282   	0.376176   	2.24166    	7.8323     	0.376783   	0.403132   	2.72824    	9.21124    	0.407548   	0.378765   	2.70006    	7.07575    	0.378864   	0.370232   	2.72975    	6.48282    	0.368318   	0.367704   	3.13749    	6.62877    	0.367076   	0.363889   	2.62819    	5.83542    	0.36671    	0.402552   	2.53581    	6.32147    	0.403109   	0.367008   	2.86451    	5.78693    	0.368363   	0.390095   	2.74316    	6.62826    	0.391541   	0.394081   	2.8892     	5.65314    	0.394935   	0.375963   	2.77713    	4.78102    	0.376754   	0.442228   	2.75555    	6.67686    	0.438102   	0.402075   	2.8662     	6.28045    	0.402435   	19.1375	18.4592	17.7925	18.5551	17.894	17.6772	17.8521	17.1858	17.4564	17.118	18.3974	18.1081	17.8378	20.5876	18.3027	1          	-7.38654e-06	-7.2178e-06	0.674998   	0.205425   	0.143709   	0.14314    	0.205423   	1.40828	
1.9e-10    	4.6        	0.999707   	0.000528602	-0.00799073	0.648579   	0.999676   	-0.0011224 	0.00254963 	0.648597   	0.999575   	0.000563341	0.00550372 	0.648727   	0.99965    	-0.000168193	-0.00218864	0.64889    	0.999642   	0.000604372	0.00968526 	0.648358   	0.999714   	-0.000391301	-0.00756242	0.64861    	0.999744   	0.00139832 	0.00567575 	0.648293   	0.999735   	-0.00273265	0.00243779 	0.648906   	0.999783   	0.00132878 	-0.00820218	0.648607   	0.99972    	-0.000719461	0.00817784 	0.64856    	0.999757   	-0.00119386	-0.00555629	0.648505   	0.999645   	0.00193261 	-0.00251308	0.648772   	0.999674   	0.000304319	0.00307269 	0.64885    	0.999664   	-0.000473329	-0.00617722	0.648292   	0.999827   	8.73593e-05	0.00311378 	0.648736   	0.53751    	2.72547    	15.8892    	0.535287   	0.531412   	3.64722    	19.1734    	0.532385   	0.48783    	2.84741    	26.4048    	0.477874   	0.492842   	2.75351    	22.0751    	0.493045   	0.537318   	2.62837    	19.5606    	0.541505   	0.531135   	3.20553    	15.1875    	0.541636   	0.518435   	2.69098    	14.3361    	0.520835   	0.473175   	2.62014    	15.8476    	0.476712   	0.551043   	3.01238    	9.99566    	0.548543   	0.516797   	2.74955    	14.8217    	0.514651   	0.537188   	2.8536     	13.3144    	0.539141   	0.51505    	3.3499     	21.6013    	0.503667   	0.478193   	3.05663    	19.8834    	0.48961    	0.455586   	2.90777    	19.6489    	0.450723   	0.483799   	3.24511    	8.74038    	0.481714   	21.2897	21.502	20.9048	20.9574	21.964	21.3917	20.9857	19.8056	23.0117	21.3549	21.1698	22.1086	19.4009	19.2496	20.5757	1          	-3.74639e-06	6.06906e-07	0.648425   	0.219571   	0.139544   	0.14058    	0.219567   	1.77895	
2e-10      	4.4        	0.997834   	0.000649141	-0.0459195 	0.62162    	0.996443   	0.000216621	0.0757663  	0.620995   	0.998963   	-0.000667955	-0.0296115 	0.622715   	0.998436   	0.000349019	0.042554   	0.622878   	0.998175   	-0.000383961	0.0315402  	0.62183    	0.996489   	-4.43619e-06	-0.0742131 	0.620705   	0.996756   	-0.0016282 	0.0674235  	0.620155   	0.997991   	-0.000517462	-0.0553415 	0.622854   	0.998669   	0.0021966  	-0.0118603 	0.62234    	0.999223   	0.000497199	-0.00596445	0.622733   	0.997085   	-0.000882608	-0.0618245 	0.620205   	0.996973   	0.000534107	0.0675134  	0.62233    	0.996485   	-0.00163257	-0.0732554 	0.621007   	0.999179   	0.00106236 	0.01636    	0.623055   	0.997339   	0.000531096	0.0567762  	0.621478   	0.677966   	3.51987    	69.3609    	0.734288   	0.863814   	3.43283    	41.24      	0.950483   	0.772565   	3.51365    	35.7642    	0.71078    	0.895224   	3.08931    	40.2376    	0.897142   	0.793424   	3.36782    	83.5378    	0.729006   	0.890259   	3.11397    	46.1708    	0.956294   	1.13847    	3.14049    	59.5324    	0.870819   	0.797539   	3.25644    	28.0471    	0.804365   	0.733902   	3.02267    	79.6323    	0.737102   	0.97652    	3.30351    	46.4986    	0.881694   	1.18744    	3.95997    	60.8102    	0.761819   	0.759591   	3.86727    	45.2019    	0.980278   	0.836003   	3.67657    	50.4647    	0.994166   	0.943986   	3.41119    	41.6613    	0.849691   	0.895791   	3.72805    	64.6953    	0.751697   	22.511	26.0422	27.8733	32.8752	25.6742	25.5334	28.7097	28.3146	27.1654	34.613	29.6637	26.7031	25.8344	34.5752	26.1129	1          	2.15072e-05	1.22298e-06	0.620385   	0.301023   	0.142423   	0.138625   	0.301021   	9.17537	
2.1e-10    	4.2        	0.972761   	-0.00126746	-0.226892  	0.595773   	0.965991   	0.000789816	0.255327   	0.599477   	0.999155   	0.000523847	-0.0290636 	0.61242    	0.996364   	0.00033527 	0.0811531  	0.611358   	0.980774   	-7.7725e-05	0.190128   	0.60024    	0.960643   	-0.000268949	-0.274464  	0.596071   	0.959009   	-0.00106257	0.280273   	0.593375   	0.991396   	0.00113881 	-0.128413  	0.609525   	0.988274   	-0.000138834	-0.145963  	0.604153   	0.994359   	-0.00122901	0.0970163  	0.608241   	0.958214   	-0.00129799	-0.282234  	0.593626   	0.983493   	0.00242571 	0.179263   	0.606769   	0.974354   	0.000646078	-0.22278   	0.603197   	0.998746   	-7.6284e-05	-0.0367841 	0.611562   	0.963403   	-0.000623244	0.263894   	0.593579   	1.44635    	3.6019     	64.4263    	1.85666    	1.88686    	3.33898    	47.6318    	2.21099    	1.58431    	3.40332    	23.5135    	1.61182    	1.35317    	3.23065    	18.0736    	1.33333    	1.20686    	3.05138    	56.5103    	1.84521    	2.32359    	3.07969    	52.339     	2.62329    	2.5086     	3.16445    	49.1282    	2.57763    	1.52059    	2.94869    	17.2698    	1.5084     	1.89662    	3.51658    	59.1008    	2.47979    	2.10405    	3.17704    	54.5028    	2.38599    	2.70512    	3.3811     	61.0889    	2.44699    	1.58075    	3.85118    	15.1373    	1.88014    	1.69547    	3.51896    	27.6289    	2.00692    	2.07837    	4.138      	32.5299    	2.19425    	1.87773    	2.93159    	63.3501    	2.19775    	29.215	37.8587	56.5225	52.3408	33.3986	37.4048	35.2955	55.0949	51.8915	60.0731	38.4861	52.7349	36.8723	65.6438	32.6838	1          	-7.2533e-06	8.3316e-06 	0.590126   	0.563678   	0.13314    	0.143474   	0.563675   	41.1931	
2.2e-10    	4          	0.936738   	-0.000559215	-0.348992  	0.571843   	0.946105   	0.000117165	0.322357   	0.585051   	0.998655   	0.000472984	0.0197041  	0.594124   	0.997049   	-0.000177219	0.0617254  	0.596823   	0.951915   	-0.00135573	0.304953   	0.574076   	0.930594   	0.00133689 	-0.364698  	0.581302   	0.922854   	-0.000691157	0.384251   	0.576876   	0.989868   	0.000819653	-0.133807  	0.596335   	0.968478   	9.94001e-06	-0.246664  	0.578151   	0.983207   	0.00219655 	0.179206   	0.58419    	0.919396   	-0.00296354	-0.392857  	0.573285   	0.978093   	0.000729692	0.204787   	0.594142   	0.961215   	-0.000677252	-0.273098  	0.590291   	0.994207   	0.000471508	-0.0984442 	0.589981   	0.924234   	0.000113755	0.381373   	0.571879   	2.28275    	2.93127    	16.9896    	2.01054    	3.79479    	3.32453    	22.7011    	1.58899    	2.59555    	4.01208    	63.9639    	2.04106    	1.96502    	3.26905    	59.779     	2.43081    	2.8894     	3.18856    	19.4302    	1.43696    	5.74045    	3.2013     	21.2195    	1.77037    	4.84703    	2.80434    	13.5508    	1.62716    	1.63087    	3.26309    	64.9722    	2.01083    	4.76915    	3.09949    	27.7723    	1.47732    	3.24088    	2.97255    	29.6667    	1.62762    	3.1476     	3.42965    	6.0326     	2.41099    	1.27988    	2.90312    	39.5258    	2.02021    	2.57171    	3.59253    	39.5075    	1.91944    	3.36599    	3.46671    	49.8303    	1.87011    	2.22136    	3.33211    	6.41763    	2.38697    	43.9039	74.2756	55.8762	45.5562	53.8808	96.9274	87.9579	40.9262	82.3209	62.3886	54.6449	34.2107	55.6683	66.4928	41.2171	1          	-2.27747e-06	-4.47237e-06	0.560843   	0.277285   	0.139669   	0.137355   	0.27728    	8.52034	
2.3e-10    	3.8        	0.901243   	-0.000732695	-0.432787  	0.554661   	0.944832   	0.00088456 	0.326735   	0.565667   	0.994725   	-0.000141968	0.099315   	0.565706   	0.999582   	0.000235168	-0.00931066	0.56794    	0.9183     	-0.000724473	0.39525    	0.554428   	0.924733   	0.000406047	-0.380116  	0.562492   	0.907232   	0.000540167	0.420206   	0.559802   	0.996171   	0.000250332	-0.0840677 	0.569625   	0.940152   	-0.000954368	-0.339936  	0.555023   	0.965047   	0.00162724 	0.260823   	0.557409   	0.895699   	-0.00270154	-0.444287  	0.556966   	0.982932   	0.00117817 	0.182373   	0.569983   	0.965543   	-0.00278606	-0.259333  	0.569182   	0.982674   	0.00227909 	-0.183741  	0.561522   	0.893438   	0.00045498 	0.448772   	0.554865   	2.23555    	2.90919    	8.38945    	1.61866    	2.71683    	3.25204    	11.6594    	3.07176    	2.81696    	3.27497    	14.7242    	2.99221    	1.71538    	4.02108    	16.4633    	1.6991     	2.09523    	3.40681    	9.61409    	1.97438    	2.68408    	3.07549    	6.60729    	2.14948    	2.29235    	2.61472    	6.3421     	1.72763    	1.79059    	3.65408    	12.0384    	1.65507    	2.05569    	2.71189    	11.3789    	1.60462    	1.84412    	3.47833    	13.315     	1.41907    	2.62468    	3.08111    	4.82266    	1.94573    	2.19098    	3.77895    	12.4526    	2.38992    	1.97215    	2.86707    	10.6041    	2.6514     	1.81282    	3.68936    	12.206     	1.99827    	2.05343    	3.41236    	6.03104    	1.78495    	41.4818	51.0227	56.5529	36.946	40.9184	47.5242	41.9861	37.8337	41.17	38.1628	47.8267	45.1644	40.4064	39.8339	37.3568	1          	-1.06112e-05	-1.95866e-05	0.53235    	0.239812   	0.137958   	0.144533   	0.23981    	5.23935	
2.4e-10    	3.6        	0.878485   	-0.0011189 	-0.477363  	0.530268   	0.943362   	-0.000126721	0.329163   	0.544055   	0.989252   	0.00119911 	0.141446   	0.539588   	0.998045   	-0.000781908	-0.0476    	0.542574   	0.894534   	0.000738772	0.446585   	0.529676   	0.919394   	-2.52483e-05	-0.391252  	0.541155   	0.898878   	0.00110306 	0.436542   	0.538707   	0.998077   	-0.000721137	-0.0478434 	0.5439     	0.917752   	-0.000321718	-0.396465  	0.529457   	0.94406    	0.00144046 	0.328641   	0.530777   	0.881209   	-0.00182209	-0.471732  	0.535931   	0.98837    	0.000344429	0.147728   	0.545804   	0.969673   	0.000121002	-0.241457  	0.546983   	0.969174   	-0.00150606	-0.244616  	0.535371   	0.871806   	0.00134354 	0.489283   	0.531836   	2.3067     	3.48369    	5.93249    	2.48364    	4.9776     	2.91458    	37.3951    	2.15025    	4.55201    	3.58131    	28.6175    	2.86762    	3.15425    	4.44606    	35.9583    	2.62026    	2.41938    	3.76013    	4.88581    	2.27092    	4.97101    	3.1081     	34.7943    	2.33505    	7.68815    	3.07194    	27.5163    	2.7803     	2.66575    	4.03975    	35.1476    	2.98225    	5.48122    	3.45772    	8.19236    	4.13859    	7.64671    	3.16217    	11.7935    	4.84676    	6.03049    	3.02908    	17.0178    	3.33766    	2.29712    	3.34578    	29.5254    	2.41999    	3.71639    	3.75245    	31.4767    	2.62623    	5.81977    	3.20676    	15.1972    	3.30856    	2.18522    	3.16343    	11.0258    	3.09701    	40.832	74.8145	65.4841	51.2281	41.2899	70.9408	106.15	47.9341	80.784	107.421	83.6467	44.8633	59.0167	81.1268	38.775	1          	-8.97834e-06	-1.27741e-05	0.504292   	0.217048   	0.139305   	0.141432   	0.217052   	3.24333	
2.5e-10    	3.4        	0.857552   	0.000625589	-0.513854  	0.496268   	0.953796   	0.00153039 	0.298832   	0.523528   	0.979766   	-0.00228671	0.197056   	0.515226   	0.99466    	0.00248244 	-0.0980019 	0.51976    	0.871121   	-0.000699022	0.490281   	0.49804    	0.925557   	-0.00181176	-0.377753  	0.517602   	0.899053   	0.00298053 	0.437354   	0.514429   	0.999526   	-0.00146612	0.000748243	0.523533   	0.891977   	-0.00170131	-0.450787  	0.497693   	0.924073   	-0.00144102	0.380384   	0.500186   	0.87357    	0.000861039	-0.486282  	0.507467   	0.993633   	0.000731933	0.108702   	0.527595   	0.976952   	-0.00237588	-0.211365  	0.527805   	0.956563   	0.00157815 	-0.289298  	0.506194   	0.859439   	0.000821148	0.51077    	0.500259   	2.99407    	2.86291    	11.0809    	5.29209    	7.53514    	4.49029    	14.4702    	4.01534    	5.60692    	4.11822    	21.6549    	3.83221    	4.2498     	4.33067    	18.9401    	3.66332    	3.82269    	3.35626    	13.3385    	4.27405    	8.17002    	3.59819    	9.05033    	6.21512    	4.46268    	3.36399    	5.55979    	4.04803    	2.38208    	3.86273    	18.0483    	2.35791    	5.1621     	3.58406    	20.0664    	4.2667     	5.13098    	3.49033    	24.3392    	3.34047    	3.4536     	3.51411    	6.11035    	4.2559     	3.49963    	3.24017    	17.408     	3.44768    	5.53455    	3.08428    	15.7653    	3.59063    	6.95131    	2.96659    	21.8415    	3.63687    	2.95933    	3.39029    	8.44498    	4.61322    	45.365	90.9688	71.7407	60.4436	52.2679	98.4645	60.3889	39.7355	64.1451	68.3085	49.1409	50.9081	68.2117	93.546	41.9475	1          	-6.01696e-06	2.07682e-05	0.476587   	0.203274   	0.14202    	0.141361   	0.203279   	3.01867	
2.6e-10    	3.2        	0.836369   	-0.00135946	-0.547787  	0.481691   	0.947146   	-0.00015967	0.318946   	0.479673   	0.97335    	0.00148352 	0.226911   	0.503609   	0.991856   	-0.00217704	-0.121562  	0.502287   	0.852885   	0.00278644 	0.521611   	0.485717   	0.912106   	-0.000625878	-0.408788  	0.476823   	0.874238   	0.00115853 	0.484459   	0.471319   	0.998935   	-0.00155162	-0.00341092	0.499432   	0.887953   	0.000302486	-0.459152  	0.491554   	0.920961   	-0.0023987 	0.388582   	0.497236   	0.850821   	-0.00061169	-0.52464   	0.470067   	0.992791   	0.00309037 	0.110112   	0.493025   	0.97531    	-0.00039619	-0.216684  	0.484832   	0.949068   	0.000988079	-0.313434  	0.502414   	0.836649   	-0.000740565	0.547086   	0.475349   	4.09928    	3.06256    	5.0229     	4.01811    	4.77224    	3.24268    	21.3863    	6.09548    	5.89699    	3.29358    	19.7049    	5.25079    	3.73376    	4.42281    	26.9775    	4.37882    	2.32997    	3.44838    	7.41784    	3.16701    	4.83824    	3.38093    	17.3422    	7.13178    	6.98141    	3.30759    	16.5185    	7.83805    	3.629      	3.35706    	41.2652    	3.55773    	6.03059    	3.31262    	11.3895    	5.97101    	6.20201    	3.54829    	13.8419    	6.29947    	5.59731    	3.52714    	12.6556    	5.76892    	3.1449     	3.44173    	42.7954    	3.32313    	4.58069    	3.6965     	34.0409    	6.10547    	9.7826     	4.08211    	18.2276    	10.1198    	5.7281     	2.78899    	8.95249    	3.79327    	51.5821	54.6981	67.1196	45.8789	32.2525	56.4533	72.6314	49.2321	70.9002	66.1105	60.0544	43.1688	54.5827	102.071	65.6346	0.999999   	-9.80829e-06	-2.76342e-06	0.449109   	0.19373    	0.138061   	0.139687   	0.193732   	2.51887	
2.7e-10    	3          	0.814118   	-0.000435915	-0.580144  	0.451871   	0.912302   	0.000484438	0.408653   	0.462128   	0.986253   	6.41452e-05	0.161744   	0.482613   	0.998776   	0.00018143 	-0.0399334 	0.484355   	0.844361   	-0.000911885	0.535082   	0.456813   	0.866202   	0.000807768	-0.499046  	0.457201   	0.831916   	-0.00296971	0.554289   	0.452992   	0.996834   	0.000457048	-0.0746859 	0.481596   	0.884736   	0.00237477 	-0.465383  	0.461736   	0.923917   	0.0012442  	0.381244   	0.470684   	0.80913    	-0.000732884	-0.587132  	0.451763   	0.982074   	-0.000507474	0.186441   	0.473528   	0.952391   	-0.000539476	-0.303859  	0.468865   	0.960126   	-0.00101115	-0.27817   	0.473563   	0.803334   	0.0016583  	0.595108   	0.453293   	5.43102    	4.2006     	7.90028    	6.39315    	8.28984    	3.36205    	6.24887    	5.07418    	12.4709    	4.38338    	16.0908    	10.2902    	8.6434     	4.23522    	12.6309    	8.48758    	5.79056    	4.07446    	9.45676    	6.25373    	8.97316    	3.2406     	5.37502    	6.12876    	5.00276    	4.3176     	5.88948    	3.54181    	5.59291    	4.01613    	11.0888    	6.02021    	4.4722     	4.56993    	6.87274    	4.08869    	7.94723    	3.92643    	11.7125    	4.21006    	8.36771    	2.94084    	7.67111    	8.90764    	3.5986     	4.57798    	10.064     	3.56558    	3.91998    	4.3798     	6.21561    	2.95993    	9.20355    	3.44506    	8.65163    	6.4415     	8.15753    	3.38756    	6.34063    	9.22723    	56.2296	82.866	108.573	76.665	55.9895	83.0382	48.0445	56.0382	45.0233	75.0237	73.7367	42.2463	44.5566	80.4099	73.6028	0.999999   	1.17737e-05	-2.55237e-05	0.421823   	0.185124   	0.139307   	0.147051   	0.185129   	2.54841	
2.8e-10    	2.8        	0.806643   	-0.00235709	-0.58893   	0.450475   	0.852797   	0.00139831 	0.521023   	0.441396   	0.994513   	0.00102112 	0.0875675  	0.446509   	0.997859   	0.00129357 	0.0372071  	0.445134   	0.839454   	0.000926065	0.541122   	0.4481     	0.812541   	-0.00262076	-0.58214   	0.447536   	0.78431    	0.00140901 	0.61977    	0.450021   	0.983907   	-0.000799227	-0.165365  	0.444512   	0.883387   	-0.000514794	-0.464461  	0.445658   	0.931425   	-0.000318531	0.355081   	0.445579   	0.77103    	-0.00217436	-0.635871  	0.450237   	0.951561   	0.00273664 	0.297569   	0.443426   	0.910033   	-0.00280058	-0.41112   	0.442467   	0.971202   	0.000691301	-0.226733  	0.445274   	0.781514   	0.00200304 	0.622219   	0.446749   	19.857     	4.11081    	23.768     	5.05632    	8.12767    	3.57324    	12.521     	3.13393    	11.4867    	3.74908    	53.4471    	13.4605    	9.99321    	3.37397    	44.6925    	9.22503    	12.8322    	4.01192    	29.1482    	3.16832    	4.74448    	4.45893    	9.24583    	3.45605    	8.83661    	3.70145    	6.40926    	6.25628    	22.3562    	4.71575    	63.9308    	13.5111    	9.42936    	4.07921    	57.9672    	5.25251    	6.0438     	4.38881    	106.554    	8.99348    	9.58358    	4.26637    	11.0291    	4.71095    	19.5667    	5.52795    	80.9908    	6.04473    	14.4042    	4.21647    	33.3041    	5.51507    	2.71473    	4.01512    	89.9544    	6.72339    	14.8683    	3.64378    	23.6615    	6.84971    	135.873	66.1386	91.2727	71.0792	86.8223	42.8968	75.6332	161.425	74.8819	53.6135	68.0219	131.889	107.081	33.3597	100.13	0.999999   	-1.42298e-05	4.72921e-06	0.394665   	0.184713   	0.141295   	0.146898   	0.18471    	2.44259	
2.9e-10    	2.6        	0.765729   	-0.000427952	-0.641015  	0.444603   	0.794591   	0.00219589 	0.60639    	0.420722   	0.99605    	-0.00139359	0.0780542  	0.429986   	0.997426   	0.00542081 	0.0607713  	0.421514   	0.81563    	-0.00459478	0.575876   	0.446614   	0.745676   	-0.000628581	-0.665455  	0.426954   	0.71551    	-0.00195859	0.697797   	0.436096   	0.973396   	-0.00281925	-0.225455  	0.415859   	0.875039   	0.00458227 	-0.480734  	0.441267   	0.928154   	-0.00090375	0.366925   	0.435248   	0.716251   	0.00158776 	-0.696777  	0.439914   	0.929812   	-0.000383452	0.366174   	0.412785   	0.863213   	0.00046288 	-0.503928  	0.416812   	0.971313   	0.00246251 	-0.231638  	0.43012    	0.729206   	-0.00290644	0.682345   	0.446341   	9.62022    	3.87956    	43.4579    	10.6964    	7.34134    	4.66072    	10.9369    	9.27103    	7.13056    	5.44837    	23.2682    	7.89333    	9.35994    	4.15522    	16.5       	8.68532    	7.59045    	4.40271    	49.6904    	9.11407    	5.59974    	4.39377    	18.5815    	10.9229    	7.60156    	4.19158    	18.9907    	12.5445    	8.95869    	6.99152    	15.3998    	7.00892    	9.95573    	4.64413    	43.1164    	5.256      	12.4904    	4.78205    	50.4326    	5.34415    	6.31597    	4.07241    	29.255     	15.1373    	11.495     	4.40881    	11.1633    	7.20372    	11.472     	4.16394    	7.74063    	9.78979    	9.53905    	4.54731    	40.5271    	9.89381    	8.17136    	4.16297    	46.3595    	13.6419    	64.0155	52.8755	50.4825	64.4777	54.1596	38.2305	52.5447	57.0808	67.4831	79.7795	46.968	71.9644	70.8528	62.6391	54.1942	0.999999   	2.14293e-05	-2.36396e-06	0.36758    	0.1806     	0.139859   	0.158034   	0.180604   	2.31154	
3e-10      	2.4        	0.706936   	-0.00373273	-0.706872  	0.440157   	0.763814   	0.00301473 	0.644288   	0.413992   	0.992042   	0.00104469 	0.121207   	0.39716    	0.998538   	-0.00190328	0.0390941  	0.393747   	0.746122   	0.00442226 	0.664982   	0.434849   	0.7056     	-0.00263199	-0.707926  	0.430462   	0.67854    	0.00138042 	0.734024   	0.437525   	0.975983   	0.00329744 	-0.21444   	0.389128   	0.818124   	-0.00445338	-0.573883  	0.421447   	0.8854     	-4.03188e-05	0.463642   	0.408828   	0.667164   	-0.00166993	-0.744372  	0.44004    	0.929713   	0.00217326 	0.367084   	0.393572   	0.852303   	-0.000298281	-0.521802  	0.399057   	0.952394   	-0.00283002	-0.302208  	0.404694   	0.673821   	0.00285885 	0.738359   	0.439277   	6.20661    	3.96199    	4.64082    	5.60802    	10.2495    	5.14857    	9.99949    	3.94461    	4.15695    	5.06141    	10.2595    	3.99799    	4.62199    	5.12087    	13.146     	4.6694     	9.56353    	4.50828    	8.23866    	4.94413    	10.0208    	4.88681    	5.67067    	5.46396    	7.97568    	4.52438    	6.51551    	6.14098    	7.3605     	4.12801    	13.1624    	5.8819     	8.21185    	5.38479    	10.3318    	4.16612    	9.43677    	5.38131    	10.1251    	9.35726    	5.86197    	4.32395    	7.20234    	4.22586    	7.05227    	3.9938     	5.83619    	5.34903    	6.44385    	5.02073    	10.529     	4.39023    	5.41587    	6.1974     	16.4368    	5.70347    	3.58013    	4.70327    	11.8662    	7.18094    	41.1237	57.2717	29.7002	32.1021	55.5972	51.0557	47.2358	48.4047	46.6882	59.868	42.2396	51.2279	43.7107	39.0542	28.2227	0.999999   	6.17074e-06	-4.66116e-05	0.340483   	0.182312   	0.138008   	0.164462   	0.182313   	2.11696	
3.1e-10    	2.2        	0.660344   	0.000663872	-0.750232  	0.419115   	0.782207   	0.000326488	0.618836   	0.387732   	0.975503   	-0.00114083	0.211154   	0.36896    	0.998322   	-0.00393562	-0.0348789 	0.362718   	0.696229   	0.000112502	0.717052   	0.408281   	0.721449   	0.00366551 	-0.690825  	0.406913   	0.662786   	-0.00421175	0.747655   	0.423605   	0.986775   	0.00364091 	-0.154222  	0.366841   	0.748821   	0.000879001	-0.661744  	0.397047   	0.848498   	0.00619185 	0.527242   	0.382256   	0.640159   	0.00150329 	-0.766988  	0.425749   	0.932469   	-0.00792778	0.35346    	0.368085   	0.862452   	-0.000519728	-0.499182  	0.377451   	0.923801   	0.00124464 	-0.377293  	0.371271   	0.642938   	-0.000455949	0.764858   	0.422386   	11.3766    	5.15922    	7.17306    	7.49534    	21.1371    	5.4686     	44.6913    	5.16037    	13.5399    	4.41607    	36.1743    	9.94494    	7.42657    	5.97562    	16.9378    	6.85812    	8.44771    	5.78324    	7.08538    	5.7885     	14.4994    	5.85929    	19.1019    	7.57573    	6.5997     	4.09277    	22.3124    	7.23926    	8.73171    	4.22836    	23.905     	8.6739     	13.7523    	4.48876    	7.49253    	7.60361    	15.1976    	5.32803    	11.7983    	7.1662     	9.43416    	4.89015    	23.6735    	8.81025    	13.3033    	5.8323     	50.2217    	6.62554    	15.2603    	6.30299    	68.4707    	6.31071    	22.541     	5.3602     	32.0875    	10.2002    	9.21606    	5.64736    	19.4015    	10.0184    	46.6558	89.6498	62.51	47.6445	42.1592	60.7085	31.4658	44.616	53.3807	53.5315	42.3535	57.6732	63.8987	88.6806	43.9685	0.999999   	8.53865e-06	-7.47356e-05	0.313321   	0.185826   	0.139231   	0.161331   	0.185842   	2.4744	
3.2e-10    	2          	0.695532   	0.00287941 	-0.717426  	0.393161   	0.805593   	-0.000885207	0.591056   	0.35273    	0.971221   	-0.00239151	0.234176   	0.309166   	0.998098   	-0.00527426	-0.0389396 	0.311068   	0.715105   	-0.00315879	0.698053   	0.381095   	0.736561   	0.00724499 	-0.675421  	0.373194   	0.69335    	-0.0099489 	0.719742   	0.390893   	0.986532   	0.00899636 	-0.152743  	0.307304   	0.765671   	0.00314482 	-0.640936  	0.370632   	0.853074   	-0.00467744	0.518385   	0.341945   	0.689471   	0.00301336 	-0.723161  	0.395973   	0.932981   	0.00132733 	0.354676   	0.314031   	0.878094   	2.138e-05  	-0.475856  	0.330836   	0.910305   	0.00149644 	-0.41136   	0.325816   	0.680341   	-0.00135313	0.731659   	0.39788    	16.932     	7.92503    	4.62225    	9.46823    	7.38075    	5.83969    	13.268     	8.80575    	12.5087    	6.50442    	11.3194    	15.1399    	9.45575    	9.0819     	9.84522    	9.85306    	7.82252    	7.91868    	7.26748    	6.5091     	10.4621    	6.7147     	11.0794    	13.6596    	8.96601    	5.94655    	5.02062    	5.12855    	13.0728    	10.3846    	13.7487    	10.2335    	11.9315    	10.1612    	19.6763    	7.69821    	11.6824    	9.34548    	24.1266    	10.2626    	15.6723    	6.09923    	7.33514    	7.23745    	28.431     	8.67795    	14.9051    	19.8057    	9.53991    	8.5567     	13.5357    	8.38529    	7.67725    	7.71004    	13.2615    	9.47008    	17.188     	7.83695    	9.1315     	9.85563    	49.5013	32.0898	42.2046	35.023	35.956	40.4519	35.6682	38.2599	43.9908	48.6794	59.5887	92.3976	38.7467	35.8024	50.5375	0.999998   	6.56465e-06	-0.00012557	0.285967   	0.186978   	0.142159   	0.171454   	0.186969   	2.25414	
3.3e-10    	1.8        	0.603261   	-0.00792626	-0.796395  	0.379766   	0.785723   	-0.00618615	0.617104   	0.331785   	0.943863   	0.0171079  	0.325056   	0.30222    	0.992541   	-0.013785  	-0.10307   	0.300563   	0.628615   	0.00575372 	0.776519   	0.370362   	0.69058    	0.00527366 	-0.721792  	0.353333   	0.637162   	-0.00239835	0.769839   	0.378133   	0.986845   	0.0181475  	-0.151944  	0.289984   	0.702685   	-0.0117589 	-0.71058   	0.353064   	0.784664   	0.0159995  	0.618397   	0.337246   	0.607579   	-0.00224167	-0.793324  	0.388342   	0.934494   	-0.0154525 	0.351904   	0.293875   	0.863366   	0.00867873 	-0.502652  	0.307185   	0.873229   	-0.0188834 	-0.484709  	0.315945   	0.608095   	0.00883173 	0.79269    	0.384674   	8.41337    	6.86228    	11.5101    	5.16382    	11.7804    	5.68683    	6.19523    	7.06506    	9.10379    	9.76331    	14.4942    	8.88254    	14.0278    	6.92944    	24.2026    	13.6408    	6.44743    	9.69023    	12.4216    	7.31282    	16.6802    	5.3042     	9.80668    	10.0716    	8.39104    	6.54733    	8.42322    	6.67538    	9.29458    	5.41717    	15.1376    	10.4169    	6.68893    	6.37737    	4.77151    	5.48894    	7.31863    	6.88671    	7.57841    	6.08521    	7.14315    	5.66913    	11.6607    	5.58961    	7.62703    	5.83073    	13.1352    	7.48105    	9.68231    	6.41631    	6.43963    	7.55049    	10.3803    	6.33683    	10.4809    	8.84484    	13.9575    	6.90014    	7.59754    	6.01883    	30.7203	39.3096	29.7215	39.1705	26.4378	40.1398	30.6911	29.9742	27.19	27.9972	28.5169	25.1468	28.3471	37.7705	35.925	0.999998   	2.03966e-05	-0.000102162	0.258374   	0.187986   	0.151735   	0.172607   	0.187992   	2.54291	
3.4e-10    	1.6        	0.648929   	0.00908115 	-0.755916  	0.346029   	0.661799   	-0.0615633 	0.744356   	0.307773   	0.987412   	0.0595899  	0.116443   	0.266673   	0.991813   	-0.0745756 	0.0666495  	0.266336   	0.687003   	0.0036233  	0.722735   	0.32844    	0.62524    	0.0567348  	-0.776362  	0.322907   	0.600958   	-0.0459354 	0.796701   	0.343955   	0.951819   	0.0777695  	-0.286679  	0.261459   	0.751863   	-0.0135498 	-0.653891  	0.313655   	0.842847   	0.0374803  	0.529171   	0.293617   	0.603238   	0.0328238  	-0.79424   	0.354158   	0.863223   	-0.0857013 	0.490376   	0.266669   	0.753654   	0.0740225  	-0.649327  	0.279444   	0.942166   	-0.0516724 	-0.323671  	0.279197   	0.626395   	-0.0195527 	0.77628    	0.347844   	26.0688    	10.2965    	48.146     	10.0385    	24.3301    	14.919     	23.9155    	29.3572    	8.55984    	16.06      	32.1289    	9.00223    	19.2287    	17.0913    	18.3321    	17.1947    	11.2069    	15.9182    	38.8509    	14.3976    	10.368     	10.348     	18.7767    	11.9281    	11.0614    	7.6592     	15.7931    	14.311     	9.37982    	15.2024    	15.7309    	6.72094    	14.6882    	13.5781    	37.0585    	7.79721    	11.0957    	15.1727    	47.5782    	14.635     	18.6529    	10.6674    	20.5019    	5.33312    	26.4857    	12.0037    	14.7503    	10.6248    	11.474     	13.9017    	16.122     	8.64988    	16.2658    	12.9554    	23.7216    	20.5167    	18.2177    	11.07      	24.9971    	6.61991    	49.384	51.9518	30.8459	38.923	29.3234	24.8826	35.5394	25.778	28.3187	28.7695	36.0573	43.9223	29.1508	49.7413	33.3526	0.999998   	4.03217e-06	-0.000146278	0.230401   	0.195484   	0.143314   	0.166357   	0.195477   	2.32611	
3.5e-10    	1.4        	0.667765   	-0.174687  	-0.72048   	0.30204    	0.617234   	0.0379219  	0.781655   	0.254567   	0.979586   	0.175213   	0.0643628  	0.25207    	0.97859    	-0.172857  	0.0853247  	0.236954   	0.678732   	0.197441   	0.704544   	0.30494    	0.585307   	-0.0732118 	-0.804334  	0.284342   	0.577113   	0.116003   	0.804102   	0.287316   	0.924808   	0.136581   	-0.344291  	0.231552   	0.795376   	-0.222978  	-0.558235  	0.283726   	0.874904   	0.215861   	0.427314   	0.268595   	0.601589   	-0.143307  	-0.781417  	0.295166   	0.839798   	-0.0758442 	0.531867   	0.22877    	0.751393   	0.0104758  	-0.654435  	0.243195   	0.912401   	-0.207404  	-0.34506   	0.251035   	0.612709   	0.154767   	0.77219    	0.316688   	11.8456    	23.605     	4.82304    	5.36078    	5.8262     	23.7284    	19.7032    	12.6449    	6.82733    	13.6719    	16.4327    	6.97085    	10.328     	17.3333    	8.43937    	11.5294    	13.2021    	20.3116    	9.09263    	11.3417    	11.3288    	27.8891    	12.5734    	16.3017    	5.9059     	35.499     	30.1715    	22.9396    	8.65496    	19.2056    	11.8236    	5.32221    	10.5946    	23.844     	14.9248    	8.05626    	37.1018    	18.5467    	8.70377    	31.9342    	36.4922    	28.6673    	13.2336    	26.7339    	12.1103    	13.9696    	11.2917    	10.3442    	9.09175    	20.2484    	28.1122    	22.0152    	11.9558    	11.5048    	21.2842    	15.9493    	6.89184    	23.5614    	11.8874    	5.24644    	23.7991	27.2476	16.4984	31.8123	30.728	17.3058	21.7723	27.5046	30.1133	53.609	38.5475	25.3707	18.8487	25.3057	25.4426	0.999997   	1.13306e-05	0.000432485	0.201801   	0.228003   	0.14606    	0.16842    	0.228007   	5.23375	
3.6e-10    	1.2        	0.632299   	-0.281442  	-0.718512  	0.273054   	0.637845   	0.131967   	0.754212   	0.241215   	0.967496   	0.231407   	0.0538782  	0.197321   	0.969564   	-0.151539  	0.170239   	0.21372    	0.668248   	0.279994   	0.686914   	0.270404   	0.504907   	-0.17846   	-0.842625  	0.257338   	0.567071   	0.202189   	0.795478   	0.269194   	0.848975   	0.0840871  	-0.508819  	0.183088   	0.818028   	-0.267425  	-0.50247   	0.254663   	0.834891   	0.278857   	0.46958    	0.233204   	0.510289   	-0.232662  	-0.826263  	0.273328   	0.832868   	-0.0167937 	0.546829   	0.220208   	0.638467   	-0.0760253 	-0.761801  	0.216234   	0.939314   	-0.23923   	-0.228916  	0.238827   	0.557536   	0.265441   	0.784643   	0.278534   	11.4303    	8.38355    	16.1763    	6.17942    	26.4902    	10.2876    	5.45116    	9.02683    	43.894     	13.845     	15.2571    	47.952     	14.1546    	19.5058    	7.77343    	11.1072    	10.0112    	9.26431    	8.75088    	8.00413    	9.60821    	10.5644    	4.98456    	7.0328     	23.151     	10.6124    	7.35205    	12.1243    	42.896     	13.0002    	10.3782    	27.4391    	27.4446    	5.15018    	17.0856    	12.7818    	15.4709    	7.91905    	12.8411    	14.4152    	7.55848    	9.4187     	6.226      	5.69881    	14.5075    	17.0905    	6.14409    	9.41292    	14.2619    	9.71408    	6.72621    	5.77356    	18.3049    	9.8587     	21.332     	11.6593    	6.29657    	6.59958    	15.7582    	8.92615    	15.6514	58.9034	45.5457	56.8404	21.1081	23.4488	32.6191	49.7982	45.4661	29.6551	24.2639	37.7824	20.7072	47.3742	12.6211	0.999996   	-9.69936e-05	-0.000148119	0.172588   	0.235048   	0.147482   	0.165576   	0.235053   	11.1637	
3.7e-10    	1          	0.596469   	-0.316142  	-0.732628  	0.249677   	0.684469   	0.138674   	0.709261   	0.231451   	0.917373   	0.3532     	0.119054   	0.134316   	0.969257   	-0.154381  	0.172345   	0.210459   	0.558254   	0.348789   	0.747605   	0.225796   	0.431339   	-0.206635  	-0.874525  	0.232038   	0.602584   	0.235274   	0.759111   	0.241508   	0.813442   	0.155703   	-0.527803  	0.130105   	0.789305   	-0.326561  	-0.511259  	0.227212   	0.70672    	0.353347   	0.601543   	0.185371   	0.445139   	-0.261668  	-0.852649  	0.25436    	0.863626   	-0.00763967	0.493288   	0.215712   	0.531462   	-0.0838655 	-0.834071  	0.17833    	0.949591   	-0.263457  	-0.146465  	0.212397   	0.567898   	0.309832   	0.75855    	0.236642   	18.0974    	20.3623    	7.8486     	6.46961    	6.40629    	31.714     	9.81158    	6.67497    	20.3331    	8.20517    	26.1264    	24.403     	11.7088    	8.79721    	17.0824    	11.1921    	13.004     	11.7538    	13.1995    	4.5198     	11.2471    	23.4381    	5.52977    	11.1503    	6.58704    	20.8944    	3.86503    	5.35445    	9.43263    	15.3872    	31.4333    	5.47964    	10.2355    	7.36403    	33.0571    	11.4701    	14.8825    	6.12502    	34.8035    	15.5886    	10.3437    	24.6801    	4.25212    	4.51509    	7.39655    	18.4968    	25.096     	8.69573    	12.4812    	26.2646    	18.6328    	18.2088    	23.2905    	6.87316    	18.5495    	20.7287    	9.37853    	18.744     	4.85672    	4.1979     	19.4202	15.4356	27.2405	20.3758	19.136	18.7217	15.5192	16.1405	16.9692	25.8141	21.6089	15.3208	16.315	29.8061	19.0572	0.999994   	-8.39315e-05	0.000145683	0.143484   	0.212027   	0.144792   	0.156057   	0.212019   	4.32179	
3.8e-10    	0.8        	0.530363   	-0.372977  	-0.757566  	0.236812   	0.783188   	0.0756639  	0.613334   	0.21433    	0.475116   	0.701665   	0.478492   	0.103261   	0.962975   	-0.245016  	0.0802931  	0.212405   	0.405333   	0.435127   	0.799076   	0.204618   	0.286174   	-0.196945  	-0.933295  	0.1949     	0.646126   	0.237236   	0.721843   	0.22037    	0.624356   	0.572647   	-0.461086  	0.073114   	0.700614   	-0.410929  	-0.577664  	0.220369   	0.408174   	0.481147   	0.763642   	0.170291   	0.35978    	-0.287195  	-0.88497   	0.23135    	0.921881   	-0.0891151 	0.370929   	0.206339   	0.327375   	0.0411164  	-0.931567  	0.12021    	0.886984   	-0.387129  	-0.234615  	0.209407   	0.555294   	0.365913   	0.74365    	0.214071   	12.2454    	15.4858    	6.54499    	7.43042    	22.8399    	7.13727    	7.70527    	19.3211    	40.9033    	12.4968    	11.6027    	16.3254    	26.7806    	7.6863     	16.8964    	27.9032    	13.9564    	10.605     	10.9571    	7.55797    	15.8952    	6.13637    	15.3575    	11.056     	17.5161    	6.84868    	5.44198    	8.3417     	39.6875    	7.63467    	5.16096    	21.6785    	16.7003    	8.76732    	8.42375    	7.35298    	32.173     	14.051     	8.50577    	7.86772    	12.4504    	9.85906    	15.4889    	15.7978    	22.818     	6.34474    	12.0116    	24.0717    	19.1896    	5.87577    	10.0927    	7.20906    	14.987     	12.1611    	14.9026    	11.5791    	6.59582    	10.1401    	5.50585    	3.81639    	17.5459	18.3236	19.4003	50.677	13.903	28.7492	13.6526	23.6459	26.0041	14.3819	16.4562	29.7953	22.2503	34.6414	15.34	0.999991   	-0.000146375	-4.96891e-06	0.114646   	0.199286   	0.14628    	0.167244   	0.19929    	3.76743	
3.9e-10    	0.6        	0.406425   	-0.38936   	-0.82467   	0.226722   	0.811656   	0.250994   	0.51444    	0.251435   	-0.485996  	0.31439    	0.756941   	0.0790333  	0.99532    	-0.00696148	0.0686392  	0.235172   	0.228646   	0.409797   	0.879688   	0.193142   	-0.102517  	-0.383947  	-0.905486  	0.205066   	0.667818   	0.34635    	0.646327   	0.243625   	-0.737696  	-0.174867  	-0.551444  	0.0715101  	0.730207   	-0.331243  	-0.592473  	0.205929   	-0.0483684 	0.36392    	0.921134   	0.148623   	0.123746   	-0.392129  	-0.907419  	0.236439   	0.933133   	0.138512   	0.318565   	0.251339   	-0.347989  	-0.336783  	-0.845944  	0.142077   	0.944469   	-0.190512  	-0.252511  	0.212913   	0.478794   	0.406409   	0.771361   	0.223498   	13.0115    	5.42466    	23.7772    	28.8828    	66.0948    	15.4049    	20.5503    	29.3261    	37.7282    	14.0854    	9.57879    	12.5162    	40.0892    	13.0967    	5.5718     	38.3451    	7.76637    	6.71565    	14.332     	10.3112    	53.0472    	16.6895    	24.2493    	17.2235    	57.1547    	12.036     	22.258     	8.4031     	66.9974    	12.4844    	7.46133    	39.9318    	8.23932    	10.4948    	14.1283    	11.2013    	20.5273    	11.3907    	4.20087    	4.36071    	28.5713    	5.95627    	14.5086    	15.038     	63.9218    	17.5646    	12.7615    	49.0775    	62.7453    	18.1438    	17.4581    	16.4477    	20.692     	14.927     	7.16985    	12.877     	23.5084    	7.05179    	19.8715    	6.01903    	18.9694	27.7746	14.5625	43.9956	8.46031	40.7071	23.8898	30.6527	11.9228	11.6514	26.3543	35.1386	35.3111	21.5276	12.4133	0.999984   	3.97028e-07	-4.86795e-05	0.0859133  	0.194253   	0.13995    	0.155348   	0.194249   	3.07737	
4e-10      	0.4        	0.221133   	-0.166235  	-0.95011   	0.158581   	0.876099   	0.318612   	0.355309   	0.255697   	-0.72104   	-0.434701  	0.47891    	0.124024   	0.956388   	0.267785   	-0.00979249	0.241138   	0.242991   	0.0826585  	0.948874   	0.147623   	-0.506015  	-0.428361  	-0.739405  	0.184613   	0.79394    	0.279965   	0.533511   	0.226517   	-0.850568  	-0.486562  	-0.101606  	0.143239   	0.707554   	0.0719398  	-0.678336  	0.159428   	-0.259645  	-0.201402  	0.911221   	0.133049   	-0.221832  	-0.318633  	-0.915277  	0.180434   	0.931713   	0.307534   	0.171616   	0.263163   	-0.723436  	-0.468349  	-0.493606  	0.168451   	0.927355   	0.19784    	-0.277223  	0.196377   	0.613835   	0.233398   	0.744263   	0.183843   	14.507     	37.4397    	5.38902    	12.0322    	17.7195    	16.1658    	9.60903    	17.8986    	10.15      	73.4498    	7.77507    	15.8703    	7.50783    	64.4341    	6.15242    	12.6423    	16.7151    	47.4385    	8.64868    	8.92669    	22.9963    	11.8029    	12.2522    	7.75823    	14.6341    	9.76669    	10.6988    	5.9805     	7.66275    	51.464     	9.77184    	21.3175    	12.5732    	65.8156    	4.46205    	8.31258    	9.12492    	84.2734    	4.86088    	4.67741    	13.7854    	18.8676    	9.88999    	11.0529    	5.89249    	44.0289    	7.36267    	11.5743    	7.55862    	24.6771    	10.9434    	10.542     	7.24921    	74.6096    	3.97526    	6.08886    	11.47      	28.9261    	10.8975    	7.9298     	10.1824	7.95477	7.66658	8.10804	17.5331	11.142	9.57861	12.4583	8.50756	9.90774	7.27294	10.6732	14.8533	7.607	15.748	0.999963   	-8.75732e-05	-0.000198375	0.0572433  	0.198263   	0.143416   	0.16267    	0.198232   	3.26856	
4.1e-10    	0.2        	-0.0817978 	0.165509   	-0.977252  	0.141648   	0.879313   	0.292963   	0.371973   	0.254391   	-0.757663  	-0.592842  	0.256143   	0.167741   	0.897454   	0.435554   	-0.00195428	0.236375   	0.18651    	-0.306731  	0.92328    	0.137087   	-0.734779  	-0.300036  	-0.605192  	0.205534   	0.810451   	0.188605   	0.551974   	0.22166    	-0.842662  	-0.52441   	-0.0967267 	0.19907    	0.510819   	0.446214   	-0.726291  	0.145043   	-0.411524  	-0.580438  	0.693905   	0.139213   	-0.533775  	-0.120903  	-0.834144  	0.172409   	0.903611   	0.380738   	0.188904   	0.259358   	-0.82815   	-0.411615  	-0.374836  	0.210967   	0.818657   	0.48883    	-0.292541  	0.187612   	0.627144   	-0.0126558 	0.775138   	0.172332   	7.04667    	11.3478    	16.6981    	16.6899    	9.51904    	4.08262    	11.7867    	10.8912    	16.1309    	11.0255    	7.71618    	13.9164    	17.3784    	18.3471    	7.13806    	20.263     	10.6709    	14.7581    	14.9055    	10.6515    	8.52287    	5.87135    	15.1321    	15.7559    	4.93646    	6.31725    	10.7074    	9.67926    	12.8939    	15.9123    	5.59398    	15.9446    	9.88309    	14.1105    	10.2857    	12.3172    	8.39766    	13.9563    	10.2826    	13.046     	4.03442    	5.50576    	15.192     	12.8653    	10.9192    	10.082     	7.64582    	12.4353    	13.7036    	6.73591    	12.2068    	16.7204    	12.3668    	9.54339    	6.30463    	12.6429    	3.77948    	6.53388    	12.9068    	8.85402    	10.2186	9.10604	10.7103	6.86611	8.38346	7.36247	6.65579	12.5219	8.86984	8.06096	9.35365	8.42442	10.857	7.58429	8.40113	0.999848   	-0.000265139	0.000500364	0.0286283  	0.197143   	0.154995   	0.160891   	0.197057   	2.8015	
4.2e-10    	-0         	-0.205854  	0.180373   	-0.95209   	0.128121   	0.863718   	0.328159   	0.376845   	0.262321   	-0.865616  	-0.484086  	0.107714   	0.23192    	0.885722   	0.460011   	0.0106308  	0.25435    	-0.198124  	-0.393872  	0.888457   	0.124735   	-0.831204  	-0.27691   	-0.475719  	0.241191   	0.775996   	0.212114   	0.586774   	0.213485   	-0.897718  	-0.422359  	-0.113959  	0.27114    	0.54376    	0.495233   	-0.662353  	0.141907   	-0.720805  	-0.529271  	0.433049   	0.170696   	-0.683881  	-0.135706  	-0.708969  	0.18295    	0.890261   	0.403088   	0.205141   	0.279534   	-0.880477  	-0.371008  	-0.289894  	0.277074   	0.818188   	0.512076   	-0.24577   	0.204317   	0.511761   	0.0119635  	0.849774   	0.150637   	5.9478     	22.3894    	20.6693    	25.1194    	9.70312    	19.0959    	8.27864    	11.6322    	15.936     	5.8495     	11.0136    	11.0542    	17.1026    	7.21858    	11.9813    	15.5393    	9.00867    	15.5554    	22.257     	26.0126    	9.45893    	19.5865    	10.8876    	9.36581    	7.94012    	17.4506    	15.0413    	7.46011    	19.0781    	9.91773    	8.26295    	20.2776    	12.5855    	11.2683    	21.1646    	10.29      	10.7193    	11.3624    	15.4237    	5.67345    	5.34779    	17.0824    	16.879     	7.70848    	12.5799    	16.6122    	7.54189    	17.8089    	12.4584    	17.5213    	5.77641    	15.3845    	14.2797    	8.5628     	14.0312    	8.38923    	3.97282    	20.4007    	21.7772    	16.7204    	6.24429	6.47744	8.20748	8.68738	6.86767	9.31053	8.21732	6.94023	6.99853	8.04713	7.46761	6.76747	7.30181	8.41241	7.08879	0.0057252  	0.0299045  	0.0126478  	0.000544274	0.190768   	0.13974    	0.158237   	0.112357   	2.68447	
