#----------------------------------------------------------------------------------------------------------------------------------------------------------
# Output file for vampire simulation
#   time       : 2025-05-29 16:31:03     process id : 500236
#   hostname   : thor4.psi.ch
#   path       : /scratch/dossan_f/Na2BaMn(PO4)2/vampire_tripleUC_15mat_J2Ja_small_k0.035_Jnn0.11_Ba_highstatistics
#   version    : 6.0.0
#   githash    : 4c9651daecc86c3e6b6df0c8055fcd9e89fd900c
#----------------------------------------------------------------------------------------------------------------------------------------------------------
2e-11      	8          	0.999907   	0.00066847 	-5.47713e-05	0.97042    	0.999982   	0.000127963	-0.00036082	0.970452   	0.998925   	-0.00145764	0.000602706	0.969826   	0.999939   	0.000500925	-0.000102856	0.970717   	0.999379   	-0.00119684	0.000130001	0.96991    	0.999687   	-0.000169419	0.000163756	0.96991    	0.999975   	-0.000242793	-0.000287694	0.970244   	0.998983   	-0.00139846	0.000630413	0.969799   	0.999898   	0.000783708	-0.000125955	0.970623   	0.999098   	-0.00141816	0.000362635	0.969853   	0.999942   	0.000502742	-3.67314e-05	0.970179   	0.99996    	0.000359676	-0.000220138	0.970589   	0.999293   	-0.000965974	0.000348181	0.969819   	0.999908   	0.000639584	-0.000140257	0.970715   	0.999731   	-0.000743527	-1.30186e-05	0.970042   	107.302    	15.0402    	1.53088    	95.3462    	93.08      	1.41968    	2.47281    	90.9863    	406.021    	41.3836    	6.94929    	216.461    	49.7616    	15.2471    	2.09029    	42.149     	294.123    	18.8409    	1.00905    	211.902    	247.326    	1.28421    	0.882269   	232.933    	144.806    	1.76271    	1.99365    	142.33     	392.087    	32.0688    	7.14092    	229.637    	71.1539    	24.6756    	1.73397    	58.1487    	363.748    	32.8574    	2.48086    	216.231    	161.444    	3.75933    	0.834491   	156.315    	67.2662    	6.82528    	2.27315    	62.0097    	320.781    	14.2079    	2.7254     	236.927    	54.1073    	24.6487    	2.12464    	42.7753    	213.342    	8.56372    	0.815991   	188.342    	16933.3	11868.4	191205	2412.99	116887	87496.2	32544.9	181146	5908.49	161853	40621.5	4860.08	134306	2820.38	68225	0.999997   	-0.00011595	1.85934e-06	0.970096   	2662.89    	4.61346    	0.124374   	2657.87    	730117	
3e-11      	7.8        	0.999998   	-0.000125919	6.4297e-05 	0.968473   	0.999998   	5.14747e-05	6.11365e-06	0.968474   	0.999998   	5.71342e-05	-3.91509e-05	0.968463   	0.999998   	-0.000102754	0.000113047	0.968477   	0.999998   	4.49415e-05	6.13046e-05	0.968474   	0.999998   	4.81955e-05	-0.000145429	0.968473   	0.999998   	-3.48526e-05	6.69022e-05	0.968478   	0.999998   	8.07879e-05	-8.43148e-05	0.96847    	0.999998   	-9.62548e-05	4.84989e-06	0.968477   	0.999998   	-7.30982e-05	1.55561e-05	0.968475   	0.999998   	0.000157057	8.7411e-06 	0.968477   	0.999998   	-5.30495e-05	1.24027e-06	0.968477   	0.999998   	-8.10563e-05	-5.611e-05 	0.968483   	0.999998   	7.493e-05  	7.72993e-05	0.968467   	0.999998   	3.09542e-05	2.82664e-06	0.968479   	0.0144168  	0.637869   	0.779582   	0.0144232  	0.013903   	0.640992   	0.775504   	0.013903   	0.0133873  	0.56512    	0.761036   	0.0133838  	0.0137957  	0.600384   	0.713469   	0.0138023  	0.0149787  	0.621298   	0.724543   	0.0149622  	0.0135909  	0.571745   	0.738057   	0.0135792  	0.0149588  	0.651404   	0.777131   	0.0149472  	0.0139508  	0.63308    	0.745988   	0.013948   	0.0146998  	0.593936   	0.728918   	0.0147003  	0.0137922  	0.633585   	0.8127     	0.013794   	0.0139255  	0.608311   	0.76732    	0.0139322  	0.0134361  	0.586302   	0.834418   	0.0134282  	0.0148121  	0.628464   	0.800113   	0.014815   	0.0146429  	0.58226    	0.729504   	0.0146334  	0.0140647  	0.61707    	0.716081   	0.0140539  	6.81118	6.4564	6.17126	6.34093	6.75911	6.27536	6.75287	6.54524	6.58678	6.31201	6.53703	6.38557	6.89013	6.68991	6.54153	1          	-1.43449e-06	6.47785e-06	0.968472   	0.0234072  	0.122566   	0.126483   	0.0234073  	1.88475	
4e-11      	7.6        	0.999997   	-0.000182657	-4.36745e-06	0.965122   	0.999997   	0.000139853	2.70109e-05	0.965128   	0.999997   	4.82726e-05	-4.46345e-05	0.965122   	0.999997   	1.46518e-05	0.00025762 	0.965126   	0.999997   	-0.000176799	-0.000150093	0.965121   	0.999997   	0.000110895	-9.01903e-05	0.965125   	0.999997   	8.94798e-05	-0.000257536	0.96512    	0.999997   	-4.79435e-05	0.000129873	0.965126   	0.999997   	-4.23566e-05	9.21615e-05	0.96512    	0.999997   	-7.50797e-05	1.62885e-06	0.965124   	0.999997   	-3.74331e-05	3.86667e-05	0.965126   	0.999997   	9.0905e-05 	-3.10194e-05	0.965115   	0.999997   	0.000203941	8.76541e-05	0.965123   	0.999997   	-0.00017317	-8.31495e-06	0.965127   	0.999997   	-2.64452e-05	-5.37969e-05	0.965124   	0.0175325  	0.769466   	0.885826   	0.0175312  	0.01745    	0.767406   	0.970708   	0.0174532  	0.0169195  	0.773281   	0.950294   	0.0169205  	0.018464   	0.733642   	0.857948   	0.0184536  	0.0175675  	0.707928   	0.886262   	0.0175573  	0.0166401  	0.689088   	0.980925   	0.0166571  	0.017965   	0.767376   	0.891927   	0.0179598  	0.017894   	0.732476   	0.938492   	0.0178976  	0.0178246  	0.700132   	0.908626   	0.0178228  	0.0166841  	0.721064   	0.911079   	0.0166789  	0.0178428  	0.731131   	1.00633    	0.0178463  	0.0165692  	0.780812   	0.931724   	0.016557   	0.0180474  	0.789098   	0.898677   	0.0180367  	0.0175456  	0.759619   	0.930985   	0.0175287  	0.0175494  	0.762463   	0.829683   	0.0175263  	7.31891	7.30123	7.08007	7.47459	7.21334	7.28286	7.37388	7.57161	7.38524	7.08739	7.5342	6.78414	7.62147	7.43067	7.51976	1          	-4.26261e-06	-3.58376e-07	0.965121   	0.0319154  	0.126001   	0.135459   	0.0319158  	2.05205	
5e-11      	7.4        	0.999996   	-0.000199308	6.57613e-05	0.960961   	0.999996   	0.000191362	0.000174016	0.960947   	0.999997   	3.42949e-06	-0.000232638	0.960934   	0.999997   	-1.25658e-05	4.29807e-06	0.960928   	0.999997   	-9.45865e-05	-0.000226477	0.960935   	0.999997   	7.78673e-05	0.000207519	0.960929   	0.999996   	-5.26814e-05	0.000172452	0.960923   	0.999997   	0.000152169	-0.000153193	0.960931   	0.999997   	-4.58354e-05	1.28971e-05	0.960934   	0.999996   	-2.01814e-05	-0.000186869	0.96095    	0.999996   	4.11076e-05	2.37138e-05	0.960939   	0.999996   	3.12415e-05	0.000136226	0.960929   	0.999996   	0.000105046	-0.000162826	0.960951   	0.999997   	-0.000157108	0.000126726	0.960944   	0.999997   	1.67445e-05	8.53025e-05	0.960923   	0.0220433  	0.903544   	1.40924    	0.0220482  	0.023047   	0.838861   	1.37106    	0.0230474  	0.0227417  	0.841383   	1.22224    	0.0227285  	0.0222894  	0.901792   	1.12747    	0.0223066  	0.0226418  	0.809001   	1.14113    	0.0226409  	0.0225927  	0.965368   	1.10219    	0.0226126  	0.0233647  	0.988802   	1.21041    	0.0233456  	0.0221554  	0.838766   	1.1569     	0.022163   	0.0225907  	0.953318   	1.13004    	0.0225851  	0.0230778  	0.887432   	1.3167     	0.0230886  	0.0208224  	0.872958   	1.36688    	0.0208511  	0.0232121  	0.882033   	1.21413    	0.0232194  	0.0217306  	0.951721   	1.1396     	0.0217224  	0.0206628  	0.925565   	1.12791    	0.0206631  	0.0210035  	0.916961   	1.10171    	0.0209968  	8.20094	8.71719	8.54549	8.17321	8.51851	8.29951	8.53838	8.07443	8.12327	8.22	7.70169	8.38226	8.23645	7.73695	7.75971	1          	2.4491e-06 	3.12721e-06	0.960934   	0.0448341  	0.126879   	0.134833   	0.0448339  	2.09902	
6e-11      	7.2        	0.999995   	0.00013184 	0.000129464	0.955597   	0.999996   	-0.000161291	-0.000139211	0.955592   	0.999995   	7.05625e-05	2.56001e-05	0.955582   	0.999995   	0.000216669	-6.46166e-05	0.955589   	0.999995   	-0.000181479	5.24019e-05	0.955601   	0.999996   	-3.09914e-05	4.49422e-05	0.955595   	0.999995   	2.63699e-05	-0.000131485	0.955589   	0.999995   	4.16921e-05	0.000116439	0.955599   	0.999995   	-6.3127e-05	-2.21132e-05	0.955584   	0.999995   	-6.95905e-05	9.05101e-05	0.955581   	0.999995   	0.00015749 	0.000216689	0.955603   	0.999995   	-4.61117e-05	-0.000352191	0.955578   	0.999995   	-0.000147903	2.06856e-05	0.9556     	0.999995   	-3.30595e-05	-2.44015e-05	0.955588   	0.999995   	0.000147022	-4.87547e-05	0.9556     	0.0306062  	1.09266    	1.55565    	0.0305991  	0.0280558  	0.971356   	1.47843    	0.0280275  	0.0294821  	1.10418    	1.57005    	0.0294912  	0.0312789  	1.12179    	1.69177    	0.0312585  	0.0291447  	1.13685    	1.50933    	0.0291312  	0.0303076  	0.97457    	1.60751    	0.0303138  	0.0295511  	1.14405    	1.7815     	0.0295455  	0.0305356  	1.08386    	1.84469    	0.0304813  	0.0281496  	1.10819    	1.97503    	0.0281659  	0.0289708  	1.14477    	1.76679    	0.0289449  	0.0308019  	1.13727    	1.53406    	0.0308025  	0.0308112  	1.16881    	1.58119    	0.030757   	0.0286829  	1.28224    	1.69981    	0.028646   	0.0292657  	1.12822    	1.6052     	0.02927    	0.0289621  	1.1865     	1.59222    	0.0290235  	9.77888	9.40149	9.34764	10.0848	9.4472	9.66178	9.37003	9.65182	9.58742	9.5034	9.97189	10.2844	9.47678	9.51498	9.45611	1          	3.87495e-06	-5.72787e-06	0.955587   	0.0660394  	0.129608   	0.138423   	0.0660384  	2.07452	
7e-11      	7          	0.999994   	-0.000167538	-1.31438e-05	0.948553   	0.999993   	0.000252132	-0.000121809	0.948511   	0.999993   	-7.6143e-05	9.60987e-05	0.948529   	0.999994   	0.000124902	0.000342574	0.948547   	0.999993   	3.91739e-07	3.83454e-06	0.948541   	0.999993   	-0.000131193	-0.000377399	0.948559   	0.999993   	3.37326e-05	9.61638e-05	0.948546   	0.999994   	-7.62597e-05	-0.000328343	0.94854    	0.999993   	5.95243e-05	0.000269773	0.948514   	0.999993   	0.000140673	0.000522534	0.948545   	0.999994   	-5.15666e-05	-0.000514583	0.948504   	0.999994   	-6.78855e-05	6.10804e-06	0.948551   	0.999994   	-0.000142994	-0.000158257	0.948526   	0.999993   	-2.9857e-05	-0.000471743	0.948532   	0.999993   	0.0001877  	0.000651936	0.948525   	0.0426096  	1.44997    	2.30956    	0.0426024  	0.0417471  	1.49482    	2.31106    	0.04175    	0.0442972  	1.38035    	2.79819    	0.0442674  	0.0399736  	1.45058    	2.13734    	0.0399518  	0.0401324  	1.47159    	2.53503    	0.0400761  	0.043897   	1.49293    	2.53875    	0.0439187  	0.0422715  	1.47996    	2.69153    	0.042214   	0.0408325  	1.40767    	2.30631    	0.0407452  	0.0441403  	1.32505    	2.50905    	0.0441208  	0.0470866  	1.39297    	2.6604     	0.0470081  	0.0433379  	1.39492    	2.28355    	0.0434416  	0.0450683  	1.31932    	2.20003    	0.0450893  	0.0416416  	1.23073    	2.25295    	0.0416421  	0.0430438  	1.37915    	2.3915     	0.0429806  	0.0442234  	1.47974    	2.34444    	0.0442077  	11.961	11.3533	11.9031	10.9668	11.4687	11.571	11.493	11.2853	11.8225	12.3515	11.5322	12.0864	11.2237	12.2486	12.1122	1          	3.69837e-06	2.58664e-07	0.948529   	0.115475   	0.136781   	0.141261   	0.115475   	2.24277	
8e-11      	6.8        	0.999988   	-3.62329e-05	-0.000137092	0.938768   	0.999987   	6.36945e-05	0.00103983 	0.938766   	0.999986   	-7.20103e-06	-0.000942266	0.938781   	0.999988   	0.000219541	0.00059884 	0.938816   	0.999989   	2.25951e-05	0.000175202	0.938776   	0.999989   	-0.000265904	-0.000749081	0.938805   	0.999987   	0.000124629	0.000270231	0.938804   	0.999988   	-0.000359366	-0.000641053	0.938791   	0.999988   	0.000190669	0.000404696	0.938824   	0.999989   	-0.00016505	-0.00044766	0.938815   	0.999989   	-9.82902e-05	-0.000394126	0.938783   	0.99999    	0.000278154	0.000829145	0.938796   	0.999985   	-0.000169041	-0.00124888	0.938787   	0.999989   	0.000207538	0.000493468	0.938792   	0.999989   	3.19491e-05	0.000747412	0.93883    	0.0671532  	1.83184    	4.92786    	0.0667807  	0.0694676  	1.8171     	5.03517    	0.0692759  	0.0709426  	1.73882    	6.17013    	0.0708915  	0.0662648  	1.71934    	5.0313     	0.0662062  	0.0662486  	1.58025    	4.60638    	0.0662327  	0.0645742  	1.80795    	4.07459    	0.0645413  	0.0657447  	1.97539    	5.52339    	0.0657542  	0.068224   	1.7122     	4.74375    	0.0680214  	0.0682011  	1.80987    	5.16632    	0.0681487  	0.0660646  	1.94268    	4.19059    	0.066079   	0.0717258  	1.84454    	4.32092    	0.0716977  	0.0659781  	1.98028    	3.37094    	0.0659259  	0.0700873  	1.96062    	6.12283    	0.0697544  	0.0644598  	2.1186     	4.2251     	0.0644978  	0.0678328  	1.98604    	4.17108    	0.0679301  	15.6483	15.7969	15.7111	14.9266	14.8781	14.8395	14.9183	14.4928	15.6969	14.6956	16.1771	15.7058	15.3782	15.2359	14.9692	1          	2.50212e-06	-7.58309e-08	0.938785   	0.225916   	0.13984    	0.146131   	0.225915   	1.99896	
9e-11      	6.6        	0.999923   	-2.53627e-05	-0.00714581	0.923419   	0.999725   	0.000263688	0.0191118  	0.923466   	0.999751   	-0.00022663	-0.0119793 	0.923382   	0.999694   	-0.000123296	0.0160778  	0.923329   	0.999928   	-0.000435855	0.00338838 	0.923472   	0.999742   	0.000524275	-0.0194738 	0.923466   	0.99982    	-0.000147316	0.0165552  	0.923544   	0.99973    	0.000251216	-0.015399  	0.923267   	0.999893   	-7.83355e-05	-0.00114601	0.923569   	0.999831   	-2.47172e-07	-0.00166425	0.923459   	0.999862   	-1.60937e-05	-0.0145643 	0.923588   	0.999726   	3.76826e-05	0.0162587  	0.923344   	0.999722   	-0.000162041	-0.0180024 	0.923398   	0.999798   	5.13515e-05	0.00609071 	0.923429   	0.999875   	0.00011311 	0.0119828  	0.923611   	0.21144    	2.99086    	25.4863    	0.202924   	0.202387   	2.69954    	48.0785    	0.183022   	0.233813   	2.41022    	94.9075    	0.184661   	0.243036   	2.56863    	94.5383    	0.204755   	0.18339    	2.8175     	33.3392    	0.174682   	0.19848    	2.81657    	34.8912    	0.175097   	0.198663   	2.38969    	21.318     	0.188928   	0.215308   	2.74598    	80.1526    	0.178384   	0.165062   	2.5104     	55.7674    	0.157438   	0.18679    	2.30762    	89.7209    	0.175115   	0.191139   	2.75515    	14.8119    	0.188674   	0.217772   	2.51607    	75.4673    	0.17889    	0.190973   	2.82371    	60.8692    	0.176378   	0.240731   	2.53937    	98.2954    	0.222463   	0.186933   	2.75974    	26.654     	0.190614   	32.4643	27.1031	29.5232	26.0246	28.2422	30.5926	25.3959	25.0891	29.7051	25.2111	29.3121	26.5427	27.8866	30.8444	29.0346	1          	1.72719e-06	6.3732e-06 	0.923266   	1.23574    	0.137092   	0.14384    	1.23574    	5.4823	
1e-10      	6.4        	0.999719   	-0.000125512	0.00159149 	0.895844   	0.987457   	-0.000264678	0.157182   	0.8934     	0.987315   	0.000404444	-0.155897  	0.908046   	0.983988   	0.000110239	0.176295   	0.907197   	0.998831   	-0.000514122	-0.0403936 	0.899728   	0.990238   	0.000415329	-0.138808  	0.891526   	0.994028   	-0.000890386	0.107941   	0.890576   	0.982688   	0.000755907	-0.183561  	0.904171   	0.996546   	0.000141711	0.0772873  	0.903327   	0.993644   	0.000435946	-0.10759   	0.906157   	0.99731    	0.000215643	-0.070763  	0.890771   	0.983617   	-0.000675306	0.178632   	0.900076   	0.985352   	0.000252123	-0.169165  	0.896216   	0.990546   	-0.000533238	0.132936   	0.907805   	0.99919    	0.000297183	0.0342988  	0.89265    	1.9599     	2.49597    	142.2      	1.81056    	4.59598    	2.91661    	51.967     	1.78279    	0.983432   	2.4433     	243.044    	6.15294    	1.64477    	2.45649    	183.514    	5.02602    	1.36699    	2.32374    	181.504    	1.14241    	4.2089     	2.70184    	37.6425    	2.93142    	3.1654     	2.50132    	63.7899    	3.6556     	2.60576    	2.67119    	165.079    	4.49462    	1.50551    	3.05652    	239.738    	2.00698    	1.08217    	2.52872    	290.197    	4.06279    	3.57029    	2.3114     	92.3101    	4.69669    	3.17443    	2.58654    	151.6      	3.45493    	4.7732     	3.01155    	115.107    	2.17008    	1.05416    	2.72327    	306.644    	6.38268    	2.2963     	2.7244     	111.676    	2.87236    	286.972	286.251	291.343	176.326	388.689	229.808	162.708	211.418	452.175	439.816	231.475	234.215	335.299	437.05	169.941	1          	2.08779e-06	4.05745e-06	0.891382   	14.9406    	0.140397   	0.150787   	14.9406    	159.466	
1.1e-10    	6.2        	0.995789   	-0.000569872	0.0890573  	0.866339   	0.975177   	0.000225181	0.221294   	0.875121   	0.954437   	0.000325795	-0.297217  	0.911145   	0.951148   	-0.000168119	0.307965   	0.911109   	0.988172   	0.000242228	-0.151464  	0.876794   	0.985292   	-3.53004e-05	-0.170767  	0.865409   	0.993819   	-0.00028887	0.110711   	0.858637   	0.952188   	0.000327017	-0.304921  	0.906799   	0.978601   	-4.35484e-05	0.204242   	0.887966   	0.968897   	-0.000359622	-0.246112  	0.898869   	0.998974   	0.000809874	-0.0437727 	0.85594    	0.957451   	-0.00040076	0.288116   	0.898032   	0.965417   	9.0382e-05 	-0.260406  	0.886623   	0.960234   	6.75372e-05	0.277845   	0.90727    	0.99956    	-0.000141455	-0.0246623 	0.858971   	1.7933     	2.64336    	111.062    	0.933957   	7.5897     	2.36019    	16.1137    	11.6145    	3.5344     	2.70586    	190.568    	6.06623    	0.724682   	2.3857     	133.691    	9.64828    	4.56632    	2.49899    	136.462    	1.0977     	6.15172    	2.68144    	6.35514    	5.9948     	3.08626    	2.47438    	12.5209    	2.3761     	1.07898    	2.65864    	103.611    	11.3377    	5.02025    	2.50678    	152.876    	1.47338    	4.52167    	2.52332    	169.224    	2.31557    	1.73098    	2.83463    	28.6231    	1.44725    	2.0535     	2.98602    	78.6959    	11.5924    	4.47822    	2.78128    	45.7021    	12.6033    	4.89738    	2.73553    	196.154    	4.00175    	0.720572   	2.75457    	61.9914    	0.793856   	262.278	1280.79	566.084	104.871	736.686	1001.16	497.747	184.058	783.548	720.62	267.04	332.841	737.959	782.817	104.177	1          	5.13695e-06	-3.08892e-07	0.8619     	2.27181    	0.141413   	0.137921   	2.27181    	13.0306	
1.2e-10    	6          	0.986278   	-5.62147e-05	0.164872   	0.846539   	0.956273   	-0.000243566	0.292076   	0.873388   	0.902692   	0.000341729	-0.429846  	0.92082    	0.900869   	0.000180428	0.433451   	0.923363   	0.968282   	-5.73448e-05	-0.249598  	0.86052    	0.976529   	-0.000145465	-0.214914  	0.856504   	0.992007   	3.90692e-05	0.125751   	0.842567   	0.906914   	8.47323e-05	-0.420594  	0.918682   	0.947921   	-0.000160201	0.318062   	0.87819    	0.928182   	2.02679e-06	-0.371661  	0.896473   	0.999563   	0.000330041	-0.0289158 	0.835978   	0.918763   	-0.00028204	0.394261   	0.907332   	0.936233   	-0.000205257	-0.351     	0.891037   	0.912704   	-0.00010793	0.408212   	0.91145    	0.997505   	0.000328846	-0.0702804 	0.83736    	5.84332    	2.64492    	15.8007    	7.45384    	2.55646    	2.4675     	58.0167    	5.73451    	4.19826    	2.5311     	103.874    	7.00089    	8.62374    	2.59374    	147.924    	7.1165     	5.76197    	2.4037     	34.73      	11.829     	2.06955    	2.36759    	50.0812    	6.62292    	5.82888    	2.62535    	24.6148    	8.30614    	10.297     	2.85286    	158.695    	6.84321    	2.62468    	2.70735    	77.0766    	12.2981    	2.5697     	2.42656    	95.3552    	10.9528    	7.45448    	2.67517    	5.79199    	7.58512    	6.94078    	2.64711    	110.532    	5.85978    	3.39829    	2.67401    	67.2591    	5.00028    	3.07968    	2.37666    	91.6361    	7.78744    	5.57745    	2.95532    	7.56695    	5.93879    	909.838	402.12	633.975	1320.79	902.112	331.504	922.92	1553.24	400.21	369.384	1155.58	1042.81	504.742	453.175	876.919	1          	2.67449e-06	-5.14709e-06	0.833776   	1.41962    	0.140824   	0.140444   	1.41962    	6.73509	
1.3e-10    	5.8        	0.980098   	-0.000294904	0.198373   	0.835931   	0.933304   	-5.10333e-06	0.359011   	0.864452   	0.856047   	0.000255213	-0.516847  	0.925407   	0.852229   	0.000404044	0.523094   	0.927506   	0.953378   	0.000109102	-0.301687  	0.854744   	0.963712   	-0.000583463	-0.2668    	0.843565   	0.987357   	-0.000222169	0.158246   	0.828536   	0.860308   	-3.50428e-05	-0.509684  	0.920335   	0.923231   	0.000285524	0.384182   	0.875723   	0.894423   	-1.35291e-05	-0.447156  	0.896755   	0.999159   	0.000155641	-0.0400256 	0.821879   	0.877633   	-0.000134047	0.479246   	0.90581    	0.902936   	0.000210922	-0.429691  	0.886321   	0.871171   	-0.000637725	0.490917   	0.91411    	0.996682   	0.000468616	-0.0809742 	0.824334   	2.42674    	2.97253    	9.89919    	2.77913    	2.69049    	2.41521    	11.6265    	3.79793    	1.96083    	2.82898    	10.2856    	0.499118   	2.71135    	3.15749    	16.4558    	0.896935   	2.87904    	2.76691    	11.172     	3.75755    	2.17732    	2.46235    	16.7495    	3.68927    	2.02553    	2.66282    	17.1109    	2.99699    	4.5992     	2.37194    	19.3769    	1.30763    	3.3706     	3.20997    	10.1564    	4.91733    	2.9091     	2.46521    	13.3173    	3.50723    	3.10072    	2.77959    	14.7608    	3.22461    	4.42321    	2.49885    	17.4263    	2.38633    	3.09952    	2.86017    	15.1911    	3.01821    	2.40485    	2.33898    	13.3057    	1.59002    	2.93073    	2.37777    	12.4752    	2.90285    	350.889	396.121	283.907	389.581	417.294	330.254	304.163	660.394	487.219	406.932	459.272	633.085	448.217	328.247	441.593	1          	-1.75176e-06	-2.15988e-06	0.806089   	1.06117    	0.138885   	0.13715    	1.06117    	4.36781	
1.4e-10    	5.6        	0.973311   	-0.000289304	0.229293   	0.832458   	0.910726   	0.000128227	0.412947   	0.850322   	0.80951    	0.00014651 	-0.587031  	0.928354   	0.803623   	4.98335e-06	0.595059   	0.927419   	0.939303   	0.000142715	-0.34301   	0.854331   	0.950894   	-0.000149154	-0.309441  	0.829016   	0.98224    	0.000203967	0.187473   	0.814617   	0.813627   	-0.000193685	-0.581326  	0.916472   	0.901547   	2.4703e-05 	0.432596   	0.876497   	0.864561   	0.000162866	-0.502434  	0.897638   	0.998582   	0.000146429	-0.0523148 	0.809302   	0.836469   	-0.000264728	0.547969   	0.898792   	0.870105   	-8.19838e-06	-0.492814  	0.875554   	0.831599   	-0.000180842	0.555291   	0.917002   	0.995668   	0.000262408	-0.0923858 	0.815222   	3.65212    	3.06461    	19.5286    	5.99912    	1.79516    	2.24338    	10.0112    	1.74927    	3.63325    	2.56282    	20.0676    	1.72054    	5.39355    	2.67265    	18.8725    	0.864779   	2.79764    	2.53864    	12.6241    	5.26712    	2.22878    	2.74482    	8.37539    	2.73836    	3.68662    	2.87867    	9.12075    	3.04981    	5.30516    	2.64039    	11.7724    	0.510051   	2.22472    	2.70226    	18.2902    	4.82224    	2.34805    	2.9955     	22.8497    	3.98166    	4.38702    	2.85443    	17.0062    	3.85551    	3.749      	3.27039    	6.63918    	0.972465   	1.77321    	2.51831    	9.42934    	1.03557    	2.67434    	2.26845    	23.488     	2.59056    	4.55013    	2.76705    	21.8776    	5.70651    	520.389	239.885	468.796	698.524	418.48	308.538	506.041	696.639	317.226	324.431	602.35	494.108	228.952	358.295	631.355	1          	7.22849e-06	2.03365e-06	0.778687   	0.896938   	0.138171   	0.140289   	0.896938   	3.83593	
1.5e-10    	5.4        	0.970148   	-0.000719096	0.242313   	0.825253   	0.881133   	-0.000154383	0.472768   	0.845823   	0.761226   	0.00072914 	-0.648459  	0.930775   	0.753403   	-0.000247184	0.657517   	0.929156   	0.929173   	0.000367217	-0.369558  	0.848143   	0.933151   	-5.81215e-05	-0.359344  	0.821215   	0.97555    	-0.00032019	0.219609   	0.800116   	0.770505   	0.000562059	-0.637379  	0.913442   	0.884443   	-0.000320374	0.466602   	0.870532   	0.839077   	0.000375377	-0.543975  	0.894128   	0.997699   	-0.000368443	-0.0670831 	0.794073   	0.797956   	-6.48252e-05	0.602653   	0.892224   	0.834587   	-0.000124735	-0.550822  	0.869184   	0.794849   	-0.000414688	0.606763   	0.916382   	0.995754   	0.000649804	-0.0916667 	0.804077   	1.72918    	2.89138    	18.1698    	1.74182    	1.19055    	3.20295    	22.61      	4.85355    	2.64224    	2.27967    	5.56394    	0.467967   	3.59161    	2.43577    	10.7147    	1.09524    	1.41259    	3.10894    	12.5489    	2.32144    	2.39226    	2.50926    	23.2738    	6.13099    	4.096      	2.54981    	14.6634    	5.9306     	3.39495    	3.03208    	14.0248    	1.83515    	1.83846    	2.83521    	7.15489    	1.47724    	2.755      	2.54392    	6.10823    	1.05323    	4.39775    	2.17116    	18.0734    	5.03975    	2.25257    	2.36399    	18.6149    	3.904      	1.22415    	2.66241    	14.5873    	3.84981    	3.89469    	2.67663    	8.88526    	0.747492   	3.73739    	2.97428    	11.8087    	3.67679    	237.379	148.538	319.642	446.205	198.371	311.593	528.917	424.48	246.384	346.902	569.687	283.134	149.719	479.179	499.833	1          	-1.15008e-06	-2.71162e-06	0.751464   	0.754058   	0.132646   	0.143559   	0.754058   	2.96958	
1.6e-10    	5.2        	0.962532   	0.000200107	0.270923   	0.812117   	0.864437   	-0.000224611	0.502629   	0.83552    	0.720573   	-2.05839e-05	-0.693347  	0.928887   	0.710739   	-0.000313325	0.703414   	0.928064   	0.911492   	0.000235879	-0.411221  	0.83824    	0.92603    	0.000194375	-0.37729   	0.809345   	0.973204   	9.02604e-05	0.229778   	0.78122    	0.738632   	-0.000152985	-0.674055  	0.909695   	0.863472   	7.82741e-05	0.504344   	0.857838   	0.818628   	0.000498368	-0.574252  	0.881029   	0.997331   	-0.000343151	-0.0724633 	0.768575   	0.774168   	-0.00024167	0.632938   	0.885129   	0.81208    	0.000445112	-0.583511  	0.860147   	0.767391   	0.000220339	0.641127   	0.908212   	0.995144   	-0.000763376	-0.0980995 	0.781497   	4.12926    	2.99021    	24.1096    	2.7655     	4.67703    	2.91778    	20.0952    	2.51263    	3.04764    	2.59321    	7.14174    	0.627584   	4.85582    	2.93935    	9.46972    	0.710801   	4.05761    	3.28585    	12.5798    	2.00261    	2.38046    	3.12524    	24.6544    	4.63294    	4.69728    	3.63375    	12.1508    	5.69903    	6.10302    	2.62209    	11.7018    	1.14051    	2.63585    	3.10085    	9.83698    	3.01691    	3.18062    	2.22296    	18.3092    	2.77838    	7.37966    	2.85578    	12.0227    	6.94111    	3.53405    	2.85813    	8.58625    	1.41038    	2.4039     	2.49052    	6.17497    	1.24949    	4.08762    	2.65318    	12.1804    	1.15896    	4.33747    	2.53471    	10.4901    	4.79864    	512.316	553.91	355.637	565.142	480.817	285.273	516.717	709.695	309.484	383.354	823.266	411.764	275.866	480.286	507.185	1          	-2.98596e-06	-2.45445e-06	0.724363   	0.685569   	0.137066   	0.147309   	0.685568   	2.65201	
1.7e-10    	5          	0.954686   	0.000308067	0.297475   	0.798649   	0.846883   	-0.00019193	0.531742   	0.830077   	0.676048   	-6.4912e-05	-0.736784  	0.9272     	0.666712   	0.000644676	0.74523    	0.928183   	0.894465   	-0.000520502	-0.447078  	0.826433   	0.917131   	-0.000196397	-0.398522  	0.800289   	0.968145   	0.000483134	0.250277   	0.766423   	0.701922   	-0.00039966	-0.712196  	0.907613   	0.844106   	-2.45808e-05	0.536103   	0.844352   	0.797377   	-0.000166553	-0.603378  	0.866271   	0.995792   	0.000334828	-0.0910831 	0.748569   	0.743086   	-0.000134284	0.669151   	0.882415   	0.785268   	0.000401108	-0.619124  	0.854881   	0.737467   	-0.000182686	0.675299   	0.898758   	0.995199   	-0.000176319	-0.097405  	0.761867   	3.98988    	2.61607    	18.6214    	8.0385     	2.39526    	3.19255    	5.93166    	2.73898    	9.48879    	3.01284    	18.8521    	1.44075    	11.4281    	2.84929    	22.9931    	2.0904     	1.87263    	2.75555    	11.7881    	4.59551    	6.43465    	2.87161    	11.8515    	10.4652    	9.50101    	3.3349     	7.09399    	9.25288    	5.89122    	2.8829     	14.5164    	1.76864    	1.62606    	2.83305    	16.3151    	2.71446    	4.53214    	2.75737    	26.6641    	3.7459     	11.761     	2.92428    	14.3876    	10.4679    	4.43179    	3.01663    	9.42952    	1.55848    	1.41485    	3.09883    	5.99402    	1.20099    	6.82059    	2.52672    	22.7087    	2.23881    	9.26574    	3.4655     	15.4743    	11.0128    	458.097	273.331	987.356	1194.58	223.533	689.89	966.364	621.358	186.672	494.841	1228.49	473.932	163.746	732.747	995.889	1          	5.46816e-06	2.22749e-05	0.697344   	0.625486   	0.138495   	0.14642    	0.625485   	2.41397	
1.8e-10    	4.8        	0.944623   	0.000312964	0.328051   	0.797105   	0.826189   	6.9411e-05 	0.563321   	0.828626   	0.617052   	-0.000369348	-0.786875  	0.929483   	0.599698   	0.000519419	0.800186   	0.935339   	0.879058   	-0.000182591	-0.476645  	0.822618   	0.898962   	-0.000489331	-0.437904  	0.808601   	0.963342   	0.000615396	0.268079   	0.763115   	0.652542   	-0.000369419	-0.757701  	0.9089     	0.816849   	-0.000118838	0.576769   	0.836048   	0.761961   	-0.000407852	-0.647542  	0.860728   	0.99711    	0.000217879	-0.0753585 	0.734175   	0.713444   	0.000228364	0.700686   	0.873436   	0.766285   	-0.0002201 	-0.642448  	0.846128   	0.692459   	0.000448117	0.721423   	0.894565   	0.991238   	-0.000310549	-0.131753  	0.749965   	10.5439    	3.26282    	12.5576    	11.8124    	3.78124    	3.19981    	13.5868    	2.55082    	6.49644    	2.60196    	14.4623    	2.71499    	6.70291    	2.87108    	10.4243    	1.71981    	4.2913     	3.01215    	9.71535    	2.25763    	5.31597    	2.9512     	23.5045    	8.986      	12.068     	3.34236    	17.5125    	12.9625    	4.93681    	2.84274    	16.8006    	3.79518    	4.99647    	3.10113    	14.8431    	1.49026    	7.5054     	3.48956    	15.0093    	1.17868    	7.89775    	3.70811    	11.8808    	7.18787    	2.13671    	3.1312     	5.58297    	1.78298    	8.16713    	2.48338    	7.03734    	2.07208    	5.8232     	2.77719    	6.93553    	2.86947    	4.07472    	3.15518    	13.0864    	4.18275    	1091.97	387.654	660.245	663.524	443.448	558.362	1184.12	515.603	493.474	736.207	799.735	224.558	786.279	560.494	413.882	1          	-6.90995e-06	-4.60809e-05	0.67036    	0.57197    	0.143546   	0.142805   	0.571966   	2.331	
1.9e-10    	4.6        	0.926818   	-0.000212253	0.375277   	0.786297   	0.822604   	-1.10817e-05	0.568557   	0.815422   	0.571793   	0.000169264	-0.820334  	0.928106   	0.558053   	-0.000158941	0.82977    	0.92937    	0.855445   	0.000612431	-0.517833  	0.816869   	0.899061   	-0.000481857	-0.437709  	0.792766   	0.96574    	0.000153886	0.259375   	0.749064   	0.615903   	0.000622836	-0.78778   	0.900695   	0.785248   	-0.000811648	0.619132   	0.830369   	0.718394   	0.000388769	-0.695603  	0.854551   	0.998638   	-0.000221924	-0.0513099 	0.724499   	0.68433    	-0.000181784	0.729134   	0.866101   	0.754102   	-0.000943983	-0.656702  	0.839015   	0.643998   	0.000325867	0.764925   	0.887493   	0.985102   	0.000670778	-0.171571  	0.737093   	6.5024     	3.05658    	45.3347    	19.7589    	2.25959    	3.1848     	10.223     	1.67586    	9.67902    	3.24593    	20.1656    	4.13999    	5.20543    	2.56348    	12.1279    	3.61759    	3.67592    	3.08533    	9.14088    	2.4903     	7.50271    	3.46355    	24.1151    	14.7107    	9.18936    	2.97638    	11.9726    	11.357     	5.39228    	2.49181    	14.1133    	4.72409    	5.94288    	2.85503    	6.73769    	1.89437    	4.14794    	3.01056    	6.3866     	2.57236    	3.8385     	3.49097    	11.7745    	3.87851    	6.24741    	2.90859    	5.84332    	1.38738    	6.07022    	2.99564    	8.40609    	1.10374    	9.37248    	2.55181    	36.3417    	8.46379    	19.5286    	3.14362    	26.1168    	24.7091    	626.178	213.797	895.577	504.213	347.015	720.679	828.786	500.672	532.501	378.722	355.243	550.256	544.459	879.561	1756.31	1          	-4.27589e-06	-0.000137146	0.643391   	0.549419   	0.140605   	0.149866   	0.549418   	2.15954	
2e-10      	4.4        	0.911884   	-0.000420661	0.410331   	0.790526   	0.806225   	0.000430336	0.591575   	0.804086   	0.512997   	-1.91548e-05	-0.858331  	0.935519   	0.517466   	0.000290446	0.855679   	0.924885   	0.854402   	0.000938405	-0.519535  	0.809261   	0.877804   	-0.00128283	-0.478922  	0.773675   	0.959335   	0.000282978	0.282146   	0.722087   	0.583689   	-8.85174e-05	-0.811946  	0.887931   	0.776575   	-0.000147406	0.629984   	0.82176    	0.700218   	-0.000225435	-0.713889  	0.844721   	0.998186   	-0.00044717	-0.0595336 	0.697788   	0.657306   	0.000616543	0.753589   	0.853682   	0.724986   	-0.000629768	-0.68873   	0.824835   	0.605495   	-0.000266478	0.79581    	0.887866   	0.9824     	0.00105425 	-0.186336  	0.726787   	6.13617    	3.37431    	24.1435    	14.5815    	2.28947    	3.08261    	5.13567    	1.99414    	11.7712    	2.71289    	18.3526    	4.08229    	5.27325    	3.47378    	3.51546    	0.545218   	4.03782    	3.63736    	10.737     	1.63004    	7.64557    	4.04778    	10.0556    	3.9245     	3.76657    	3.19663    	8.65518    	3.73972    	6.50223    	3.48651    	3.91047    	0.878523   	4.79112    	3.24146    	5.71024    	2.31309    	3.50239    	2.81029    	8.33819    	1.58382    	7.11943    	3.73613    	8.79571    	6.97377    	3.9192     	3.15185    	6.46768    	1.1607     	2.77311    	2.91039    	6.32792    	1.91565    	5.05327    	3.0435     	10.8676    	3.01447    	2.1392     	3.84892    	26.1064    	3.65968    	563.336	213.687	960.114	443.105	365.522	670.679	317.439	518.937	402.684	299.535	572.971	327.577	253.657	418.392	192.875	1          	7.43024e-06	-2.14764e-05	0.616402   	0.519633   	0.140332   	0.162481   	0.519633   	2.30437	
2.1e-10    	4.2        	0.89745    	3.93458e-05	0.441059   	0.785673   	0.792424   	-0.000572577	0.609943   	0.792506   	0.462508   	0.000419555	-0.88659   	0.939968   	0.476981   	0.000218471	0.878889   	0.922828   	0.85648    	-0.000562106	-0.516138  	0.797725   	0.850271   	0.000319586	-0.526293  	0.757826   	0.95092    	-0.000341407	0.30937    	0.703715   	0.543905   	-0.000455026	-0.83913   	0.882001   	0.763593   	0.000819803	0.645676   	0.810844   	0.673951   	-0.000707503	-0.738752  	0.833211   	0.998113   	9.69737e-05	-0.0608094 	0.674393   	0.631013   	0.000585286	0.77575    	0.845163   	0.708151   	-0.000142995	-0.706023  	0.813395   	0.577633   	0.000149945	0.816244   	0.877407   	0.980048   	-2.34537e-05	-0.198583  	0.699498   	1.97909    	4.43958    	6.78419    	3.20964    	2.75309    	3.30568    	2.55104    	1.91986    	6.12182    	2.77411    	4.16349    	0.611998   	5.94456    	3.52717    	2.51431    	0.325115   	2.57428    	2.99726    	5.5624     	2.14761    	3.6743     	3.51296    	5.8446     	2.80278    	1.9989     	3.49177    	3.1276     	2.18284    	2.30408    	3.44945    	2.14593    	0.999109   	1.93946    	2.87758    	2.07946    	0.994356   	2.88423    	3.09608    	3.53625    	1.64642    	2.33744    	3.80779    	6.87858    	2.322      	3.33543    	3.18185    	2.83739    	1.27649    	4.87237    	3.04563    	4.3507     	0.940865   	5.86965    	3.34687    	17.0712    	5.13307    	13.3364    	3.17072    	11.0226    	16.2781    	162.4	224.441	440.863	424.564	212.158	278.087	161.299	190.814	156.003	224.704	175.404	258.49	373.392	479.207	973.833	1          	-5.11311e-06	2.75993e-05	0.589331   	0.495055   	0.135106   	0.163186   	0.495058   	2.27396	
2.2e-10    	4          	0.884853   	-3.19851e-05	0.465833   	0.776971   	0.77796    	-0.000444169	0.628289   	0.782252   	0.414722   	0.000393681	-0.909935  	0.94179    	0.433815   	-0.000847479	0.900987   	0.921432   	0.850452   	0.000816517	-0.526021  	0.786604   	0.829402   	0.000203163	-0.558615  	0.745015   	0.945294   	0.000299979	0.32615    	0.68167    	0.509727   	0.000291589	-0.860321  	0.875171   	0.746301   	-0.000545673	0.665582   	0.798917   	0.651894   	0.000202802	-0.758288  	0.820081   	0.997686   	-0.000525089	-0.0676113 	0.646867   	0.605862   	0.000165723	0.795552   	0.836265   	0.68939    	0.000241263	-0.724369  	0.803446   	0.553352   	-0.00108198	0.832929   	0.864      	0.979337   	0.00119296 	-0.202107  	0.668599   	1.04642    	3.77298    	3.0737     	1.17971    	1.6997     	3.53911    	1.52015    	0.837411   	2.85014    	2.86169    	1.03788    	0.169108   	3.10467    	3.18432    	0.966934   	0.231278   	1.411      	3.98293    	2.42009    	1.16567    	2.05654    	4.30259    	2.27108    	1.36965    	2.28098    	3.81569    	2.49773    	1.79483    	2.88455    	3.07381    	1.07298    	0.418242   	2.1315     	3.49875    	2.71603    	1.18586    	2.68106    	3.56565    	2.18011    	1.1527     	2.19979    	4.62033    	2.14478    	2.12891    	2.67136    	3.15378    	1.31065    	0.870613   	1.93827    	3.68698    	1.73656    	0.815751   	2.37036    	3.16998    	2.32928    	0.871829   	2.43625    	4.12073    	3.24934    	2.64537    	89.2052	133.53	202.695	217.946	112.664	147.681	160.805	201.275	153.146	194.057	150.738	185.607	148.126	171.425	169.084	1          	7.21234e-06	9.09205e-06	0.562225   	0.486965   	0.138941   	0.160642   	0.486975   	2.22533	
2.3e-10    	3.8        	0.870652   	0.000969825	0.491852   	0.767344   	0.765709   	0.000292604	0.64316    	0.771002   	0.367943   	-0.000985856	-0.929833  	0.942972   	0.393241   	0.00060374 	0.919424   	0.918849   	0.84422    	-0.000526481	-0.535964  	0.775019   	0.80856    	-0.000203836	-0.588385  	0.729498   	0.939351   	-0.000916479	0.342891   	0.658348   	0.47692    	0.000120392	-0.878933  	0.868435   	0.728483   	0.000627595	0.685043   	0.786362   	0.627984   	-3.46709e-06	-0.778209  	0.809173   	0.99741    	0.000471225	-0.0715624 	0.620537   	0.578757   	-0.000328568	0.81548    	0.826315   	0.670856   	-0.000843985	-0.741567  	0.792849   	0.523181   	-9.66685e-05	0.852206   	0.853526   	0.976885   	0.00115076 	-0.213664  	0.641747   	1.41779    	6.19916    	2.16949    	1.22322    	1.67793    	4.36745    	1.61405    	1.07       	3.29556    	3.72288    	0.76258    	0.0984987  	2.12441    	3.1358     	0.578786   	0.162296   	1.22828    	4.77993    	1.42069    	0.796978   	1.3891     	3.81986    	1.5586     	0.960813   	1.65426    	4.65238    	1.47917    	1.64031    	2.67591    	2.7563     	0.989318   	0.38586    	1.62052    	3.6188     	1.24056    	0.88431    	1.63908    	3.29916    	1.37372    	0.71197    	1.87232    	4.58947    	1.89098    	1.87998    	2.09549    	4.15696    	1.35581    	0.614785   	1.74815    	4.0273     	1.40296    	0.841897   	2.52111    	3.23746    	1.25424    	0.491284   	2.27923    	3.91906    	1.5911     	2.27844    	99.9269	114.715	206.704	141.43	94.6511	98.8409	111.361	176.624	111.831	114.069	117.986	143.318	122.304	165.791	147.073	1          	4.52404e-06	-1.56074e-05	0.535132   	0.456885   	0.143188   	0.158808   	0.456886   	1.96467	
2.4e-10    	3.6        	0.857961   	-0.000463923	0.513679   	0.757224   	0.751758   	0.000495936	0.659417   	0.760353   	0.321056   	-1.10749e-07	-0.947047  	0.943724   	0.353091   	-0.000199386	0.935577   	0.91633    	0.83735    	-9.61087e-05	-0.546636  	0.763014   	0.78732    	0.000392835	-0.616515  	0.713643   	0.933414   	-0.000131268	0.358734   	0.63635    	0.442188   	-4.90681e-05	-0.896907  	0.862079   	0.708905   	0.000131089	0.705281   	0.774308   	0.602583   	0.00072822 	-0.798035  	0.798465   	0.997137   	-0.00025904	-0.0752589 	0.595001   	0.550607   	-0.000527344	0.834748   	0.81674    	0.649524   	0.000666254	-0.760322  	0.781598   	0.493823   	-5.94146e-05	0.869548   	0.843995   	0.974757   	-0.000792418	-0.223162  	0.615059   	1.18982    	5.00712    	1.64173    	1.0944     	1.84684    	3.66295    	1.00694    	1.11176    	3.43252    	3.32445    	0.573039   	0.08355    	2.16051    	3.37703    	0.496088   	0.165948   	1.3206     	4.57617    	1.25106    	0.7881     	1.66956    	3.97109    	1.32765    	0.991183   	2.07819    	4.1055     	1.67549    	1.61439    	2.41567    	3.56626    	0.776621   	0.319198   	1.81611    	3.55258    	1.68449    	0.781614   	1.72317    	4.70462    	0.904096   	0.526633   	1.36879    	4.75531    	1.25936    	1.34679    	1.74771    	3.79413    	0.730331   	0.457066   	1.67591    	3.6534     	0.775875   	0.567274   	1.81233    	3.67793    	0.89762    	0.479434   	1.52183    	4.41901    	1.3037     	1.58285    	77.0257	110.713	193.163	128.385	89.5012	105.562	124.205	140.697	113.047	112.501	85.9485	106.995	106.268	113.101	92.1821	1          	1.50802e-06	2.41021e-05	0.508054   	0.461914   	0.145136   	0.157547   	0.461921   	2.01303	
2.5e-10    	3.4        	0.8457     	-0.000645149	0.533617   	0.746336   	0.737201   	0.000437895	0.675647   	0.749385   	0.274808   	0.000144185	-0.961486  	0.944191   	0.311855   	-0.00059893	0.950118   	0.913851   	0.829142   	0.000306567	-0.559001  	0.751417   	0.766648   	0.000456997	-0.642036  	0.698117   	0.926692   	-0.00111644	0.375761   	0.613374   	0.40827    	0.0011269  	-0.912847  	0.855627   	0.689401   	-0.0004092 	0.724358   	0.761626   	0.576871   	0.000687694	-0.816816  	0.787871   	0.996754   	-0.000687749	-0.0801495 	0.569762   	0.520951   	-0.0001892 	0.853568   	0.807289   	0.628425   	-8.56971e-05	-0.77785   	0.770916   	0.461987   	-0.000603985	0.886872   	0.834582   	0.971993   	0.000960145	-0.234885  	0.589065   	1.08209    	6.46588    	1.29413    	0.940227   	1.59557    	4.80146    	0.865058   	0.833635   	2.88407    	3.81292    	0.401199   	0.0712594  	2.39366    	3.0347     	0.38786    	0.127286   	1.05689    	6.26158    	1.14431    	0.73762    	1.79518    	4.67492    	0.915358   	0.991246   	1.3517     	4.24558    	0.919422   	1.17844    	1.88577    	3.57981    	0.466129   	0.234274   	1.31762    	4.23078    	0.857408   	0.584537   	1.74147    	4.23031    	0.596593   	0.518088   	1.32336    	5.12174    	0.908708   	1.321      	1.76388    	4.74433    	0.578002   	0.447943   	1.40044    	4.32932    	0.798593   	0.556347   	1.69872    	3.84152    	0.515207   	0.309454   	1.22365    	5.23266    	1.16396    	1.1658     	66.7884	92.0439	148.045	124.375	66.564	95.7693	81.3559	106.266	77.6698	101.005	79.9671	104.193	83.1715	98.1949	72.2116	1          	-7.65456e-06	-1.55955e-05	0.48098    	0.453567   	0.140267   	0.156242   	0.453563   	1.8851	
2.6e-10    	3.2        	0.833435   	0.000739621	0.552581   	0.734659   	0.722475   	-0.000194893	0.691368   	0.738134   	0.229039   	-0.00040458	-0.973406  	0.944487   	0.271687   	-0.000397414	0.962373   	0.91153    	0.821395   	-0.000184055	-0.570335  	0.739166   	0.744057   	0.000818569	-0.668088  	0.681883   	0.919605   	-0.000345119	0.392755   	0.591353   	0.373126   	0.000746536	-0.927766  	0.849525   	0.66857    	-0.000561291	0.743623   	0.748947   	0.549841   	0.000769573	-0.835248  	0.777355   	0.996387   	0.000194755	-0.0844558 	0.544502   	0.490946   	-0.000886556	0.871173   	0.797971   	0.606196   	0.000123387	-0.795295  	0.76007    	0.429186   	0.000501599	0.903201   	0.825678   	0.968982   	-0.00094922	-0.247026  	0.563689   	1.15882    	5.83955    	0.877058   	0.858053   	1.27743    	5.69643    	0.767678   	0.726304   	2.41229    	3.73659    	0.24814    	0.0674537  	2.20908    	3.94337    	0.242032   	0.120979   	1.2116     	3.74614    	0.784108   	0.819304   	1.37815    	4.28229    	0.650054   	0.741056   	1.79814    	6.72904    	0.794434   	1.49224    	2.15265    	3.92387    	0.445982   	0.276197   	1.54576    	5.3693     	0.757509   	0.682931   	1.58641    	5.21739    	0.590178   	0.525758   	1.48362    	6.83863    	0.783681   	1.47274    	1.84184    	4.03066    	0.51526    	0.388654   	1.57747    	4.28795    	0.67628    	0.58492    	1.77761    	3.97257    	0.466484   	0.310504   	1.4633     	4.2543     	0.8041     	1.36718    	67.0951	70.1616	111.444	111.22	67.8021	74.2131	89.3539	104.341	81.0332	84.361	77.3248	91.9871	83.6143	89.5952	76.6293	1          	8.23572e-06	-4.05704e-06	0.453908   	0.434585   	0.139679   	0.156836   	0.434589   	1.89159	
2.7e-10    	3          	0.821508   	-0.000341716	0.57015    	0.722062   	0.707062   	-0.000209466	0.707121   	0.726451   	0.184158   	0.000363073	-0.982884  	0.944547   	0.230868   	0.000107385	0.97297    	0.909205   	0.812228   	0.000600994	-0.583303  	0.7268     	0.722019   	-0.000794993	-0.691834  	0.66582    	0.911582   	1.94025e-05	0.411018   	0.568895   	0.337563   	0.000738653	-0.941287  	0.843363   	0.64763    	-0.000883878	0.761926   	0.736332   	0.521513   	8.69315e-05	-0.853223  	0.766857   	0.995976   	0.000649353	-0.0891159 	0.520462   	0.459197   	-0.000467129	0.888316   	0.788709   	0.582953   	0.00118604 	-0.812482  	0.748972   	0.395982   	-0.000671119	0.91824    	0.817203   	0.965624   	-0.000612672	-0.259725  	0.538276   	1.03809    	7.86841    	0.61806    	0.750909   	1.32468    	6.03121    	0.527887   	0.712284   	2.41646    	4.76428    	0.171292   	0.0666016  	2.56598    	4.89781    	0.21966    	0.110558   	1.08225    	6.26859    	0.703158   	0.813153   	1.5756     	6.36121    	0.518708   	0.81117    	1.43892    	7.80037    	0.579047   	1.18522    	2.04559    	4.66655    	0.318246   	0.271461   	1.4014     	6.13886    	0.586768   	0.627245   	1.43421    	5.07291    	0.440669   	0.483652   	1.3784     	7.25417    	0.576837   	1.37627    	1.78726    	4.62451    	0.423348   	0.358941   	1.38049    	5.42728    	0.502572   	0.485212   	1.7166     	5.40309    	0.410424   	0.328527   	1.54744    	9.85766    	0.574021   	1.44484    	56.9536	65.9892	106.7	112.409	59.9351	75.5846	66.5658	86.6912	66.5983	72.0738	68.562	83.6611	68.1151	80.1269	69.8785	1          	-2.9819e-06	8.02678e-06	0.426824   	0.426412   	0.138366   	0.17022    	0.426413   	1.80526	
2.8e-10    	2.8        	0.809844   	0.00118676 	0.586592   	0.708467   	0.690806   	-0.0047431 	0.722991   	0.71427    	0.140179   	0.00241475 	-0.99011   	0.94437    	0.19039    	-0.00228568	0.981693   	0.906889   	0.803351   	-0.00126049	-0.595455  	0.71432    	0.698163   	0.00484586 	-0.715876  	0.649378   	0.903105   	-0.00390243	0.429279   	0.547049   	0.301674   	0.00204438 	-0.953392  	0.837401   	0.62526    	0.000454879	0.780374   	0.723348   	0.492721   	0.000867396	-0.870159  	0.756378   	0.995482   	0.0012793  	-0.0943962 	0.496369   	0.426587   	-0.00170133	0.904421   	0.779466   	0.558824   	0.00231482 	-0.829259  	0.737543   	0.362155   	-0.00234396	0.932095   	0.809173   	0.961692   	0.0007092  	-0.273944  	0.513083   	1.1691     	8.94913    	0.569257   	0.772125   	1.07925    	6.99209    	0.510759   	0.596638   	2.04744    	5.46013    	0.131052   	0.0663807  	2.43043    	4.24507    	0.175956   	0.104181   	0.901305   	9.04059    	0.544144   	0.637431   	1.59782    	7.88994    	0.418992   	0.877496   	1.25772    	9.52365    	0.45947    	0.999665   	1.97778    	5.46822    	0.22045    	0.231186   	1.56358    	9.78667    	0.483539   	0.691295   	1.87967    	7.18913    	0.366405   	0.451651   	1.32859    	7.66967    	0.50634    	1.31576    	2.05701    	6.28784    	0.325359   	0.397081   	1.37321    	5.72711    	0.404692   	0.499876   	1.75886    	5.96082    	0.314479   	0.29726    	1.23552    	8.2042     	0.457265   	1.16575    	54.3924	50.8634	78.955	101.651	49.3543	68.0714	57.8131	81.3635	69.8126	81.0719	59.3412	87.6463	63.1891	76.324	53.4876	1          	-8.1344e-06	-4.4562e-06	0.399756   	0.41003    	0.141821   	0.157924   	0.410026   	1.74159	
2.9e-10    	2.6        	0.798672   	-0.00125317	0.601663   	0.694961   	0.673868   	0.000431744	0.738769   	0.702246   	0.095376   	0.000562448	-0.995428  	0.944084   	0.149924   	-0.000509952	0.988684   	0.9045     	0.793476   	0.000248895	-0.608495  	0.701445   	0.673938   	0.000654563	-0.738676  	0.632782   	0.893285   	-0.000233029	0.449288   	0.525142   	0.265216   	0.00129959 	-0.964168  	0.831555   	0.602627   	-0.00152446	0.797965   	0.710153   	0.463669   	0.00142049 	-0.885974  	0.745906   	0.994909   	-0.00189468	-0.0998594 	0.471505   	0.393566   	-0.000128788	0.919269   	0.769989   	0.533867   	0.000648234	-0.84551   	0.726303   	0.327207   	-0.00105238	0.944933   	0.801264   	0.957217   	0.000887788	-0.289025  	0.488208   	0.99024    	18.6295    	0.420166   	0.703031   	1.06504    	18.6418    	0.385447   	0.622635   	1.91983    	5.5474     	0.0910609  	0.0638144  	2.07391    	4.79045    	0.117963   	0.0908342  	1.06655    	19.6963    	0.47714    	0.716904   	1.38606    	20.2624    	0.410858   	0.736282   	1.0726     	15.5162    	0.417078   	0.82806    	1.72574    	7.00946    	0.172799   	0.201287   	1.16539    	13.8049    	0.360051   	0.526234   	1.18261    	9.46064    	0.27298    	0.361535   	1.03932    	12.5066    	0.38431    	1.02983    	1.41722    	8.25405    	0.253555   	0.301669   	1.24209    	15.6871    	0.337197   	0.452509   	1.39678    	6.25012    	0.221033   	0.23709    	1.24511    	14.8408    	0.368424   	1.13759    	45.244	48.3088	69.0267	74.0222	47.4302	54.8168	45.6569	66.6106	47.8196	50.4615	46.0969	61.1097	50.4657	55.4779	51.4517	1          	1.60278e-05	-2.33897e-05	0.372654   	0.400989   	0.141991   	0.162816   	0.40099    	1.73045	
3e-10      	2.4        	0.786982   	-0.018892  	0.616507   	0.679374   	0.655544   	0.0145907  	0.754907   	0.688641   	0.053821   	0.0027305  	-0.998521  	0.942962   	0.110698   	0.000796462	0.993834   	0.901583   	0.783547   	0.0208689  	-0.620883  	0.688664   	0.646989   	-0.024602  	-0.761996  	0.614886   	0.88188    	0.0305825  	0.470084   	0.50325    	0.228433   	-0.00430968	-0.973517  	0.825446   	0.579182   	-0.0166718 	0.814967   	0.696937   	0.433242   	0.0115546  	-0.90116   	0.734942   	0.993619   	-0.0276178 	-0.105624  	0.446971   	0.360174   	0.00447615 	0.932797   	0.7606     	0.50751    	-0.00617324	-0.861522  	0.714357   	0.293735   	-0.00738013	0.955808   	0.793455   	0.951681   	0.0233974  	-0.30501   	0.462376   	1.19531    	32.2946    	0.463113   	0.806149   	1.47198    	23.935     	0.382967   	0.675721   	2.31407    	12.2267    	0.119552   	0.104738   	2.04431    	8.28257    	0.133012   	0.118499   	1.02558    	18.0898    	0.480288   	0.712603   	1.71669    	18.4524    	0.328868   	0.781134   	1.42964    	29.7447    	0.411315   	1.10648    	1.81679    	12.3974    	0.210919   	0.205827   	1.50298    	14.285     	0.383058   	0.608799   	1.5661     	11.9671    	0.312612   	0.384694   	1.54796    	51.0182    	0.399346   	1.3157     	1.55435    	25.59      	0.258898   	0.331418   	1.50629    	27.5611    	0.326838   	0.528494   	1.99533    	17.5607    	0.236832   	0.246373   	1.66149    	49.245     	0.375608   	1.34433    	46.7832	53.2759	77.4413	69.0409	40.1639	58.0638	52.893	60.6489	52.1575	56.1738	55.1802	54.0073	51.3369	66.2933	55.3998	1          	1.38422e-05	-1.92429e-05	0.345482   	0.404697   	0.141381   	0.159786   	0.404694   	1.84439	
3.1e-10    	2.2        	0.76289    	-0.138975  	0.630782   	0.653006   	0.627702   	0.115867   	0.769474   	0.669566   	0.0357202  	0.0118414  	-0.999213  	0.930722   	0.094909   	0.0233528  	0.995084   	0.890464   	0.761205   	0.0912659  	-0.641218  	0.662386   	0.612591   	-0.138204  	-0.777762  	0.593112   	0.854652   	0.189447   	0.482237   	0.482195   	0.208074   	-0.0627671 	-0.975899  	0.815645   	0.546321   	-0.0543803 	0.83523    	0.675788   	0.406946   	0.0372367  	-0.912435  	0.720977   	0.963211   	-0.241695  	-0.110912  	0.426122   	0.330225   	0.0946455  	0.938863   	0.750739   	0.473032   	-0.110654  	-0.873806  	0.700478   	0.279706   	-0.029027  	0.959525   	0.782568   	0.917809   	0.240159   	-0.313357  	0.436394   	11.08      	108.775    	4.58418    	13.5258    	12.3304    	63.8825    	1.82281    	8.90443    	28.6647    	14.2723    	8.9586     	8.08434    	25.1689    	37.2627    	6.98173    	4.36407    	19.7142    	152.424    	1.52111    	20.5964    	3.98137    	82.0262    	3.48869    	7.5998     	2.45283    	84.5046    	2.65308    	5.07829    	13.7383    	65.6656    	4.6424     	1.04559    	15.2863    	136.543    	1.09231    	10.333     	4.19947    	76.0256    	0.9961     	2.17949    	3.15725    	86.6065    	0.79518    	2.87379    	2.42017    	92.7553    	1.4701     	0.509855   	11.0236    	62.978     	0.769905   	2.05196    	11.7907    	32.3102    	3.16814    	0.950688   	5.26154    	102.374    	2.16045    	1.68361    	206.547	223.135	671.407	619.448	356.101	79.5084	64.7619	354.678	285.555	87.8475	81.1972	84.6782	211.178	311.633	119.815	1          	1.08485e-05	-6.19371e-06	0.317151   	1.54554    	0.14534    	0.156799   	1.54555    	3.17762	
3.2e-10    	2          	0.73683    	-0.166191  	0.655227   	0.607657   	0.593573   	0.142729   	0.79196    	0.639342   	0.0399628  	0.00664421 	-0.999145  	0.908394   	0.0972963  	0.043291   	0.994294   	0.873341   	0.732869   	0.0635203  	-0.677326  	0.620373   	0.580561   	-0.140341  	-0.801971  	0.558464   	0.835069   	0.227159   	0.500884   	0.448684   	0.204468   	-0.101152  	-0.973607  	0.80319    	0.502274   	-0.0229833 	0.864358   	0.64583    	0.369095   	0.0134864  	-0.929263  	0.702633   	0.937183   	-0.330885  	-0.109054  	0.404736   	0.304071   	0.155796   	0.939785   	0.741384   	0.42121    	-0.172069  	-0.890445  	0.684036   	0.274859   	-0.0164359 	0.961315   	0.770154   	0.88709    	0.337181   	-0.314719  	0.40979    	8.26566    	11.9048    	1.97132    	5.24393    	5.134      	9.18629    	1.50585    	2.65059    	13.1038    	4.7234     	2.71849    	2.41546    	5.59064    	3.38483    	1.48723    	1.06572    	6.10653    	8.63181    	1.07811    	3.72036    	3.08551    	6.98574    	1.73096    	2.13407    	3.73465    	8.85361    	1.22597    	2.46867    	4.18902    	5.67345    	1.36906    	0.694415   	4.23536    	6.94834    	1.19082    	1.92961    	4.06003    	5.71603    	0.785845   	1.29051    	3.13063    	15.0658    	0.939246   	2.87036    	3.87883    	8.36999    	1.15095    	0.617923   	3.10689    	9.30561    	1.0775     	1.16681    	4.83211    	5.2471     	1.17873    	0.591285   	4.19803    	14.535     	1.49071    	2.24236    	145.977	104.979	268.286	125.553	107.978	71.9396	80.0525	95.8333	85.3708	88.1057	67.8671	94.478	65.7607	109.438	84.6516	1          	-3.54676e-05	2.38232e-05	0.287874   	0.723052   	0.140635   	0.158786   	0.72305    	1.92753	
3.3e-10    	1.8        	0.7061     	-0.190625  	0.681901   	0.564371   	0.558531   	0.17321    	0.811139   	0.616972   	0.0374428  	-0.00359965	-0.999263  	0.889277   	0.0979032  	0.0612478  	0.993278   	0.859331   	0.687901   	0.0576046  	-0.723428  	0.579053   	0.552744   	-0.16499   	-0.816768  	0.531723   	0.791106   	0.30897    	0.527716   	0.420208   	0.192803   	-0.126384  	-0.97304   	0.794553   	0.46535    	-0.0356101 	0.884362   	0.624638   	0.334982   	0.0295641  	-0.941712  	0.689216   	0.882515   	-0.456682  	-0.110273  	0.387613   	0.2773     	0.197969   	0.940138   	0.734923   	0.373989   	-0.220804  	-0.900721  	0.673129   	0.26142    	-0.0129741 	0.965116   	0.760443   	0.841335   	0.43396    	-0.321825  	0.387548   	7.10132    	5.83428    	2.92179    	6.0051     	5.19782    	6.99614    	1.50594    	1.95656    	8.92392    	5.81829    	2.06055    	1.87694    	8.41092    	5.83626    	1.49818    	1.00335    	13.9727    	4.73088    	1.16711    	6.25697    	5.79855    	7.82701    	2.69516    	3.3657     	4.85412    	7.73296    	1.67955    	2.58597    	4.6642     	4.48905    	1.01309    	0.62953    	5.40892    	5.47608    	1.51583    	1.80161    	4.5572     	9.11984    	1.13417    	0.852087   	5.437      	17.9948    	1.57614    	3.39837    	3.58857    	5.65401    	0.990181   	0.822942   	3.35783    	7.93532    	1.20506    	1.09008    	3.25449    	4.16884    	0.932834   	0.61583    	3.66543    	11.1272    	1.6198     	3.70789    	109.952	84.6161	147.39	154.323	209.313	103.762	88.9458	88.3268	92.0107	89.0422	95.4428	73.0448	60.884	65.7534	66.2111	1          	1.19539e-05	2.8854e-05 	0.258829   	0.595583   	0.145874   	0.162087   	0.595573   	1.81703	
3.4e-10    	1.6        	0.668307   	-0.214842  	0.712126   	0.522358   	0.517757   	0.203471   	0.830924   	0.595447   	0.0366843  	-0.0150162 	-0.999187  	0.871001   	0.0950889  	0.0737968  	0.992699   	0.846841   	0.632588   	0.0610965  	-0.771967  	0.54208    	0.522981   	-0.19242   	-0.830254  	0.507693   	0.740954   	0.375734   	0.556429   	0.392623   	0.177133   	-0.139021  	-0.974297  	0.787125   	0.426387   	-0.0498849 	0.90312    	0.608183   	0.297439   	0.0407746  	-0.953836  	0.678489   	0.827918   	-0.549548  	-0.110956  	0.366071   	0.253008   	0.221287   	0.941787   	0.72893    	0.322724   	-0.252395  	-0.91218   	0.66479    	0.2438     	-0.00629059	0.969771   	0.752561   	0.79952    	0.501794   	-0.329679  	0.365075   	5.90359    	3.35557    	3.74813    	5.50206    	6.14038    	4.28673    	2.4452     	2.21169    	8.10992    	4.84314    	2.25506    	2.03747    	8.88495    	4.78749    	2.36415    	1.72409    	14.8231    	4.84293    	2.40894    	6.13835    	5.32139    	5.78596    	3.86742    	3.02964    	4.93975    	5.74667    	2.62372    	3.48528    	3.63771    	4.36046    	1.34797    	0.995795   	5.04552    	4.28874    	1.78138    	1.47993    	5.73679    	3.62471    	1.79234    	1.67173    	5.42926    	5.54028    	2.49945    	3.25357    	4.00694    	5.21649    	1.63074    	1.18958    	4.78604    	5.21947    	1.78589    	1.35646    	5.8421     	5.65631    	1.4844     	0.928898   	4.8728     	7.30246    	2.62079    	2.63816    	80.7349	85.109	109.64	117.651	179.919	80.6268	70.1889	60.3323	76.5138	88.3747	81.3512	67.1679	75.0594	90.4877	72.7143	0.999999   	-3.17146e-06	-7.41711e-05	0.229814   	0.52749    	0.141811   	0.164093   	0.527494   	1.72687	
3.5e-10    	1.4        	0.637053   	-0.256604  	0.726515   	0.491747   	0.463044   	0.234756   	0.854587   	0.575316   	0.0266219  	-0.0161428 	-0.999451  	0.853476   	0.120925   	0.0731875  	0.989631   	0.818109   	0.555798   	0.125361   	-0.820691  	0.481982   	0.480385   	-0.245961  	-0.841688  	0.489462   	0.672243   	0.459637   	0.579846   	0.371329   	0.159098   	-0.139185  	-0.977364  	0.779698   	0.384861   	-0.0916207 	0.918191   	0.596027   	0.269567   	0.0611718  	-0.960728  	0.666511   	0.749968   	-0.6447    	-0.140185  	0.341334   	0.228603   	0.230696   	0.945723   	0.72426    	0.277619   	-0.270464  	-0.921779  	0.658911   	0.230063   	-0.00856223	0.973082   	0.744507   	0.740496   	0.581147   	-0.336563  	0.336313   	14.6013    	30.4146    	3.91829    	10.3736    	7.32101    	10.6688    	2.28015    	3.11277    	10.7419    	19.5557    	2.42655    	2.47132    	89.4221    	38.8229    	71.8154    	59.1719    	87.5176    	93.8973    	112.643    	155.765    	5.85298    	17.0227    	6.78137    	6.91233    	8.98364    	20.5506    	4.56528    	7.35678    	4.54657    	10.0618    	2.04095    	2.05105    	11.1019    	35.7974    	3.47421    	3.02414    	55.3253    	5.47379    	39.574     	16.4611    	46.8406    	23.4142    	51.2157    	40.3732    	4.56569    	16.0776    	2.90413    	1.84732    	5.96972    	7.95898    	1.87245    	1.75695    	8.87693    	9.5144     	3.35279    	2.10883    	11.7178    	12.4858    	4.72499    	4.88789    	169.788	76.3216	161.086	516.942	566.016	71.1913	123.177	69.837	148.802	359.021	306.542	52.0857	77.6771	102.548	112.423	0.999999   	0.000139269	-0.000161447	0.200781   	0.494034   	0.147909   	0.162679   	0.494029   	2.18869	
3.6e-10    	1.2        	0.59299    	-0.316912  	0.739825   	0.469566   	0.377382   	0.316121   	0.86866    	0.537033   	0.0420396  	-0.0301416 	-0.99837   	0.820367   	0.147585   	0.088699   	0.984881   	0.789646   	0.449635   	0.224363   	-0.863147  	0.42196    	0.426119   	-0.335     	-0.838985  	0.488081   	0.57659    	0.533154   	0.617167   	0.348644   	0.126035   	-0.155674  	-0.979637  	0.780417   	0.36678    	-0.096765  	0.924982   	0.595033   	0.199746   	0.0118574  	-0.978935  	0.670969   	0.775319   	-0.60721   	-0.14691   	0.319618   	0.179845   	0.237235   	0.954483   	0.73001    	0.254022   	-0.28435   	-0.924121  	0.664162   	0.214358   	0.00923828 	0.976609   	0.736888   	0.658874   	0.666344   	-0.346907  	0.288649   	8.62193    	26.5607    	35.1597    	28.4233    	76.1227    	159.329    	136.483    	82.4597    	67.794     	52.9925    	56.6053    	49.9559    	29.3515    	31.1441    	30.8908    	18.8017    	85.5039    	72.998     	31.7815    	48.1477    	29.8902    	177.965    	4.7457     	36.9906    	61.9759    	32.4123    	9.41375    	9.52764    	6.9306     	30.1574    	3.52752    	2.75688    	66.2344    	4.4049     	5.4455     	17.247     	127.93     	54.4855    	126.821    	73.7457    	264.62     	13.1273    	86.0158    	89.0613    	36.9399    	17.6521    	11.3999    	8.02968    	45.1513    	41.1094    	7.89769    	6.32205    	5.83626    	28.4219    	3.52106    	2.8705     	38.9846    	4.5155     	10.6688    	12.8505    	80.8649	409.34	277.844	120.016	359.124	249.692	511.571	70.2201	624.529	526.725	1254.6	282.184	360.793	61.3119	303.87	0.999999   	8.20476e-05	-3.02178e-05	0.171885   	0.45634    	0.146673   	0.168446   	0.456355   	2.38668	
3.7e-10    	1          	0.548616   	-0.346957  	0.759596   	0.473748   	0.299225   	0.388785   	0.871061   	0.530225   	0.0144499  	-0.0520108 	-0.998444  	0.82328    	0.145812   	0.108779   	0.983269   	0.799502   	0.274536   	0.29805    	-0.913651  	0.389652   	0.392892   	-0.397699  	-0.828939  	0.518653   	0.362753   	0.654738   	0.661581   	0.336363   	0.102192   	-0.158633  	-0.981986  	0.798645   	0.374426   	-0.141984  	0.916018   	0.615654   	0.0464468  	0.0545442  	-0.996962  	0.730255   	0.823286   	-0.55553   	-0.10409   	0.403511   	0.0775133  	0.222801   	0.971387   	0.787652   	0.217932   	-0.293319  	-0.930648  	0.695769   	0.241025   	-0.00651453	0.96977    	0.742278   	0.402862   	0.861901   	-0.271181  	0.250771   	79.5646    	36.9523    	21.009     	18.1903    	19.361     	20.4055    	83.21      	71.922     	30.7246    	10.4916    	17.4404    	16.1332    	7.28002    	12.939     	17.708     	19.615     	48.6245    	9.28728    	42.779     	49.9483    	34.1162    	27.8857    	124.233    	157.599    	31.1137    	32.577     	64.2519    	54.6624    	7.75221    	7.09019    	35.5055    	30.8533    	20.8272    	48.464     	5.18589    	6.68588    	59.7324    	98.1672    	36.6855    	35.7472    	194.218    	35.2971    	114.533    	198.833    	40.9052    	57.0053    	165.918    	113.693    	12.6627    	9.10334    	131.27     	96.0986    	163.11     	53.0848    	47.8043    	14.5962    	107.111    	33.882     	313.777    	28.8859    	203.19	99.5658	88.2651	135.168	515.069	186.922	274.718	111.938	97.6971	274.765	443.792	55.5233	50.0501	677.826	828.854	0.999998   	0.000129089	1.14599e-05	0.143347   	0.460137   	0.164919   	0.159308   	0.460144   	2.95774	
3.8e-10    	0.8        	0.616589   	-0.391351  	0.681189   	0.486146   	0.144828   	0.398981   	0.904523   	0.539154   	-0.0416792 	-0.0309379 	-0.99812   	0.818288   	0.194564   	0.094957   	0.975425   	0.782094   	-0.0866291 	0.413049   	-0.896507  	0.363746   	0.409365   	-0.421213  	-0.808249  	0.541451   	0.0874259  	0.689137   	0.715448   	0.341128   	0.0734061  	-0.135026  	-0.987784  	0.802271   	0.42032    	-0.192614  	0.885174   	0.622989   	-0.0825776 	0.101156   	-0.989918  	0.751192   	0.851662   	-0.505392  	-0.13188   	0.450785   	0.0236294  	0.176593   	0.983472   	0.808681   	0.189423   	-0.259166  	-0.946694  	0.711582   	0.317682   	-0.0505175 	0.945502   	0.732525   	-0.0763631 	0.985813   	-0.0704688 	0.230848   	241.919    	171.094    	7.54777    	216.296    	157.513    	11.8234    	15.1308    	26.9546    	14.2669    	215.604    	5.05986    	5.84113    	105.984    	208.565    	59.5523    	45.1846    	474.664    	316.916    	29.9491    	37.4485    	157.373    	20.7422    	9.77777    	24.1344    	189.292    	20.8613    	4.14628    	4.48912    	6.94084    	133.986    	2.21242    	5.94415    	154.856    	250.012    	1.97202    	67.6583    	244.436    	377.982    	96.9604    	169.017    	608.548    	83.2427    	26.913     	602.071    	91.5895    	110.122    	32.2714    	13.9808    	59.289     	58.3722    	2.65555    	2.2002     	108.932    	329.298    	10.1171    	5.6403     	309.535    	119.218    	9.31346    	141.969    	815.833	447.316	97.2732	168.181	942.277	424.223	671.412	40.576	620.249	509.393	1231.35	202.328	217.976	370.79	1024.84	0.999998   	0.000392536	0.000230206	0.115029   	0.513447   	0.148395   	0.158032   	0.513442   	2.43945	
3.9e-10    	0.6        	0.662836   	-0.488823  	0.566751   	0.533029   	-0.0885409 	0.372207   	0.923113   	0.561869   	-0.0558622 	0.0592443  	-0.996538  	0.818799   	0.158764   	0.000701505	0.987045   	0.789919   	-0.342349  	0.508645   	-0.789848  	0.457576   	0.511211   	-0.416881  	-0.750581  	0.561082   	-0.276983  	0.700889   	0.655408   	0.371926   	0.0951628  	-0.0763694 	-0.992375  	0.796785   	0.447085   	-0.299938  	0.842534   	0.653913   	-0.17126   	0.20811    	-0.962895  	0.775589   	0.842562   	-0.522581  	-0.129514  	0.518425   	-0.0615392 	0.126647   	0.989878   	0.815896   	0.248124   	-0.226926  	-0.941389  	0.708396   	0.311921   	-0.152851  	0.937624   	0.75398    	-0.461272  	0.878035   	-0.11962   	0.321244   	51.5757    	35.1431    	6.01015    	47.6676    	141.514    	11.226     	15.2596    	17.3589    	24.2826    	36.8836    	3.70509    	3.97953    	65.5281    	32.2581    	22.3941    	12.3279    	24.0546    	36.3058    	67.1076    	113.115    	151.416    	7.56422    	12.7206    	19.8748    	111.9      	12.6535    	3.8984     	19.1734    	49.048     	12.9045    	1.02001    	1.00123    	13.1636    	38.9482    	3.27416    	15.6087    	4.97686    	34.7282    	4.31803    	6.63952    	63.6581    	8.94562    	7.65031    	60.852     	49.054     	18.2524    	5.89417    	5.63585    	101.98     	9.21268    	8.5965     	2.38984    	4.18759    	34.2515    	6.89853    	7.95844    	86.7087    	26.1968    	29.8831    	78.5935    	73.166	332.081	126.517	49.7938	75.7928	193.371	315.351	130.572	48.9256	25.1627	108.577	98.8325	160.469	24.1183	221.379	0.999996   	-0.000265205	0.000597242	0.0862909  	0.55929    	0.140342   	0.155738   	0.559304   	1.68883	
4e-10      	0.4        	0.640478   	-0.546443  	0.539268   	0.534286   	-0.211908  	0.308071   	0.927255   	0.583741   	-0.0585722 	0.126405   	-0.990066  	0.83268    	0.0957264  	-0.066779  	0.992962   	0.820207   	-0.387125  	0.52627    	-0.756738  	0.530486   	0.528333   	-0.396264  	-0.750675  	0.556956   	-0.434049  	0.656526   	0.616601   	0.397749   	0.0920232  	-0.0192094 	-0.99544   	0.800389   	0.415392   	-0.366277  	0.832411   	0.66804    	-0.202024  	0.273826   	-0.940137  	0.765344   	0.802838   	-0.573205  	-0.163041  	0.484441   	-0.0871184 	0.0790412  	0.992923   	0.798804   	0.260285   	-0.181528  	-0.948146  	0.701072   	0.25935    	-0.211942  	0.942048   	0.774904   	-0.560212  	0.809253   	-0.174991  	0.368831   	10.1763    	26.2962    	10.8982    	12.5911    	16.1377    	24.9216    	11.8702    	10.6607    	26.4539    	55.8716    	2.70482    	4.51111    	32.4815    	54.5119    	8.77659    	8.56408    	12.3107    	43.9956    	31.1357    	40.1805    	14.3921    	12.1003    	12.6443    	6.56683    	7.3401     	6.85733    	14.0399    	8.89837    	17.8221    	36.3172    	3.05785    	2.94111    	12.2043    	43.4658    	9.35038    	10.0491    	25.0797    	38.023     	9.26931    	6.87764    	8.98847    	5.91637    	15.8191    	7.59582    	21.2369    	34.8469    	4.10124    	5.03855    	24.1864    	25.2408    	5.95652    	4.72458    	24.7456    	44.1427    	8.89062    	7.45812    	8.63318    	12.383     	21.9673    	14.5186    	24.5967	41.2936	49.3102	24.0818	34.6033	21.6129	34.5867	49.255	25.8327	64.7219	23.9247	34.1028	30.5442	24.8037	27.8181	0.99999    	-0.000161803	-0.000272644	0.0571497  	0.56744    	0.14022    	0.164679   	0.567711   	1.59005	
4.1e-10    	0.2        	0.611855   	-0.577435  	0.540273   	0.530169   	-0.303665  	0.266277   	0.914519   	0.61194    	-0.0625707 	0.156583   	-0.985637  	0.850604   	0.0356348  	-0.0921871 	0.995018   	0.851161   	-0.415036  	0.511997   	-0.751969  	0.58498    	0.530231   	-0.386221  	-0.754364  	0.553588   	-0.554171  	0.599032   	0.577026   	0.433952   	0.0894077  	0.013715   	-0.995795  	0.820699   	0.375943   	-0.395593  	0.837892   	0.687443   	-0.215595  	0.303617   	-0.928028  	0.77309    	0.764171   	-0.624207  	-0.160358  	0.45563    	-0.127409  	0.0562491  	0.990143   	0.792453   	0.267054   	-0.155214  	-0.950913  	0.70905    	0.199701   	-0.236705  	0.950778   	0.806417   	-0.628527  	0.744663   	-0.222848  	0.416524   	43.4528    	11.9521    	10.3003    	37.7985    	62.8644    	15.2557    	19.7107    	32.457     	8.05222    	15.3851    	24.7409    	28.1092    	25.037     	15.6487    	27.1903    	28.0458    	15.8086    	15.436     	42.6972    	57.799     	66.187     	11.3204    	7.62179    	23.1443    	76.985     	8.7948     	9.4562     	28.2385    	31.4293    	17.7303    	16.6943    	20.2388    	15.5665    	14.0817    	22.5055    	35.2131    	9.80792    	16.9946    	35.9712    	43.6482    	64.3288    	9.18988    	14.9527    	41.8922    	32.2582    	16.9602    	19.5231    	24.0946    	50.2177    	15.8408    	11.1675    	19.5202    	5.17132    	23.0625    	29.8688    	34.7253    	55.8171    	11.7973    	16.677     	41.0711    	23.8122	56.8519	99.2148	66.6627	38.4603	26.0465	141.8	89.7789	23.0393	44.2209	44.9775	21.353	33.7554	58.5609	140.357	0.999961   	0.00115259 	-0.000113277	0.0284507  	0.481013   	0.146057   	0.154061   	0.481628   	1.77379	
4.2e-10    	-0         	0.570237   	-0.598444  	0.562515   	0.538638   	-0.381204  	0.264091   	0.885859   	0.639891   	-0.0714632 	0.1624     	-0.984104  	0.871029   	-0.00862175	-0.0915119 	0.995733   	0.8727     	-0.442408  	0.496427   	-0.746752  	0.628626   	0.515195   	-0.405882  	-0.754674  	0.550286   	-0.647175  	0.562153   	0.514486   	0.476079   	0.0872429  	0.0190101  	-0.995956  	0.848168   	0.330582   	-0.399436  	0.855001   	0.71657    	-0.23645   	0.312773   	-0.91986   	0.790462   	0.72389    	-0.674944  	-0.14113   	0.444017   	-0.171213  	0.0595695  	0.983379   	0.798121   	0.266897   	-0.150304  	-0.951869  	0.725814   	0.151896   	-0.235966  	0.959786   	0.842725   	-0.685078  	0.679433   	-0.261938  	0.46846    	7.2311     	10.1848    	15.6522    	7.6267     	11.6775    	12.6804    	7.03372    	5.86629    	8.45482    	5.0539     	10.9801    	10.2923    	9.68634    	7.19385    	10.1967    	10.7756    	5.79674    	9.38053    	18.069     	8.02549    	11.1665    	13.8359    	9.54623    	5.24262    	13.1623    	16.1707    	7.99979    	4.33145    	15.1652    	8.91107    	8.24792    	9.4842     	9.13894    	6.1621     	15.3191    	7.37594    	10.0257    	6.62729    	16.1033    	8.30006    	8.41503    	16.3531    	13.5435    	5.60029    	13.7755    	8.42033    	6.06299    	7.19089    	10.371     	10.3446    	5.68634    	5.90782    	6.61578    	4.53965    	12.8555    	10.7059    	8.32969    	15.0608    	13.2769    	6.3777     	26.2851	27.2926	56.8819	48.0657	19.246	37.7725	48.3789	33.5376	20.6237	35.4696	44.0377	19.693	17.2662	47.9374	34.8608	0.0344135  	-0.0118449 	0.0154271  	0.000285603	0.459135   	0.148789   	0.150433   	0.365881   	1.65548	
