#----------------------------------------------------------------------------------------------------------------------------------------------------------
# Output file for vampire simulation
#   time       : 2025-05-30 02:57:29     process id : 563095
#   hostname   : thor4.psi.ch
#   path       : /scratch/dossan_f/Na2BaMn(PO4)2/vampire_tripleUC_15mat_J2Ja_small_k0.035_Jnn0.11_Ba_highstatistics
#   version    : 6.0.0
#   githash    : 4c9651daecc86c3e6b6df0c8055fcd9e89fd900c
#----------------------------------------------------------------------------------------------------------------------------------------------------------
2e-11      	8          	0.999993   	5.57542e-06	-8.15226e-05	0.896477   	0.999993   	-7.92737e-05	3.90973e-06	0.896468   	0.999992   	2.82338e-05	4.7795e-05 	0.896466   	0.999992   	0.000126737	0.000137691	0.896519   	0.999993   	0.000227681	-3.2238e-05	0.896529   	0.999992   	-0.000297724	-0.000161948	0.896525   	0.999994   	5.96162e-05	-8.14931e-05	0.896555   	0.999992   	-3.30205e-05	0.000107181	0.896484   	0.999993   	-9.02419e-06	-1.36411e-05	0.896488   	0.999993   	1.39304e-05	-3.12336e-05	0.896495   	0.999992   	6.50121e-05	6.09214e-05	0.896519   	0.999993   	-2.93495e-05	-7.50988e-05	0.896487   	0.999994   	-3.86225e-05	0.000106678	0.896552   	0.999992   	0.000205096	-9.89692e-05	0.896489   	0.999992   	-6.22788e-05	9.09738e-07	0.896453   	12.6647    	0.347901   	0.418023   	12.6648    	12.9754    	0.362787   	0.43102    	12.9608    	13.3517    	0.389181   	0.399318   	13.3294    	13.0132    	0.385668   	0.407897   	12.9764    	12.4988    	0.37295    	0.406759   	12.4981    	13.2971    	0.400667   	0.404738   	13.2671    	12.5004    	0.34863    	0.366656   	12.5001    	13.3358    	0.410794   	0.395289   	13.3199    	13.0633    	0.382977   	0.387308   	13.0567    	12.3861    	0.353657   	0.39981    	12.3727    	13.1396    	0.377794   	0.410091   	13.1149    	13.274     	0.369861   	0.416593   	13.2714    	12.3907    	0.348322   	0.397251   	12.3875    	13.2774    	0.39794    	0.365106   	13.2343    	13.376     	0.35583    	0.398055   	13.349     	1092.3	1135.7	1182.57	1135.1	1061.54	1186.79	1069.25	1183.73	1140.79	1044.14	1161.81	1182.79	1049.08	1173.41	1190.12	1          	1.21944e-05	-7.30331e-06	0.896495   	194.066    	0.108196   	0.112569   	194.066    	16912.3	
3e-11      	7.8        	0.999993   	4.88798e-05	-9.32901e-05	0.890661   	0.999993   	-0.000213407	0.000130474	0.890676   	0.999993   	0.000149281	6.74414e-06	0.890693   	0.999993   	-7.36696e-05	0.000226843	0.890682   	0.999993   	0.00010235 	7.3466e-06 	0.890674   	0.999993   	-5.46103e-05	-0.000282429	0.890668   	0.999993   	-1.54683e-05	-0.000153855	0.890689   	0.999993   	8.60941e-05	1.79414e-05	0.890647   	0.999993   	-0.000103205	0.000115875	0.890671   	0.999993   	0.000210713	1.27517e-05	0.890684   	0.999993   	-0.000137025	0.000127305	0.890692   	0.999993   	-8.39209e-05	-0.000183496	0.890655   	0.999993   	0.000115783	-3.12711e-05	0.890679   	0.999993   	-7.67114e-05	0.000190868	0.890699   	0.999992   	-2.81499e-05	-8.63799e-05	0.890663   	0.0334988  	0.38837    	0.436663   	0.0335145  	0.0350404  	0.379033   	0.427511   	0.0350212  	0.0365256  	0.384114   	0.42711    	0.0365217  	0.0366551  	0.412015   	0.394991   	0.0366624  	0.0333807  	0.395865   	0.459995   	0.0333677  	0.0334077  	0.402118   	0.430724   	0.0334162  	0.0358674  	0.39983    	0.42503    	0.0358594  	0.0344926  	0.426187   	0.407594   	0.0344632  	0.0348437  	0.398641   	0.428602   	0.0348571  	0.0344961  	0.404158   	0.433103   	0.0345087  	0.0360644  	0.398901   	0.417547   	0.0360622  	0.0364302  	0.374653   	0.431056   	0.0364239  	0.0353676  	0.422849   	0.428276   	0.0353779  	0.0347762  	0.41328    	0.416744   	0.0348066  	0.0367132  	0.431967   	0.458948   	0.0367251  	4.52809	4.73902	4.87979	4.87732	4.48019	4.51927	4.74498	4.48188	4.60636	4.66414	4.82347	4.83167	4.84975	4.69443	5.0163	1          	-4.86795e-06	3.55447e-07	0.890669   	0.0412265  	0.114703   	0.118415   	0.0412261  	1.47998	
4e-11      	7.6        	0.999992   	9.45144e-05	-7.11083e-06	0.883715   	0.999992   	-5.20676e-05	7.8227e-05 	0.883763   	0.999992   	-0.000133046	-9.91796e-05	0.883727   	0.999992   	-6.28407e-05	0.00033615 	0.883734   	0.999993   	0.000114359	-0.000130041	0.883762   	0.999992   	-5.72831e-05	-0.000188958	0.8838     	0.999993   	7.1958e-05 	-5.30582e-05	0.883698   	0.999992   	-9.09989e-05	-6.52644e-05	0.88372    	0.999992   	-7.08336e-05	0.00016786 	0.88375    	0.999992   	0.000186463	-0.000275132	0.883723   	0.999992   	-0.0002654 	0.000117394	0.883748   	0.999992   	9.43943e-05	9.48348e-05	0.883747   	0.999992   	-0.000114817	-0.000143174	0.883781   	0.999992   	4.71398e-06	0.000199194	0.883706   	0.999992   	8.19586e-05	-3.10418e-05	0.883719   	0.0403657  	0.465912   	0.475964   	0.0403427  	0.0392095  	0.417715   	0.462262   	0.0391861  	0.0389692  	0.392785   	0.470016   	0.0389773  	0.0380574  	0.406682   	0.452658   	0.0380337  	0.039435   	0.410637   	0.437637   	0.0394066  	0.0397331  	0.415165   	0.489335   	0.0397172  	0.0394612  	0.401019   	0.452271   	0.039461   	0.0400408  	0.446505   	0.439236   	0.040048   	0.0374234  	0.421739   	0.465224   	0.0374049  	0.040148   	0.409926   	0.489851   	0.0401332  	0.0396611  	0.437092   	0.476665   	0.039637   	0.0386007  	0.410029   	0.463966   	0.0386087  	0.0389847  	0.412017   	0.483157   	0.0389983  	0.0400687  	0.423906   	0.48408    	0.0400779  	0.0412706  	0.419357   	0.457535   	0.0412717  	5.0627	4.87166	4.83797	4.8574	5.11888	5.03037	4.94771	4.99735	4.74489	5.08133	5.10924	4.9858	5.03396	5.04497	5.23902	1          	-1.32618e-05	4.53308e-08	0.883733   	0.0459884  	0.115204   	0.11764    	0.0459887  	1.47558	
5e-11      	7.4        	0.999991   	7.25318e-05	-9.35764e-05	0.876038   	0.999992   	0.000127047	0.00023975 	0.876051   	0.999991   	-0.000131595	-0.000160684	0.876032   	0.999991   	-4.02859e-05	7.32291e-05	0.876056   	0.999991   	-0.000151195	-7.80044e-05	0.876      	0.999991   	0.000214028	2.97384e-05	0.876038   	0.999991   	0.000133589	-0.000258716	0.876036   	0.999991   	-0.000148018	9.8789e-05 	0.876064   	0.999991   	5.65622e-05	4.78414e-05	0.876047   	0.999991   	9.02126e-05	0.000172033	0.876072   	0.999991   	-0.000126054	-1.84229e-05	0.876024   	0.999991   	-8.83679e-06	-0.000154837	0.876008   	0.999991   	-0.000210955	2.75516e-05	0.876027   	0.999991   	0.000189853	1.32568e-05	0.876031   	0.999991   	2.42208e-06	3.2635e-05 	0.876052   	0.0478661  	0.445682   	0.516495   	0.047879   	0.0452043  	0.428808   	0.486823   	0.0451998  	0.0454516  	0.459156   	0.545723   	0.0454454  	0.0460615  	0.432233   	0.555476   	0.0460602  	0.0462546  	0.463715   	0.531062   	0.0462314  	0.0442214  	0.455444   	0.540669   	0.0442484  	0.0472867  	0.489347   	0.556472   	0.0472443  	0.0473609  	0.438563   	0.535975   	0.0473395  	0.045155   	0.439232   	0.529523   	0.0451706  	0.0442676  	0.491199   	0.528817   	0.0442544  	0.0447438  	0.453297   	0.502948   	0.0446959  	0.0428719  	0.452363   	0.513285   	0.0428648  	0.0448598  	0.45395    	0.531313   	0.0448611  	0.0457958  	0.4781     	0.543445   	0.0458047  	0.0432787  	0.465539   	0.554446   	0.0432449  	5.533	5.2771	5.26625	5.40156	5.47356	5.26707	5.6281	5.47195	5.24904	5.04928	5.22185	5.12907	5.25538	5.32032	5.06893	1          	4.64919e-06	-1.94804e-06	0.876031   	0.0516066  	0.11435    	0.121779   	0.0516062  	1.4518	
6e-11      	7.2        	0.99999    	-4.34124e-05	9.17912e-05	0.86746    	0.99999    	-9.45059e-05	-6.81331e-05	0.867443   	0.999991   	9.92398e-05	6.23558e-06	0.867478   	0.999991   	-3.22766e-05	-0.000210226	0.867467   	0.99999    	-0.000131478	3.89015e-05	0.86748    	0.99999    	0.000177376	0.00011116 	0.867476   	0.99999    	0.000266398	-0.000136058	0.867473   	0.999991   	0.000143986	-4.95214e-05	0.867491   	0.99999    	-0.000405203	8.01638e-05	0.867447   	0.99999    	8.63634e-05	-0.000112377	0.867494   	0.999991   	7.8788e-05 	0.0003031  	0.867464   	0.999991   	-0.000206702	-0.000165174	0.86749    	0.99999    	1.00788e-05	-0.00011604	0.867422   	0.99999    	0.000111663	0.00022363 	0.867509   	0.99999    	-0.000176742	-0.000260553	0.867468   	0.0499791  	0.477896   	0.577276   	0.0500254  	0.0494519  	0.482628   	0.57227    	0.0494828  	0.0513842  	0.486102   	0.528476   	0.0513757  	0.0524836  	0.487771   	0.53769    	0.0524668  	0.0510578  	0.490257   	0.583261   	0.0510394  	0.0518993  	0.497701   	0.578853   	0.0519064  	0.0538559  	0.486061   	0.58485    	0.0539245  	0.0546364  	0.485597   	0.560523   	0.0546276  	0.0507641  	0.478674   	0.624189   	0.0507507  	0.0511679  	0.490588   	0.559264   	0.0511763  	0.05106    	0.49103    	0.549837   	0.0510727  	0.0524557  	0.460286   	0.559333   	0.0524526  	0.048232   	0.503368   	0.581329   	0.0482221  	0.0509792  	0.494012   	0.586421   	0.0510378  	0.0490015  	0.536377   	0.542334   	0.048977   	5.49059	5.29629	5.67633	5.64255	5.48266	5.58737	5.95485	5.83972	5.62898	5.59794	5.56861	5.79228	5.29417	5.63943	5.43364	1          	-7.74654e-06	-1.7534e-05	0.867463   	0.0566203  	0.120292   	0.122671   	0.0566216  	1.36755	
7e-11      	7          	0.999988   	-0.000195662	0.000151311	0.857947   	0.999989   	4.60856e-05	-6.08928e-05	0.857989   	0.999989   	9.44613e-05	-0.000108103	0.857987   	0.999988   	-0.000204109	-0.000239423	0.857938   	0.999989   	1.10471e-05	0.000393249	0.857949   	0.999989   	0.000128932	-0.000144189	0.857932   	0.999988   	0.00020718 	-0.000131758	0.857968   	0.999989   	2.90991e-05	-5.53659e-05	0.857873   	0.999989   	-0.000321041	0.000270039	0.857942   	0.999989   	-3.84215e-05	-0.000151951	0.857924   	0.999989   	-0.000182597	-5.5999e-05	0.857913   	0.999989   	0.000221018	0.000330207	0.857974   	0.999989   	-3.65668e-05	0.000354915	0.857944   	0.999989   	0.000235475	-0.00024333	0.857901   	0.99999    	-9.76555e-05	-0.000133873	0.857992   	0.0585172  	0.567073   	0.714209   	0.058506   	0.055281   	0.539056   	0.676337   	0.055294   	0.0596219  	0.54902    	0.653586   	0.0595879  	0.0586779  	0.56107    	0.681142   	0.0586684  	0.062198   	0.557491   	0.67316    	0.0622082  	0.0574277  	0.531579   	0.6362     	0.0574097  	0.0618079  	0.585741   	0.668759   	0.0617653  	0.0583599  	0.59548    	0.634476   	0.058372   	0.0593409  	0.602739   	0.606457   	0.0592999  	0.05819    	0.539009   	0.636921   	0.0582003  	0.0624963  	0.545671   	0.588682   	0.0625295  	0.056307   	0.543068   	0.608816   	0.0562739  	0.0570036  	0.54694    	0.615649   	0.0569638  	0.063324   	0.504129   	0.633229   	0.0633202  	0.0577855  	0.492423   	0.638044   	0.0577846  	6.06153	5.79253	6.08393	6.05258	6.32832	6.12154	6.22873	6.04154	6.0306	5.98115	6.35327	5.93731	5.82894	6.3958	6.02358	1          	-6.86513e-06	1.16631e-05	0.857936   	0.0676026  	0.126711   	0.124035   	0.0676013  	1.45771	
8e-11      	6.8        	0.999988   	6.99402e-05	-2.44984e-05	0.847363   	0.999988   	4.15676e-05	-2.84257e-05	0.847396   	0.999988   	-2.72305e-05	7.64669e-05	0.84738    	0.999987   	-1.21659e-05	-0.000304766	0.847379   	0.999987   	3.33241e-05	0.000218974	0.847381   	0.999987   	-1.49357e-06	2.51862e-05	0.847449   	0.999988   	5.50154e-05	9.87891e-05	0.847374   	0.999988   	-0.000303582	0.000102984	0.847403   	0.999988   	0.000204992	-0.000188944	0.847381   	0.999988   	4.708e-05  	-0.000107685	0.847376   	0.999988   	-0.000212498	0.000117536	0.847338   	0.999988   	8.75611e-05	3.85006e-05	0.847387   	0.999988   	0.000154461	-3.25747e-05	0.847362   	0.999988   	3.53973e-05	0.000144248	0.847374   	0.999987   	-0.000128964	-8.16365e-05	0.84737    	0.0670877  	0.617906   	0.675594   	0.0671841  	0.0669867  	0.574325   	0.71338    	0.0670158  	0.0623996  	0.565869   	0.728759   	0.0624043  	0.0676975  	0.625529   	0.687494   	0.0676991  	0.0689739  	0.630815   	0.686399   	0.0689661  	0.068383   	0.621171   	0.744572   	0.0684245  	0.0677888  	0.537349   	0.69777    	0.0678362  	0.0678711  	0.569578   	0.642068   	0.0678561  	0.066476   	0.574933   	0.68724    	0.0664274  	0.0626481  	0.578916   	0.654316   	0.0626228  	0.0698441  	0.614366   	0.679839   	0.0698516  	0.0635558  	0.593043   	0.682669   	0.0635287  	0.0663402  	0.598887   	0.669518   	0.066352   	0.0669971  	0.561646   	0.692696   	0.066998   	0.0667842  	0.617462   	0.717901   	0.0667964  	6.388	6.42238	5.86541	6.64202	6.57633	6.54962	6.42497	6.38957	6.43061	6.01246	6.41831	6.01515	6.38058	6.18293	6.33337	1          	2.89913e-06	3.66054e-06	0.847371   	0.0746361  	0.123543   	0.129999   	0.0746364  	1.34226	
9e-11      	6.6        	0.999985   	-0.000346921	0.000293386	0.835669   	0.999986   	0.000222374	-0.000102712	0.835616   	0.999986   	3.83413e-05	-0.000204337	0.835652   	0.999985   	-5.02329e-05	0.000317789	0.835631   	0.999985   	0.000348008	0.000227962	0.83565    	0.999986   	-0.000183906	-0.000439157	0.835656   	0.999985   	0.000256   	0.000567719	0.835561   	0.999985   	-0.000159371	-0.000110888	0.835642   	0.999984   	-0.000169775	-0.000450063	0.835666   	0.999986   	-7.86677e-05	-4.20609e-06	0.835644   	0.999985   	0.000137457	0.000100202	0.835613   	0.999985   	-6.22795e-06	-7.21201e-05	0.835646   	0.999985   	-0.000306965	0.000345946	0.835634   	0.999985   	0.000316518	-0.000259925	0.835647   	0.999986   	2.98091e-05	-2.56852e-05	0.835664   	0.0782202  	0.63951    	0.849312   	0.0782031  	0.0805239  	0.651826   	0.827443   	0.0804339  	0.0781714  	0.644362   	0.818346   	0.0781848  	0.0720128  	0.714822   	0.802549   	0.071994   	0.078162   	0.713399   	0.790331   	0.0781707  	0.0723315  	0.626648   	0.810853   	0.0723528  	0.0796319  	0.690005   	0.812467   	0.0796204  	0.0756363  	0.686722   	0.866507   	0.0755207  	0.0759868  	0.677379   	0.944439   	0.0759138  	0.0792963  	0.615538   	0.80513    	0.0792623  	0.0781066  	0.696973   	0.80166    	0.0780882  	0.0743796  	0.655731   	0.829119   	0.0743597  	0.0795922  	0.645274   	0.833234   	0.0795531  	0.0760179  	0.692626   	0.830766   	0.0760493  	0.0752288  	0.681203   	0.724254   	0.0752163  	7.17689	7.21075	6.94717	6.42776	6.90312	6.58633	7.09514	6.79433	6.74335	7.09032	6.85316	6.89527	6.75964	6.84955	6.77948	1          	3.14478e-06	1.22208e-05	0.835627   	0.0782164  	0.12684    	0.129588   	0.0782174  	1.26465	
1e-10      	6.4        	0.999983   	-0.000135512	-5.21919e-05	0.822556   	0.999982   	-0.000311945	-0.000226578	0.822548   	0.999983   	0.000485817	0.000215732	0.822654   	0.999983   	-0.00022089	0.000267082	0.822586   	0.999983   	0.000292236	9.27321e-07	0.822574   	0.999984   	-7.87692e-05	-0.000169372	0.822619   	0.999984   	0.000202627	0.000318176	0.822667   	0.999984   	-0.000125431	-0.000362151	0.822708   	0.999983   	-9.43196e-06	5.9297e-05 	0.822577   	0.999984   	4.69718e-05	0.00037941 	0.822565   	0.999983   	-0.000118153	-0.000166644	0.822583   	0.999982   	0.000119685	-0.000139546	0.8226     	0.999983   	-0.000281263	0.000263327	0.822609   	0.999983   	-0.000259806	-2.11176e-05	0.822609   	0.999983   	0.000427171	-0.00029468	0.822568   	0.0963916  	0.724339   	0.992338   	0.0963286  	0.0875907  	0.771216   	0.968339   	0.0876119  	0.0928508  	0.689176   	0.960138   	0.0928061  	0.0867436  	0.767511   	0.872194   	0.086762   	0.0874202  	0.738997   	0.925064   	0.0874124  	0.090981   	0.729796   	0.894458   	0.0909075  	0.0860094  	0.778856   	0.845825   	0.0859943  	0.0877219  	0.75393    	0.846734   	0.0877195  	0.0897248  	0.755192   	0.922941   	0.0896765  	0.0856607  	0.709882   	0.895347   	0.0856776  	0.0886943  	0.814027   	0.912577   	0.0887192  	0.0896134  	0.862707   	0.894632   	0.0896481  	0.0874656  	0.813561   	0.827844   	0.0873916  	0.0876129  	0.734562   	0.966783   	0.0876324  	0.0890753  	0.759289   	0.951096   	0.0890617  	7.90374	7.34471	7.55034	7.07884	7.14639	7.2855	7.10273	7.33887	7.24714	6.84167	7.40704	7.12847	7.41803	7.05387	7.32442	1          	2.25946e-06	4.79265e-06	0.822588   	0.099916   	0.12639    	0.133589   	0.0999164  	1.28826	
1.1e-10    	6.2        	0.99998    	-0.000152453	-3.71945e-05	0.808092   	0.99998    	0.000184363	-8.08342e-05	0.808214   	0.99998    	-6.39085e-05	0.000140536	0.808254   	0.999979   	-0.000196861	-0.000335385	0.808132   	0.99998    	0.000246086	-0.000685289	0.808211   	0.99998    	1.7782e-05 	0.000934006	0.808162   	0.999979   	-0.00026769	-0.000112719	0.808159   	0.999981   	4.20463e-05	7.78332e-05	0.80821    	0.99998    	0.00020865 	6.07886e-05	0.808194   	0.99998    	-0.000384419	0.000195348	0.808144   	0.999981   	6.38904e-05	-5.76222e-05	0.808269   	0.99998    	0.000263312	-0.000124045	0.808196   	0.99998    	0.000190931	7.82548e-05	0.808178   	0.99998    	-0.000289802	0.000100712	0.808173   	0.999978   	0.000126358	-0.000251874	0.808283   	0.0982302  	0.820985   	1.04794    	0.0981729  	0.107128   	0.857481   	1.0107     	0.107107   	0.102827   	0.820221   	1.08437    	0.102982   	0.110352   	0.900689   	1.07744    	0.110434   	0.104961   	0.880798   	0.973042   	0.105026   	0.101196   	0.844673   	1.01824    	0.101201   	0.0987567  	0.818149   	1.14529    	0.0987476  	0.100497   	0.748939   	1.02721    	0.100502   	0.102949   	0.840199   	1.03727    	0.102944   	0.107748   	0.895684   	1.0531     	0.107851   	0.0967198  	0.816736   	1.03097    	0.0967248  	0.107905   	0.864176   	1.03152    	0.107868   	0.103091   	0.79861    	1.11792    	0.103141   	0.106583   	0.840083   	1.05454    	0.106554   	0.100731   	0.897143   	1.15999    	0.10075    	7.62878	7.93231	7.93197	8.48481	8.06027	7.89839	7.72482	7.6917	7.68355	8.15703	7.42602	8.29964	8.0879	8.08967	7.97275	1          	-7.25008e-07	-6.51972e-06	0.808175   	0.108396   	0.128395   	0.132989   	0.108396   	1.22783	
1.2e-10    	6          	0.999977   	0.000103977	-0.000561204	0.792407   	0.999976   	9.50054e-06	0.000392082	0.792394   	0.999976   	-0.000124028	0.000207051	0.792362   	0.999976   	-0.000292021	-8.08014e-05	0.792342   	0.999977   	0.000240957	0.000193783	0.792316   	0.999977   	3.13156e-06	-7.03376e-05	0.792406   	0.999977   	0.000353226	0.00023699 	0.792368   	0.999976   	-0.000266883	-0.000164123	0.792425   	0.999977   	-7.71876e-05	-9.58006e-05	0.792389   	0.999977   	-5.84525e-05	-0.000239812	0.792356   	0.999975   	0.000293734	-4.76888e-05	0.792356   	0.999976   	-0.000220376	0.000267536	0.792408   	0.999977   	0.000328287	-0.000569194	0.79236    	0.999978   	-0.000249871	0.000339064	0.7923     	0.999977   	-4.31079e-05	0.000260773	0.792455   	0.124322   	0.937968   	1.1665     	0.124363   	0.12229    	0.932108   	1.27769    	0.12232    	0.122021   	0.949927   	1.27932    	0.122021   	0.114623   	0.940321   	1.24668    	0.114541   	0.124301   	0.912986   	1.23069    	0.124172   	0.120361   	0.916027   	1.19755    	0.120348   	0.120944   	0.920964   	1.15728    	0.121      	0.116826   	0.975147   	1.23772    	0.116628   	0.114737   	0.967137   	1.15541    	0.114715   	0.119115   	0.90286    	1.23581    	0.119105   	0.125133   	1.03457    	1.24773    	0.125171   	0.122432   	1.00611    	1.20179    	0.122456   	0.120573   	0.971281   	1.14188    	0.120623   	0.120221   	0.834095   	1.22027    	0.120422   	0.119383   	0.963983   	1.11091    	0.119157   	8.75042	8.81372	8.82824	8.46093	8.8338	8.53962	8.66521	8.7283	8.36487	8.47729	8.76964	8.69615	8.69052	8.5665	8.56411	1          	7.10453e-08	4.54909e-06	0.792358   	0.121659   	0.130878   	0.138972   	0.121659   	1.19752	
1.3e-10    	5.8        	0.999971   	-0.000112587	0.000930471	0.775037   	0.99997    	-8.26887e-06	-0.0008588 	0.775083   	0.999972   	8.03632e-05	-5.77374e-05	0.775142   	0.999972   	-0.000150532	0.000238707	0.775153   	0.99997    	1.08283e-05	1.65626e-05	0.775143   	0.999973   	0.000176993	-0.000281248	0.775003   	0.999973   	-0.000237509	-5.85873e-05	0.775098   	0.999971   	-0.000169612	-0.000103767	0.775084   	0.999971   	0.000360312	0.000258395	0.77508    	0.999973   	-0.000412162	0.00028943 	0.775048   	0.999971   	0.000740894	0.000132979	0.775044   	0.999973   	-0.000342588	-0.000285977	0.775067   	0.999971   	0.000421535	1.6646e-05 	0.775011   	0.999975   	5.7009e-06 	0.000235171	0.775088   	0.999972   	-0.000372532	-0.00029565	0.775051   	0.148404   	1.10704    	1.41796    	0.14833    	0.139735   	1.10343    	1.52459    	0.14005    	0.140441   	1.12516    	1.31768    	0.140364   	0.143697   	1.02744    	1.45027    	0.143775   	0.140387   	1.13355    	1.526      	0.14052    	0.142558   	1.0518     	1.35419    	0.142535   	0.158822   	1.04957    	1.36409    	0.158818   	0.142635   	1.01193    	1.51029    	0.142676   	0.153911   	1.08623    	1.45893    	0.154064   	0.138329   	0.985069   	1.41248    	0.13814    	0.147216   	1.10402    	1.41366    	0.147104   	0.142699   	1.02437    	1.33155    	0.142616   	0.141432   	1.0055     	1.5466     	0.141369   	0.134755   	0.97012    	1.26039    	0.134699   	0.144145   	1.03098    	1.43995    	0.144218   	9.63942	9.53487	9.55082	9.29612	9.23502	9.50835	10.6178	9.80851	10.4716	9.15296	9.56798	9.41755	9.36223	9.02035	9.66445	1          	-6.70584e-07	1.18493e-05	0.775054   	0.133198   	0.136616   	0.137035   	0.133199   	1.13986	
1.4e-10    	5.6        	0.999967   	6.87385e-05	0.000351123	0.756287   	0.999968   	-0.000215626	-0.000517758	0.756231   	0.999969   	9.20203e-05	0.0001334  	0.756264   	0.999966   	-1.55758e-05	0.000502197	0.7562     	0.999964   	-9.12148e-05	-0.000463148	0.756269   	0.999965   	6.79504e-05	1.63201e-05	0.7563     	0.999968   	0.000417305	0.000138956	0.756288   	0.999965   	2.27422e-05	-3.06269e-05	0.756198   	0.999966   	-0.000358001	-0.000112285	0.756348   	0.999966   	0.000102634	-0.000138568	0.756262   	0.999965   	0.000202745	-3.55853e-05	0.756264   	0.999963   	-0.000355201	0.000246696	0.756217   	0.99996    	-0.0001941 	-0.000117654	0.756334   	0.999965   	-0.000254231	0.000204444	0.756302   	0.99996    	0.000465124	-0.000154782	0.756224   	0.163021   	1.26068    	1.4597     	0.162995   	0.165848   	1.16254    	1.51292    	0.1659     	0.154535   	1.18634    	1.44802    	0.154797   	0.165538   	1.09985    	1.75034    	0.165406   	0.164704   	1.17277    	1.83072    	0.164974   	0.175476   	1.25923    	1.69081    	0.175207   	0.168901   	1.0958     	1.61533    	0.168892   	0.159868   	1.08928    	1.81804    	0.159766   	0.166903   	1.1493     	1.70544    	0.166846   	0.162963   	1.17973    	1.628      	0.162922   	0.1517     	1.17754    	1.77554    	0.151558   	0.175957   	1.30309    	1.7986     	0.175976   	0.165192   	1.35414    	2.00667    	0.165132   	0.175115   	1.14026    	1.78578    	0.175177   	0.159611   	1.3401     	1.96807    	0.159465   	9.9993	10.3568	9.73274	10.382	10.1976	10.9321	10.541	10.1669	10.0832	9.80438	9.57561	11.0986	10.385	10.8657	9.8962	1          	-3.01581e-06	1.46765e-06	0.75624    	0.138391   	0.136211   	0.136962   	0.13839    	1.04587	
1.5e-10    	5.4        	0.99996    	-0.000473547	0.000163837	0.736011   	0.999959   	0.000330483	0.000375464	0.735948   	0.999957   	0.000115996	-0.000593225	0.736041   	0.99996    	-0.000538004	-4.88549e-05	0.735978   	0.999957   	0.000311014	-0.000485994	0.735834   	0.999956   	0.000189793	0.00046072 	0.736117   	0.999958   	0.000562884	-0.000114185	0.735983   	0.999956   	-0.000612  	-8.32013e-05	0.73592    	0.999957   	5.37848e-05	0.00024246 	0.736054   	0.999957   	-0.00068184	-0.000392045	0.736077   	0.999963   	0.000529155	0.000669999	0.735974   	0.999952   	0.000185584	-0.000311376	0.735959   	0.99996    	-9.36961e-05	0.00034962 	0.736036   	0.999956   	-0.000251531	0.0013248  	0.736071   	0.999955   	0.000333947	-0.00168046	0.736021   	0.193796   	1.25495    	1.90356    	0.193952   	0.194122   	1.32819    	1.92731    	0.193861   	0.197856   	1.4612     	1.95846    	0.19801    	0.192274   	1.33731    	1.7873     	0.191999   	0.19756    	1.36329    	2.06714    	0.197143   	0.192951   	1.56183    	1.93637    	0.193077   	0.199818   	1.30646    	2.00746    	0.199645   	0.19988    	1.22807    	2.2784     	0.200201   	0.183259   	1.19183    	2.20675    	0.183427   	0.198372   	1.25223    	2.16397    	0.198443   	0.181429   	1.29047    	1.62302    	0.181536   	0.201445   	1.3284     	2.43863    	0.200985   	0.19026    	1.25094    	1.95898    	0.190121   	0.196733   	1.35219    	2.07535    	0.196659   	0.191184   	1.40621    	2.01819    	0.191151   	11.3397	11.1672	11.2021	10.8592	11.1946	11.2374	11.3407	11.7083	10.504	11.1877	10.5291	11.6101	10.7146	11.3745	10.9336	1          	-2.31043e-06	-8.11145e-06	0.735971   	0.157431   	0.133607   	0.140906   	0.15743    	1.10651	
1.6e-10    	5.2        	0.999951   	-0.000537024	0.000506168	0.714356   	0.999948   	8.04819e-05	-0.000345452	0.714329   	0.999942   	0.000341954	-6.56885e-05	0.714327   	0.999951   	0.000263837	-0.000238  	0.71417    	0.999948   	-0.0005741 	0.000534079	0.714278   	0.99995    	0.000271297	-0.000306669	0.714481   	0.999946   	-0.000213562	0.000908894	0.714235   	0.999952   	0.00013862 	-0.000110995	0.714314   	0.999949   	6.69381e-05	-0.000724873	0.714401   	0.999954   	0.000256135	-0.000564319	0.714395   	0.999949   	-0.000523952	0.000496454	0.714388   	0.999945   	0.000276817	0.000135681	0.71432    	0.999943   	0.000399185	8.7781e-05 	0.714295   	0.999948   	6.08363e-05	9.09847e-05	0.714319   	0.999948   	-0.000447798	-0.000276193	0.71431    	0.237585   	1.40194    	2.22315    	0.237448   	0.222511   	1.46552    	2.39461    	0.222185   	0.256455   	1.66765    	2.6767     	0.256702   	0.224828   	1.55476    	2.12502    	0.224617   	0.242349   	1.626      	2.22674    	0.242518   	0.2393     	1.54027    	2.21441    	0.239196   	0.22942    	1.54137    	2.43342    	0.22957    	0.232024   	1.43236    	2.18155    	0.23192    	0.218885   	1.63749    	2.18967    	0.218989   	0.215828   	1.4364     	2.01426    	0.215562   	0.240186   	1.45835    	2.31439    	0.240625   	0.22344    	1.50257    	2.63184    	0.22347    	0.22145    	1.49206    	2.76026    	0.221588   	0.229826   	1.49493    	2.38225    	0.229696   	0.229699   	1.51125    	2.34558    	0.2298     	12.9527	11.8367	13.4677	12.3732	12.7577	12.3866	12.1852	12.3853	11.8731	11.6154	12.2701	12.3064	11.6854	12.0657	11.9881	1          	-9.64988e-06	8.46499e-06	0.714291   	0.159542   	0.137535   	0.137732   	0.159542   	1.01702	
1.7e-10    	5          	0.99994    	0.00117545 	-0.000597747	0.691349   	0.999939   	-0.0010035 	-0.000776046	0.691403   	0.999936   	-0.00023817	0.00135809 	0.691263   	0.999936   	-9.41992e-05	0.000398933	0.69138    	0.99993    	-0.000337503	-0.000371118	0.691461   	0.999937   	0.000393989	-5.38023e-05	0.691271   	0.999935   	-0.0004639 	0.0005852  	0.691334   	0.999934   	0.000719358	0.000261817	0.691276   	0.999928   	-0.000188131	-0.000725227	0.691346   	0.999925   	0.000476544	-0.000230109	0.691402   	0.999928   	0.000292675	-0.00102744	0.691239   	0.999928   	-0.000761967	0.00134046 	0.691299   	0.999935   	-2.67607e-05	-0.000549229	0.691367   	0.999934   	0.00108146 	0.0010516  	0.691283   	0.999928   	-0.0010526 	-0.000422344	0.691437   	0.276399   	1.50984    	2.63443    	0.276704   	0.26766    	1.55795    	2.65514    	0.267468   	0.273667   	1.53755    	2.85189    	0.273688   	0.267207   	1.7545     	2.73121    	0.267214   	0.261194   	1.62268    	3.27676    	0.261374   	0.255669   	1.688      	2.71766    	0.25537    	0.286673   	1.59596    	2.91477    	0.285972   	0.269643   	2.02216    	2.57252    	0.270273   	0.269018   	1.85134    	3.19823    	0.269155   	0.277826   	2.08147    	3.19107    	0.277914   	0.27225    	2.15984    	2.84561    	0.271839   	0.273162   	2.02598    	2.91065    	0.272953   	0.24994    	1.81268    	2.75101    	0.250312   	0.267605   	1.74571    	2.78135    	0.26792    	0.273264   	1.94469    	3.03784    	0.272375   	13.7016	13.416	13.1382	13.0021	12.9026	12.4603	14.231	13.3091	13.0503	13.5205	13.7378	13.311	12.3789	13.0606	13.1462	1          	-1.75034e-06	1.62522e-05	0.691294   	0.168792   	0.139031   	0.148096   	0.168792   	1.08647	
1.8e-10    	4.8        	0.999914   	-0.00121571	-0.000782612	0.667202   	0.999906   	0.00042164 	0.000975089	0.666986   	0.999916   	0.000755152	-0.000237804	0.667299   	0.999915   	-0.000313273	-0.000937917	0.667174   	0.999909   	-0.000151669	0.000671136	0.667005   	0.99991    	0.000425383	0.000363177	0.667323   	0.999919   	0.00118237 	-0.000581066	0.667242   	0.999928   	-0.000993504	0.000498287	0.667077   	0.999927   	-0.00020818	1.55987e-05	0.667175   	0.999904   	0.00162175 	0.000190966	0.667048   	0.999914   	-0.00087856	0.00103697 	0.667111   	0.99992    	-0.000817159	-0.00121436	0.667416   	0.999919   	0.000451518	0.000359355	0.667324   	0.999911   	-0.000496941	0.0010862  	0.667042   	0.99991    	-2.0552e-05	-0.00156271	0.667113   	0.319853   	1.85688    	3.67568    	0.319835   	0.334949   	1.92272    	4.19381    	0.333427   	0.35995    	1.88869    	3.56969    	0.359223   	0.316487   	1.97999    	3.5506     	0.315009   	0.311574   	1.89537    	4.04779    	0.310009   	0.335035   	2.23212    	3.63109    	0.336242   	0.323514   	1.79964    	3.43427    	0.322882   	0.322937   	1.7643     	2.89533    	0.323442   	0.31284    	1.73125    	3.02441    	0.313747   	0.335324   	1.81223    	4.3738     	0.33538    	0.325306   	1.86335    	3.69027    	0.325326   	0.325402   	1.76617    	3.37292    	0.326147   	0.32197    	1.77877    	3.4896     	0.321949   	0.341691   	1.97466    	3.77412    	0.342252   	0.347091   	2.07368    	3.71379    	0.347451   	14.45	15.3637	15.3903	14.1221	13.8219	14.8658	13.7813	14.3141	14.3771	14.7925	14.3508	14.9588	14.525	15.2355	15.3305	1          	-1.55731e-05	-7.8511e-06	0.667112   	0.187288   	0.142107   	0.143787   	0.187288   	1.12216	
1.9e-10    	4.6        	0.999898   	-8.44276e-05	-0.000719681	0.641939   	0.999901   	-0.000328208	0.000445865	0.642009   	0.999897   	0.000310324	0.000327604	0.641872   	0.999902   	-0.000608471	-0.000216795	0.642119   	0.999884   	0.00113333 	0.00153903 	0.641918   	0.999896   	-0.000486526	-0.00136864	0.641882   	0.999881   	0.000941797	0.000814411	0.641744   	0.999891   	-0.00061513	-0.000670153	0.642048   	0.999902   	-0.000442005	-6.0238e-05	0.642098   	0.999893   	-0.000204082	-0.00121633	0.642057   	0.999903   	-0.000234696	-0.000229275	0.641903   	0.999883   	0.000363902	0.00131279 	0.641914   	0.999891   	0.000608004	-0.000669856	0.642153   	0.999873   	-0.000522247	0.00237468 	0.6419     	0.999886   	-7.51821e-05	-0.00179522	0.641863   	0.417157   	1.95841    	4.17806    	0.416637   	0.385043   	2.27996    	3.69227    	0.384988   	0.396306   	2.2138     	4.00394    	0.397548   	0.402505   	2.15044    	3.7636     	0.401359   	0.388887   	2.53798    	4.37777    	0.387863   	0.400458   	2.21895    	3.96428    	0.398948   	0.380061   	2.25852    	4.90664    	0.382482   	0.379904   	1.97766    	4.56965    	0.380124   	0.403131   	2.06918    	3.83365    	0.402733   	0.408114   	2.35383    	4.09185    	0.409047   	0.398047   	2.50245    	3.33604    	0.398128   	0.379698   	2.17618    	4.8207     	0.37912    	0.421549   	2.2669     	4.31527    	0.418741   	0.408177   	2.38342    	5.13137    	0.40968    	0.421747   	2.59509    	4.17335    	0.421209   	17.035	15.7369	16.0438	16.2162	15.8297	15.5514	14.9506	15.4257	16.1427	16.3548	16.2046	15.594	16.9438	16.515	17.37	1          	-1.62494e-05	-8.53387e-06	0.641892   	0.193301   	0.143956   	0.138872   	0.193299   	1.20064	
2e-10      	4.4        	0.999825   	0.00115277 	0.00114625 	0.615748   	0.999849   	-0.000141204	0.000498464	0.616035   	0.999863   	-0.000958248	-0.00164752	0.615873   	0.999871   	0.00229251 	0.00102507 	0.61557    	0.999844   	-0.00152647	-0.00153303	0.615808   	0.99985    	-0.000714456	0.000540402	0.616088   	0.999841   	0.000517961	-0.00187154	0.616111   	0.999857   	-0.00135817	-0.000616783	0.615661   	0.999838   	0.000862057	0.00242069 	0.615877   	0.999856   	-0.000733303	-0.00118487	0.615602   	0.999874   	8.79122e-05	0.00011204 	0.616043   	0.999868   	0.000658335	0.00111748 	0.61591    	0.99986    	-0.00144785	-0.00145128	0.615667   	0.999857   	0.00157255 	0.0015017  	0.616025   	0.999844   	-1.28658e-05	-0.000219601	0.615854   	0.485877   	2.61137    	7.02642    	0.487184   	0.472683   	2.60316    	5.78168    	0.472847   	0.509884   	2.53091    	5.00877    	0.510408   	0.467763   	2.73611    	4.23489    	0.46682    	0.463583   	2.52697    	5.99167    	0.462001   	0.515282   	2.20609    	6.12027    	0.516508   	0.486167   	2.39605    	6.33219    	0.48629    	0.508175   	2.37404    	5.50066    	0.508024   	0.484549   	2.4438     	6.38599    	0.487626   	0.482846   	2.46055    	5.46975    	0.480704   	0.469565   	2.74412    	4.24697    	0.468222   	0.475111   	2.71749    	4.56267    	0.475296   	0.473585   	2.33135    	5.35573    	0.473461   	0.511355   	2.62214    	5.18486    	0.511037   	0.467904   	2.46543    	6.2022     	0.46552    	17.6301	17.2346	18.8167	17.2806	16.9717	18.1992	17.873	18.4189	17.309	17.4945	17.4108	17.5454	17.8629	18.3862	17.3733	1          	1.66745e-05	-1.10773e-05	0.615768   	0.18794    	0.136137   	0.143095   	0.187941   	1.23405	
2.1e-10    	4.2        	0.99981    	0.000574532	0.00315601 	0.588958   	0.999772   	-0.00176294	-0.00435499	0.589273   	0.999765   	0.00128237 	0.00120994 	0.588895   	0.999762   	0.000508865	-0.00436874	0.589297   	0.999764   	-0.00134284	-0.00119293	0.589146   	0.999787   	0.000852263	0.00566454 	0.588677   	0.999783   	-0.000369638	0.00125989 	0.58912    	0.999822   	-0.000295571	0.00336874 	0.589348   	0.999794   	0.000639644	-0.00459472	0.588699   	0.999805   	-9.79052e-05	0.00179385 	0.588661   	0.999789   	0.00155105 	-0.00359897	0.58927    	0.999785   	-0.00136794	0.00173971 	0.589207   	0.9998     	0.000818919	-0.000519573	0.589012   	0.999805   	0.000706221	-0.00203259	0.589127   	0.999784   	-0.00148612	0.00249071 	0.589173   	0.597052   	2.74049    	6.65865    	0.598045   	0.566792   	3.14958    	7.86695    	0.564399   	0.59051    	3.06415    	8.78148    	0.588973   	0.591203   	2.80896    	8.83372    	0.59134    	0.606926   	2.69233    	9.21931    	0.608606   	0.54576    	3.09496    	6.88273    	0.543976   	0.589835   	3.2309     	7.76679    	0.591019   	0.579838   	2.694      	6.05906    	0.583162   	0.626319   	2.64403    	7.28203    	0.625997   	0.636664   	2.39202    	7.4495     	0.636488   	0.634364   	2.55691    	7.80385    	0.639295   	0.591089   	2.99791    	7.83298    	0.589849   	0.596728   	2.36355    	7.80792    	0.598065   	0.622521   	2.98312    	6.81797    	0.627111   	0.565061   	2.61374    	8.13862    	0.567107   	19.7336	18.6007	19.7984	18.8979	19.3186	17.844	19.4679	18.8245	21.0359	20.739	20.1579	19.941	20.3128	19.4692	18.355	1          	1.37523e-05	3.43084e-06	0.588933   	0.190087   	0.143578   	0.139848   	0.19009    	1.39436	
2.2e-10    	4          	0.999674   	-0.00147562	0.00674474 	0.561567   	0.999688   	0.000589926	-0.00222523	0.561478   	0.999656   	0.00092847 	-0.00454968	0.562062   	0.999725   	-0.0010984 	0.00483806 	0.561487   	0.999769   	0.000445778	-0.0071081 	0.56204    	0.999692   	0.000850274	0.00221763 	0.561463   	0.99976    	-0.00103754	-0.000496819	0.561679   	0.999758   	-0.000454606	-0.00313308	0.561243   	0.999775   	0.00141168 	0.00355502 	0.562007   	0.99976    	0.000458384	0.00338515 	0.561791   	0.999789   	0.00115633 	0.00277168 	0.561521   	0.999733   	-0.00158894	-0.00626178	0.561616   	0.999758   	0.000462624	0.0044054  	0.56161    	0.999748   	-0.000382038	-0.00357052	0.561555   	0.999736   	-0.000158  	-0.000801438	0.561806   	0.657439   	3.70342    	10.2357    	0.65297    	0.621773   	3.11913    	11.1653    	0.625457   	0.719282   	3.46485    	11.9531    	0.72103    	0.72057    	2.85207    	9.30117    	0.72343    	0.704007   	2.72253    	6.80574    	0.70844    	0.685768   	3.00739    	11.1075    	0.689019   	0.70354    	3.21096    	7.86107    	0.708122   	0.809322   	2.75417    	8.20476    	0.815658   	0.75879    	3.0086     	7.07843    	0.758962   	0.771295   	2.58299    	8.27052    	0.772046   	0.797344   	2.84561    	6.69295    	0.792913   	0.770124   	2.82709    	8.55757    	0.766576   	0.709172   	3.32353    	7.39047    	0.711059   	0.698304   	2.84842    	8.49643    	0.700418   	0.646523   	2.948      	9.25178    	0.639804   	19.2324	18.6017	20.8754	20.8574	20.7964	19.4886	20.1745	22.8097	22.7049	22.2678	22.0423	22.0829	20.2744	20.7965	18.9697	1          	5.33163e-06	-1.14719e-05	0.561513   	0.196594   	0.137177   	0.140657   	0.19659    	1.66556	
2.3e-10    	3.8        	0.999434   	0.000981646	-0.000114014	0.533965   	0.999533   	0.00099452 	0.00716175 	0.533598   	0.999585   	-0.00194746	-0.00703277	0.534182   	0.999623   	0.000124046	0.00182663 	0.533699   	0.999463   	0.000643941	0.00492637 	0.534012   	0.999478   	-0.000806709	-0.00685905	0.534031   	0.999635   	-5.06251e-05	0.00721157 	0.534356   	0.99965    	0.000263474	-0.00103846	0.533881   	0.999516   	-0.000241393	-0.00603802	0.53338    	0.999371   	0.000258864	-0.00218201	0.533329   	0.999582   	0.000552848	-0.00209216	0.534496   	0.999589   	-0.000747493	0.00426099 	0.533908   	0.99956    	0.0015789  	-0.00426394	0.533827   	0.999462   	-0.00267924	0.00842084 	0.533834   	0.999418   	0.00112598 	-0.00410791	0.534158   	0.80904    	3.06143    	20.6192    	0.826102   	0.889345   	3.26884    	15.1421    	0.89312    	0.805683   	3.57752    	12.6524    	0.795274   	0.930288   	3.7712     	11.9211    	0.938444   	0.978425   	3.45927    	18.502     	1.00262    	1.16354    	3.87004    	16.8861    	1.14295    	1.03701    	2.86376    	11.3184    	1.03395    	0.976039   	3.03697    	11.5627    	0.971417   	0.92241    	2.70765    	16.7273    	0.921557   	0.965784   	3.66189    	22.457     	0.973339   	0.895614   	3.78624    	13.6096    	0.901415   	0.819082   	3.56541    	13.2314    	0.822411   	0.896387   	3.32008    	14.6831    	0.925782   	0.953346   	3.70757    	17.1098    	0.938853   	0.880105   	3.43034    	20.506     	0.868071   	21.0376	23.8647	21.225	23.4252	24.3693	27.3547	25.5566	24.7713	24.0084	24.1831	23.1182	21.3944	23.0404	22.9219	22.3629	1          	4.63848e-06	5.23601e-06	0.533658   	0.200726   	0.138403   	0.140069   	0.200727   	1.92751	
2.4e-10    	3.6        	0.999018   	-0.00201027	-0.0315398 	0.505768   	0.998453   	-0.000362568	-0.0296892 	0.506454   	0.997446   	0.00234077 	0.0611663  	0.506953   	0.997341   	-0.000701479	-0.065189  	0.506477   	0.998192   	0.000918147	0.0522195  	0.506659   	0.999214   	-0.000102686	0.0132147  	0.505961   	0.999399   	0.00118016 	0.00292016 	0.506106   	0.997899   	-0.00210042	0.0550019  	0.506592   	0.997979   	0.000959016	-0.0578373 	0.506309   	0.997995   	-0.000115825	0.0553334  	0.506084   	0.999536   	-0.00166118	-0.00424192	0.505681   	0.997938   	0.00183505 	-0.0508122 	0.507123   	0.997988   	0.000908559	0.0410528  	0.50673    	0.99786    	-0.00201759	-0.053753  	0.506518   	0.999377   	0.00115257 	0.0126791  	0.505664   	1.24883    	3.80009    	14.2314    	1.22852    	1.13876    	4.09799    	37.4119    	1.09215    	1.31325    	3.96382    	21.8589    	1.55715    	1.20897    	3.60043    	16.3823    	1.23539    	1.30658    	3.73544    	12.909     	1.28617    	1.32215    	3.07748    	23.0995    	1.29461    	1.1961     	3.01314    	19.3643    	1.19839    	1.13132    	2.82263    	19.0892    	1.10063    	1.09655    	3.22047    	9.78356    	1.11215    	1.18645    	3.7072     	13.9713    	1.1476     	1.23722    	3.66911    	13.3191    	1.22965    	1.16677    	3.6235     	25.394     	1.24157    	1.20409    	3.85475    	40.1499    	1.26552    	0.985688   	3.7426     	22.3415    	1.08372    	1.16941    	2.92265    	17.3093    	1.14739    	25.8857	24.8087	27.832	26.5224	25.9941	28.0261	26.4416	25.0001	23.1698	25.8373	26.5721	25.8269	25.7321	22.4085	25.6065	1          	1.52708e-05	3.8606e-05 	0.505515   	0.188131   	0.142612   	0.137161   	0.188134   	2.46487	
2.5e-10    	3.4        	0.99704    	0.00191174 	-0.0610343 	0.485406   	0.965003   	-0.00412342	-0.254198  	0.487383   	0.947869   	0.00222064 	0.304488   	0.502463   	0.941484   	0.000598008	-0.324368  	0.50325    	0.990412   	-0.000537811	0.126088   	0.489455   	0.975836   	-0.000105463	0.211282   	0.483849   	0.986543   	0.000865165	-0.159339  	0.480887   	0.93979    	-0.0018807 	0.332417   	0.50121    	0.98129    	0.000932779	-0.182475  	0.49425    	0.96842    	0.00159606 	0.234981   	0.499014   	0.995783   	0.000821485	0.084425   	0.481113   	0.94453    	-0.00239595	-0.318388  	0.495762   	0.954719   	0.00433937 	0.287852   	0.491216   	0.958654   	-0.00237583	-0.268491  	0.500485   	0.998876   	-0.00211986	-0.0135739 	0.482516   	1.97748    	3.26109    	34.5901    	2.26834    	2.48101    	2.92945    	69.6388    	3.42049    	1.89343    	3.28212    	167.932    	12.5365    	1.81612    	4.03082    	158.392    	11.9591    	2.84951    	3.43076    	53.3987    	4.26145    	2.73796    	3.9252     	48.0614    	1.6932     	1.47187    	3.4873     	19.3129    	1.53491    	2.81552    	4.14669    	113.343    	6.0341     	2.4273     	3.31092    	66.4028    	5.585      	1.50965    	3.3228     	127.604    	7.55876    	1.60978    	3.30496    	18.666     	1.67733    	2.35793    	3.79908    	116.118    	6.4662     	2.7144     	3.34491    	97.7928    	4.61582    	1.51042    	3.59127    	166.852    	11.3467    	1.86465    	3.8888     	31.2058    	1.83738    	38.9028	31.2895	32.0193	29.7745	47.4263	33.9695	26.4816	32.1638	42.6052	30.4248	33.0016	25.4567	31.3142	30.9607	37.8597	0.999999   	-1.45408e-05	1.99869e-05	0.47676    	0.250646   	0.136865   	0.143507   	0.250653   	27.5457	
2.6e-10    	3.2        	0.990179   	0.00135629 	-0.136067  	0.465527   	0.905265   	0.000353015	-0.421246  	0.483556   	0.856521   	-0.00156276	0.513646   	0.520926   	0.842103   	0.00463996 	-0.536381  	0.522611   	0.966197   	-0.00421691	0.255347   	0.477191   	0.940659   	-0.000944559	0.3357     	0.471801   	0.971861   	-3.74237e-05	-0.23009   	0.462655   	0.840995   	-0.00356075	0.53814    	0.52012    	0.934466   	0.00370743 	-0.354464  	0.489994   	0.906687   	0.00139889 	0.42011    	0.501758   	0.992314   	-0.00279135	0.115773   	0.457818   	0.854542   	0.00101024 	-0.515985  	0.509865   	0.877072   	-0.00155176	0.476842   	0.497467   	0.87975    	-0.0017486 	-0.473175  	0.513004   	0.999215   	0.00372629 	0.0107     	0.457696   	2.94646    	3.58371    	12.882     	3.05237    	2.83772    	3.82813    	54.9189    	9.82915    	3.08369    	3.91311    	51.3547    	8.55877    	3.16502    	3.80467    	65.01      	10.5779    	2.85076    	4.03756    	17.9903    	4.23232    	2.20659    	3.68066    	40.6131    	6.4269     	2.53723    	3.52111    	39.0186    	5.29339    	3.25452    	3.28658    	65.9062    	11.5458    	2.87287    	3.13001    	17.3248    	3.83587    	2.56903    	3.66209    	25.4619    	5.47374    	3.03808    	3.67134    	26.2337    	3.79909    	2.68073    	3.63911    	74.2389    	14.2418    	2.62938    	4.04285    	64.4054    	10.8768    	2.50873    	3.57387    	41.1097    	6.47443    	3.20291    	3.47298    	18.4979    	3.1117     	37.3821	35.6666	36.8286	35.0842	39.9083	31.6677	33.6126	35.9441	38.8264	37.0501	34.4036	32.1278	33.464	31.75	40.0014	0.999999   	-1.95417e-05	2.2558e-05 	0.448164   	0.19604    	0.136858   	0.143684   	0.19604    	8.24749	
2.7e-10    	3          	0.989788   	0.000878543	-0.138551  	0.446338   	0.837113   	0.00202056 	-0.546478  	0.487368   	0.780298   	-0.00262429	0.624919   	0.526279   	0.763046   	-0.000139581	-0.645975  	0.530864   	0.95874    	0.002481   	0.282221   	0.458218   	0.889664   	-0.00231768	0.455675   	0.467728   	0.942788   	0.0024621  	-0.331064  	0.450083   	0.758504   	0.00144274 	0.651266   	0.528547   	0.91188    	-0.00378797	-0.408897  	0.477288   	0.857886   	0.000764313	0.512892   	0.497758   	0.98395    	-0.0016758 	0.174476   	0.43975    	0.770228   	0.000666146	-0.637389  	0.520203   	0.794531   	-0.00111847	0.606743   	0.505415   	0.814858   	0.000227688	-0.578946  	0.515152   	0.999184   	0.00116577 	-0.0210076 	0.439434   	1.96828    	4.10106    	12.4856    	2.21268    	2.68713    	3.21748    	6.59923    	2.09378    	2.51346    	4.02646    	8.4975     	2.76053    	2.78067    	2.5123     	6.75291    	2.17488    	1.89109    	3.12479    	15.711     	2.85467    	3.37459    	3.17215    	10.7848    	3.66567    	3.30689    	4.27128    	17.8992    	2.64424    	2.45491    	3.64694    	7.06449    	2.45369    	3.31409    	3.83374    	17.0217    	3.10856    	3.36991    	3.70517    	13.4774    	2.87245    	2.94851    	3.36853    	16.0734    	2.57575    	2.89673    	3.67115    	5.06441    	2.02472    	2.32       	3.81552    	7.34347    	2.57448    	2.70139    	4.48947    	12.8086    	3.88341    	2.18992    	3.93627    	12.8923    	2.18325    	27.6709	29.6936	30.1325	33.6391	25.7334	35.6774	36.3188	29.875	39.4315	34.8825	34.8658	35.6883	29.287	32.933	29.0663	0.999999   	5.90355e-06	-8.24904e-06	0.420122   	0.181184   	0.141582   	0.138392   	0.181182   	4.52828	
2.8e-10    	2.8        	0.988338   	0.00457915 	-0.147492  	0.418173   	0.803843   	-0.00118235	-0.593989  	0.468085   	0.750374   	-0.0026125 	0.660386   	0.516926   	0.726988   	0.00154807 	-0.685959  	0.52181    	0.952278   	-0.00390811	0.30345    	0.435002   	0.862399   	0.00211001 	0.505153   	0.445178   	0.923661   	2.02713e-05	-0.381369  	0.423205   	0.720069   	0.00163008 	0.693398   	0.519194   	0.900617   	-0.00187844	-0.433065  	0.458131   	0.838986   	0.00080092 	0.543363   	0.484837   	0.975975   	0.000108429	0.214626   	0.412472   	0.723096   	-0.000830644	-0.690219  	0.508887   	0.754509   	0.00133849 	0.655566   	0.49177    	0.785603   	-9.45899e-06	-0.618147  	0.503492   	0.998714   	-0.00143374	-0.0304736 	0.411238   	2.62407    	3.51505    	14.3265    	2.36243    	3.97374    	2.8493     	19.5304    	10.1525    	4.76758    	3.24298    	10.4458    	2.35428    	4.72944    	3.82773    	13.8557    	3.50051    	3.47774    	3.25722    	12.1406    	4.01045    	4.81099    	3.63229    	15.2685    	7.97175    	4.69909    	3.26159    	15.1383    	4.62842    	2.65301    	3.53318    	13.0094    	5.41902    	4.50313    	3.04012    	15.816     	2.80208    	3.40037    	4.06592    	10.0944    	2.77999    	3.46675    	3.62109    	14.7522    	4.22395    	3.40607    	4.44662    	10.8902    	4.87341    	2.61958    	4.67034    	15.7398    	6.19121    	2.6631     	3.956      	10.1862    	3.36336    	3.54662    	3.73372    	16.6511    	3.60691    	28.8017	33.126	40.4157	41.0236	35.3539	41.1308	40.8085	28.7359	40.2077	34.2544	34.3544	32.369	28.5038	28.1851	36.747	0.999999   	2.09411e-05	3.67965e-05	0.392411   	0.173007   	0.13533    	0.138751   	0.173005   	3.39876	
2.9e-10    	2.6        	0.991206   	-0.00120405	-0.126754  	0.39136    	0.750813   	0.000477512	-0.65972   	0.464014   	0.707743   	0.00062667 	0.705809   	0.506598   	0.664714   	0.000231297	-0.746526  	0.518786   	0.948159   	0.00366358 	0.31571    	0.41308    	0.814079   	-0.00344734	0.57987    	0.440117   	0.886193   	0.0013031  	-0.461935  	0.414513   	0.656974   	0.000622279	0.75336    	0.519119   	0.888722   	-0.00170835	-0.457102  	0.434709   	0.817071   	3.16842e-05	0.575824   	0.463572   	0.955565   	0.000826082	0.292882   	0.393985   	0.663865   	-0.000775419	-0.747272  	0.511254   	0.698701   	-0.000916722	0.714947   	0.490723   	0.753125   	-0.00203279	-0.657263  	0.488699   	0.996127   	0.0037543  	-0.0803471 	0.385283   	5.7177     	4.24276    	11.9545    	5.6795     	4.57752    	3.53558    	12.3745    	3.96261    	5.41091    	3.68951    	11.6973    	3.26847    	5.02724    	3.62465    	11.4045    	3.21008    	3.46948    	4.15073    	13.283     	4.46754    	3.54028    	3.59398    	12.6647    	5.40558    	3.99361    	3.54576    	12.9865    	4.36876    	4.05771    	3.96834    	12.0299    	3.61718    	4.33801    	3.72226    	13.6578    	4.73992    	2.60604    	3.53062    	10.7091    	3.88612    	4.3946     	4.11476    	9.03907    	4.92876    	4.2959     	3.91769    	11.5954    	3.27086    	3.33268    	4.50255    	7.59327    	3.67195    	3.76076    	3.8298     	9.99803    	3.43964    	4.03335    	5.22829    	8.29187    	3.839      	45.9028	35.1805	40.4794	34.6165	29.626	30.0254	31.4721	30.2697	38.7177	26.8401	32.8298	30.762	29.3702	33.8176	33.6663	0.999999   	3.9453e-05 	2.687e-05  	0.364868   	0.174103   	0.145979   	0.144348   	0.174098   	2.83495	
3e-10      	2.4        	0.995105   	3.63197e-05	-0.0745887 	0.359025   	0.707063   	-0.00240663	-0.705988  	0.448722   	0.698272   	0.00231713 	0.715188   	0.484147   	0.6554     	0.00285172 	-0.754853  	0.49985    	0.957034   	-0.00352361	0.281027   	0.380035   	0.767831   	2.13246e-05	0.638214   	0.418769   	0.853153   	0.00391109 	-0.516504  	0.386386   	0.636864   	-0.00166024	0.770286   	0.501725   	0.890733   	-0.00180505	-0.451268  	0.40861    	0.815235   	0.00570687 	0.578317   	0.436352   	0.93502    	-0.00391812	0.34679    	0.365947   	0.637651   	-0.00189299	-0.769096  	0.494018   	0.663029   	0.00104535 	0.747574   	0.473777   	0.755805   	-0.00114266	-0.654046  	0.462863   	0.986121   	0.000178839	-0.149368  	0.353636   	4.87568    	4.17787    	35.9598    	5.14915    	3.9651     	4.07547    	25.7302    	9.63945    	4.46867    	3.99509    	11.894     	4.60012    	3.90959    	3.83023    	6.84329    	2.87633    	4.18341    	5.25417    	51.4572    	6.49524    	4.54973    	4.266      	45.2586    	14.5596    	4.64788    	4.36019    	65.6422    	17.2758    	5.91751    	3.96823    	15.2421    	5.62125    	4.85058    	4.00118    	37.7829    	10.3973    	3.49341    	4.02075    	11.0962    	5.86563    	5.28252    	4.67831    	58.7217    	15.9011    	7.45658    	4.96984    	34.1115    	12.9825    	5.1412     	4.68673    	28.2987    	13.0928    	3.6187     	4.58481    	12.5297    	5.33572    	4.80356    	4.06181    	45.8034    	6.4625     	34.6144	30.1373	33.0607	30.7277	31.2074	30.5289	33.0312	34.8141	37.3968	28.7328	34.4401	44.219	35.1167	27.1201	33.8845	0.999999   	3.70496e-05	-2.62803e-05	0.337436   	0.171773   	0.144641   	0.143014   	0.171776   	2.72909	
3.1e-10    	2.2        	0.990192   	-0.0064397 	-0.126919  	0.341718   	0.664651   	0.00606363 	-0.746416  	0.452217   	0.606315   	-0.00110567	0.794226   	0.480736   	0.565806   	-0.00140731	-0.823932  	0.498532   	0.933675   	0.00351773 	0.353229   	0.361483   	0.740305   	-0.00126917	0.67098    	0.419696   	0.832486   	0.00471757 	-0.551825  	0.383572   	0.559421   	-0.00110143	0.828229   	0.503286   	0.84922    	-0.00348171	-0.52523   	0.387967   	0.762335   	0.00342913 	0.646099   	0.422082   	0.921271   	0.000137756	0.386024   	0.355153   	0.565066   	-0.00291966	-0.824358  	0.497821   	0.598527   	-0.00194105	0.800355   	0.476854   	0.673495   	0.00207109 	-0.738152  	0.454962   	0.989429   	-0.000147745	-0.134914  	0.342318   	7.30142    	4.91249    	24.4495    	8.05574    	5.20948    	4.30618    	10.678     	4.23078    	8.88798    	4.58464    	18.5998    	5.28504    	6.06465    	4.38836    	13.0169    	5.38042    	5.23829    	5.42637    	29.0659    	6.71369    	8.70557    	5.51388    	11.6638    	3.54743    	6.94879    	5.80598    	19.4729    	5.97482    	7.43397    	3.99219    	13.0745    	4.46571    	7.01675    	6.87537    	27.1219    	8.42116    	6.16972    	4.15352    	13.9362    	6.08209    	5.484      	4.27528    	17.5192    	6.55215    	8.20931    	3.68449    	12.7017    	4.17832    	6.19592    	3.76747    	15.5072    	5.66565    	5.67402    	4.56154    	19.9016    	6.89753    	8.27495    	4.88589    	19.3961    	8.25341    	33.3991	26.3376	38.0907	29.7226	27.6277	40.0939	29.0769	34.0797	33.1047	33.297	26.7171	38.0128	29.5612	28.0931	35.0617	0.999999   	4.85574e-06	-5.62324e-05	0.310033   	0.173263   	0.144143   	0.148342   	0.173267   	2.67768	
3.2e-10    	2          	0.993048   	-0.00393417	-0.104789  	0.300766   	0.663445   	0.00302108 	-0.747603  	0.427146   	0.604373   	-9.56241e-05	0.796145   	0.439881   	0.577099   	0.00223591 	-0.816086  	0.458707   	0.941411   	0.00578833 	0.332195   	0.310802   	0.73162    	-0.00732887	0.680539   	0.397351   	0.81461    	-0.000757983	-0.578442  	0.364697   	0.559734   	-0.00114284	0.828148   	0.470905   	0.85039    	0.00267563 	-0.52436   	0.337873   	0.74423    	0.00350411 	0.66708    	0.373946   	0.912784   	-0.00354369	0.406181   	0.328967   	0.572745   	-0.000463604	-0.81912   	0.470384   	0.607897   	-0.00219717	0.793471   	0.45267    	0.664228   	0.00258729 	-0.746581  	0.410128   	0.984458   	-0.000186176	-0.167922  	0.305217   	3.57363    	5.10069    	13.838     	3.53915    	3.98108    	5.58528    	6.74342    	3.93901    	4.87645    	4.60073    	10.2491    	7.1939     	5.04148    	3.93212    	12.7024    	6.91388    	6.80779    	4.20207    	20.419     	7.3795     	4.94851    	4.92576    	14.2788    	6.32175    	6.99513    	4.61865    	13.4051    	7.2648     	5.64776    	3.98967    	9.45143    	5.01977    	5.74502    	4.70005    	11.3879    	6.13088    	4.84839    	4.39616    	10.1412    	7.99526    	5.7968     	6.00481    	9.43624    	6.7031     	5.85014    	3.97678    	10.7553    	4.30386    	4.3674     	5.32506    	7.06668    	3.86321    	5.12831    	4.28004    	17.6286    	9.60436    	5.3154     	5.09879    	12.5443    	4.9011     	21.527	17.5938	21.7815	24.1475	29.2121	24.4841	31.6412	28.2717	26.0505	23.3744	26.994	25.1213	23.8299	25.4661	25.0854	0.999998   	-1.19186e-05	1.81565e-05	0.282604   	0.171826   	0.136665   	0.152829   	0.171829   	2.70677	
3.3e-10    	1.8        	0.980099   	-0.000513003	-0.191448  	0.273892   	0.650809   	0.00207347 	-0.7579    	0.388395   	0.574048   	-0.00139332	0.818217   	0.425358   	0.544995   	6.65843e-05	-0.837778  	0.44274    	0.904986   	0.00289645 	0.422524   	0.297339   	0.721978   	-0.00260892	0.690194   	0.353219   	0.828398   	0.00259478 	-0.558335  	0.317421   	0.542249   	0.000686396	0.839714   	0.445007   	0.800382   	-0.00308745	-0.598106  	0.326172   	0.70927    	0.000200581	0.703904   	0.363698   	0.930082   	0.0028865  	0.363342   	0.283487   	0.560714   	-0.00216406	-0.827134  	0.434735   	0.59161    	-0.00116259	0.805054   	0.415672   	0.629895   	0.00172139 	-0.775862  	0.399377   	0.994205   	-0.000848225	-0.0928082 	0.269574   	6.26233    	5.36141    	9.73942    	6.2578     	9.17025    	4.87651    	14.4137    	6.05975    	6.49395    	5.81207    	9.42652    	8.67541    	5.66979    	5.59583    	11.9449    	7.25881    	9.50863    	4.95526    	9.47222    	7.91058    	11.2308    	3.62215    	17.0715    	10.3506    	6.63005    	3.98788    	11.5169    	7.37963    	4.03634    	4.89731    	9.18293    	5.88621    	7.19619    	4.68678    	6.45799    	5.49734    	11.068     	4.39778    	7.13363    	8.47593    	9.59418    	5.22143    	12.0452    	9.69391    	7.91806    	5.3207     	12.2075    	5.55456    	9.48718    	5.02972    	17.9804    	8.75252    	9.55927    	4.80096    	9.25421    	8.77697    	5.38041    	5.07197    	10.9045    	5.76019    	19.7848	23.2187	22.7834	22.1841	25.6902	26.464	19.8294	17.9062	21.7955	24.483	28.4667	25.3377	27.2498	22.5636	19.6303	0.999998   	7.04359e-07	1.49465e-05	0.255093   	0.175991   	0.141279   	0.150759   	0.175988   	2.35213	
3.4e-10    	1.6        	0.990789   	-0.00589788	-0.111355  	0.241355   	0.572787   	-0.000478826	-0.818841  	0.376522   	0.559023   	0.00387089 	0.828373   	0.407265   	0.519241   	-0.0045208 	-0.853753  	0.42771    	0.915224   	0.00877539 	0.397602   	0.261839   	0.649871   	-0.000618783	0.758641   	0.339972   	0.765344   	-0.00105764	-0.641403  	0.297293   	0.491016   	0.00197976 	0.870428   	0.434065   	0.793837   	-0.00159122	-0.605851  	0.304745   	0.696642   	0.00291058 	0.715457   	0.3416     	0.880171   	0.000566042	0.469236   	0.260144   	0.505056   	-0.00270296	-0.862587  	0.426359   	0.530515   	-0.00146755	0.846955   	0.407822   	0.617793   	0.000659187	-0.784964  	0.376749   	0.974412   	0.0012985  	-0.209646  	0.239581   	4.88122    	5.34118    	19.7738    	4.88563    	5.80579    	5.81272    	10.2767    	7.28121    	5.56152    	4.92602    	13.8767    	8.8297     	7.34586    	6.10333    	12.5179    	6.12077    	7.08565    	7.16121    	18.6234    	11.1884    	7.02099    	5.81158    	15.9134    	10.6656    	6.2186     	5.88183    	13.6516    	7.50024    	6.03782    	5.75073    	11.3498    	5.77664    	7.5442     	5.56279    	13.9235    	8.28982    	10.7091    	6.09988    	15.4097    	8.11016    	9.06406    	6.17263    	16.7197    	6.75364    	5.25121    	4.24043    	4.9689     	3.07527    	5.53679    	5.70904    	9.08286    	5.44805    	8.8817     	5.02892    	14.224     	5.58096    	7.16834    	6.70527    	19.8668    	6.16292    	19.7534	19.9878	20.6637	17.9899	21.4106	19.3254	18.4235	16.2037	21.4513	26.9613	23.8847	17.3058	17.3714	20.5089	21.3292	0.999997   	-2.03924e-06	-2.82265e-05	0.227423   	0.176041   	0.141373   	0.152022   	0.176037   	2.42552	
3.5e-10    	1.4        	0.994885   	-0.00499336	-0.0136318 	0.225433   	0.473898   	3.93579e-05	-0.879847  	0.393382   	0.474014   	0.00288873 	0.878863   	0.398285   	0.438824   	0.00127397 	-0.897364  	0.421141   	0.93111    	-0.00271567	0.353453   	0.237491   	0.5508     	0.000602578	0.833584   	0.351312   	0.665406   	0.002823   	-0.744506  	0.308512   	0.410592   	-0.00295514	0.910962   	0.433746   	0.794848   	0.00139467 	-0.602511  	0.271978   	0.669969   	0.00398716 	0.738893   	0.317527   	0.789645   	0.00198325 	0.608641   	0.266114   	0.406269   	-0.00407851	-0.912727  	0.43556    	0.417204   	-0.00227037	0.90813    	0.42298    	0.558337   	0.00277927 	-0.827923  	0.364845   	0.933439   	0.000152205	-0.34815   	0.234909   	12.0027    	6.64868    	30.7281    	12.274     	5.50001    	5.48686    	13.0147    	9.3709     	11.3544    	4.37027    	44.1094    	25.7997    	8.97291    	5.12973    	36.4865    	22.1963    	8.01092    	7.46799    	29.5575    	11.7887    	7.14878    	5.63406    	16.5368    	13.591     	5.61593    	8.0008     	15.1104    	8.28581    	7.67404    	6.3392     	21.4267    	13.5622    	7.48215    	8.54535    	31.4658    	19.2936    	8.42605    	6.38478    	41.1399    	17.2175    	13.644     	6.45102    	24.5103    	13.5976    	9.94733    	6.00208    	25.0086    	14.6468    	5.1805     	5.9343     	15.1654    	10.1283    	6.70624    	6.39255    	34.3857    	20.0088    	8.27302    	5.87457    	26.2739    	10.1819    	22.3155	17.3211	20.5549	17.4909	18.01	20.3586	15.5956	16.2263	21.5799	15.6352	16.6015	14.8384	11.7878	14.4563	17.1754	0.999997   	-1.42271e-05	3.41155e-05	0.199567   	0.171881   	0.141549   	0.152522   	0.171882   	2.84672	
3.6e-10    	1.2        	0.994589   	-0.0127739 	-0.0314931 	0.216648   	0.356291   	0.00148226 	-0.933762  	0.426223   	0.342263   	0.00466529 	0.938851   	0.431035   	0.289879   	-0.00229663	-0.956562  	0.461713   	0.898454   	0.000935879	0.429538   	0.23497    	0.444564   	0.00207746 	0.89435    	0.382456   	0.556704   	-0.000432155	-0.829379  	0.325195   	0.271347   	0.002328   	0.962098   	0.47704    	0.729436   	-0.00305002	-0.681885  	0.2805     	0.55495    	-0.000937978	0.830253   	0.331067   	0.737124   	0.00265571 	0.672848   	0.275339   	0.269507   	-0.000914973	-0.962584  	0.475897   	0.295599   	-0.00181489	0.954764   	0.459207   	0.428731   	0.001974   	-0.902713  	0.385714   	0.917203   	-0.000210084	-0.392766  	0.23304    	9.45403    	6.9287     	25.5627    	9.15322    	6.24751    	4.89927    	16.6394    	12.7326    	8.2197     	7.82102    	9.50868    	6.69771    	7.53326    	5.39538    	7.65477    	5.71816    	11.8385    	7.15087    	23.7894    	9.36305    	10.5373    	5.38408    	24.6262    	13.9468    	4.78986    	5.95361    	19.8529    	13.6329    	5.90656    	3.6358     	9.64311    	7.00264    	6.75437    	6.35757    	10.9331    	7.11512    	8.12377    	6.87664    	14.6831    	8.08892    	9.05312    	5.96261    	15.4222    	8.68811    	6.41142    	4.26808    	11.9445    	9.3821     	6.36846    	6.19141    	12.4458    	8.96858    	5.53657    	6.88006    	8.1231     	6.42579    	10.2937    	6.99052    	14.2406    	13.8705    	22.5616	15.2639	14.7804	14.387	17.4293	15.0494	11.9624	11.5995	14.3959	15.2317	18.4288	14.2624	10.5804	14.338	18.254	0.999995   	-3.45745e-05	-0.000106219	0.171519   	0.172915   	0.141955   	0.154475   	0.172919   	2.55073	
3.7e-10    	1          	0.987232   	0.00289099 	0.124711   	0.189041   	0.270239   	0.00131431 	-0.962197  	0.434278   	0.304004   	-0.00262791	0.952038   	0.414586   	0.244978   	-0.00156922	-0.968983  	0.454458   	0.914621   	0.00836717 	0.395361   	0.197208   	0.355904   	-0.00225785	0.933746   	0.389166   	0.440331   	-0.00198276	-0.896156  	0.331621   	0.227425   	-0.00141499	0.973409   	0.476565   	0.718329   	0.00494074 	-0.690759  	0.244581   	0.525035   	-0.00902414	0.848893   	0.305952   	0.623173   	0.0050372  	0.779084   	0.271936   	0.209422   	0.00348458 	-0.977379  	0.479918   	0.238734   	8.68056e-06	0.970705   	0.463024   	0.390391   	0.00799482 	-0.919341  	0.363791   	0.831803   	-0.0146098 	-0.545937  	0.213818   	7.84427    	9.57474    	15.9669    	7.67673    	6.69086    	6.88       	7.48898    	5.23158    	6.82426    	5.62026    	11.9005    	9.26484    	7.90264    	5.05342    	12.7244    	9.64952    	12.1972    	6.77109    	16.6133    	15.3564    	6.76537    	7.13623    	7.74195    	5.64146    	12.1274    	8.26886    	11.3142    	7.64469    	6.00625    	5.19522    	8.86027    	7.55531    	9.57271    	9.67834    	21.3539    	10.4534    	5.27011    	9.62436    	27.8469    	17.9913    	10.9877    	9.59311    	17.1534    	12.6579    	7.06698    	5.1729     	11.4281    	9.14096    	4.7723     	5.40394    	8.01845    	6.60172    	7.36091    	7.08203    	27.6968    	19.8559    	7.78785    	11.9882    	19.9319    	6.52106    	10.9484	9.14792	11.7304	10.1618	15.0971	11.5938	17.5061	12.5939	13.5617	10.0613	12.3579	9.77077	9.11463	12.4934	15.3358	0.999994   	5.84096e-06	-2.62776e-05	0.143264   	0.180647   	0.14044    	0.150221   	0.180652   	2.72211	
3.8e-10    	0.8        	0.989507   	-0.00689267	0.00764282 	0.148002   	0.236133   	0.00648956 	-0.971122  	0.41645    	0.240174   	-0.0045277 	0.970089   	0.416207   	0.194926   	0.00384313 	-0.980333  	0.453086   	0.825366   	-0.00404008	0.55096    	0.176882   	0.303342   	-0.00324651	0.951864   	0.365252   	0.406131   	0.000433539	-0.912318  	0.301137   	0.181985   	0.00173031 	0.982979   	0.471873   	0.57891    	-0.00243941	-0.811231  	0.236075   	0.413326   	-0.00198352	0.908858   	0.303621   	0.582021   	0.0016485  	0.80953    	0.236811   	0.172997   	0.000151713	-0.984503  	0.472367   	0.197732   	-0.00349341	0.979789   	0.452645   	0.308902   	0.0028523  	-0.950188  	0.363264   	0.816671   	0.00495683 	-0.569233  	0.175365   	10.8975    	7.94249    	25.9704    	11.2145    	5.93688    	5.80365    	18.0085    	15.4789    	6.16189    	8.12989    	11.905     	10.6438    	7.90508    	4.86382    	7.95893    	6.57022    	14.2332    	7.52429    	28.6513    	15.8598    	7.99974    	6.43663    	23.7535    	19.4214    	8.89355    	7.14545    	16.7684    	14.738     	4.78432    	5.26631    	5.74387    	5.51708    	9.95152    	10.7888    	17.1533    	10.477     	9.71211    	7.85502    	13.7743    	10.2383    	10.6144    	6.66882    	19.0425    	12.0665    	7.09677    	4.59537    	9.62601    	7.87832    	6.50237    	5.74243    	8.75164    	7.49548    	6.24943    	8.30095    	13.9167    	11.9604    	8.25537    	8.04861    	18.8052    	14.9761    	9.91005	10.3336	10.5585	10.2158	17.7214	10.9142	14.0377	11.146	13.3064	9.48756	11.7221	9.0415	10.3032	10.5263	12.8249	0.999989   	-5.19855e-05	-1.80156e-05	0.11482    	0.174777   	0.145883   	0.164074   	0.174801   	2.8874	
3.9e-10    	0.6        	0.979946   	0.00328707 	-0.125578  	0.107544   	0.194453   	-0.000169411	-0.980278  	0.384328   	0.197624   	0.000816044	0.979389   	0.398753   	0.163643   	0.00499812 	-0.986074  	0.431622   	0.674007   	-0.023974  	0.73044    	0.149632   	0.266095   	0.00356369 	0.96297    	0.32903    	0.343083   	-0.00488099	-0.937416  	0.262953   	0.155525   	0.000845856	0.987333   	0.444682   	0.455521   	0.00573228 	-0.887486  	0.218269   	0.328428   	-0.00453627	0.942703   	0.288866   	0.5058     	-0.000637712	0.858025   	0.191995   	0.152412   	0.00320623 	-0.987828  	0.441512   	0.178198   	0.00108862 	0.98346    	0.419378   	0.229407   	0.00278619 	-0.972451  	0.349372   	0.811709   	-0.00878609	-0.571305  	0.128022   	13.9099    	10.2544    	9.78283    	14.2225    	5.78807    	7.27793    	5.51802    	5.11576    	10.8807    	6.61083    	13.3034    	10.6701    	5.69454    	5.78055    	11.8798    	11.7233    	8.96244    	7.10523    	13.2161    	10.171     	6.39296    	8.02386    	8.72276    	8.34594    	11.4442    	6.85588    	6.5618     	7.09055    	7.54144    	4.80283    	16.5871    	14.7499    	10.2531    	8.16483    	19.3428    	20.9673    	8.45084    	7.56157    	19.0226    	14.1775    	13.4191    	7.41675    	15.2489    	14.7857    	6.72165    	5.88277    	12.5269    	11.4736    	5.76625    	7.09867    	8.02586    	7.34111    	9.03355    	6.94144    	10.6376    	11.3896    	7.77825    	9.23142    	7.39268    	7.06095    	7.74134	6.98641	8.89095	13.729	13.741	9.3393	13.0832	13.0073	7.02337	9.10038	10.5791	10.6138	8.33207	11.7698	13.7926	0.999982   	8.57917e-05	0.000111009	0.0862472  	0.178754   	0.141984   	0.152754   	0.178717   	3.07454	
4e-10      	0.4        	0.951871   	-0.0987725 	-0.0314875 	0.0715922  	0.125686   	0.00757515 	-0.991396  	0.384112   	0.145081   	0.0092218  	0.988778   	0.387746   	0.0973775  	-0.0085792 	-0.99464   	0.424338   	0.5988     	0.044985   	0.783954   	0.122001   	0.178059   	-0.0060736 	0.983055   	0.331968   	0.223385   	0.00194375 	-0.973151  	0.267559   	0.116162   	0.00656671 	0.992809   	0.440096   	0.33042    	-0.0174226 	-0.939927  	0.18857    	0.240948   	0.0156472  	0.968588   	0.266186   	0.348595   	-0.00251311	0.933545   	0.195561   	0.0929583  	-0.00861743	-0.995178  	0.441785   	0.125598   	0.00350426 	0.991497   	0.422021   	0.16159    	-0.0159806 	-0.985524  	0.330458   	0.575806   	0.0318235  	-0.801142  	0.116151   	10.5678    	7.58896    	21.7617    	9.60349    	7.18674    	5.58827    	20.2373    	19.2282    	7.16643    	5.67054    	6.87963    	6.67305    	8.81563    	5.55316    	5.99326    	5.36006    	12.5368    	5.87936    	19.1873    	11.5698    	8.67528    	4.72096    	26.2631    	24.6456    	6.64043    	7.36139    	32.8126    	30.8084    	6.22089    	4.83607    	7.13784    	6.97636    	9.28433    	7.22023    	20.4943    	18.8133    	9.76396    	8.56502    	9.87699    	9.85599    	6.42308    	9.14139    	27.3753    	23.7041    	6.22211    	6.16802    	12.3386    	11.7366    	5.2606     	9.02703    	13.8348    	13.2677    	9.3839     	9.02451    	6.93378    	6.40184    	9.99446    	10.0248    	22.3448    	16.9356    	8.20584	11.8021	8.0582	6.47113	9.36205	10.5711	7.83758	10.3167	13.6072	10.0666	7.47447	9.6114	9.93431	6.96475	8.28485	0.99996    	-0.0001703 	0.000119083	0.0575562  	0.177287   	0.140159   	0.151417   	0.177277   	2.59306	
4.1e-10    	0.2        	0.725413   	-0.152106  	0.570748   	0.0626134  	0.0483287  	0.0124855  	-0.998185  	0.399251   	0.0659051  	0.012556   	0.997031   	0.362092   	0.0609341  	-0.00371193	-0.997508  	0.409327   	0.483148   	0.108508   	0.795096   	0.0658668  	0.0927493  	-0.0135011 	0.994595   	0.354187   	0.0795352  	0.0149535  	-0.995528  	0.292618   	0.0465578  	0.00319078 	0.998368   	0.437151   	0.287428   	-0.0387482 	-0.949111  	0.153284   	0.110458   	0.02655    	0.991671   	0.231955   	0.182858   	-0.0324696 	0.980424   	0.216285   	0.0490782  	0.00173022 	-0.998213  	0.441643   	0.0576808  	-0.0115813 	0.997771   	0.428745   	0.121134   	-0.0124531 	-0.991314  	0.304577   	0.198786   	0.0658078  	-0.970678  	0.130881   	6.02444    	11.7251    	43.9213    	27.4444    	5.52942    	7.45357    	27.8197    	27.698     	5.1616     	8.80448    	15.4107    	15.6936    	7.48421    	7.47748    	10.6851    	10.3191    	5.34805    	10.4816    	46.931     	36.3089    	6.597      	10.5152    	41.9613    	41.09      	5.70313    	7.79146    	49.9145    	48.9414    	9.43943    	5.71114    	15.3888    	15.4011    	8.8378     	8.87851    	35.9727    	29.8062    	7.07692    	7.17146    	35.1574    	35.1489    	6.85003    	6.59166    	46.0503    	45.1266    	8.47494    	7.434      	20.4245    	19.9085    	5.77199    	7.40874    	19.1763    	19.0868    	7.23032    	7.56981    	26.7739    	25.0588    	5.87425    	8.84004    	44.4247    	41.9647    	8.77238	9.87118	11.3215	9.27143	10.3807	10.6266	10.0059	12.9555	10.2113	8.77832	10.6454	12.6713	9.7398	7.78911	10.2414	0.999837   	-0.000270658	-0.000271976	0.0288072  	0.176258   	0.142536   	0.155458   	0.176238   	2.71263	
4.2e-10    	-0         	0.122558   	-0.0781821 	0.955258   	0.0650007  	-0.0075339 	0.00384143 	-0.999489  	0.41427    	-0.00912442	0.00992971 	0.999179   	0.352603   	0.00501819 	-0.00615716	-0.999385  	0.403223   	-0.145684  	0.188103   	0.846234   	0.0376568  	0.00974433 	-0.0108112 	0.999334   	0.370201   	-0.0166734 	0.00935753 	-0.998946  	0.308767   	0.00224822 	0.000182002	0.999544   	0.432042   	0.0314113  	-0.0269039 	-0.991908  	0.125101   	-0.0110882 	0.0132252  	0.996741   	0.20971    	0.0172055  	-0.0166914 	0.997805   	0.236993   	-0.00224422	0.00218    	-0.999614  	0.444458   	0.00350729 	-0.00229691	0.999561   	0.439934   	0.00902883 	-0.0110277 	-0.998566  	0.285841   	-0.0311326 	0.0257332  	-0.99385   	0.156554   	7.97335    	7.8013     	21.0118    	18.7953    	5.52037    	6.41998    	6.72006    	6.71641    	7.3553     	5.75099    	27.6199    	27.5666    	7.74696    	6.09932    	16.9921    	16.9937    	8.71874    	7.655      	18.5846    	16.9033    	6.06795    	5.2582     	6.37397    	6.43255    	5.90862    	6.21829    	10.6421    	10.624     	6.32253    	5.96466    	12.1448    	12.0935    	8.16405    	7.81407    	26.3485    	26.1859    	10.4574    	9.2954     	29.0304    	29.1062    	8.60728    	6.66536    	15.8779    	15.6475    	4.80368    	6.11569    	8.77346    	8.71264    	6.66198    	5.46207    	8.62746    	8.59599    	8.40768    	7.38408    	29.9317    	29.9462    	9.82993    	7.53104    	21.1639    	20.271     	12.1299	7.47166	8.764	9.93882	8.81631	7.27377	8.36175	11.5579	7.35709	7.52566	11.5367	10.6323	9.75991	7.2354	11.7392	0.0246612  	-0.0189992 	0.00864334 	0.000584358	0.176622   	0.139138   	0.154283   	0.0953638  	2.68895	
