   0.333   0.333   0.000        38    100000      2228     9.21   136.20     0.07     0.30     0.30     0.20
   0.333   0.333   0.002        43    100000      2237     9.21   136.03     0.07     0.30     0.30     0.20
   0.333   0.333   0.005        50    100000      2246     9.21   135.87     0.07     0.30     0.30     0.20
   0.333   0.333   0.007        52    100000      2245     9.21   135.70     0.07     0.30     0.30     0.20
   0.333   0.333   0.010        47    100000      2242     9.21   135.54     0.07     0.30     0.30     0.20
   0.333   0.333   0.012        44    100000      2234     9.21   135.38     0.07     0.30     0.30     0.20
   0.333   0.333   0.015        41    100000      2236     9.21   135.21     0.07     0.30     0.30     0.20
   0.333   0.333   0.018        59    100000      2251     9.21   135.05     0.07     0.30     0.30     0.20
   0.333   0.333   0.020        41    100000      2222     9.21   134.89     0.07     0.30     0.30     0.20
   0.333   0.333   0.022        42    100000      2242     9.22   134.72     0.07     0.30     0.30     0.20
   0.333   0.333   0.025        29    100000      2247     9.22   134.56     0.07     0.30     0.30     0.20
   0.333   0.333   0.027        37    100000      2254     9.22   134.40     0.07     0.30     0.30     0.20
   0.333   0.333   0.030        46    100000      2251     9.22   134.24     0.07     0.30     0.30     0.20
   0.333   0.333   0.032        50    100000      2233     9.22   134.07     0.07     0.30     0.30     0.20
   0.333   0.333   0.035        50    100000      2248     9.22   133.91     0.07     0.30     0.30     0.20
   0.333   0.333   0.037        58    100000      2233     9.22   133.75     0.07     0.30     0.30     0.20
   0.333   0.333   0.040        41    100000      2242     9.22   133.59     0.07     0.30     0.30     0.20
   0.333   0.333   0.043        37    100000      2238     9.22   133.42     0.07     0.30     0.30     0.20
   0.333   0.333   0.045        46    100000      2253     9.22   133.26     0.07     0.30     0.30     0.20
   0.333   0.333   0.047        59    100000      2248     9.24   133.10     0.07     0.30     0.30     0.20
   0.333   0.333   0.050        46    100000      2247     9.24   132.94     0.07     0.30     0.30     0.20
   0.333   0.333   0.052        30    100000      2248     9.24   132.78     0.07     0.30     0.30     0.20
   0.333   0.333   0.055        59    100000      2243     9.24   132.61     0.07     0.30     0.30     0.20
   0.333   0.333   0.057        47    100000      2238     9.24   132.45     0.07     0.30     0.30     0.20
   0.333   0.333   0.060        45    100000      2257     9.24   132.29     0.07     0.30     0.30     0.20
   0.333   0.333   0.062        52    100000      2242     9.24   132.13     0.07     0.30     0.30     0.20
   0.333   0.333   0.065        55    100000      2239     9.24   131.97     0.07     0.30     0.30     0.20
   0.333   0.333   0.067        46    100000      2240     9.24   131.81     0.07     0.30     0.30     0.20
   0.333   0.333   0.070        37    100000      2237     9.24   131.65     0.07     0.30     0.30     0.20
   0.333   0.333   0.072        39    100000      2231     9.24   131.48     0.07     0.30     0.30     0.20
   0.333   0.333   0.075        38    100000      2238     9.26   131.32     0.07     0.30     0.30     0.20
   0.333   0.333   0.078        46    100000      2251     9.26   131.16     0.07     0.30     0.30     0.20
   0.333   0.333   0.080        45    100000      2246     9.26   131.00     0.07     0.30     0.30     0.20
   0.333   0.333   0.082        42    100000      2241     9.26   130.84     0.07     0.30     0.30     0.20
   0.333   0.333   0.085        49    100000      2238     9.26   130.68     0.07     0.30     0.30     0.20
   0.333   0.333   0.087        38    100000      2237     9.26   130.52     0.07     0.30     0.30     0.20
   0.333   0.333   0.090        51    100000      2254     9.26   130.36     0.07     0.30     0.30     0.20
   0.333   0.333   0.093        45    100000      2238     9.26   130.20     0.07     0.30     0.30     0.20
   0.333   0.333   0.095        34    100000      2262     9.28   130.04     0.07     0.30     0.30     0.20
   0.333   0.333   0.097        48    100000      2249     9.28   129.88     0.07     0.30     0.30     0.20
   0.333   0.333   0.100        40    100000      2249     9.28   129.72     0.07     0.30     0.30     0.20
   0.333   0.333   0.102        52    100000      2243     9.28   129.56     0.07     0.30     0.30     0.20
   0.333   0.333   0.105        33    100000      2247     9.28   129.40     0.07     0.30     0.30     0.20
   0.333   0.333   0.107        36    100000      2236     9.28   129.24     0.07     0.30     0.30     0.20
   0.333   0.333   0.110        38    100000      2245     9.28   129.08     0.07     0.30     0.30     0.20
   0.333   0.333   0.112        49    100000      2225     9.30   128.92     0.07     0.30     0.30     0.20
   0.333   0.333   0.115        35    100000      2251     9.30   128.77     0.07     0.30     0.30     0.20
   0.333   0.333   0.117        38    100000      2216     9.30   128.61     0.07     0.30     0.30     0.20
   0.333   0.333   0.120        55    100000      2250     9.30   128.45     0.07     0.30     0.30     0.20
   0.333   0.333   0.122        41    100000      2245     9.30   128.29     0.07     0.30     0.30     0.20
   0.333   0.333   0.125        52    100000      2257     9.32   128.13     0.07     0.30     0.30     0.20
   0.333   0.333   0.127        46    100000      2250     9.32   127.97     0.07     0.30     0.30     0.20
   0.333   0.333   0.130        37    100000      2256     9.32   127.82     0.07     0.30     0.30     0.20
   0.333   0.333   0.132        41    100000      2231     9.32   127.66     0.07     0.30     0.30     0.20
   0.333   0.333   0.135        41    100000      2233     9.32   127.50     0.07     0.30     0.30     0.20
   0.333   0.333   0.138        43    100000      2236     9.34   127.34     0.07     0.30     0.30     0.20
   0.333   0.333   0.140        30    100000      2222     9.34   127.19     0.07     0.30     0.30     0.20
   0.333   0.333   0.142        48    100000      2231     9.34   127.03     0.07     0.30     0.30     0.20
   0.333   0.333   0.145        41    100000      2257     9.34   126.87     0.07     0.30     0.30     0.20
   0.333   0.333   0.147        35    100000      2239     9.34   126.72     0.07     0.30     0.30     0.20
   0.333   0.333   0.150        34    100000      2237     9.36   126.56     0.07     0.30     0.30     0.20
   0.333   0.333   0.153        35    100000      2236     9.36   126.40     0.07     0.30     0.30     0.20
   0.333   0.333   0.155        35    100000      2256     9.36   126.25     0.07     0.30     0.30     0.20
   0.333   0.333   0.157        44    100000      2249     9.36   126.09     0.07     0.30     0.30     0.20
   0.333   0.333   0.160        40    100000      2240     9.36   125.93     0.07     0.30     0.30     0.20
   0.333   0.333   0.162        41    100000      2256     9.38   125.78     0.07     0.30     0.30     0.20
   0.333   0.333   0.165        33    100000      2234     9.38   125.62     0.07     0.30     0.30     0.20
   0.333   0.333   0.167        31    100000      2243     9.38   125.47     0.07     0.30     0.30     0.20
   0.333   0.333   0.170        45    100000      2239     9.38   125.31     0.07     0.30     0.30     0.20
   0.333   0.333   0.172        43    100000      2246     9.40   125.16     0.07     0.30     0.30     0.20
   0.333   0.333   0.175        55    100000      2240     9.40   125.00     0.07     0.30     0.30     0.20
   0.333   0.333   0.177       103    100000      2240     9.40   124.85     0.07     0.30     0.30     0.20
   0.333   0.333   0.180       179    100000      2247     9.40   124.70     0.07     0.30     0.30     0.20
   0.333   0.333   0.182       234    100000      2256     9.42   124.54     0.07     0.30     0.30     0.20
   0.333   0.333   0.185       271    100000      2235     9.42   124.39     0.07     0.30     0.30     0.20
   0.333   0.333   0.188       183    100000      2249     9.42   124.24     0.07     0.30     0.30     0.20
   0.333   0.333   0.190       128    100000      2242     9.44   124.08     0.07     0.30     0.30     0.20
   0.333   0.333   0.192        74    100000      2229     9.44   123.93     0.07     0.30     0.30     0.20
   0.333   0.333   0.195        54    100000      2234     9.44   123.78     0.07     0.30     0.30     0.20
   0.333   0.333   0.197        45    100000      2249     9.44   123.62     0.07     0.30     0.30     0.20
   0.333   0.333   0.200        40    100000      2246     9.46   123.47     0.07     0.30     0.30     0.20
   0.333   0.333   0.203        46    100000      2251     9.46   123.32     0.07     0.30     0.30     0.20
   0.333   0.333   0.205        48    100000      2240     9.46   123.17     0.07     0.30     0.30     0.20
   0.333   0.333   0.207        41    100000      2226     9.48   123.02     0.07     0.30     0.30     0.20
   0.333   0.333   0.210        29    100000      2242     9.48   122.86     0.07     0.30     0.30     0.20
   0.333   0.333   0.212        38    100000      2250     9.48   122.71     0.07     0.30     0.30     0.20
   0.333   0.333   0.215        52    100000      2242     9.50   122.56     0.07     0.30     0.30     0.20
   0.333   0.333   0.218        33    100000      2258     9.50   122.41     0.07     0.30     0.30     0.20
   0.333   0.333   0.220        52    100000      2233     9.50   122.26     0.07     0.30     0.30     0.20
   0.333   0.333   0.222        49    100000      2241     9.50   122.11     0.07     0.30     0.30     0.20
   0.333   0.333   0.225        39    100000      2241     9.52   121.96     0.07     0.30     0.30     0.20
   0.333   0.333   0.227        35    100000      2244     9.52   121.81     0.07     0.30     0.30     0.20
   0.333   0.333   0.230        40    100000      2251     9.52   121.66     0.07     0.30     0.30     0.20
   0.333   0.333   0.233        48    100000      2250     9.54   121.51     0.07     0.30     0.30     0.20
   0.333   0.333   0.235        36    100000      2251     9.54   121.36     0.07     0.30     0.30     0.20
   0.333   0.333   0.237        41    100000      2250     9.54   121.21     0.07     0.30     0.30     0.20
   0.333   0.333   0.240        46    100000      2240     9.56   121.07     0.07     0.30     0.30     0.20
   0.333   0.333   0.242        43    100000      2231     9.56   120.92     0.07     0.30     0.30     0.20
   0.333   0.333   0.245        43    100000      2245     9.58   120.77     0.07     0.30     0.30     0.20
   0.333   0.333   0.247        43    100000      2250     9.58   120.62     0.07     0.30     0.30     0.20
   0.333   0.333   0.250        38    100000      2247     9.58   120.47     0.07     0.30     0.30     0.20
