   0.333   0.333   0.000        41    100000      2251     9.21   136.20     0.07     1.20     1.20     3.20
   0.333   0.333   0.003        51    100000      2256     9.21   136.02     0.07     1.20     1.20     3.20
   0.333   0.333   0.005        43    100000      2246     9.21   135.84     0.07     1.20     1.20     3.20
   0.333   0.333   0.008        34    100000      2248     9.21   135.66     0.07     1.20     1.20     3.20
   0.333   0.333   0.011        44    100000      2241     9.21   135.49     0.07     1.20     1.20     3.20
   0.333   0.333   0.014        51    100000      2240     9.21   135.31     0.07     1.20     1.20     3.20
   0.333   0.333   0.016        46    100000      2232     9.21   135.13     0.07     1.20     1.20     3.20
   0.333   0.333   0.019        34    100000      2247     9.21   134.96     0.07     1.20     1.20     3.20
   0.333   0.333   0.022        44    100000      2250     9.23   134.78     0.07     1.20     1.20     3.20
   0.333   0.333   0.024        47    100000      2243     9.23   134.61     0.07     1.20     1.20     3.20
   0.333   0.333   0.027        46    100000      2236     9.23   134.43     0.07     1.20     1.20     3.20
   0.333   0.333   0.030        53    100000      2236     9.23   134.25     0.07     1.20     1.20     3.20
   0.333   0.333   0.032        44    100000      2245     9.23   134.08     0.07     1.20     1.20     3.20
   0.333   0.333   0.035        46    100000      2244     9.23   133.90     0.07     1.20     1.20     3.20
   0.333   0.333   0.038        44    100000      2237     9.23   133.73     0.07     1.20     1.20     3.20
   0.333   0.333   0.041        50    100000      2246     9.23   133.55     0.07     1.20     1.20     3.20
   0.333   0.333   0.043        44    100000      2253     9.23   133.38     0.07     1.20     1.20     3.20
   0.333   0.333   0.046        47    100000      2243     9.23   133.20     0.07     1.20     1.20     3.20
   0.333   0.333   0.049        55    100000      2244     9.23   133.03     0.07     1.20     1.20     3.20
   0.333   0.333   0.051        45    100000      2249     9.23   132.85     0.07     1.20     1.20     3.20
   0.333   0.333   0.054        41    100000      2250     9.23   132.68     0.07     1.20     1.20     3.20
   0.333   0.333   0.057        56    100000      2244     9.23   132.50     0.07     1.20     1.20     3.20
   0.333   0.333   0.059        39    100000      2238     9.23   132.33     0.07     1.20     1.20     3.20
   0.333   0.333   0.062        41    100000      2244     9.25   132.15     0.07     1.20     1.20     3.20
   0.333   0.333   0.065        42    100000      2222     9.25   131.98     0.07     1.20     1.20     3.20
   0.333   0.333   0.068        37    100000      2243     9.25   131.80     0.07     1.20     1.20     3.20
   0.333   0.333   0.070        49    100000      2242     9.25   131.63     0.07     1.20     1.20     3.20
   0.333   0.333   0.073        35    100000      2231     9.25   131.45     0.07     1.20     1.20     3.20
   0.333   0.333   0.076        37    100000      2240     9.25   131.28     0.07     1.20     1.20     3.20
   0.333   0.333   0.078        42    100000      2251     9.25   131.11     0.07     1.20     1.20     3.20
   0.333   0.333   0.081        43    100000      2238     9.25   130.93     0.07     1.20     1.20     3.20
   0.333   0.333   0.084        40    100000      2263     9.25   130.76     0.07     1.20     1.20     3.20
   0.333   0.333   0.086        38    100000      2244     9.27   130.59     0.07     1.20     1.20     3.20
   0.333   0.333   0.089        50    100000      2245     9.27   130.41     0.07     1.20     1.20     3.20
   0.333   0.333   0.092        43    100000      2242     9.27   130.24     0.07     1.20     1.20     3.20
   0.333   0.333   0.095        37    100000      2264     9.27   130.07     0.07     1.20     1.20     3.20
   0.333   0.333   0.097        42    100000      2234     9.27   129.89     0.07     1.20     1.20     3.20
   0.333   0.333   0.100        46    100000      2249     9.27   129.72     0.07     1.20     1.20     3.20
   0.333   0.333   0.103        33    100000      2236     9.29   129.55     0.07     1.20     1.20     3.20
   0.333   0.333   0.105        60    100000      2246     9.29   129.38     0.07     1.20     1.20     3.20
   0.333   0.333   0.108        49    100000      2240     9.29   129.20     0.07     1.20     1.20     3.20
   0.333   0.333   0.111        46    100000      2237     9.29   129.03     0.07     1.20     1.20     3.20
   0.333   0.333   0.114        42    100000      2228     9.29   128.86     0.07     1.20     1.20     3.20
   0.333   0.333   0.116        38    100000      2252     9.29   128.69     0.07     1.20     1.20     3.20
   0.333   0.333   0.119        37    100000      2239     9.31   128.52     0.07     1.20     1.20     3.20
   0.333   0.333   0.122        39    100000      2225     9.31   128.35     0.07     1.20     1.20     3.20
   0.333   0.333   0.124        44    100000      2242     9.31   128.17     0.07     1.20     1.20     3.20
   0.333   0.333   0.127        42    100000      2247     9.31   128.00     0.07     1.20     1.20     3.20
   0.333   0.333   0.130        55    100000      2230     9.31   127.83     0.07     1.20     1.20     3.20
   0.333   0.333   0.132        63    100000      2243     9.33   127.66     0.07     1.20     1.20     3.20
   0.333   0.333   0.135        62    100000      2238     9.33   127.49     0.07     1.20     1.20     3.20
   0.333   0.333   0.138        82    100000      2236     9.33   127.32     0.07     1.20     1.20     3.20
   0.333   0.333   0.141        86    100000      2239     9.33   127.15     0.07     1.20     1.20     3.20
   0.333   0.333   0.143        78    100000      2249     9.33   126.98     0.07     1.20     1.20     3.20
   0.333   0.333   0.146        55    100000      2233     9.35   126.81     0.07     1.20     1.20     3.20
   0.333   0.333   0.149        47    100000      2247     9.35   126.64     0.07     1.20     1.20     3.20
   0.333   0.333   0.151        43    100000      2236     9.35   126.47     0.07     1.20     1.20     3.20
   0.333   0.333   0.154        36    100000      2243     9.35   126.31     0.07     1.20     1.20     3.20
   0.333   0.333   0.157        36    100000      2245     9.37   126.14     0.07     1.20     1.20     3.20
   0.333   0.333   0.159        35    100000      2244     9.37   125.97     0.07     1.20     1.20     3.20
   0.333   0.333   0.162        42    100000      2230     9.37   125.80     0.07     1.20     1.20     3.20
   0.333   0.333   0.165        33    100000      2235     9.37   125.63     0.07     1.20     1.20     3.20
   0.333   0.333   0.168        53    100000      2245     9.39   125.46     0.07     1.20     1.20     3.20
   0.333   0.333   0.170        43    100000      2248     9.39   125.30     0.07     1.20     1.20     3.20
   0.333   0.333   0.173        54    100000      2239     9.39   125.13     0.07     1.20     1.20     3.20
   0.333   0.333   0.176        46    100000      2248     9.41   124.96     0.07     1.20     1.20     3.20
   0.333   0.333   0.178        59    100000      2251     9.41   124.80     0.07     1.20     1.20     3.20
   0.333   0.333   0.181        51    100000      2251     9.41   124.63     0.07     1.20     1.20     3.20
   0.333   0.333   0.184        49    100000      2245     9.41   124.46     0.07     1.20     1.20     3.20
   0.333   0.333   0.186        33    100000      2248     9.43   124.30     0.07     1.20     1.20     3.20
   0.333   0.333   0.189        54    100000      2248     9.43   124.13     0.07     1.20     1.20     3.20
   0.333   0.333   0.192        45    100000      2244     9.43   123.97     0.07     1.20     1.20     3.20
   0.333   0.333   0.195        47    100000      2240     9.45   123.80     0.07     1.20     1.20     3.20
   0.333   0.333   0.197        41    100000      2238     9.45   123.64     0.07     1.20     1.20     3.20
   0.333   0.333   0.200        49    100000      2248     9.45   123.47     0.07     1.20     1.20     3.20
