   0.333   0.333   0.500        26    100000      2123    10.52    71.37     0.11     0.30     0.30     2.60
   0.333   0.333   0.502        26    100000      2128    10.54    71.51     0.11     0.30     0.30     2.60
   0.333   0.333   0.505        27    100000      2147    10.54    71.64     0.11     0.30     0.30     2.60
   0.333   0.333   0.507        30    100000      2138    10.57    71.77     0.11     0.30     0.30     2.60
   0.333   0.333   0.510        23    100000      2145    10.57    71.89     0.11     0.30     0.30     2.60
   0.333   0.333   0.512        21    100000      2148    10.59    72.03     0.11     0.30     0.30     2.60
   0.333   0.333   0.515        20    100000      2136    10.61    72.15     0.11     0.30     0.30     2.60
   0.333   0.333   0.517        21    100000      2125    10.61    72.27     0.11     0.30     0.30     2.60
   0.333   0.333   0.520        20    100000      2144    10.63    72.41     0.11     0.30     0.30     2.60
   0.333   0.333   0.522        21    100000      2151    10.65    72.54     0.11     0.30     0.30     2.60
   0.333   0.333   0.525        21    100000      2145    10.65    72.66     0.11     0.30     0.30     2.60
   0.333   0.333   0.527        26    100000      2134    10.67    72.79     0.11     0.30     0.30     2.60
   0.333   0.333   0.530        14    100000      2133    10.69    72.92     0.11     0.30     0.30     2.60
   0.333   0.333   0.533        21    100000      2136    10.69    73.04     0.11     0.30     0.30     2.60
   0.333   0.333   0.535        30    100000      2131    10.71    73.17     0.11     0.30     0.30     2.60
   0.333   0.333   0.538        21    100000      2137    10.73    73.29     0.11     0.30     0.30     2.60
   0.333   0.333   0.540        30    100000      2142    10.73    73.41     0.11     0.30     0.30     2.60
   0.333   0.333   0.543        19    100000      2150    10.75    73.54     0.11     0.30     0.30     2.60
   0.333   0.333   0.545        18    100000      2139    10.77    73.67     0.11     0.30     0.30     2.60
   0.333   0.333   0.548        24    100000      2137    10.77    73.79     0.11     0.30     0.30     2.60
   0.333   0.333   0.550        29    100000      2126    10.80    73.91     0.11     0.30     0.30     2.60
   0.333   0.333   0.553        23    100000      2146    10.80    74.03     0.11     0.30     0.30     2.60
   0.333   0.333   0.555        22    100000      2125    10.82    74.17     0.11     0.30     0.30     2.60
   0.333   0.333   0.558        31    100000      2132    10.84    74.29     0.09     0.30     0.30     2.60
   0.333   0.333   0.560        26    100000      2136    10.84    74.41     0.09     0.30     0.30     2.60
   0.333   0.333   0.562        30    100000      2142    10.87    74.54     0.09     0.30     0.30     2.60
   0.333   0.333   0.565        18    100000      2155    10.87    74.66     0.09     0.30     0.30     2.60
   0.333   0.333   0.567        24    100000      2135    10.89    74.78     0.09     0.30     0.30     2.60
   0.333   0.333   0.570        17    100000      2132    10.91    74.90     0.09     0.30     0.30     2.60
   0.333   0.333   0.572        27    100000      2139    10.91    75.02     0.09     0.30     0.30     2.60
   0.333   0.333   0.575        31    100000      2146    10.94    75.14     0.09     0.30     0.30     2.60
   0.333   0.333   0.577        23    100000      2121    10.94    75.26     0.09     0.30     0.30     2.60
   0.333   0.333   0.580        26    100000      2152    10.96    75.39     0.09     0.30     0.30     2.60
   0.333   0.333   0.582        18    100000      2135    10.98    75.51     0.09     0.30     0.30     2.60
   0.333   0.333   0.585        26    100000      2152    10.98    75.63     0.09     0.30     0.30     2.60
   0.333   0.333   0.587        25    100000      2135    11.01    75.75     0.09     0.30     0.30     2.60
   0.333   0.333   0.590        28    100000      2143    11.01    75.87     0.09     0.30     0.30     2.60
   0.333   0.333   0.592        25    100000      2138    11.04    75.99     0.09     0.30     0.30     2.60
   0.333   0.333   0.595        29    100000      2138    11.04    76.11     0.09     0.30     0.30     2.60
   0.333   0.333   0.597        23    100000      2130    11.07    76.23     0.09     0.30     0.30     2.60
   0.333   0.333   0.600        20    100000      2151    11.07    76.35     0.09     0.30     0.30     2.60
   0.333   0.333   0.603        22    100000      2145    11.10    76.46     0.09     0.30     0.30     2.60
   0.333   0.333   0.605        24    100000      2129    11.10    76.58     0.09     0.30     0.30     2.60
   0.333   0.333   0.608        31    100000      2124    11.13    76.70     0.09     0.30     0.30     2.60
   0.333   0.333   0.610        25    100000      2140    11.13    76.82     0.09     0.30     0.30     2.60
   0.333   0.333   0.613        27    100000      2134    11.16    76.93     0.09     0.30     0.30     2.60
   0.333   0.333   0.615        16    100000      2130    11.16    77.05     0.09     0.30     0.30     2.60
   0.333   0.333   0.618        21    100000      2136    11.19    77.17     0.09     0.30     0.30     2.60
   0.333   0.333   0.620        22    100000      2122    11.19    77.29     0.09     0.30     0.30     2.60
   0.333   0.333   0.623        20    100000      2142    11.22    77.40     0.09     0.30     0.30     2.60
   0.333   0.333   0.625        22    100000      2131    11.22    77.52     0.09     0.30     0.30     2.60
   0.333   0.333   0.627        35    100000      2141    11.25    77.63     0.09     0.30     0.30     2.60
   0.333   0.333   0.630        23    100000      2132    11.25    77.75     0.09     0.30     0.30     2.60
   0.333   0.333   0.632        31    100000      2124    11.28    77.86     0.09     0.30     0.30     2.60
   0.333   0.333   0.635        19    100000      2146    11.28    77.98     0.09     0.30     0.30     2.60
   0.333   0.333   0.637        29    100000      2134    11.31    78.09     0.09     0.30     0.30     2.60
   0.333   0.333   0.640        18    100000      2123    11.31    78.21     0.09     0.30     0.30     2.60
   0.333   0.333   0.642        18    100000      2144    11.34    78.32     0.09     0.30     0.30     2.60
   0.333   0.333   0.645        21    100000      2156    11.34    78.44     0.09     0.30     0.30     2.60
   0.333   0.333   0.647        18    100000      2136    11.37    78.55     0.09     0.30     0.30     2.60
   0.333   0.333   0.650        19    100000      2150    11.37    78.65     0.09     0.30     0.30     2.60
   0.333   0.333   0.653        30    100000      2134    11.40    78.77     0.09     0.30     0.30     2.60
   0.333   0.333   0.655        18    100000      2139    11.42    78.88     0.09     0.30     0.30     2.60
   0.333   0.333   0.658        19    100000      2146    11.42    78.99     0.09     0.30     0.30     2.60
   0.333   0.333   0.660        18    100000      2157    11.45    79.11     0.09     0.30     0.30     2.60
   0.333   0.333   0.663        26    100000      2136    11.45    79.22     0.09     0.30     0.30     2.60
   0.333   0.333   0.665        16    100000      2141    11.48    79.34     0.09     0.30     0.30     2.60
   0.333   0.333   0.668        18    100000      2136    11.48    79.44     0.09     0.30     0.30     2.60
   0.333   0.333   0.670        31    100000      2141    11.51    79.55     0.09     0.30     0.30     2.60
   0.333   0.333   0.673        29    100000      2138    11.53    79.67     0.09     0.30     0.30     2.60
   0.333   0.333   0.675        30    100000      2140    11.53    79.77     0.09     0.30     0.30     2.60
   0.333   0.333   0.678        23    100000      2144    11.56    79.89     0.09     0.30     0.30     2.60
   0.333   0.333   0.680        23    100000      2133    11.56    79.99     0.09     0.30     0.30     2.60
   0.333   0.333   0.683        27    100000      2137    11.59    80.10     0.09     0.30     0.30     2.60
   0.333   0.333   0.685        37    100000      2144    11.61    80.21     0.09     0.30     0.30     2.60
   0.333   0.333   0.688        24    100000      2138    11.61    80.33     0.09     0.30     0.30     2.60
   0.333   0.333   0.690        29    100000      2134    11.64    80.44     0.09     0.30     0.30     2.60
   0.333   0.333   0.692        32    100000      2146    11.64    80.55     0.09     0.30     0.30     2.60
   0.333   0.333   0.695        22    100000      2140    11.67    80.66     0.09     0.30     0.30     2.60
   0.333   0.333   0.697        20    100000      2132    11.69    80.76     0.09     0.30     0.30     2.60
   0.333   0.333   0.700        25    100000      2148    11.69    80.87     0.09     0.30     0.30     2.60
   0.333   0.333   0.702        23    100000      2151    11.72    80.98     0.09     0.30     0.30     2.60
   0.333   0.333   0.705        25    100000      2137    11.74    81.09     0.09     0.30     0.30     2.60
   0.333   0.333   0.707        13    100000      2156    11.74    81.19     0.09     0.30     0.30     2.60
   0.333   0.333   0.710        21    100000      2128    11.77    81.30     0.09     0.30     0.30     2.60
   0.333   0.333   0.712        25    100000      2128    11.79    81.41     0.09     0.30     0.30     2.60
   0.333   0.333   0.715        26    100000      2131    11.79    81.51     0.09     0.30     0.30     2.60
   0.333   0.333   0.717        32    100000      2130    11.82    81.62     0.09     0.30     0.30     2.60
   0.333   0.333   0.720        10    100000      2147    11.82    81.73     0.09     0.30     0.30     2.60
   0.333   0.333   0.722        17    100000      2119    11.85    81.83     0.09     0.30     0.30     2.60
   0.333   0.333   0.725        23    100000      2139    11.87    81.93     0.09     0.30     0.30     2.60
   0.333   0.333   0.727        33    100000      2135    11.87    82.05     0.09     0.30     0.30     2.60
   0.333   0.333   0.730        14    100000      2150    11.90    82.15     0.09     0.30     0.30     2.60
   0.333   0.333   0.733        25    100000      2139    11.92    82.25     0.09     0.30     0.30     2.60
   0.333   0.333   0.735        19    100000      2148    11.92    82.36     0.09     0.30     0.30     2.60
   0.333   0.333   0.738        21    100000      2149    11.95    82.46     0.09     0.30     0.30     2.60
   0.333   0.333   0.740        27    100000      2145    11.97    82.57     0.09     0.30     0.30     2.60
   0.333   0.333   0.743        24    100000      2139    11.99    82.67     0.09     0.30     0.30     2.60
   0.333   0.333   0.745        23    100000      2137    11.99    82.77     0.09     0.30     0.30     2.60
   0.333   0.333   0.748        25    100000      2134    12.02    82.88     0.09     0.30     0.30     2.60
   0.333   0.333   0.750        23    100000      2151    12.04    82.98     0.09     0.30     0.30     2.60
   0.333   0.333   0.752        26    100000      2137    12.04    83.08     0.09     0.30     0.30     2.60
   0.333   0.333   0.755        22    100000      2136    12.07    83.18     0.09     0.30     0.30     2.60
   0.333   0.333   0.757        29    100000      2154    12.09    83.29     0.09     0.30     0.30     2.60
   0.333   0.333   0.760        22    100000      2143    12.09    83.39     0.09     0.30     0.30     2.60
   0.333   0.333   0.762        24    100000      2149    12.12    83.49     0.09     0.30     0.30     2.60
   0.333   0.333   0.765        29    100000      2146    12.14    83.59     0.09     0.30     0.30     2.60
   0.333   0.333   0.767        23    100000      2141    12.16    83.69     0.09     0.30     0.30     2.60
   0.333   0.333   0.770        25    100000      2123    12.16    83.79     0.09     0.30     0.30     2.60
   0.333   0.333   0.773        15    100000      2139    12.19    83.89     0.09     0.30     0.30     2.60
   0.333   0.333   0.775        23    100000      2137    12.21    83.99     0.09     0.30     0.30     2.60
   0.333   0.333   0.778        27    100000      2139    12.21    84.09     0.09     0.30     0.30     2.60
   0.333   0.333   0.780        20    100000      2126    12.24    84.19     0.09     0.30     0.30     2.60
   0.333   0.333   0.783        26    100000      2134    12.26    84.29     0.09     0.30     0.30     2.60
   0.333   0.333   0.785        27    100000      2135    12.28    84.39     0.07     0.30     0.30     2.60
   0.333   0.333   0.788        27    100000      2151    12.28    84.49     0.07     0.30     0.30     2.60
   0.333   0.333   0.790        21    100000      2143    12.31    84.59     0.07     0.30     0.30     2.60
   0.333   0.333   0.793        31    100000      2141    12.33    84.69     0.07     0.30     0.30     2.60
   0.333   0.333   0.795        27    100000      2139    12.35    84.79     0.07     0.30     0.30     2.60
   0.333   0.333   0.798        27    100000      2128    12.35    84.89     0.07     0.30     0.30     2.60
   0.333   0.333   0.800        19    100000      2140    12.38    84.98     0.07     0.30     0.30     2.60
   0.333   0.333   0.803        24    100000      2152    12.40    85.08     0.07     0.30     0.30     2.60
   0.333   0.333   0.805        25    100000      2133    12.42    85.18     0.07     0.30     0.30     2.60
   0.333   0.333   0.808        28    100000      2129    12.44    85.28     0.07     0.30     0.30     2.60
   0.333   0.333   0.810        20    100000      2148    12.44    85.38     0.07     0.30     0.30     2.60
   0.333   0.333   0.812        22    100000      2140    12.47    85.47     0.07     0.30     0.30     2.60
   0.333   0.333   0.815        25    100000      2117    12.49    85.57     0.07     0.30     0.30     2.60
   0.333   0.333   0.817        32    100000      2140    12.51    85.67     0.07     0.30     0.30     2.60
   0.333   0.333   0.820        15    100000      2135    12.51    85.76     0.07     0.30     0.30     2.60
   0.333   0.333   0.822        23    100000      2134    12.54    85.86     0.07     0.30     0.30     2.60
   0.333   0.333   0.825        25    100000      2151    12.56    85.95     0.07     0.30     0.30     2.60
   0.333   0.333   0.827        21    100000      2131    12.58    86.05     0.07     0.30     0.30     2.60
   0.333   0.333   0.830        23    100000      2135    12.60    86.14     0.07     0.30     0.30     2.60
   0.333   0.333   0.832        30    100000      2137    12.60    86.24     0.07     0.30     0.30     2.60
   0.333   0.333   0.835        24    100000      2135    12.63    86.33     0.07     0.30     0.30     2.60
   0.333   0.333   0.837        25    100000      2148    12.65    86.43     0.07     0.30     0.30     2.60
   0.333   0.333   0.840        15    100000      2144    12.67    86.51     0.07     0.30     0.30     2.60
   0.333   0.333   0.842        19    100000      2137    12.69    86.61     0.07     0.30     0.30     2.60
   0.333   0.333   0.845        23    100000      2143    12.69    86.70     0.07     0.30     0.30     2.60
   0.333   0.333   0.847        27    100000      2136    12.72    86.80     0.07     0.30     0.30     2.60
   0.333   0.333   0.850        18    100000      2145    12.74    86.90     0.07     0.30     0.30     2.60
   0.333   0.333   0.852        21    100000      2128    12.76    86.99     0.07     0.30     0.30     2.60
   0.333   0.333   0.855        28    100000      2138    12.78    87.09     0.07     0.30     0.30     2.60
   0.333   0.333   0.857        18    100000      2146    12.80    87.18     0.07     0.30     0.30     2.60
   0.333   0.333   0.860        30    100000      2139    12.80    87.27     0.07     0.30     0.30     2.60
   0.333   0.333   0.862        30    100000      2131    12.83    87.36     0.07     0.30     0.30     2.60
   0.333   0.333   0.865        30    100000      2137    12.85    87.45     0.07     0.30     0.30     2.60
   0.333   0.333   0.867        34    100000      2140    12.87    87.55     0.07     0.30     0.30     2.60
   0.333   0.333   0.870        27    100000      2141    12.89    87.63     0.07     0.30     0.30     2.60
   0.333   0.333   0.873        25    100000      2135    12.91    87.73     0.07     0.30     0.30     2.60
   0.333   0.333   0.875        24    100000      2143    12.91    87.82     0.07     0.30     0.30     2.60
   0.333   0.333   0.877        25    100000      2139    12.94    87.91     0.07     0.30     0.30     2.60
   0.333   0.333   0.880        32    100000      2156    12.96    88.00     0.07     0.30     0.30     2.60
   0.333   0.333   0.882        23    100000      2142    12.98    88.09     0.07     0.30     0.30     2.60
   0.333   0.333   0.885        21    100000      2135    13.00    88.18     0.07     0.30     0.30     2.60
   0.333   0.333   0.887        23    100000      2140    13.02    88.26     0.07     0.30     0.30     2.60
   0.333   0.333   0.890        24    100000      2136    13.04    88.35     0.07     0.30     0.30     2.60
   0.333   0.333   0.892        21    100000      2139    13.04    88.44     0.07     0.30     0.30     2.60
   0.333   0.333   0.895        33    100000      2123    13.07    88.53     0.07     0.30     0.30     2.60
   0.333   0.333   0.897        23    100000      2128    13.09    88.62     0.07     0.30     0.30     2.60
   0.333   0.333   0.900        15    100000      2137    13.11    88.71     0.07     0.30     0.30     2.60
   0.333   0.333   0.903        35    100000      2137    13.13    88.80     0.07     0.30     0.30     2.60
   0.333   0.333   0.905        26    100000      2132    13.15    88.89     0.07     0.30     0.30     2.60
   0.333   0.333   0.908        18    100000      2143    13.17    88.98     0.07     0.30     0.30     2.60
   0.333   0.333   0.910        31    100000      2133    13.19    89.07     0.07     0.30     0.30     2.60
   0.333   0.333   0.913        24    100000      2142    13.19    89.16     0.07     0.30     0.30     2.60
   0.333   0.333   0.915        28    100000      2146    13.22    89.25     0.07     0.30     0.30     2.60
   0.333   0.333   0.918        15    100000      2133    13.24    89.34     0.07     0.30     0.30     2.60
   0.333   0.333   0.920        20    100000      2131    13.26    89.42     0.07     0.30     0.30     2.60
   0.333   0.333   0.923        41    100000      2136    13.28    89.51     0.07     0.30     0.30     2.60
   0.333   0.333   0.925        24    100000      2128    13.30    89.60     0.07     0.30     0.30     2.60
   0.333   0.333   0.928        28    100000      2144    13.32    89.68     0.07     0.30     0.30     2.60
   0.333   0.333   0.930        34    100000      2129    13.34    89.77     0.07     0.30     0.30     2.60
   0.333   0.333   0.933        23    100000      2152    13.36    89.86     0.07     0.30     0.30     2.60
   0.333   0.333   0.935        29    100000      2148    13.36    89.94     0.07     0.30     0.30     2.60
   0.333   0.333   0.938        32    100000      2138    13.39    90.03     0.07     0.30     0.30     2.60
   0.333   0.333   0.940        35    100000      2127    13.41    90.11     0.07     0.30     0.30     2.60
   0.333   0.333   0.942        23    100000      2136    13.43    90.20     0.07     0.30     0.30     2.60
   0.333   0.333   0.945        30    100000      2134    13.45    90.29     0.07     0.30     0.30     2.60
   0.333   0.333   0.947        28    100000      2141    13.47    90.36     0.07     0.30     0.30     2.60
   0.333   0.333   0.950        22    100000      2144    13.49    90.46     0.07     0.30     0.30     2.60
   0.333   0.333   0.952        37    100000      2149    13.51    90.54     0.07     0.30     0.30     2.60
   0.333   0.333   0.955        28    100000      2125    13.53    90.62     0.07     0.30     0.30     2.60
   0.333   0.333   0.957        38    100000      2133    13.55    90.71     0.07     0.30     0.30     2.60
   0.333   0.333   0.960        41    100000      2148    13.57    90.79     0.07     0.30     0.30     2.60
   0.333   0.333   0.962        37    100000      2129    13.59    90.87     0.07     0.30     0.30     2.60
   0.333   0.333   0.965        36    100000      2135    13.61    90.95     0.07     0.30     0.30     2.60
   0.333   0.333   0.967        48    100000      2130    13.61    91.04     0.07     0.30     0.30     2.60
   0.333   0.333   0.970        65    100000      2134    13.64    91.13     0.07     0.30     0.30     2.60
   0.333   0.333   0.972        69    100000      2153    13.66    91.21     0.07     0.30     0.30     2.60
   0.333   0.333   0.975        67    100000      2141    13.68    91.29     0.07     0.30     0.30     2.60
   0.333   0.333   0.977        79    100000      2136    13.70    91.38     0.07     0.30     0.30     2.60
   0.333   0.333   0.980        96    100000      2127    13.72    91.46     0.07     0.30     0.30     2.60
   0.333   0.333   0.982        87    100000      2152    13.74    91.54     0.07     0.30     0.30     2.60
   0.333   0.333   0.985       119    100000      2155    13.76    91.62     0.07     0.30     0.30     2.60
   0.333   0.333   0.987       137    100000      2145    13.78    91.70     0.07     0.30     0.30     2.60
   0.333   0.333   0.990       165    100000      2138    13.80    91.79     0.07     0.30     0.30     2.60
   0.333   0.333   0.992       170    100000      2144    13.82    91.87     0.07     0.30     0.30     2.60
   0.333   0.333   0.995       185    100000      2137    13.84    91.95     0.07     0.30     0.30     2.60
   0.333   0.333   0.998       146    100000      2149    13.86    92.03     0.07     0.30     0.30     2.60
   0.333   0.333   1.000       176    100000      2145    13.88    92.11     0.07     0.30     0.30     2.60
   0.333   0.333   1.003       165    100000      2142    13.90    92.19     0.07     0.30     0.30     2.60
   0.333   0.333   1.005       157    100000      2124    13.92    92.27     0.07     0.30     0.30     2.60
   0.333   0.333   1.007       153    100000      2143    13.94    92.34     0.07     0.30     0.30     2.60
   0.333   0.333   1.010        94    100000      2139    13.96    92.43     0.07     0.30     0.30     2.60
   0.333   0.333   1.013       101    100000      2140    13.98    92.51     0.07     0.30     0.30     2.60
   0.333   0.333   1.015        84    100000      2137    14.00    92.59     0.05     0.30     0.30     2.60
   0.333   0.333   1.017        71    100000      2134    14.02    92.67     0.05     0.30     0.30     2.60
   0.333   0.333   1.020        72    100000      2138    14.04    92.75     0.05     0.30     0.30     2.60
   0.333   0.333   1.023        65    100000      2136    14.06    92.83     0.05     0.30     0.30     2.60
   0.333   0.333   1.025        50    100000      2139    14.08    92.91     0.05     0.30     0.30     2.60
   0.333   0.333   1.027        49    100000      2134    14.10    92.99     0.05     0.30     0.30     2.60
   0.333   0.333   1.030        50    100000      2135    14.12    93.07     0.05     0.30     0.30     2.60
   0.333   0.333   1.033        33    100000      2137    14.14    93.15     0.05     0.30     0.30     2.60
   0.333   0.333   1.035        28    100000      2136    14.16    93.22     0.05     0.30     0.30     2.60
   0.333   0.333   1.037        31    100000      2137    14.17    93.30     0.05     0.30     0.30     2.60
   0.333   0.333   1.040        34    100000      2134    14.20    93.38     0.05     0.30     0.30     2.60
   0.333   0.333   1.043        32    100000      2127    14.22    93.46     0.05     0.30     0.30     2.60
   0.333   0.333   1.045        34    100000      2147    14.24    93.54     0.05     0.30     0.30     2.60
   0.333   0.333   1.048        33    100000      2134    14.26    93.61     0.05     0.30     0.30     2.60
   0.333   0.333   1.050        42    100000      2142    14.28    93.69     0.05     0.30     0.30     2.60
   0.333   0.333   1.053        27    100000      2144    14.30    93.77     0.05     0.30     0.30     2.60
   0.333   0.333   1.055        28    100000      2139    14.32    93.85     0.05     0.30     0.30     2.60
   0.333   0.333   1.058        40    100000      2151    14.34    93.92     0.05     0.30     0.30     2.60
   0.333   0.333   1.060        26    100000      2143    14.36    94.00     0.05     0.30     0.30     2.60
   0.333   0.333   1.062        28    100000      2153    14.38    94.07     0.05     0.30     0.30     2.60
   0.333   0.333   1.065        25    100000      2135    14.40    94.15     0.05     0.30     0.30     2.60
   0.333   0.333   1.067        26    100000      2144    14.42    94.23     0.05     0.30     0.30     2.60
   0.333   0.333   1.070        27    100000      2145    14.44    94.30     0.05     0.30     0.30     2.60
   0.333   0.333   1.072        29    100000      2138    14.46    94.37     0.05     0.30     0.30     2.60
   0.333   0.333   1.075        31    100000      2140    14.48    94.45     0.05     0.30     0.30     2.60
   0.333   0.333   1.077        22    100000      2143    14.50    94.53     0.05     0.30     0.30     2.60
   0.333   0.333   1.080        27    100000      2131    14.52    94.60     0.05     0.30     0.30     2.60
   0.333   0.333   1.082        32    100000      2151    14.54    94.68     0.05     0.30     0.30     2.60
   0.333   0.333   1.085        41    100000      2140    14.56    94.75     0.05     0.30     0.30     2.60
   0.333   0.333   1.087        27    100000      2151    14.58    94.83     0.05     0.30     0.30     2.60
   0.333   0.333   1.090        31    100000      2132    14.60    94.90     0.05     0.30     0.30     2.60
   0.333   0.333   1.092        23    100000      2144    14.62    94.98     0.05     0.30     0.30     2.60
   0.333   0.333   1.095        30    100000      2135    14.64    95.05     0.05     0.30     0.30     2.60
   0.333   0.333   1.097        25    100000      2157    14.66    95.13     0.05     0.30     0.30     2.60
   0.333   0.333   1.100        30    100000      2138    14.68    95.20     0.05     0.30     0.30     2.60
   0.333   0.333   1.102        30    100000      2141    14.70    95.27     0.05     0.30     0.30     2.60
   0.333   0.333   1.105        22    100000      2141    14.72    95.35     0.05     0.30     0.30     2.60
   0.333   0.333   1.107        27    100000      2151    14.74    95.42     0.05     0.30     0.30     2.60
   0.333   0.333   1.110        27    100000      2146    14.77    95.49     0.05     0.30     0.30     2.60
   0.333   0.333   1.112        15    100000      2133    14.79    95.57     0.05     0.30     0.30     2.60
   0.333   0.333   1.115        23    100000      2144    14.81    95.64     0.05     0.30     0.30     2.60
   0.333   0.333   1.118        25    100000      2164    14.83    95.71     0.05     0.30     0.30     2.60
   0.333   0.333   1.120        21    100000      2127    14.85    95.78     0.05     0.30     0.30     2.60
   0.333   0.333   1.122        33    100000      2131    14.87    95.86     0.05     0.30     0.30     2.60
   0.333   0.333   1.125        21    100000      2132    14.89    95.93     0.05     0.30     0.30     2.60
   0.333   0.333   1.128        21    100000      2132    14.91    96.00     0.05     0.30     0.30     2.60
   0.333   0.333   1.130        20    100000      2129    14.93    96.07     0.05     0.30     0.30     2.60
   0.333   0.333   1.132        23    100000      2138    14.95    96.14     0.05     0.30     0.30     2.60
   0.333   0.333   1.135        25    100000      2138    14.97    96.22     0.05     0.30     0.30     2.60
   0.333   0.333   1.138        19    100000      2133    14.99    96.29     0.05     0.30     0.30     2.60
   0.333   0.333   1.140        22    100000      2125    15.01    96.36     0.05     0.30     0.30     2.60
   0.333   0.333   1.142        23    100000      2148    15.03    96.43     0.05     0.30     0.30     2.60
   0.333   0.333   1.145        25    100000      2127    15.05    96.50     0.05     0.30     0.30     2.60
   0.333   0.333   1.148        33    100000      2139    15.08    96.57     0.05     0.30     0.30     2.60
   0.333   0.333   1.150        30    100000      2144    15.10    96.64     0.05     0.30     0.30     2.60
   0.333   0.333   1.152        24    100000      2135    15.12    96.71     0.05     0.30     0.30     2.60
   0.333   0.333   1.155        29    100000      2144    15.14    96.78     0.05     0.30     0.30     2.60
   0.333   0.333   1.158        33    100000      2130    15.16    96.85     0.05     0.30     0.30     2.60
   0.333   0.333   1.160        27    100000      2148    15.18    96.92     0.05     0.30     0.30     2.60
   0.333   0.333   1.162        30    100000      2137    15.20    96.99     0.05     0.30     0.30     2.60
   0.333   0.333   1.165        27    100000      2151    15.22    97.06     0.05     0.30     0.30     2.60
   0.333   0.333   1.168        24    100000      2154    15.24    97.13     0.05     0.30     0.30     2.60
   0.333   0.333   1.170        27    100000      2143    15.26    97.20     0.05     0.30     0.30     2.60
   0.333   0.333   1.173        19    100000      2149    15.28    97.27     0.05     0.30     0.30     2.60
   0.333   0.333   1.175        24    100000      2147    15.31    97.34     0.05     0.30     0.30     2.60
   0.333   0.333   1.178        25    100000      2136    15.33    97.41     0.05     0.30     0.30     2.60
   0.333   0.333   1.180        24    100000      2134    15.35    97.48     0.05     0.30     0.30     2.60
   0.333   0.333   1.183        23    100000      2143    15.37    97.54     0.05     0.30     0.30     2.60
   0.333   0.333   1.185        22    100000      2135    15.39    97.61     0.05     0.30     0.30     2.60
   0.333   0.333   1.188        27    100000      2134    15.41    97.68     0.05     0.30     0.30     2.60
   0.333   0.333   1.190        20    100000      2133    15.43    97.75     0.05     0.30     0.30     2.60
   0.333   0.333   1.192        18    100000      2139    15.45    97.82     0.05     0.30     0.30     2.60
   0.333   0.333   1.195        24    100000      2130    15.47    97.89     0.05     0.30     0.30     2.60
   0.333   0.333   1.197        30    100000      2133    15.50    97.95     0.05     0.30     0.30     2.60
   0.333   0.333   1.200        26    100000      2139    15.52    98.02     0.05     0.30     0.30     2.60
   0.333   0.333   1.202        15    100000      2129    15.54    98.09     0.05     0.30     0.30     2.60
   0.333   0.333   1.205        27    100000      2145    15.56    98.16     0.05     0.30     0.30     2.60
   0.333   0.333   1.207        24    100000      2144    15.58    98.22     0.05     0.30     0.30     2.60
   0.333   0.333   1.210        31    100000      2139    15.60    98.29     0.05     0.30     0.30     2.60
   0.333   0.333   1.212        38    100000      2136    15.62    98.36     0.05     0.30     0.30     2.60
   0.333   0.333   1.215        22    100000      2144    15.64    98.42     0.05     0.30     0.30     2.60
   0.333   0.333   1.217        20    100000      2132    15.67    98.49     0.05     0.30     0.30     2.60
   0.333   0.333   1.220        20    100000      2149    15.69    98.56     0.05     0.30     0.30     2.60
   0.333   0.333   1.222        32    100000      2136    15.71    98.62     0.05     0.30     0.30     2.60
   0.333   0.333   1.225        21    100000      2138    15.73    98.69     0.05     0.30     0.30     2.60
   0.333   0.333   1.227        24    100000      2151    15.75    98.75     0.05     0.30     0.30     2.60
   0.333   0.333   1.230        21    100000      2143    15.77    98.82     0.05     0.30     0.30     2.60
   0.333   0.333   1.232        20    100000      2140    15.79    98.89     0.05     0.30     0.30     2.60
   0.333   0.333   1.235        30    100000      2146    15.81    98.95     0.05     0.30     0.30     2.60
   0.333   0.333   1.237        24    100000      2139    15.84    99.02     0.05     0.30     0.30     2.60
   0.333   0.333   1.240        30    100000      2148    15.86    99.08     0.05     0.30     0.30     2.60
   0.333   0.333   1.243        32    100000      2159    15.88    99.15     0.03     0.30     0.30     2.60
   0.333   0.333   1.245        32    100000      2127    15.90    99.21     0.03     0.30     0.30     2.60
   0.333   0.333   1.247        20    100000      2128    15.92    99.28     0.03     0.30     0.30     2.60
   0.333   0.333   1.250        27    100000      2139    15.94    99.34     0.03     0.31     0.30     2.60
   0.333   0.333   1.253        28    100000      2150    15.97    99.41     0.03     0.31     0.30     2.60
   0.333   0.333   1.255        30    100000      2134    15.98    99.47     0.03     0.30     0.30     2.60
   0.333   0.333   1.257        25    100000      2138    16.01    99.53     0.03     0.30     0.30     2.60
   0.333   0.333   1.260        27    100000      2135    16.02    99.59     0.03     0.30     0.30     2.60
   0.333   0.333   1.263        23    100000      2152    16.05    99.65     0.03     0.30     0.30     2.60
   0.333   0.333   1.265        27    100000      2153    16.06    99.73     0.03     0.30     0.30     2.60
   0.333   0.333   1.267        28    100000      2129    16.09    99.79     0.03     0.30     0.30     2.60
   0.333   0.333   1.270        30    100000      2136    16.12    99.85     0.03     0.30     0.30     2.60
   0.333   0.333   1.273        19    100000      2127    16.14    99.91     0.03     0.30     0.30     2.60
   0.333   0.333   1.275        18    100000      2145    16.16    99.97     0.03     0.30     0.30     2.60
   0.333   0.333   1.277        22    100000      2146    16.18   100.05     0.03     0.30     0.30     2.60
   0.333   0.333   1.280        26    100000      2130    16.20   100.11     0.03     0.30     0.30     2.60
   0.333   0.333   1.283        21    100000      2142    16.22   100.17     0.03     0.30     0.30     2.60
   0.333   0.333   1.285        19    100000      2152    16.25   100.23     0.03     0.30     0.30     2.60
   0.333   0.333   1.287        31    100000      2139    16.27   100.30     0.03     0.30     0.30     2.60
   0.333   0.333   1.290        37    100000      2119    16.29   100.36     0.03     0.30     0.30     2.60
   0.333   0.333   1.293        24    100000      2144    16.31   100.42     0.03     0.30     0.30     2.60
   0.333   0.333   1.295        30    100000      2145    16.33   100.48     0.03     0.30     0.30     2.60
   0.333   0.333   1.297        25    100000      2152    16.35   100.55     0.03     0.30     0.30     2.60
   0.333   0.333   1.300        33    100000      2139    16.38   100.61     0.03     0.30     0.30     2.60
   0.333   0.333   1.303        16    100000      2149    16.40   100.67     0.03     0.30     0.30     2.60
   0.333   0.333   1.305        30    100000      2153    16.42   100.73     0.03     0.30     0.30     2.60
   0.333   0.333   1.308        15    100000      2155    16.44   100.79     0.03     0.30     0.30     2.60
   0.333   0.333   1.310        34    100000      2145    16.46   100.85     0.03     0.30     0.30     2.60
   0.333   0.333   1.312        22    100000      2146    16.49   100.92     0.03     0.30     0.30     2.60
   0.333   0.333   1.315        21    100000      2139    16.51   100.98     0.03     0.30     0.30     2.60
   0.333   0.333   1.317        26    100000      2137    16.53   101.04     0.03     0.30     0.30     2.60
   0.333   0.333   1.320        22    100000      2140    16.55   101.10     0.03     0.30     0.30     2.60
   0.333   0.333   1.322        23    100000      2142    16.57   101.16     0.03     0.30     0.30     2.60
   0.333   0.333   1.325        20    100000      2135    16.59   101.22     0.03     0.30     0.30     2.60
   0.333   0.333   1.327        18    100000      2124    16.62   101.28     0.03     0.30     0.30     2.60
   0.333   0.333   1.330        22    100000      2132    16.64   101.34     0.03     0.30     0.30     2.60
   0.333   0.333   1.332        27    100000      2141    16.66   101.40     0.03     0.30     0.30     2.60
   0.333   0.333   1.335        25    100000      2143    16.68   101.46     0.03     0.30     0.30     2.60
   0.333   0.333   1.337        20    100000      2142    16.70   101.52     0.03     0.30     0.30     2.60
   0.333   0.333   1.340        28    100000      2131    16.73   101.58     0.03     0.30     0.30     2.60
   0.333   0.333   1.342        28    100000      2144    16.75   101.64     0.03     0.30     0.30     2.60
   0.333   0.333   1.345        25    100000      2132    16.77   101.70     0.03     0.30     0.30     2.60
   0.333   0.333   1.347        24    100000      2132    16.79   101.76     0.03     0.30     0.30     2.60
   0.333   0.333   1.350        30    100000      2137    16.81   101.82     0.03     0.30     0.30     2.60
   0.333   0.333   1.352        33    100000      2145    16.84   101.88     0.03     0.30     0.30     2.60
   0.333   0.333   1.355        23    100000      2131    16.86   101.94     0.03     0.30     0.30     2.60
   0.333   0.333   1.357        22    100000      2146    16.88   102.00     0.03     0.30     0.30     2.60
   0.333   0.333   1.360        22    100000      2140    16.90   102.06     0.03     0.30     0.30     2.60
   0.333   0.333   1.362        27    100000      2136    16.92   102.12     0.03     0.30     0.30     2.60
   0.333   0.333   1.365        24    100000      2141    16.95   102.18     0.03     0.30     0.30     2.60
   0.333   0.333   1.368        15    100000      2142    16.97   102.24     0.03     0.30     0.30     2.60
   0.333   0.333   1.370        19    100000      2136    16.99   102.29     0.03     0.30     0.30     2.60
   0.333   0.333   1.372        34    100000      2151    17.01   102.35     0.03     0.30     0.30     2.60
   0.333   0.333   1.375        28    100000      2133    17.04   102.41     0.03     0.30     0.30     2.60
   0.333   0.333   1.378        16    100000      2136    17.06   102.47     0.03     0.30     0.30     2.60
   0.333   0.333   1.380        24    100000      2135    17.08   102.53     0.03     0.30     0.30     2.60
   0.333   0.333   1.382        22    100000      2132    17.10   102.59     0.03     0.30     0.30     2.60
   0.333   0.333   1.385        25    100000      2136    17.12   102.64     0.03     0.30     0.30     2.60
   0.333   0.333   1.388        27    100000      2150    17.15   102.70     0.03     0.30     0.30     2.60
   0.333   0.333   1.390        25    100000      2133    17.17   102.76     0.03     0.30     0.30     2.60
   0.333   0.333   1.392        27    100000      2130    17.19   102.82     0.03     0.30     0.30     2.60
   0.333   0.333   1.395        32    100000      2144    17.21   102.87     0.03     0.30     0.30     2.60
   0.333   0.333   1.398        28    100000      2128    17.24   102.93     0.03     0.30     0.30     2.60
   0.333   0.333   1.400        18    100000      2144    17.26   102.99     0.03     0.30     0.30     2.60
   0.333   0.333   1.402        17    100000      2130    17.28   103.05     0.03     0.30     0.30     2.60
   0.333   0.333   1.405        25    100000      2147    17.30   103.10     0.03     0.30     0.30     2.60
   0.333   0.333   1.408        29    100000      2141    17.32   103.16     0.03     0.30     0.30     2.60
   0.333   0.333   1.410        26    100000      2127    17.35   103.22     0.03     0.30     0.30     2.60
   0.333   0.333   1.412        26    100000      2148    17.37   103.27     0.03     0.30     0.30     2.60
   0.333   0.333   1.415        20    100000      2146    17.39   103.33     0.03     0.30     0.30     2.60
   0.333   0.333   1.418        22    100000      2142    17.41   103.39     0.03     0.30     0.30     2.60
   0.333   0.333   1.420        19    100000      2127    17.44   103.44     0.03     0.30     0.30     2.60
   0.333   0.333   1.422        22    100000      2139    17.46   103.50     0.03     0.30     0.30     2.60
   0.333   0.333   1.425        20    100000      2150    17.48   103.55     0.03     0.30     0.30     2.60
   0.333   0.333   1.428        20    100000      2128    17.50   103.61     0.03     0.30     0.30     2.60
   0.333   0.333   1.430        15    100000      2140    17.53   103.67     0.03     0.30     0.30     2.60
   0.333   0.333   1.433        29    100000      2142    17.55   103.72     0.03     0.30     0.30     2.60
   0.333   0.333   1.435        23    100000      2135    17.57   103.78     0.03     0.30     0.30     2.60
   0.333   0.333   1.438        26    100000      2138    17.59   103.83     0.03     0.30     0.30     2.60
   0.333   0.333   1.440        25    100000      2129    17.62   103.89     0.03     0.30     0.30     2.60
   0.333   0.333   1.442        17    100000      2144    17.64   103.94     0.03     0.30     0.30     2.60
   0.333   0.333   1.445        26    100000      2143    17.66   104.00     0.03     0.30     0.30     2.60
   0.333   0.333   1.447        29    100000      2138    17.68   104.05     0.03     0.30     0.30     2.60
   0.333   0.333   1.450        21    100000      2159    17.71   104.11     0.03     0.30     0.30     2.60
   0.333   0.333   1.452        28    100000      2138    17.73   104.16     0.03     0.30     0.30     2.60
   0.333   0.333   1.455        27    100000      2131    17.75   104.22     0.03     0.30     0.30     2.60
   0.333   0.333   1.457        26    100000      2130    17.76   104.27     0.03     0.30     0.30     2.60
   0.333   0.333   1.460        17    100000      2133    17.80   104.33     0.03     0.30     0.30     2.60
   0.333   0.333   1.462        18    100000      2129    17.82   104.38     0.03     0.30     0.30     2.60
   0.333   0.333   1.465        21    100000      2136    17.84   104.44     0.03     0.30     0.30     2.60
   0.333   0.333   1.467        31    100000      2148    17.86   104.49     0.03     0.30     0.30     2.60
   0.333   0.333   1.470        24    100000      2128    17.89   104.55     0.03     0.30     0.30     2.60
   0.333   0.333   1.472        31    100000      2131    17.91   104.60     0.01     0.30     0.30     2.60
   0.333   0.333   1.475        28    100000      2138    17.93   104.65     0.01     0.30     0.30     2.60
   0.333   0.333   1.477        18    100000      2144    17.95   104.71     0.01     0.30     0.30     2.60
   0.333   0.333   1.480        35    100000      2142    17.98   104.76     0.01     0.30     0.30     2.60
   0.333   0.333   1.482        18    100000      2142    18.00   104.82     0.01     0.30     0.30     2.60
   0.333   0.333   1.485        19    100000      2140    18.02   104.87     0.01     0.30     0.30     2.60
   0.333   0.333   1.487        23    100000      2131    18.04   104.92     0.01     0.30     0.30     2.60
   0.333   0.333   1.490        29    100000      2141    18.07   104.98     0.01     0.30     0.30     2.60
   0.333   0.333   1.493        31    100000      2139    18.08   105.03     0.01     0.30     0.30     2.60
   0.333   0.333   1.495        23    100000      2136    18.11   105.08     0.01     0.30     0.30     2.60
   0.333   0.333   1.497        28    100000      2132    18.14   105.14     0.01     0.30     0.30     2.60
   0.333   0.333   1.500        27    100000      2150    18.16   105.19     0.01     0.30     0.30     2.60
