   0.333   0.333   0.500        29    100000      2134    10.52    71.37     0.11     0.30     0.30     3.40
   0.333   0.333   0.502        24    100000      2147    10.53    71.51     0.11     0.30     0.30     3.40
   0.333   0.333   0.505        11    100000      2138    10.55    71.63     0.11     0.31     0.30     3.40
   0.333   0.333   0.507        28    100000      2158    10.57    71.77     0.11     0.31     0.30     3.40
   0.333   0.333   0.510        26    100000      2159    10.57    71.89     0.11     0.30     0.30     3.40
   0.333   0.333   0.512        32    100000      2121    10.59    72.03     0.11     0.30     0.30     3.40
   0.333   0.333   0.515        16    100000      2146    10.61    72.15     0.11     0.30     0.30     3.40
   0.333   0.333   0.517        24    100000      2143    10.61    72.27     0.11     0.31     0.30     3.40
   0.333   0.333   0.520        23    100000      2131    10.63    72.41     0.11     0.31     0.30     3.40
   0.333   0.333   0.522        20    100000      2131    10.65    72.53     0.11     0.30     0.30     3.40
   0.333   0.333   0.525        19    100000      2135    10.65    72.66     0.11     0.30     0.30     3.40
   0.333   0.333   0.527        30    100000      2138    10.67    72.79     0.11     0.30     0.30     3.40
   0.333   0.333   0.530        20    100000      2138    10.69    72.92     0.11     0.30     0.30     3.40
   0.333   0.333   0.533        24    100000      2127    10.69    73.04     0.11     0.30     0.30     3.40
   0.333   0.333   0.535        26    100000      2147    10.71    73.17     0.11     0.30     0.30     3.40
   0.333   0.333   0.538        33    100000      2130    10.73    73.29     0.11     0.30     0.30     3.40
   0.333   0.333   0.540        25    100000      2129    10.73    73.41     0.11     0.30     0.30     3.40
   0.333   0.333   0.543        31    100000      2141    10.75    73.54     0.11     0.30     0.30     3.40
   0.333   0.333   0.545        20    100000      2135    10.77    73.67     0.11     0.30     0.30     3.40
   0.333   0.333   0.548        27    100000      2148    10.77    73.79     0.11     0.30     0.30     3.40
   0.333   0.333   0.550        20    100000      2134    10.80    73.91     0.11     0.30     0.30     3.40
   0.333   0.333   0.553        29    100000      2146    10.80    74.04     0.11     0.30     0.30     3.40
   0.333   0.333   0.555        24    100000      2133    10.82    74.17     0.11     0.30     0.30     3.40
   0.333   0.333   0.558        21    100000      2133    10.84    74.29     0.09     0.30     0.30     3.40
   0.333   0.333   0.560        21    100000      2140    10.84    74.41     0.09     0.30     0.30     3.40
   0.333   0.333   0.562        24    100000      2134    10.87    74.54     0.09     0.30     0.30     3.40
   0.333   0.333   0.565        20    100000      2138    10.87    74.66     0.09     0.30     0.30     3.40
   0.333   0.333   0.567        24    100000      2145    10.89    74.78     0.09     0.30     0.30     3.40
   0.333   0.333   0.570        21    100000      2131    10.91    74.90     0.09     0.30     0.30     3.40
   0.333   0.333   0.572        24    100000      2136    10.91    75.02     0.09     0.30     0.30     3.40
   0.333   0.333   0.575        35    100000      2142    10.94    75.15     0.09     0.30     0.30     3.40
   0.333   0.333   0.577        28    100000      2141    10.94    75.27     0.09     0.30     0.30     3.40
   0.333   0.333   0.580        19    100000      2134    10.96    75.39     0.09     0.30     0.30     3.40
   0.333   0.333   0.582        24    100000      2145    10.98    75.51     0.09     0.30     0.30     3.40
   0.333   0.333   0.585        34    100000      2135    10.98    75.63     0.09     0.30     0.30     3.40
   0.333   0.333   0.587        20    100000      2143    11.01    75.75     0.09     0.30     0.30     3.40
   0.333   0.333   0.590        27    100000      2142    11.01    75.87     0.09     0.30     0.30     3.40
   0.333   0.333   0.592        27    100000      2141    11.04    75.99     0.09     0.30     0.30     3.40
   0.333   0.333   0.595        25    100000      2155    11.04    76.11     0.09     0.30     0.30     3.40
   0.333   0.333   0.597        30    100000      2129    11.07    76.23     0.09     0.30     0.30     3.40
   0.333   0.333   0.600        24    100000      2148    11.07    76.35     0.09     0.30     0.30     3.40
   0.333   0.333   0.603        31    100000      2134    11.10    76.47     0.09     0.30     0.30     3.40
   0.333   0.333   0.605        17    100000      2128    11.10    76.58     0.09     0.30     0.30     3.40
   0.333   0.333   0.608        25    100000      2148    11.13    76.70     0.09     0.29     0.30     3.40
   0.333   0.333   0.610        19    100000      2143    11.13    76.82     0.09     0.29     0.30     3.40
   0.333   0.333   0.613        34    100000      2134    11.16    76.93     0.09     0.29     0.30     3.40
   0.333   0.333   0.615        33    100000      2140    11.16    77.05     0.09     0.29     0.30     3.40
   0.333   0.333   0.618        35    100000      2150    11.19    77.17     0.09     0.30     0.30     3.40
   0.333   0.333   0.620        28    100000      2137    11.19    77.28     0.09     0.30     0.30     3.40
   0.333   0.333   0.623        27    100000      2140    11.22    77.40     0.09     0.30     0.30     3.40
   0.333   0.333   0.625        35    100000      2133    11.22    77.52     0.09     0.30     0.30     3.40
   0.333   0.333   0.627        34    100000      2138    11.25    77.63     0.09     0.30     0.30     3.40
   0.333   0.333   0.630        25    100000      2136    11.25    77.75     0.09     0.30     0.30     3.40
   0.333   0.333   0.632        28    100000      2153    11.28    77.86     0.09     0.31     0.30     3.40
   0.333   0.333   0.635        34    100000      2143    11.28    77.98     0.09     0.31     0.30     3.40
   0.333   0.333   0.637        35    100000      2142    11.31    78.09     0.09     0.30     0.30     3.40
   0.333   0.333   0.640        38    100000      2137    11.31    78.21     0.09     0.32     0.30     3.40
   0.333   0.333   0.642        40    100000      2126    11.34    78.32     0.09     0.32     0.30     3.40
   0.333   0.333   0.645        50    100000      2147    11.34    78.44     0.09     0.31     0.30     3.40
   0.333   0.333   0.647        54    100000      2142    11.37    78.55     0.09     0.31     0.30     3.40
   0.333   0.333   0.650        61    100000      2152    11.37    78.66     0.09     0.29     0.30     3.40
   0.333   0.333   0.653        68    100000      2138    11.40    78.78     0.09     0.29     0.30     3.40
   0.333   0.333   0.655        57    100000      2120    11.42    78.89     0.09     0.28     0.30     3.40
   0.333   0.333   0.658        70    100000      2130    11.42    78.99     0.09     0.28     0.30     3.40
   0.333   0.333   0.660        54    100000      2142    11.45    79.11     0.09     0.28     0.30     3.40
   0.333   0.333   0.663        75    100000      2151    11.45    79.23     0.09     0.28     0.30     3.40
   0.333   0.333   0.665        85    100000      2135    11.48    79.34     0.09     0.28     0.30     3.40
   0.333   0.333   0.668        72    100000      2123    11.48    79.45     0.09     0.28     0.30     3.40
   0.333   0.333   0.670        61    100000      2129    11.51    79.56     0.09     0.29     0.30     3.40
   0.333   0.333   0.673        75    100000      2136    11.53    79.67     0.09     0.29     0.30     3.40
   0.333   0.333   0.675        71    100000      2145    11.53    79.78     0.09     0.29     0.30     3.40
   0.333   0.333   0.678        62    100000      2138    11.56    79.89     0.09     0.29     0.30     3.40
   0.333   0.333   0.680        48    100000      2146    11.56    79.99     0.09     0.32     0.30     3.40
   0.333   0.333   0.683        59    100000      2127    11.59    80.11     0.09     0.32     0.30     3.40
   0.333   0.333   0.685        46    100000      2134    11.61    80.22     0.09     0.29     0.30     3.40
   0.333   0.333   0.688        42    100000      2147    11.61    80.32     0.09     0.29     0.30     3.40
   0.333   0.333   0.690        41    100000      2150    11.64    80.43     0.09     0.30     0.30     3.40
   0.333   0.333   0.692        45    100000      2140    11.64    80.54     0.09     0.30     0.30     3.40
   0.333   0.333   0.695        46    100000      2142    11.67    80.65     0.09     0.30     0.30     3.40
   0.333   0.333   0.697        47    100000      2138    11.69    80.76     0.09     0.30     0.30     3.40
   0.333   0.333   0.700        41    100000      2141    11.69    80.87     0.09     0.30     0.30     3.40
   0.333   0.333   0.702        35    100000      2142    11.72    80.98     0.09     0.30     0.30     3.40
   0.333   0.333   0.705        33    100000      2133    11.74    81.09     0.09     0.30     0.30     3.40
   0.333   0.333   0.707        28    100000      2148    11.74    81.19     0.09     0.30     0.30     3.40
   0.333   0.333   0.710        44    100000      2124    11.77    81.29     0.09     0.30     0.30     3.40
   0.333   0.333   0.712        29    100000      2131    11.79    81.40     0.09     0.30     0.30     3.40
   0.333   0.333   0.715        24    100000      2143    11.79    81.51     0.09     0.30     0.30     3.40
   0.333   0.333   0.717        27    100000      2134    11.82    81.62     0.09     0.30     0.30     3.40
   0.333   0.333   0.720        21    100000      2127    11.82    81.73     0.09     0.31     0.30     3.40
   0.333   0.333   0.722        30    100000      2129    11.85    81.83     0.09     0.31     0.30     3.40
   0.333   0.333   0.725        24    100000      2147    11.87    81.94     0.09     0.31     0.30     3.40
   0.333   0.333   0.727        25    100000      2141    11.87    82.04     0.09     0.31     0.30     3.40
   0.333   0.333   0.730        18    100000      2141    11.90    82.15     0.09     0.30     0.30     3.40
   0.333   0.333   0.733        34    100000      2154    11.92    82.25     0.09     0.30     0.30     3.40
   0.333   0.333   0.735        23    100000      2139    11.92    82.35     0.09     0.30     0.30     3.40
   0.333   0.333   0.738        26    100000      2140    11.95    82.45     0.09     0.30     0.30     3.40
   0.333   0.333   0.740        23    100000      2144    11.97    82.57     0.09     0.30     0.30     3.40
   0.333   0.333   0.743        28    100000      2136    11.99    82.67     0.09     0.30     0.30     3.40
   0.333   0.333   0.745        21    100000      2138    11.99    82.77     0.09     0.30     0.30     3.40
   0.333   0.333   0.748        20    100000      2132    12.02    82.88     0.09     0.30     0.30     3.40
   0.333   0.333   0.750        20    100000      2132    12.04    82.98     0.09     0.30     0.30     3.40
   0.333   0.333   0.752        40    100000      2142    12.04    83.08     0.09     0.30     0.30     3.40
   0.333   0.333   0.755        37    100000      2143    12.07    83.18     0.09     0.30     0.30     3.40
   0.333   0.333   0.757        27    100000      2153    12.09    83.29     0.09     0.30     0.30     3.40
   0.333   0.333   0.760        20    100000      2139    12.09    83.39     0.09     0.30     0.30     3.40
   0.333   0.333   0.762        28    100000      2143    12.12    83.49     0.09     0.30     0.30     3.40
   0.333   0.333   0.765        30    100000      2123    12.14    83.59     0.09     0.30     0.30     3.40
   0.333   0.333   0.767        31    100000      2132    12.16    83.69     0.09     0.30     0.30     3.40
   0.333   0.333   0.770        24    100000      2144    12.16    83.79     0.09     0.30     0.30     3.40
   0.333   0.333   0.773        22    100000      2133    12.19    83.89     0.09     0.30     0.30     3.40
   0.333   0.333   0.775        34    100000      2142    12.21    83.99     0.09     0.29     0.30     3.40
   0.333   0.333   0.778        28    100000      2152    12.21    84.09     0.09     0.29     0.30     3.40
   0.333   0.333   0.780        20    100000      2135    12.24    84.19     0.09     0.30     0.30     3.40
   0.333   0.333   0.783        31    100000      2136    12.26    84.29     0.09     0.30     0.30     3.40
   0.333   0.333   0.785        23    100000      2148    12.28    84.39     0.07     0.30     0.30     3.40
   0.333   0.333   0.788        19    100000      2142    12.28    84.49     0.07     0.30     0.30     3.40
   0.333   0.333   0.790        16    100000      2148    12.31    84.59     0.07     0.30     0.30     3.40
   0.333   0.333   0.793        23    100000      2142    12.33    84.69     0.07     0.30     0.30     3.40
   0.333   0.333   0.795        30    100000      2155    12.35    84.79     0.07     0.30     0.30     3.40
   0.333   0.333   0.798        19    100000      2133    12.35    84.89     0.07     0.30     0.30     3.40
   0.333   0.333   0.800        19    100000      2131    12.38    84.98     0.07     0.30     0.30     3.40
   0.333   0.333   0.803        21    100000      2131    12.40    85.09     0.07     0.30     0.30     3.40
   0.333   0.333   0.805        24    100000      2128    12.42    85.18     0.07     0.31     0.30     3.40
   0.333   0.333   0.808        26    100000      2137    12.44    85.28     0.07     0.31     0.30     3.40
   0.333   0.333   0.810        26    100000      2131    12.44    85.38     0.07     0.30     0.30     3.40
   0.333   0.333   0.812        32    100000      2144    12.47    85.47     0.07     0.30     0.30     3.40
   0.333   0.333   0.815        19    100000      2142    12.49    85.57     0.07     0.30     0.30     3.40
   0.333   0.333   0.817        22    100000      2147    12.51    85.67     0.07     0.30     0.30     3.40
   0.333   0.333   0.820        21    100000      2133    12.51    85.76     0.07     0.29     0.30     3.40
   0.333   0.333   0.822        31    100000      2140    12.54    85.86     0.07     0.29     0.30     3.40
   0.333   0.333   0.825        26    100000      2133    12.56    85.95     0.07     0.30     0.30     3.40
   0.333   0.333   0.827        27    100000      2144    12.58    86.05     0.07     0.30     0.30     3.40
   0.333   0.333   0.830        18    100000      2148    12.60    86.14     0.07     0.30     0.30     3.40
   0.333   0.333   0.832        27    100000      2137    12.60    86.24     0.07     0.30     0.30     3.40
   0.333   0.333   0.835        21    100000      2145    12.63    86.33     0.07     0.33     0.30     3.40
   0.333   0.333   0.837        19    100000      2137    12.65    86.43     0.07     0.33     0.30     3.40
   0.333   0.333   0.840        22    100000      2130    12.67    86.52     0.07     0.33     0.30     3.40
   0.333   0.333   0.842        22    100000      2146    12.69    86.62     0.07     0.33     0.30     3.40
   0.333   0.333   0.845        19    100000      2135    12.69    86.71     0.07     0.33     0.30     3.40
   0.333   0.333   0.847        19    100000      2141    12.72    86.80     0.07     0.33     0.30     3.40
   0.333   0.333   0.850        16    100000      2145    12.74    86.90     0.07     0.30     0.30     3.40
   0.333   0.333   0.852        22    100000      2131    12.76    86.99     0.07     0.30     0.30     3.40
   0.333   0.333   0.855        21    100000      2148    12.78    87.08     0.07     0.31     0.30     3.40
   0.333   0.333   0.857        19    100000      2140    12.80    87.18     0.07     0.31     0.30     3.40
   0.333   0.333   0.860        21    100000      2142    12.80    87.27     0.07     0.30     0.30     3.40
   0.333   0.333   0.862        18    100000      2143    12.82    87.36     0.07     0.30     0.30     3.40
   0.333   0.333   0.865        21    100000      2147    12.85    87.45     0.07     0.29     0.30     3.40
   0.333   0.333   0.867        14    100000      2145    12.87    87.55     0.07     0.29     0.30     3.40
   0.333   0.333   0.870        24    100000      2140    12.89    87.64     0.07     0.30     0.30     3.40
   0.333   0.333   0.873        18    100000      2138    12.91    87.72     0.07     0.30     0.30     3.40
   0.333   0.333   0.875        26    100000      2142    12.91    87.81     0.07     0.30     0.30     3.40
   0.333   0.333   0.877        15    100000      2156    12.94    87.91     0.07     0.29     0.30     3.40
   0.333   0.333   0.880        21    100000      2143    12.96    87.99     0.07     0.29     0.30     3.40
   0.333   0.333   0.882        28    100000      2135    12.98    88.09     0.07     0.29     0.30     3.40
   0.333   0.333   0.885        21    100000      2129    13.00    88.18     0.07     0.29     0.30     3.40
   0.333   0.333   0.887        25    100000      2143    13.02    88.27     0.07     0.32     0.30     3.40
   0.333   0.333   0.890        26    100000      2144    13.04    88.36     0.07     0.32     0.30     3.40
   0.333   0.333   0.892        28    100000      2132    13.04    88.45     0.07     0.29     0.30     3.40
   0.333   0.333   0.895        25    100000      2132    13.07    88.54     0.07     0.29     0.30     3.40
   0.333   0.333   0.897        23    100000      2133    13.09    88.63     0.07     0.29     0.30     3.40
   0.333   0.333   0.900        31    100000      2151    13.11    88.72     0.07     0.29     0.30     3.40
   0.333   0.333   0.903        22    100000      2142    13.13    88.81     0.07     0.32     0.30     3.40
   0.333   0.333   0.905        25    100000      2143    13.15    88.89     0.07     0.32     0.30     3.40
   0.333   0.333   0.908        28    100000      2148    13.17    88.99     0.07     0.32     0.30     3.40
   0.333   0.333   0.910        19    100000      2144    13.19    89.08     0.07     0.32     0.30     3.40
   0.333   0.333   0.913        23    100000      2141    13.19    89.16     0.07     0.31     0.30     3.40
   0.333   0.333   0.915        32    100000      2137    13.22    89.25     0.07     0.31     0.30     3.40
   0.333   0.333   0.918        26    100000      2127    13.24    89.34     0.07     0.30     0.30     3.40
   0.333   0.333   0.920        19    100000      2132    13.26    89.42     0.07     0.30     0.30     3.40
   0.333   0.333   0.923        28    100000      2124    13.28    89.51     0.07     0.30     0.30     3.40
   0.333   0.333   0.925        28    100000      2132    13.30    89.60     0.07     0.30     0.30     3.40
   0.333   0.333   0.928        28    100000      2126    13.32    89.69     0.07     0.29     0.30     3.40
   0.333   0.333   0.930        20    100000      2130    13.34    89.77     0.07     0.29     0.30     3.40
   0.333   0.333   0.933        35    100000      2152    13.36    89.85     0.07     0.30     0.30     3.40
   0.333   0.333   0.935        23    100000      2134    13.36    89.94     0.07     0.30     0.30     3.40
   0.333   0.333   0.938        27    100000      2151    13.39    90.03     0.07     0.30     0.30     3.40
   0.333   0.333   0.940        24    100000      2125    13.41    90.11     0.07     0.30     0.30     3.40
   0.333   0.333   0.942        25    100000      2134    13.43    90.20     0.07     0.29     0.30     3.40
   0.333   0.333   0.945        24    100000      2138    13.45    90.29     0.07     0.29     0.30     3.40
   0.333   0.333   0.947        31    100000      2131    13.47    90.37     0.07     0.29     0.30     3.40
   0.333   0.333   0.950        23    100000      2137    13.49    90.46     0.07     0.29     0.30     3.40
   0.333   0.333   0.952        24    100000      2161    13.51    90.54     0.07     0.29     0.30     3.40
   0.333   0.333   0.955        29    100000      2136    13.53    90.62     0.07     0.29     0.30     3.40
   0.333   0.333   0.957        23    100000      2144    13.55    90.70     0.07     0.29     0.30     3.40
   0.333   0.333   0.960        18    100000      2130    13.57    90.79     0.07     0.29     0.30     3.40
   0.333   0.333   0.962        24    100000      2139    13.59    90.88     0.07     0.29     0.30     3.40
   0.333   0.333   0.965        21    100000      2146    13.61    90.95     0.07     0.29     0.30     3.40
   0.333   0.333   0.967        27    100000      2138    13.61    91.04     0.07     0.29     0.30     3.40
   0.333   0.333   0.970        23    100000      2130    13.64    91.13     0.07     0.29     0.30     3.40
   0.333   0.333   0.972        25    100000      2145    13.66    91.21     0.07     0.28     0.30     3.40
   0.333   0.333   0.975        28    100000      2137    13.68    91.29     0.07     0.28     0.30     3.40
   0.333   0.333   0.977        32    100000      2146    13.70    91.38     0.07     0.31     0.30     3.40
   0.333   0.333   0.980        20    100000      2139    13.72    91.46     0.07     0.31     0.30     3.40
   0.333   0.333   0.982        20    100000      2132    13.74    91.54     0.07     0.30     0.30     3.40
   0.333   0.333   0.985        16    100000      2142    13.76    91.62     0.07     0.30     0.30     3.40
   0.333   0.333   0.987        20    100000      2138    13.78    91.71     0.07     0.29     0.30     3.40
   0.333   0.333   0.990        17    100000      2136    13.80    91.78     0.07     0.29     0.30     3.40
   0.333   0.333   0.992        17    100000      2150    13.82    91.87     0.07     0.31     0.30     3.40
   0.333   0.333   0.995        28    100000      2158    13.84    91.95     0.07     0.31     0.30     3.40
   0.333   0.333   0.998        19    100000      2146    13.86    92.02     0.07     0.30     0.30     3.40
   0.333   0.333   1.000        20    100000      2133    13.88    92.11     0.07     0.30     0.30     3.40
   0.333   0.333   1.003        17    100000      2131    13.90    92.19     0.07     0.30     0.30     3.40
   0.333   0.333   1.005        16    100000      2136    13.92    92.27     0.07     0.30     0.30     3.40
   0.333   0.333   1.007        28    100000      2138    13.94    92.34     0.07     0.30     0.30     3.40
   0.333   0.333   1.010        18    100000      2131    13.96    92.43     0.07     0.30     0.30     3.40
   0.333   0.333   1.013        16    100000      2129    13.98    92.51     0.07     0.30     0.30     3.40
   0.333   0.333   1.015        29    100000      2115    14.00    92.59     0.05     0.30     0.30     3.40
   0.333   0.333   1.017        24    100000      2133    14.02    92.67     0.05     0.31     0.30     3.40
   0.333   0.333   1.020        24    100000      2126    14.04    92.74     0.05     0.31     0.30     3.40
   0.333   0.333   1.023        23    100000      2141    14.06    92.83     0.05     0.30     0.30     3.40
   0.333   0.333   1.025        20    100000      2150    14.08    92.90     0.05     0.30     0.30     3.40
   0.333   0.333   1.027        25    100000      2131    14.10    92.99     0.05     0.27     0.30     3.40
   0.333   0.333   1.030        22    100000      2143    14.12    93.07     0.05     0.27     0.30     3.40
   0.333   0.333   1.033        25    100000      2142    14.14    93.15     0.05     0.33     0.30     3.40
   0.333   0.333   1.035        31    100000      2152    14.16    93.22     0.05     0.33     0.30     3.40
   0.333   0.333   1.037        23    100000      2137    14.18    93.30     0.05     0.30     0.30     3.40
   0.333   0.333   1.040        27    100000      2138    14.20    93.37     0.05     0.30     0.30     3.40
   0.333   0.333   1.043        23    100000      2138    14.22    93.46     0.05     0.32     0.30     3.40
   0.333   0.333   1.045        19    100000      2113    14.24    93.54     0.05     0.32     0.30     3.40
   0.333   0.333   1.048        24    100000      2139    14.25    93.61     0.05     0.31     0.30     3.40
   0.333   0.333   1.050        25    100000      2130    14.28    93.69     0.05     0.31     0.30     3.40
   0.333   0.333   1.053        27    100000      2140    14.30    93.77     0.05     0.31     0.30     3.40
   0.333   0.333   1.055        13    100000      2151    14.32    93.85     0.05     0.31     0.30     3.40
   0.333   0.333   1.058        35    100000      2145    14.34    93.92     0.05     0.30     0.30     3.40
   0.333   0.333   1.060        27    100000      2142    14.36    94.00     0.05     0.30     0.30     3.40
   0.333   0.333   1.062        29    100000      2129    14.38    94.07     0.05     0.29     0.30     3.40
   0.333   0.333   1.065        27    100000      2143    14.40    94.14     0.05     0.29     0.30     3.40
   0.333   0.333   1.067        20    100000      2142    14.42    94.23     0.05     0.30     0.30     3.40
   0.333   0.333   1.070        12    100000      2142    14.44    94.30     0.05     0.30     0.30     3.40
   0.333   0.333   1.072        28    100000      2144    14.46    94.38     0.05     0.30     0.30     3.40
   0.333   0.333   1.075        21    100000      2132    14.48    94.45     0.05     0.30     0.30     3.40
   0.333   0.333   1.077        35    100000      2134    14.50    94.53     0.05     0.29     0.30     3.40
   0.333   0.333   1.080        20    100000      2128    14.52    94.60     0.05     0.29     0.30     3.40
   0.333   0.333   1.082        30    100000      2139    14.54    94.68     0.05     0.30     0.30     3.40
   0.333   0.333   1.085        23    100000      2143    14.56    94.75     0.05     0.30     0.30     3.40
   0.333   0.333   1.087        26    100000      2135    14.58    94.83     0.05     0.30     0.30     3.40
   0.333   0.333   1.090        31    100000      2142    14.60    94.90     0.05     0.30     0.30     3.40
   0.333   0.333   1.092        13    100000      2148    14.62    94.98     0.05     0.29     0.30     3.40
   0.333   0.333   1.095        22    100000      2135    14.64    95.05     0.05     0.29     0.30     3.40
   0.333   0.333   1.097        33    100000      2134    14.66    95.13     0.05     0.30     0.30     3.40
   0.333   0.333   1.100        26    100000      2148    14.68    95.20     0.05     0.30     0.30     3.40
   0.333   0.333   1.102        41    100000      2144    14.70    95.27     0.05     0.29     0.30     3.40
   0.333   0.333   1.105        20    100000      2143    14.72    95.35     0.05     0.29     0.30     3.40
   0.333   0.333   1.107        30    100000      2133    14.74    95.42     0.05     0.30     0.30     3.40
   0.333   0.333   1.110        22    100000      2127    14.77    95.49     0.05     0.30     0.30     3.40
   0.333   0.333   1.112        31    100000      2142    14.79    95.57     0.05     0.30     0.30     3.40
   0.333   0.333   1.115        20    100000      2135    14.81    95.64     0.05     0.30     0.30     3.40
   0.333   0.333   1.118        32    100000      2144    14.83    95.71     0.05     0.30     0.30     3.40
   0.333   0.333   1.120        26    100000      2151    14.85    95.78     0.05     0.30     0.30     3.40
   0.333   0.333   1.122        18    100000      2136    14.87    95.86     0.05     0.30     0.30     3.40
   0.333   0.333   1.125        27    100000      2134    14.89    95.93     0.05     0.32     0.30     3.40
   0.333   0.333   1.128        27    100000      2138    14.91    96.00     0.05     0.32     0.30     3.40
   0.333   0.333   1.130        16    100000      2140    14.93    96.06     0.05     0.32     0.30     3.40
   0.333   0.333   1.132        17    100000      2139    14.95    96.14     0.05     0.32     0.30     3.40
   0.333   0.333   1.135        26    100000      2139    14.97    96.22     0.05     0.30     0.30     3.40
   0.333   0.333   1.138        20    100000      2141    14.99    96.29     0.05     0.30     0.30     3.40
   0.333   0.333   1.140        30    100000      2143    15.01    96.36     0.05     0.30     0.30     3.40
   0.333   0.333   1.142        21    100000      2144    15.03    96.43     0.05     0.30     0.30     3.40
   0.333   0.333   1.145        22    100000      2129    15.05    96.50     0.05     0.30     0.30     3.40
   0.333   0.333   1.148        36    100000      2148    15.08    96.57     0.05     0.30     0.30     3.40
   0.333   0.333   1.150        12    100000      2137    15.10    96.64     0.05     0.30     0.30     3.40
   0.333   0.333   1.152        28    100000      2132    15.12    96.71     0.05     0.30     0.30     3.40
   0.333   0.333   1.155        26    100000      2138    15.14    96.78     0.05     0.30     0.30     3.40
   0.333   0.333   1.158        20    100000      2134    15.16    96.85     0.05     0.30     0.30     3.40
   0.333   0.333   1.160        31    100000      2139    15.18    96.92     0.05     0.30     0.30     3.40
   0.333   0.333   1.162        24    100000      2137    15.20    96.99     0.05     0.30     0.30     3.40
   0.333   0.333   1.165        31    100000      2138    15.22    97.06     0.05     0.30     0.30     3.40
   0.333   0.333   1.168        22    100000      2127    15.24    97.13     0.05     0.30     0.30     3.40
   0.333   0.333   1.170        30    100000      2156    15.26    97.20     0.05     0.30     0.30     3.40
   0.333   0.333   1.173        17    100000      2146    15.28    97.27     0.05     0.30     0.30     3.40
   0.333   0.333   1.175        25    100000      2137    15.31    97.34     0.05     0.30     0.30     3.40
   0.333   0.333   1.178        19    100000      2144    15.33    97.41     0.05     0.30     0.30     3.40
   0.333   0.333   1.180        18    100000      2138    15.35    97.48     0.05     0.30     0.30     3.40
   0.333   0.333   1.183        19    100000      2132    15.37    97.54     0.05     0.30     0.30     3.40
   0.333   0.333   1.185        21    100000      2138    15.39    97.61     0.05     0.30     0.30     3.40
   0.333   0.333   1.188        21    100000      2125    15.41    97.68     0.05     0.30     0.30     3.40
   0.333   0.333   1.190        21    100000      2146    15.43    97.75     0.05     0.30     0.30     3.40
   0.333   0.333   1.192        26    100000      2124    15.45    97.82     0.05     0.30     0.30     3.40
   0.333   0.333   1.195        23    100000      2136    15.47    97.89     0.05     0.30     0.30     3.40
   0.333   0.333   1.197        29    100000      2137    15.50    97.95     0.05     0.30     0.30     3.40
   0.333   0.333   1.200        20    100000      2145    15.52    98.02     0.05     0.30     0.30     3.40
   0.333   0.333   1.202        27    100000      2140    15.54    98.09     0.05     0.30     0.30     3.40
   0.333   0.333   1.205        37    100000      2155    15.56    98.16     0.05     0.30     0.30     3.40
   0.333   0.333   1.207        18    100000      2153    15.58    98.22     0.05     0.30     0.30     3.40
   0.333   0.333   1.210        32    100000      2133    15.60    98.29     0.05     0.30     0.30     3.40
   0.333   0.333   1.212        26    100000      2138    15.62    98.36     0.05     0.30     0.30     3.40
   0.333   0.333   1.215        26    100000      2136    15.64    98.42     0.05     0.31     0.30     3.40
   0.333   0.333   1.217        16    100000      2143    15.67    98.49     0.05     0.31     0.30     3.40
   0.333   0.333   1.220        25    100000      2142    15.69    98.56     0.05     0.28     0.30     3.40
   0.333   0.333   1.222        22    100000      2143    15.71    98.62     0.05     0.28     0.30     3.40
   0.333   0.333   1.225        26    100000      2136    15.73    98.69     0.05     0.29     0.30     3.40
   0.333   0.333   1.227        28    100000      2136    15.75    98.75     0.05     0.29     0.30     3.40
   0.333   0.333   1.230        20    100000      2135    15.77    98.82     0.05     0.31     0.30     3.40
   0.333   0.333   1.232        30    100000      2130    15.79    98.89     0.05     0.31     0.30     3.40
   0.333   0.333   1.235        31    100000      2141    15.81    98.95     0.05     0.28     0.30     3.40
   0.333   0.333   1.237        21    100000      2127    15.84    99.02     0.05     0.28     0.30     3.40
   0.333   0.333   1.240        26    100000      2142    15.86    99.08     0.05     0.28     0.30     3.40
   0.333   0.333   1.243        25    100000      2138    15.88    99.15     0.03     0.28     0.30     3.40
   0.333   0.333   1.245        22    100000      2138    15.90    99.21     0.03     0.28     0.30     3.40
   0.333   0.333   1.247        30    100000      2133    15.92    99.28     0.03     0.28     0.30     3.40
   0.333   0.333   1.250        35    100000      2135    15.94    99.34     0.03     0.28     0.30     3.40
   0.333   0.333   1.253        23    100000      2127    15.97    99.41     0.03     0.28     0.30     3.40
   0.333   0.333   1.255        14    100000      2142    15.99    99.47     0.03     0.30     0.30     3.40
   0.333   0.333   1.257        26    100000      2130    16.01    99.53     0.03     0.30     0.30     3.40
   0.333   0.333   1.260        40    100000      2138    16.03    99.60     0.03     0.30     0.30     3.40
   0.333   0.333   1.263        36    100000      2137    16.05    99.66     0.03     0.30     0.30     3.40
   0.333   0.333   1.265        24    100000      2140    16.07    99.73     0.03     0.31     0.30     3.40
   0.333   0.333   1.267        26    100000      2131    16.09    99.79     0.03     0.31     0.30     3.40
   0.333   0.333   1.270        22    100000      2132    16.12    99.85     0.03     0.30     0.30     3.40
   0.333   0.333   1.273        18    100000      2130    16.14    99.92     0.03     0.30     0.30     3.40
   0.333   0.333   1.275        34    100000      2144    16.16    99.98     0.03     0.30     0.30     3.40
   0.333   0.333   1.277        35    100000      2142    16.18   100.04     0.03     0.30     0.30     3.40
   0.333   0.333   1.280        23    100000      2137    16.20   100.11     0.03     0.29     0.30     3.40
   0.333   0.333   1.283        36    100000      2150    16.22   100.17     0.03     0.29     0.30     3.40
   0.333   0.333   1.285        36    100000      2151    16.25   100.23     0.03     0.30     0.30     3.40
   0.333   0.333   1.287        24    100000      2139    16.27   100.30     0.03     0.30     0.30     3.40
   0.333   0.333   1.290        28    100000      2129    16.29   100.36     0.03     0.30     0.30     3.40
   0.333   0.333   1.293        30    100000      2129    16.31   100.42     0.03     0.30     0.30     3.40
   0.333   0.333   1.295        35    100000      2144    16.33   100.48     0.03     0.30     0.30     3.40
   0.333   0.333   1.297        32    100000      2123    16.35   100.55     0.03     0.30     0.30     3.40
   0.333   0.333   1.300        37    100000      2140    16.38   100.61     0.03     0.30     0.30     3.40
   0.333   0.333   1.303        35    100000      2143    16.40   100.67     0.03     0.30     0.30     3.40
   0.333   0.333   1.305        43    100000      2147    16.42   100.73     0.03     0.30     0.30     3.40
   0.333   0.333   1.308        47    100000      2118    16.44   100.79     0.03     0.30     0.30     3.40
   0.333   0.333   1.310        55    100000      2131    16.46   100.85     0.03     0.30     0.30     3.40
   0.333   0.333   1.312        46    100000      2145    16.49   100.92     0.03     0.30     0.30     3.40
   0.333   0.333   1.315        60    100000      2138    16.51   100.98     0.03     0.30     0.30     3.40
   0.333   0.333   1.317        55    100000      2145    16.53   101.04     0.03     0.30     0.30     3.40
   0.333   0.333   1.320        63    100000      2131    16.55   101.10     0.03     0.30     0.30     3.40
   0.333   0.333   1.322        62    100000      2136    16.57   101.16     0.03     0.30     0.30     3.40
   0.333   0.333   1.325        74    100000      2133    16.59   101.22     0.03     0.30     0.30     3.40
   0.333   0.333   1.327        69    100000      2123    16.62   101.28     0.03     0.30     0.30     3.40
   0.333   0.333   1.330        65    100000      2144    16.64   101.34     0.03     0.30     0.30     3.40
   0.333   0.333   1.332        60    100000      2135    16.66   101.40     0.03     0.30     0.30     3.40
   0.333   0.333   1.335        74    100000      2140    16.68   101.46     0.03     0.30     0.30     3.40
   0.333   0.333   1.337        73    100000      2136    16.70   101.52     0.03     0.30     0.30     3.40
   0.333   0.333   1.340        61    100000      2129    16.73   101.58     0.03     0.30     0.30     3.40
   0.333   0.333   1.342        60    100000      2128    16.75   101.64     0.03     0.30     0.30     3.40
   0.333   0.333   1.345        58    100000      2146    16.77   101.70     0.03     0.30     0.30     3.40
   0.333   0.333   1.347        70    100000      2133    16.79   101.76     0.03     0.30     0.30     3.40
   0.333   0.333   1.350        63    100000      2139    16.81   101.82     0.03     0.30     0.30     3.40
   0.333   0.333   1.352        47    100000      2138    16.84   101.88     0.03     0.30     0.30     3.40
   0.333   0.333   1.355        39    100000      2164    16.86   101.94     0.03     0.30     0.30     3.40
   0.333   0.333   1.357        59    100000      2145    16.88   102.00     0.03     0.30     0.30     3.40
   0.333   0.333   1.360        34    100000      2133    16.90   102.06     0.03     0.30     0.30     3.40
   0.333   0.333   1.362        43    100000      2124    16.92   102.12     0.03     0.30     0.30     3.40
   0.333   0.333   1.365        29    100000      2137    16.95   102.18     0.03     0.30     0.30     3.40
   0.333   0.333   1.368        42    100000      2146    16.97   102.24     0.03     0.30     0.30     3.40
   0.333   0.333   1.370        31    100000      2143    16.99   102.29     0.03     0.30     0.30     3.40
   0.333   0.333   1.372        35    100000      2122    17.01   102.35     0.03     0.31     0.30     3.40
   0.333   0.333   1.375        24    100000      2148    17.04   102.41     0.03     0.31     0.30     3.40
   0.333   0.333   1.378        39    100000      2143    17.06   102.47     0.03     0.30     0.30     3.40
   0.333   0.333   1.380        36    100000      2147    17.08   102.53     0.03     0.30     0.30     3.40
   0.333   0.333   1.382        28    100000      2157    17.10   102.59     0.03     0.30     0.30     3.40
   0.333   0.333   1.385        40    100000      2141    17.12   102.64     0.03     0.30     0.30     3.40
   0.333   0.333   1.388        38    100000      2139    17.15   102.70     0.03     0.30     0.30     3.40
   0.333   0.333   1.390        24    100000      2141    17.17   102.76     0.03     0.30     0.30     3.40
   0.333   0.333   1.392        32    100000      2135    17.19   102.82     0.03     0.30     0.30     3.40
   0.333   0.333   1.395        29    100000      2141    17.21   102.87     0.03     0.30     0.30     3.40
   0.333   0.333   1.398        30    100000      2132    17.24   102.93     0.03     0.30     0.30     3.40
   0.333   0.333   1.400        27    100000      2140    17.26   102.99     0.03     0.30     0.30     3.40
   0.333   0.333   1.402        16    100000      2137    17.28   103.05     0.03     0.30     0.30     3.40
   0.333   0.333   1.405        24    100000      2139    17.30   103.10     0.03     0.30     0.30     3.40
   0.333   0.333   1.408        13    100000      2139    17.32   103.16     0.03     0.30     0.30     3.40
   0.333   0.333   1.410        20    100000      2137    17.35   103.22     0.03     0.30     0.30     3.40
   0.333   0.333   1.412        11    100000      2130    17.37   103.27     0.03     0.29     0.30     3.40
   0.333   0.333   1.415        22    100000      2126    17.39   103.33     0.03     0.29     0.30     3.40
   0.333   0.333   1.418        27    100000      2154    17.41   103.39     0.03     0.30     0.30     3.40
   0.333   0.333   1.420        23    100000      2139    17.44   103.44     0.03     0.30     0.30     3.40
   0.333   0.333   1.422        19    100000      2132    17.46   103.50     0.03     0.30     0.30     3.40
   0.333   0.333   1.425        33    100000      2132    17.48   103.55     0.03     0.30     0.30     3.40
   0.333   0.333   1.428        25    100000      2151    17.50   103.61     0.03     0.30     0.30     3.40
   0.333   0.333   1.430        35    100000      2125    17.53   103.67     0.03     0.30     0.30     3.40
   0.333   0.333   1.433        19    100000      2133    17.55   103.72     0.03     0.30     0.30     3.40
   0.333   0.333   1.435        17    100000      2137    17.57   103.78     0.03     0.30     0.30     3.40
   0.333   0.333   1.438        29    100000      2131    17.59   103.83     0.03     0.30     0.30     3.40
   0.333   0.333   1.440        29    100000      2136    17.62   103.89     0.03     0.30     0.30     3.40
   0.333   0.333   1.442        28    100000      2126    17.64   103.94     0.03     0.30     0.30     3.40
   0.333   0.333   1.445        33    100000      2137    17.66   104.00     0.03     0.30     0.30     3.40
   0.333   0.333   1.447        22    100000      2141    17.68   104.05     0.03     0.30     0.30     3.40
   0.333   0.333   1.450        20    100000      2126    17.71   104.11     0.03     0.30     0.30     3.40
   0.333   0.333   1.452        29    100000      2137    17.73   104.16     0.03     0.30     0.30     3.40
   0.333   0.333   1.455        26    100000      2130    17.75   104.22     0.03     0.30     0.30     3.40
   0.333   0.333   1.457        22    100000      2139    17.76   104.27     0.03     0.30     0.30     3.40
   0.333   0.333   1.460        26    100000      2126    17.80   104.33     0.03     0.30     0.30     3.40
   0.333   0.333   1.462        19    100000      2141    17.82   104.38     0.03     0.30     0.30     3.40
   0.333   0.333   1.465        20    100000      2144    17.84   104.44     0.03     0.30     0.30     3.40
   0.333   0.333   1.467        24    100000      2135    17.85   104.49     0.03     0.30     0.30     3.40
   0.333   0.333   1.470        27    100000      2138    17.89   104.55     0.03     0.30     0.30     3.40
   0.333   0.333   1.472        20    100000      2115    17.91   104.60     0.01     0.30     0.30     3.40
   0.333   0.333   1.475        28    100000      2146    17.93   104.65     0.01     0.30     0.30     3.40
   0.333   0.333   1.477        26    100000      2138    17.94   104.71     0.01     0.30     0.30     3.40
   0.333   0.333   1.480        20    100000      2135    17.98   104.76     0.01     0.30     0.30     3.40
   0.333   0.333   1.482        20    100000      2138    18.00   104.82     0.01     0.30     0.30     3.40
   0.333   0.333   1.485        28    100000      2139    18.02   104.87     0.01     0.30     0.30     3.40
   0.333   0.333   1.487        20    100000      2133    18.04   104.92     0.01     0.30     0.30     3.40
   0.333   0.333   1.490        31    100000      2137    18.07   104.98     0.01     0.30     0.30     3.40
   0.333   0.333   1.493        21    100000      2138    18.09   105.03     0.01     0.30     0.30     3.40
   0.333   0.333   1.495        30    100000      2149    18.11   105.08     0.01     0.30     0.30     3.40
   0.333   0.333   1.497        28    100000      2135    18.14   105.14     0.01     0.30     0.30     3.40
   0.333   0.333   1.500        32    100000      2142    18.15   105.19     0.01     0.30     0.30     3.40
