#----------------------------------------------------------------------------------------------------------------------------------------------------------
# Output file for vampire simulation
#   time       : 2025-05-28 01:09:47     process id : 299292
#   hostname   : thor8.psi.ch
#   path       : /scratch/dossan_f/Na2BaMn(PO4)2/vampire_tripleUC_15mat_J2Ja_small_k0.035_Jnn0.11_Bc
#   version    : 6.0.0
#   githash    : 4c9651daecc86c3e6b6df0c8055fcd9e89fd900c
#----------------------------------------------------------------------------------------------------------------------------------------------------------
1e-11      	8          	-0.000121783	0.000222719	0.999993   	0.883147   	1.77541e-05	0.00030231 	0.999993   	0.883127   	0.000224001	-0.0003803 	0.999993   	0.883176   	5.74783e-05	0.000255758	0.999993   	0.883166   	-9.02853e-05	-0.000114122	0.999993   	0.883159   	0.000134802	-4.9551e-05	0.999993   	0.883133   	0.000114102	-9.93139e-05	0.999992   	0.883139   	-0.000164649	0.000338406	0.999993   	0.883165   	0.000123556	-9.67093e-05	0.999992   	0.883071   	0.000212778	-9.22693e-05	0.999992   	0.883077   	5.75645e-05	-1.97526e-05	0.999992   	0.883111   	-0.000225298	6.3811e-05 	0.999993   	0.883133   	4.69668e-05	-0.000178776	0.999993   	0.883125   	-8.54169e-05	0.000118835	0.999993   	0.883127   	3.79826e-06	-3.67189e-05	0.999993   	0.883093   	0.300769   	0.313822   	17.1451    	17.1364    	0.302962   	0.306988   	15.5688    	15.5651    	0.287975   	0.343229   	15.6806    	15.6783    	0.323012   	0.312686   	16.4658    	16.4657    	0.316295   	0.303865   	15.4859    	15.484     	0.336605   	0.303818   	16.3316    	16.3313    	0.312194   	0.35309    	16.324     	16.3181    	0.290777   	0.312031   	16.3156    	16.3135    	0.316449   	0.339647   	16.553     	16.5353    	0.333274   	0.322234   	15.6871    	15.6776    	0.330182   	0.338835   	16.8971    	16.8881    	0.30373    	0.320305   	15.9297    	15.9279    	0.301074   	0.309404   	16.4143    	16.4112    	0.336919   	0.280743   	16.5611    	16.5517    	0.305288   	0.292894   	16.2084    	16.1976    	1396.01	1193.13	1206.83	1309.79	1187.68	1295.34	1280.13	1279.01	1309.88	1206.19	1360.33	1239.01	1291.92	1314.31	1264.61	2.02606e-05	1.60062e-05	1          	0.883124   	0.10926    	0.108316   	243.069    	243.069    	19063.1	
1.5e-11    	7.8        	0.000267609	-0.00020027	0.999993   	0.877628   	2.31734e-05	0.00016328 	0.999993   	0.877687   	-0.000338918	7.29101e-05	0.999993   	0.877619   	-0.000163011	-9.48742e-06	0.999992   	0.877655   	0.000174097	2.44552e-05	0.999993   	0.877623   	-9.04939e-05	4.23867e-05	0.999993   	0.877638   	0.00011925 	-0.000106831	0.999992   	0.877617   	-0.000131332	-0.000260562	0.999993   	0.877657   	4.62605e-05	0.000331565	0.999992   	0.877655   	-0.000190502	0.000306069	0.999992   	0.877659   	0.00010244 	-0.000198485	0.999992   	0.877693   	0.000103059	-0.00012067	0.999993   	0.877598   	-0.000145578	-4.30694e-05	0.999992   	0.877667   	0.000110423	0.000226239	0.999993   	0.877636   	-5.27311e-05	-0.000145703	0.999992   	0.877659   	0.318707   	0.318792   	0.0345975  	0.0345877  	0.305611   	0.355653   	0.0347966  	0.034806   	0.316207   	0.339797   	0.0347269  	0.0347167  	0.36151    	0.325548   	0.0358017  	0.0357971  	0.313076   	0.329677   	0.0365178  	0.0365169  	0.301047   	0.336765   	0.0375716  	0.0375622  	0.338542   	0.338324   	0.0381573  	0.0381612  	0.295652   	0.352032   	0.0385273  	0.0385176  	0.345572   	0.333245   	0.0346622  	0.0346481  	0.347421   	0.343384   	0.0346124  	0.0345861  	0.326963   	0.345273   	0.0350285  	0.0350585  	0.320793   	0.339842   	0.0360913  	0.0360817  	0.332733   	0.370699   	0.0354315  	0.0354392  	0.328725   	0.3124     	0.0347871  	0.0347637  	0.31901    	0.364943   	0.0324513  	0.0324593  	4.08699	4.25478	4.19302	4.30543	4.54704	4.52433	4.50844	4.47409	4.24791	4.10394	4.24385	4.29988	4.12326	4.18289	3.83997	-1.11058e-05	5.45449e-06	1          	0.87764    	0.102932   	0.105381   	0.0466585  	0.0466586  	1.73279	
2e-11      	7.6        	0.000115326	-6.45357e-05	0.999992   	0.870811   	-5.58669e-06	-0.000155415	0.999992   	0.870917   	-9.04796e-05	0.000112112	0.999992   	0.870799   	0.000132105	-0.000105694	0.999992   	0.870787   	-0.000191992	2.64962e-05	0.999991   	0.870838   	-2.00328e-06	7.70882e-05	0.999992   	0.870826   	-0.000166001	-0.000318789	0.999991   	0.870785   	2.19931e-05	9.92682e-05	0.999991   	0.870825   	9.50978e-05	0.000193187	0.999992   	0.8708     	-0.00034814	-0.000267314	0.999992   	0.870769   	-4.15512e-05	3.36853e-06	0.999992   	0.870867   	0.000342337	4.41526e-05	0.999992   	0.870764   	-2.01057e-06	-0.000274298	0.999992   	0.870827   	0.000266085	-4.0706e-05	0.999992   	0.870855   	-0.000190399	0.000295479	0.999992   	0.870788   	0.330534   	0.345771   	0.0397631  	0.0397556  	0.359693   	0.360138   	0.0369672  	0.0369623  	0.337738   	0.384487   	0.0404069  	0.0403659  	0.353599   	0.33552    	0.0394027  	0.0393729  	0.364826   	0.377825   	0.0415797  	0.0415333  	0.32388    	0.353113   	0.0377464  	0.0377391  	0.366737   	0.39785    	0.0393895  	0.0393848  	0.399998   	0.359916   	0.0403979  	0.040422   	0.34179    	0.370392   	0.0406826  	0.0406756  	0.333398   	0.339312   	0.0403317  	0.0403081  	0.349541   	0.342349   	0.0397677  	0.0397877  	0.361379   	0.341857   	0.039246   	0.03926    	0.366542   	0.355239   	0.0376298  	0.0376116  	0.361896   	0.349742   	0.0377613  	0.0377081  	0.355128   	0.378692   	0.0404598  	0.0405009  	4.43629	4.22649	4.56238	4.4438	4.68577	4.43055	4.58591	4.57302	4.41937	4.4169	4.32792	4.4694	4.2663	4.28836	4.56305	-4.33992e-06	-2.50093e-05	1          	0.87081    	0.106559   	0.110433   	0.0473914  	0.047391   	1.59757	
2.5e-11    	7.4        	0.000117695	1.49328e-05	0.999992   	0.863275   	0.000121905	-0.000280448	0.999992   	0.863339   	-0.000264927	0.000169438	0.999992   	0.863286   	-0.000126289	0.000221374	0.999991   	0.863261   	0.000116431	0.000318451	0.999991   	0.863344   	6.53355e-05	-0.000423222	0.999991   	0.863345   	3.16247e-05	-6.09546e-05	0.999991   	0.863404   	6.02983e-05	-5.72399e-06	0.99999    	0.86326    	-0.000155814	2.3999e-05 	0.999991   	0.863314   	0.000216571	5.99027e-05	0.999991   	0.863287   	-0.000352516	0.000109362	0.99999    	0.863317   	0.000200038	-0.000250977	0.999991   	0.863291   	-0.000109459	-5.37697e-05	0.999991   	0.863272   	0.000343655	-0.000162643	0.999991   	0.863171   	-0.000258917	0.000131636	0.999991   	0.863324   	0.346987   	0.37617    	0.0467267  	0.0467018  	0.35306    	0.351273   	0.0425784  	0.0426047  	0.314749   	0.359758   	0.0475116  	0.0475446  	0.362067   	0.390946   	0.046042   	0.0459996  	0.336471   	0.442449   	0.0435616  	0.0435412  	0.369337   	0.385078   	0.0463016  	0.0462625  	0.388589   	0.402996   	0.0465673  	0.0465567  	0.478452   	0.374523   	0.0451041  	0.0450954  	0.41997    	0.391174   	0.0465465  	0.0465626  	0.389919   	0.385298   	0.0448555  	0.0448437  	0.373623   	0.439119   	0.0429946  	0.0429955  	0.362883   	0.395245   	0.044993   	0.0450018  	0.40144    	0.38137    	0.0457358  	0.0456913  	0.390054   	0.376294   	0.0460884  	0.0461177  	0.381247   	0.367992   	0.0477638  	0.0477361  	5.03519	4.51103	5.01543	4.87614	4.6826	4.86103	4.77675	4.95047	4.98444	4.69249	4.57782	4.6536	4.8562	4.77293	4.90535	3.64392e-07	-1.25893e-05	1          	0.863292   	0.112967   	0.111905   	0.0569539  	0.0569538  	1.71214	
3e-11      	7.2        	-0.000106784	0.000110392	0.99999    	0.854947   	0.000262646	-6.21933e-05	0.99999    	0.855004   	-8.93336e-05	-7.13478e-06	0.99999    	0.8551     	5.89942e-05	3.29996e-05	0.99999    	0.855021   	-0.000189494	-0.000199484	0.99999    	0.855139   	0.000201687	8.92235e-05	0.99999    	0.855015   	0.0001757  	2.54389e-05	0.999991   	0.855032   	-3.89979e-05	-0.000135762	0.99999    	0.855043   	5.80766e-05	-1.94923e-05	0.99999    	0.855127   	-0.000193142	-2.65726e-05	0.999989   	0.855076   	0.00011937 	0.000291681	0.99999    	0.854973   	0.000177116	-0.00038737	0.99999    	0.855016   	6.41003e-05	0.000129265	0.99999    	0.854978   	-6.96998e-05	2.45119e-05	0.99999    	0.85502    	2.31584e-05	-0.000274852	0.99999    	0.855066   	0.434399   	0.365699   	0.0503549  	0.0503753  	0.469371   	0.400116   	0.0487747  	0.0487543  	0.423931   	0.407725   	0.0473823  	0.0473825  	0.464082   	0.41566    	0.0500672  	0.0500625  	0.440001   	0.424688   	0.0511807  	0.0511611  	0.427218   	0.440268   	0.0500749  	0.0500629  	0.367094   	0.408066   	0.0455403  	0.0455654  	0.418046   	0.432939   	0.0502064  	0.0501979  	0.352397   	0.464307   	0.0482567  	0.0482449  	0.462305   	0.435027   	0.0494479  	0.0494221  	0.437068   	0.394186   	0.0486077  	0.0486316  	0.441765   	0.405436   	0.0489401  	0.0489322  	0.452854   	0.412315   	0.0484662  	0.0484618  	0.437149   	0.398865   	0.0531182  	0.0531259  	0.42774    	0.409716   	0.0495044  	0.0495148  	4.97536	4.86395	4.80828	5.06287	5.19527	5.17165	4.75487	4.98652	4.93533	4.89174	4.76506	4.86624	4.86552	5.07579	4.77143	3.02423e-05	-2.73003e-05	1          	0.855029   	0.116244   	0.108636   	0.0602708  	0.0602714  	1.60501	
3.5e-11    	7          	0.000471011	0.000415591	0.99999    	0.845924   	-0.000374222	2.12202e-05	0.999989   	0.845951   	-0.000126729	-0.000329926	0.999989   	0.845962   	-0.000436583	0.000382009	0.999989   	0.845981   	0.000216541	-0.00060327	0.999989   	0.845953   	0.00014471 	0.000142105	0.999989   	0.845859   	-7.91944e-06	1.11695e-05	0.99999    	0.845943   	-0.000157452	0.00011578 	0.99999    	0.846027   	7.86473e-05	-8.39248e-05	0.99999    	0.845938   	-0.000378547	1.43643e-05	0.999989   	0.845935   	0.000141584	6.72257e-05	0.99999    	0.845867   	0.000339917	-5.32433e-05	0.99999    	0.845922   	1.0187e-05 	-0.0003072 	0.999989   	0.845898   	-0.000130621	-4.48714e-05	0.999988   	0.845952   	0.000109807	0.000209422	0.999989   	0.845993   	0.415698   	0.40694    	0.0637809  	0.0638199  	0.471392   	0.470122   	0.0616176  	0.0616512  	0.429932   	0.453047   	0.0565154  	0.0564867  	0.431468   	0.445544   	0.0536186  	0.0536469  	0.454017   	0.476077   	0.0572927  	0.0572808  	0.419965   	0.4654     	0.0576084  	0.0576423  	0.41008    	0.443897   	0.05788    	0.0579048  	0.437448   	0.385197   	0.0565406  	0.0565427  	0.404884   	0.442789   	0.0554825  	0.055452   	0.416995   	0.462236   	0.0564767  	0.0564813  	0.419475   	0.433629   	0.0592846  	0.0592203  	0.415971   	0.403342   	0.0549181  	0.0549446  	0.446754   	0.464781   	0.0577221  	0.0576992  	0.490882   	0.462269   	0.0583114  	0.0582325  	0.445145   	0.427292   	0.0566409  	0.0566482  	5.61065	5.70547	5.30844	5.013	5.37344	5.40039	5.2976	5.12608	5.17829	5.12495	5.44779	5.2635	5.25479	5.36159	5.40436	-6.60401e-06	-2.87104e-06	1          	0.845931   	0.118965   	0.117256   	0.0711514  	0.0711514  	1.65118	
4e-11      	6.8        	-0.000199312	-1.73263e-05	0.999988   	0.835967   	0.00022797 	-0.000249313	0.999987   	0.835928   	-7.8232e-05	0.000114916	0.999989   	0.835877   	-2.6408e-05	9.00678e-05	0.999988   	0.835865   	5.01454e-05	8.7245e-05 	0.999988   	0.835888   	-9.19716e-05	-0.000116159	0.999987   	0.835835   	-0.000346245	5.27294e-05	0.999988   	0.835931   	-8.51233e-05	0.000338981	0.999988   	0.835959   	0.000439551	-0.000309465	0.999988   	0.835941   	0.000293665	5.48016e-05	0.999988   	0.835967   	-9.71504e-06	8.6058e-05 	0.999988   	0.835966   	-0.00038561	-0.000140716	0.999989   	0.83588    	0.000244867	-0.000170463	0.999988   	0.835944   	-0.00020831	-0.0002264 	0.999988   	0.835882   	-5.04315e-05	0.000362302	0.999988   	0.835879   	0.431611   	0.502352   	0.0667576  	0.0667578  	0.553519   	0.499821   	0.0637737  	0.0637816  	0.467826   	0.455293   	0.0646975  	0.0646989  	0.479182   	0.461296   	0.0606212  	0.0606745  	0.531434   	0.463358   	0.0658966  	0.0659283  	0.538895   	0.481036   	0.0592673  	0.059266   	0.4743     	0.479153   	0.0626428  	0.0626255  	0.47575    	0.476588   	0.0662345  	0.0661855  	0.467312   	0.457768   	0.0694488  	0.0694457  	0.439952   	0.498591   	0.0646388  	0.0646836  	0.451384   	0.483461   	0.0659761  	0.0660206  	0.421711   	0.482562   	0.062403   	0.0623731  	0.471214   	0.524306   	0.0671963  	0.0671931  	0.453494   	0.524008   	0.0644096  	0.0644629  	0.465326   	0.471424   	0.0612953  	0.0612612  	5.70086	5.71644	5.38076	5.18754	5.54425	5.04675	5.44512	5.77369	6.06806	5.46593	5.79601	5.49223	5.53891	5.44636	5.2125	-1.50441e-05	-2.90521e-06	1          	0.835904   	0.119048   	0.121364   	0.0810414  	0.0810386  	1.59711	
4.5e-11    	6.6        	0.000236443	-0.000187531	0.999987   	0.824912   	6.26359e-05	0.000218345	0.999987   	0.824773   	-0.000350959	-0.000198583	0.999987   	0.824876   	-0.00015453	0.000145739	0.999988   	0.824917   	-5.22243e-05	0.000132557	0.999988   	0.824953   	0.000200442	-0.000118129	0.999987   	0.824911   	1.76149e-05	-0.000315727	0.999986   	0.824833   	-0.00016733	3.15981e-05	0.999987   	0.824848   	0.000153976	0.000177131	0.999987   	0.824852   	-0.000190422	-0.000180783	0.999986   	0.824917   	3.10138e-05	5.29013e-05	0.999987   	0.824826   	5.47139e-05	0.000100659	0.999985   	0.824789   	0.000388171	0.00015589 	0.999986   	0.824814   	0.000145798	-0.000104157	0.999986   	0.824856   	-0.000611761	6.015e-05  	0.999986   	0.824875   	0.510075   	0.519655   	0.0732498  	0.0732721  	0.504688   	0.4846     	0.0713671  	0.0714104  	0.503409   	0.49219    	0.0734032  	0.0734224  	0.493905   	0.478769   	0.0754367  	0.07546    	0.502576   	0.466267   	0.0735401  	0.0735543  	0.525086   	0.503665   	0.0740331  	0.0739698  	0.479908   	0.587949   	0.0738376  	0.0738048  	0.487497   	0.533793   	0.0759305  	0.075959   	0.513294   	0.482884   	0.0802366  	0.0802309  	0.526982   	0.545127   	0.0692633  	0.0692066  	0.533445   	0.519848   	0.0735744  	0.073569   	0.591287   	0.570185   	0.0791658  	0.0791465  	0.555069   	0.524419   	0.0699217  	0.0698891  	0.522875   	0.545805   	0.0694635  	0.0694115  	0.535271   	0.539614   	0.0787096  	0.0787605  	5.94304	5.68962	5.95407	6.18066	5.79902	6.08003	5.78246	5.94794	6.41348	5.62074	5.77732	6.47073	5.56156	5.63004	6.30973	-1.57224e-05	-1.98184e-06	1          	0.824853   	0.127599   	0.118071   	0.0905459  	0.0905459  	1.55197	
5e-11      	6.4        	0.000272806	-0.00055341	0.999985   	0.812637   	2.55307e-05	4.03343e-05	0.999986   	0.812685   	-0.00022609	0.000494669	0.999985   	0.812704   	0.000229147	-1.9968e-05	0.999986   	0.812779   	0.000332699	0.00012113 	0.999984   	0.812711   	-0.000554981	-0.000130961	0.999984   	0.812639   	-4.74583e-05	-0.000334392	0.999985   	0.812721   	4.13268e-06	0.000410266	0.999985   	0.812658   	-5.19478e-05	-0.000233591	0.999984   	0.812696   	-0.000111482	-0.000168436	0.999985   	0.812659   	0.000263616	7.55964e-05	0.999985   	0.812691   	-0.000140473	0.000210296	0.999985   	0.81276    	-4.55074e-05	0.000390769	0.999985   	0.812634   	0.000144917	-0.000219764	0.999985   	0.812703   	-6.83228e-05	-0.000200825	0.999984   	0.812711   	0.583923   	0.53793    	0.0829086  	0.0828753  	0.573679   	0.50512    	0.0837082  	0.0836641  	0.500133   	0.602905   	0.0844348  	0.0844285  	0.54222    	0.544257   	0.0824871  	0.0825327  	0.556663   	0.625385   	0.0842328  	0.0841723  	0.506953   	0.668624   	0.0747943  	0.0748162  	0.551931   	0.569249   	0.0865119  	0.0864157  	0.536208   	0.581055   	0.0825525  	0.0825408  	0.543184   	0.635814   	0.0845381  	0.0845235  	0.587939   	0.539594   	0.0856218  	0.0857182  	0.549676   	0.553656   	0.0803924  	0.0804233  	0.498834   	0.605274   	0.0813243  	0.0812771  	0.557118   	0.611566   	0.0863288  	0.086358   	0.553234   	0.578903   	0.0901831  	0.0901411  	0.598771   	0.605638   	0.0826157  	0.0825641  	6.02471	6.46955	6.22236	6.27702	6.39476	5.87892	6.38701	6.21402	6.32953	6.61409	6.25345	6.05445	6.76317	6.6666	6.4071	1.77671e-06	-7.8126e-06	1          	0.812681   	0.126407   	0.122979   	0.0951443  	0.0951426  	1.41387	
5.5e-11    	6.2        	6.78941e-05	0.00028423 	0.999983   	0.799216   	2.09977e-05	-0.000121159	0.999984   	0.7993     	-4.33078e-05	-0.000121959	0.999984   	0.799211   	0.000420961	-1.36323e-05	0.999984   	0.799258   	-0.00028289	0.000367371	0.999983   	0.799349   	-0.000176929	-0.000355192	0.999983   	0.799258   	0.000298091	-0.000261317	0.999983   	0.799367   	0.000325753	0.000166451	0.999983   	0.799323   	-0.000528489	6.46714e-06	0.999982   	0.799307   	0.000419869	0.000171594	0.999983   	0.799277   	7.21209e-05	-0.000204684	0.999983   	0.79932    	-0.000462019	3.02e-05   	0.999983   	0.799305   	-0.000459324	-0.000289584	0.999982   	0.799379   	-0.000232487	9.22331e-05	0.999983   	0.799325   	0.000663697	0.000139899	0.999982   	0.799291   	0.623895   	0.618344   	0.0965074  	0.0963754  	0.602263   	0.557967   	0.0945748  	0.0945053  	0.6337     	0.529055   	0.0963234  	0.0963227  	0.588038   	0.601751   	0.0977732  	0.0978763  	0.612144   	0.651329   	0.0958878  	0.0959486  	0.625474   	0.632948   	0.091895   	0.0919656  	0.643115   	0.61542    	0.0908258  	0.0907515  	0.656033   	0.605239   	0.103268   	0.103305   	0.647463   	0.680219   	0.0986906  	0.0985977  	0.646275   	0.592167   	0.0877236  	0.0876825  	0.627092   	0.620749   	0.101555   	0.101646   	0.649165   	0.621228   	0.0942379  	0.0941907  	0.663507   	0.673051   	0.0949617  	0.0950445  	0.625853   	0.588105   	0.101065   	0.101123   	0.613179   	0.682939   	0.0885458  	0.0885189  	6.67724	6.45007	6.54126	7.14882	6.79772	6.48043	6.51237	7.01713	6.78086	6.37553	7.25053	6.67317	6.56387	7.17107	6.22525	6.90762e-06	-7.22095e-06	1          	0.799286   	0.12948    	0.130251   	0.111754   	0.111755   	1.49124	
6e-11      	6          	-0.000211187	0.00011275 	0.99998    	0.784619   	0.000363392	-0.000551205	0.99998    	0.784601   	-0.000138237	0.000411883	0.99998    	0.784515   	0.000221681	6.51748e-05	0.999981   	0.784618   	-6.15933e-05	-0.000192623	0.999981   	0.784556   	5.22786e-05	6.10093e-05	0.999981   	0.784657   	-6.19156e-06	8.82132e-05	0.999981   	0.784608   	0.000496851	0.000181932	0.999983   	0.784536   	-0.000324857	-0.000240618	0.99998    	0.784621   	4.81945e-05	0.000427603	0.999982   	0.784639   	-0.000225216	-0.00032836	0.999982   	0.784613   	5.92218e-05	-0.000102865	0.99998    	0.784558   	0.000181775	4.88287e-05	0.999981   	0.784512   	-0.000409508	0.000376242	0.999981   	0.784638   	0.00028856 	-0.000389932	0.999982   	0.784636   	0.63735    	0.743452   	0.105262   	0.105262   	0.692844   	0.735246   	0.108386   	0.108507   	0.625725   	0.781715   	0.114163   	0.114046   	0.754553   	0.606151   	0.103666   	0.103728   	0.676375   	0.669073   	0.115568   	0.115414   	0.746466   	0.60206    	0.119926   	0.119739   	0.696813   	0.623072   	0.103115   	0.103125   	0.616069   	0.599484   	0.115153   	0.115139   	0.723631   	0.664507   	0.105247   	0.105239   	0.646558   	0.651009   	0.112788   	0.112777   	0.681274   	0.576103   	0.109749   	0.109873   	0.742207   	0.666641   	0.107302   	0.107271   	0.682008   	0.682235   	0.113696   	0.113727   	0.615349   	0.745726   	0.11543    	0.115355   	0.63329    	0.606295   	0.108046   	0.108108   	6.87446	7.10545	7.52181	6.86734	7.64748	7.97047	6.79786	7.36939	6.99128	7.36164	7.32011	6.97154	7.60954	7.49079	7.11347	2.23519e-05	-2.12881e-06	1          	0.78458    	0.124512   	0.12955    	0.123991   	0.123995   	1.45565	
6.5e-11    	5.8        	0.000465318	-0.000176866	0.999979   	0.768556   	0.000100636	0.000561846	0.999978   	0.768495   	-0.000532316	-0.00039785	0.999976   	0.768466   	-0.000304608	-4.06885e-05	0.999976   	0.768701   	0.000156723	-0.000165244	0.999978   	0.768456   	0.000299538	0.000341064	0.999978   	0.768486   	-0.000580663	-4.2177e-05	0.999978   	0.76865    	0.000202722	0.000268413	0.999978   	0.768451   	0.000331866	-0.000187528	0.999975   	0.768579   	0.000226157	0.000202835	0.999977   	0.768521   	0.000255318	0.000171937	0.999978   	0.768584   	-0.000459235	-0.000365234	0.999978   	0.768477   	0.000113318	0.000282506	0.999976   	0.768487   	-0.00036982	-0.000461729	0.999976   	0.768498   	8.11519e-05	0.000202598	0.999978   	0.768644   	0.748106   	0.696882   	0.123034   	0.12306    	0.730261   	0.785006   	0.126459   	0.126355   	0.830923   	0.762937   	0.132804   	0.132961   	0.805985   	0.855987   	0.119912   	0.119631   	0.749937   	0.71594    	0.124389   	0.124469   	0.773617   	0.685885   	0.123549   	0.12361    	0.712151   	0.745285   	0.119796   	0.119876   	0.742206   	0.719826   	0.125988   	0.125839   	0.877321   	0.798717   	0.1319     	0.131949   	0.783716   	0.778901   	0.119122   	0.119096   	0.805054   	0.715744   	0.11608    	0.116033   	0.762254   	0.727264   	0.12416    	0.124261   	0.843978   	0.751899   	0.122874   	0.12313    	0.854962   	0.774925   	0.124247   	0.124182   	0.758663   	0.746994   	0.127438   	0.127381   	7.5981	7.52626	8.09815	7.37059	7.74219	7.78851	7.75221	7.44355	7.79986	7.49499	7.03752	7.36113	7.45013	7.42736	7.74411	-9.5833e-07	1.28932e-05	1          	0.76852    	0.129717   	0.127436   	0.141819   	0.141825   	1.46469	
7e-11      	5.6        	0.000843897	-0.000136708	0.999975   	0.751123   	-0.000215274	0.000388064	0.999973   	0.75109    	-0.00060368	-0.000255121	0.999973   	0.750996   	-0.000424631	-0.000273321	0.999973   	0.750979   	0.000164625	9.17832e-05	0.999974   	0.751125   	0.000300851	0.000316814	0.999975   	0.751035   	-0.000470598	5.65557e-05	0.999973   	0.75103    	0.000115109	0.000360981	0.999976   	0.751029   	0.000299218	-0.000342781	0.999975   	0.751143   	2.1219e-05 	0.000446956	0.999974   	0.751051   	-7.55289e-05	-3.8693e-05	0.999975   	0.750936   	1.91082e-05	-0.00034465	0.999975   	0.750962   	3.2775e-05 	-0.000280936	0.999972   	0.750984   	0.000120064	0.000554017	0.999976   	0.751047   	-0.000276709	-0.000168051	0.999973   	0.751074   	0.782921   	0.834336   	0.147093   	0.147048   	0.835673   	0.900647   	0.154005   	0.154099   	0.833846   	0.895848   	0.149994   	0.150022   	0.901279   	0.835108   	0.141176   	0.141114   	0.858407   	0.827851   	0.148037   	0.147927   	0.823756   	0.805206   	0.156811   	0.156965   	0.830404   	0.925973   	0.147835   	0.147745   	0.796611   	0.743773   	0.143654   	0.143574   	0.750245   	0.861931   	0.145715   	0.145714   	0.859928   	0.851068   	0.144425   	0.144609   	0.793773   	0.814255   	0.15158    	0.151434   	0.808122   	0.820573   	0.149646   	0.149681   	0.892185   	0.928782   	0.146035   	0.145678   	0.812438   	0.743822   	0.139939   	0.139811   	0.84726    	0.928565   	0.147165   	0.147307   	8.29139	8.82011	8.60739	8.15444	8.19365	8.481	8.40076	8.56333	8.62227	8.12234	9.01823	8.5202	8.20679	7.97032	8.94116	-1.00451e-05	2.51398e-05	1          	0.751021   	0.128149   	0.131036   	0.149045   	0.149046   	1.27033	
7.5e-11    	5.4        	0.000142393	0.000761461	0.99997    	0.732116   	-5.71294e-05	-6.6675e-05	0.999973   	0.732109   	-3.145e-05 	-0.000655948	0.999967   	0.732208   	-0.000589142	0.000798349	0.99997    	0.731948   	-0.000353745	-0.000972262	0.99997    	0.732053   	0.000909485	3.21862e-05	0.999973   	0.73217    	-7.22389e-05	5.14617e-05	0.999972   	0.732187   	0.000136264	-0.000636974	0.999972   	0.732024   	-3.36707e-05	0.000585737	0.999969   	0.732126   	0.000677111	-0.000573384	0.999969   	0.731977   	-0.000181128	0.000372824	0.999971   	0.732068   	-0.000395973	0.000416317	0.999973   	0.732075   	0.000760031	0.000243082	0.999971   	0.732259   	-0.000137333	0.000136543	0.999971   	0.732022   	-0.000317325	-0.000338737	0.999972   	0.732142   	0.819538   	1.01379    	0.164024   	0.164142   	0.739977   	0.902401   	0.163358   	0.163528   	0.81808    	1.19512    	0.166569   	0.166354   	0.951442   	0.845033   	0.186509   	0.186354   	0.920496   	0.878017   	0.174914   	0.175021   	0.774487   	0.857209   	0.174959   	0.17497    	0.845097   	0.903061   	0.17627    	0.1764     	0.93215    	0.808884   	0.185997   	0.185994   	0.897356   	0.984809   	0.165721   	0.165628   	0.983041   	0.899612   	0.18824    	0.188015   	0.882779   	0.913905   	0.172286   	0.17243    	0.85412    	0.823253   	0.178359   	0.178362   	0.784269   	1.00437    	0.172736   	0.172572   	0.862201   	0.947025   	0.161336   	0.161752   	0.849324   	0.879547   	0.192606   	0.192637   	8.8113	8.53859	8.60432	9.94318	9.29589	9.5571	9.55812	9.73938	8.56316	10.1556	9.07257	9.72561	9.23609	8.56477	10.0377	3.04546e-05	1.04387e-05	1          	0.732078   	0.128105   	0.125208   	0.161795   	0.161799   	1.27965	
8e-11      	5.2        	-0.000165937	-0.000274392	0.999967   	0.711569   	-8.85085e-06	0.000341244	0.999963   	0.71169    	5.99297e-05	-5.44479e-05	0.999962   	0.7118     	-0.000227591	-0.00024927	0.99996    	0.711799   	-7.40969e-05	0.000713125	0.999962   	0.711733   	0.000423987	-0.000365569	0.999963   	0.71173    	6.86658e-05	8.66355e-05	0.999961   	0.711708   	0.000911323	0.000803048	0.999963   	0.711631   	-0.000852696	-0.000696326	0.999965   	0.711681   	0.000241176	-4.93486e-06	0.999964   	0.711806   	-0.000294087	0.000971012	0.999967   	0.71148    	-0.000110747	-0.00101931	0.999965   	0.711697   	0.000637073	-0.000953738	0.999962   	0.711625   	-0.000502377	0.000764304	0.999963   	0.71175    	-0.000258886	0.000266196	0.999961   	0.711492   	1.00064    	0.933888   	0.217941   	0.217981   	1.01706    	1.13885    	0.210873   	0.210777   	1.06772    	1.1488     	0.200642   	0.200704   	1.1692     	1.18853    	0.210422   	0.210416   	1.14533    	1.02926    	0.209525   	0.209537   	1.08055    	1.08851    	0.191355   	0.191126   	1.14507    	1.13324    	0.21454    	0.214758   	0.974104   	1.12394    	0.204566   	0.204344   	0.935311   	1.07379    	0.194281   	0.194594   	1.1594     	0.965736   	0.196557   	0.196894   	0.993941   	0.911202   	0.199905   	0.199768   	1.0327     	0.959972   	0.202855   	0.202725   	1.12794    	1.03061    	0.200052   	0.199763   	1.12648    	1.01061    	0.194977   	0.195005   	1.10922    	1.16958    	0.213904   	0.214096   	10.7608	10.3743	9.93098	10.0242	10.3276	9.76595	10.5353	10.3822	9.54391	9.37449	9.9652	9.91598	9.8399	9.50471	11.0121	-1.0116e-05	2.21846e-05	1          	0.711653   	0.139113   	0.143506   	0.16933    	0.169335   	1.12544	
8.5e-11    	5          	-5.65989e-05	0.000432306	0.999958   	0.689827   	4.646e-05  	0.000268488	0.999958   	0.689938   	3.37944e-05	-0.000549603	0.999958   	0.689819   	0.000619171	0.000282487	0.999954   	0.689937   	-0.000215355	-0.000580059	0.999959   	0.689835   	-0.000388091	0.000272708	0.999958   	0.689721   	-0.000404815	-6.66896e-05	0.999958   	0.689761   	0.000255267	-6.99307e-05	0.999956   	0.689773   	0.000306578	0.000226406	0.999958   	0.690078   	0.00043759 	-5.41717e-05	0.99996    	0.689686   	-0.000984543	0.000930047	0.999959   	0.689776   	0.000561963	-0.000845428	0.999961   	0.68994    	0.000126449	0.000595586	0.999959   	0.689966   	-0.000106983	0.000165346	0.999958   	0.689891   	0.000104503	-0.000761957	0.99996    	0.689744   	1.20179    	1.09794    	0.242268   	0.242088   	1.20997    	1.08053    	0.256619   	0.256354   	1.10922    	1.15709    	0.256015   	0.255963   	1.1832     	1.31513    	0.253924   	0.253717   	1.191      	1.0318     	0.243445   	0.243833   	1.18366    	1.13382    	0.243662   	0.244081   	1.2695     	1.02665    	0.237311   	0.237087   	1.13424    	1.24954    	0.22154    	0.221082   	1.16503    	1.14349    	0.222302   	0.222269   	1.12323    	1.06173    	0.231823   	0.23194    	1.14993    	1.07055    	0.224427   	0.224221   	1.07646    	1.03246    	0.221706   	0.221905   	1.09167    	1.13175    	0.229319   	0.229348   	1.1739     	1.12188    	0.240386   	0.240644   	1.09767    	1.06641    	0.241564   	0.241155   	11.3047	11.76	11.6501	11.5071	11.1802	11.3049	10.4573	10.3415	10.2704	10.4809	9.6499	10.2313	10.5681	10.9876	10.6329	2.18951e-05	1.62268e-05	1          	0.689818   	0.140237   	0.140087   	0.188611   	0.18861    	1.14365	
9e-11      	4.8        	1.61872e-05	-0.000362748	0.999952   	0.666527   	0.000488298	-4.16256e-05	0.999957   	0.666757   	-0.000443725	0.000519072	0.99995    	0.666739   	-0.000707863	1.35571e-05	0.999958   	0.666527   	0.000853652	0.000493891	0.999946   	0.666854   	-0.000134624	-0.000643051	0.999956   	0.666697   	-6.04922e-05	-0.000498193	0.999953   	0.666598   	-0.000252744	-0.000378163	0.99995    	0.666725   	0.000322784	0.000897625	0.999951   	0.666489   	-0.00124564	-0.000585364	0.999946   	0.666663   	0.0016701  	0.000512455	0.99995    	0.666447   	-0.000347679	0.000140298	0.999952   	0.666932   	8.20672e-05	0.000464715	0.99995    	0.666929   	0.000995685	0.000197597	0.999951   	0.66653    	-0.00110847	-0.000564259	0.999956   	0.666561   	1.27708    	1.14988    	0.27563    	0.275215   	1.15197    	1.06295    	0.254335   	0.254109   	1.31423    	1.2566     	0.30029    	0.300297   	1.14582    	1.00432    	0.289484   	0.289302   	1.25936    	1.45495    	0.295362   	0.294756   	1.14332    	1.09396    	0.271724   	0.271563   	1.28258    	1.1346     	0.267224   	0.267406   	1.3187     	1.25767    	0.292391   	0.292532   	1.17136    	1.29351    	0.271837   	0.271309   	1.3966     	1.33696    	0.286596   	0.286579   	1.29635    	1.18405    	0.277868   	0.277148   	1.23184    	1.20152    	0.29488    	0.295079   	1.16939    	1.3607     	0.283018   	0.282915   	1.27982    	1.20997    	0.283779   	0.283728   	1.04117    	1.16749    	0.272113   	0.272181   	11.5647	11.1994	12.4408	12.1502	12.6914	11.6757	11.0915	12.4519	11.3866	11.9151	12.1653	12.478	11.309	11.5008	12.0117	8.21431e-06	1.15154e-05	1          	0.666633   	0.134888   	0.137401   	0.202124   	0.202126   	1.08144	
9.5e-11    	4.6        	-0.000576407	0.00140802 	0.999939   	0.642299   	0.000842862	-0.00137173	0.999934   	0.642134   	-0.000177455	6.17856e-05	0.999934   	0.642422   	-0.000636061	-0.00026601	0.99994    	0.642222   	0.00123518 	-0.000155849	0.99994    	0.642371   	-0.000503628	0.000499097	0.999943   	0.642243   	-2.9673e-05	0.0002469  	0.999939   	0.642253   	-0.000671626	4.49905e-05	0.999934   	0.642139   	0.000942917	-0.000143209	0.999942   	0.642505   	0.000642098	-7.11993e-05	0.999943   	0.642469   	0.000181848	-0.000754226	0.999941   	0.642215   	-0.000666063	0.000826323	0.999938   	0.642213   	-0.000290401	-7.76738e-05	0.999935   	0.642409   	0.00105084 	-0.000929014	0.999933   	0.642177   	-0.000935818	0.00104486 	0.999939   	0.642097   	1.46538    	1.36138    	0.312894   	0.312833   	1.55851    	1.51207    	0.287984   	0.287394   	1.52956    	1.58647    	0.320211   	0.321172   	1.57794    	1.25348    	0.307637   	0.307748   	1.45466    	1.33996    	0.358906   	0.358454   	1.35001    	1.33433    	0.350812   	0.350349   	1.46565    	1.41843    	0.34071    	0.340945   	1.53953    	1.60068    	0.311952   	0.312102   	1.31764    	1.43896    	0.329787   	0.330022   	1.51945    	1.19338    	0.33144    	0.330952   	1.40779    	1.38826    	0.343171   	0.343049   	1.60852    	1.28636    	0.348642   	0.34853    	1.38336    	1.69645    	0.338159   	0.336286   	1.68258    	1.45105    	0.3069     	0.307382   	1.36003    	1.50972    	0.328944   	0.329338   	11.9662	11.3986	12.8913	12.2787	14.0682	14.0455	12.6943	12.2773	12.9043	12.9718	12.9429	13.4734	13.5026	12.3064	12.6924	2.78702e-05	2.39186e-05	1          	0.642238   	0.137465   	0.139955   	0.194889   	0.194885   	0.961468	
1e-10      	4.4        	-0.000236172	-0.000989405	0.999927   	0.616746   	-0.000939466	0.000375361	0.999931   	0.616793   	0.00116394 	0.000436355	0.999931   	0.616763   	0.00030686 	9.25163e-05	0.99994    	0.616505   	1.26271e-05	0.000104118	0.999935   	0.616905   	-0.000343244	-7.49579e-05	0.999938   	0.616807   	0.000293916	-0.000160982	0.999928   	0.616991   	-3.16175e-05	0.000744262	0.999921   	0.616575   	-0.000254988	-0.000595828	0.999935   	0.616697   	0.00209655 	0.000710565	0.999922   	0.616621   	-0.00142845	0.000701258	0.999919   	0.616527   	-0.000653954	-0.00149218	0.999921   	0.617067   	0.000841414	0.000291952	0.99993    	0.616678   	9.05935e-05	0.00120494 	0.999933   	0.617005   	-0.000749184	-0.00156683	0.999929   	0.616633   	1.70348    	1.46302    	0.428129   	0.428023   	1.57851    	1.43902    	0.399748   	0.399226   	1.5334     	1.44234    	0.390878   	0.390197   	1.36355    	1.26209    	0.399788   	0.399457   	1.31501    	1.51988    	0.383636   	0.383925   	1.38466    	1.32825    	0.391034   	0.391379   	1.47367    	1.68279    	0.391401   	0.390668   	1.94116    	1.5085     	0.412611   	0.413296   	1.42681    	1.41101    	0.401079   	0.400906   	1.64452    	1.67992    	0.360256   	0.360119   	1.49699    	1.97196    	0.436885   	0.436369   	1.56284    	1.85598    	0.408031   	0.40736    	1.43099    	1.62239    	0.398818   	0.399308   	1.41617    	1.50343    	0.389826   	0.389754   	1.42967    	1.59648    	0.391335   	0.391074   	15.1982	14.0118	14.1658	14.3558	13.9198	13.9484	13.965	14.4089	14.3259	12.8614	15.7719	14.8985	14.3943	14.186	13.8807	9.71524e-06	-1.38826e-05	1          	0.616711   	0.13746    	0.127745   	0.208401   	0.208399   	0.997728	
1.05e-10   	4.2        	0.000257037	-0.00201244	0.999914   	0.590294   	0.000630365	0.000517195	0.999921   	0.590445   	-0.00108771	0.00129185 	0.999905   	0.590169   	0.001375   	-0.000143082	0.999915   	0.590437   	-0.00182684	0.000605794	0.999919   	0.590374   	0.00058737 	-0.000499604	0.999922   	0.590215   	0.00171741 	-6.13461e-05	0.999919   	0.590292   	-0.00209773	0.000969414	0.999905   	0.590471   	0.000426483	-0.000943638	0.999926   	0.589974   	-0.000359775	-0.00023563	0.999915   	0.590491   	-0.000247528	5.70604e-05	0.99991    	0.590063   	0.000445059	0.000159457	0.999918   	0.590529   	-0.00104638	0.000319389	0.999917   	0.590454   	0.00108354 	0.000213965	0.999913   	0.589906   	-0.000130465	-0.000474723	0.999911   	0.590462   	1.5948     	1.78109    	0.45463    	0.455095   	1.62897    	1.51771    	0.51876    	0.518028   	1.68264    	2.07905    	0.409902   	0.409415   	1.59064    	1.77458    	0.441099   	0.440237   	1.45888    	1.69822    	0.44905    	0.449252   	1.51374    	1.6045     	0.434729   	0.43463    	1.67833    	1.50757    	0.48079    	0.480171   	1.81323    	1.91016    	0.489264   	0.488752   	1.53428    	1.42441    	0.443125   	0.441822   	1.65363    	1.74535    	0.520229   	0.520906   	1.74327    	1.84488    	0.517186   	0.516269   	1.63518    	1.65468    	0.482836   	0.482748   	1.68832    	1.61302    	0.496041   	0.496123   	1.62713    	1.85325    	0.507247   	0.508289   	1.76782    	1.79167    	0.45187    	0.452587   	14.3517	16.4952	13.6407	14.2378	14.8602	13.6151	15.9383	16.2486	14.3339	16.3358	16.9946	15.4832	16.6613	16.6672	14.6247	-1.71711e-05	-1.52824e-05	1          	0.590255   	0.14277    	0.135998   	0.204951   	0.20496    	0.94889	
1.1e-10    	4          	0.00113037 	-0.00063432	0.999893   	0.562917   	-0.000640007	-0.00015592	0.999898   	0.563153   	-0.000221076	0.000653644	0.999908   	0.563144   	-4.03047e-05	-0.00110847	0.99991    	0.563089   	-0.000598899	0.00120839 	0.999904   	0.563147   	0.000790409	-0.000255319	0.999899   	0.56301    	0.00199272 	-0.000512513	0.999909   	0.562964   	-0.000951466	0.000572609	0.999899   	0.563713   	-0.000908471	-0.000200298	0.999899   	0.56256    	0.00171092 	0.000761908	0.9999     	0.563142   	-0.00128781	-0.0014814 	0.999897   	0.562996   	-0.000604134	0.000768127	0.999895   	0.563174   	-4.10765e-05	-0.000357422	0.999903   	0.563558   	-0.00107017	0.000511187	0.9999     	0.562846   	0.00113477 	-0.000189677	0.999895   	0.562965   	2.1979     	1.66914    	0.560318   	0.558407   	1.83836    	1.86412    	0.602299   	0.602374   	1.80946    	1.53689    	0.584374   	0.583733   	1.57738    	1.69673    	0.589261   	0.589475   	1.68326    	1.80421    	0.573028   	0.572041   	1.7645     	1.91475    	0.586766   	0.587783   	1.51662    	1.71481    	0.561546   	0.562398   	1.83089    	1.82973    	0.489893   	0.489058   	1.95727    	1.70424    	0.561746   	0.561049   	2.00511    	1.56841    	0.617069   	0.615404   	1.8825     	1.79696    	0.525675   	0.525736   	1.92949    	1.87043    	0.554575   	0.553447   	1.72181    	1.81781    	0.585859   	0.587004   	1.83266    	1.80656    	0.587291   	0.587631   	1.94038    	1.86825    	0.509834   	0.51034    	16.7281	17.6648	17.1016	17.1011	16.8115	17.1892	16.9597	14.6172	16.3562	17.7804	15.9992	16.4262	17.062	16.7675	15.6621	2.76375e-05	-2.88581e-05	0.999999   	0.563036   	0.134825   	0.144355   	0.216763   	0.216765   	0.992573	
1.15e-10   	3.8        	-0.000207205	0.000840115	0.999873   	0.535196   	0.000541661	-0.000749189	0.999871   	0.535329   	-0.000771104	-0.000177353	0.999874   	0.535246   	0.000742422	-0.000336163	0.999884   	0.535203   	1.87755e-05	-0.00126866	0.999886   	0.535161   	-0.000731088	0.0015882  	0.999888   	0.535407   	0.000306161	3.23985e-05	0.999874   	0.534735   	-0.00157671	0.000879541	0.999866   	0.535334   	0.00140922 	-0.00109193	0.999888   	0.535806   	0.00159552 	-0.000657632	0.999875   	0.535278   	-0.000610469	-0.00053583	0.999872   	0.534987   	-0.000959967	0.00108558 	0.999879   	0.535493   	0.00109009 	0.000251226	0.999882   	0.53531    	-0.00193041	0.0011028  	0.999868   	0.534911   	0.000770034	-0.00143382	0.999876   	0.535587   	2.36803    	1.79749    	0.634448   	0.633687   	1.86565    	2.38956    	0.669626   	0.669968   	2.2137     	1.92106    	0.761993   	0.759574   	1.84986    	1.95896    	0.655059   	0.656184   	1.74984    	1.96685    	0.679437   	0.677856   	1.80076    	1.84233    	0.646272   	0.646682   	1.79026    	2.34898    	0.763956   	0.764854   	1.79636    	2.55881    	0.71879    	0.718943   	1.71037    	1.93976    	0.727886   	0.727253   	1.79325    	2.28477    	0.64275    	0.641607   	2.14243    	2.06558    	0.609005   	0.608868   	1.90201    	2.06041    	0.643076   	0.641121   	1.98053    	1.87869    	0.867216   	0.867525   	1.98622    	2.27783    	0.670413   	0.670867   	2.05498    	2.01061    	0.659777   	0.660086   	16.988	17.5955	19.475	17.5282	18.1567	16.8086	19.7105	19.3705	19.5367	17.6071	16.1902	16.8602	23.0145	17.8389	17.601	-2.0514e-05	-3.11641e-05	0.999999   	0.5352     	0.134263   	0.135863   	0.21636    	0.216355   	1.05315	
1.2e-10    	3.6        	8.09029e-05	-0.000264095	0.999851   	0.507246   	-0.000307358	0.00067695 	0.999858   	0.50708    	4.81113e-05	-0.000394072	0.999862   	0.506714   	0.000332009	0.00033753 	0.999875   	0.506973   	-0.000292189	-7.91058e-05	0.999829   	0.507306   	0.000273372	-0.000229378	0.999837   	0.506732   	0.00143284 	-0.000147459	0.999861   	0.507293   	-0.00119577	0.000184077	0.99986    	0.507122   	-0.00026889	-0.000266027	0.999859   	0.506651   	0.00235955 	0.000938773	0.999848   	0.507117   	-0.00117735	-0.00134529	0.999852   	0.506782   	-0.00112618	0.000367637	0.999843   	0.507119   	0.00295957 	-1.38098e-06	0.999859   	0.507005   	-0.00151969	0.00105427 	0.99986    	0.50699    	-0.00141471	-0.000955428	0.999837   	0.507044   	2.16384    	2.26142    	0.753755   	0.752519   	2.00309    	2.1873     	0.714444   	0.715272   	1.97675    	2.10841    	0.77361    	0.775573   	1.9349     	1.75185    	0.953897   	0.950664   	2.62816    	2.43428    	0.803377   	0.803119   	2.49952    	2.32475    	0.910456   	0.909863   	1.96062    	2.12456    	0.798569   	0.795484   	1.92707    	2.19643    	0.828994   	0.828786   	2.04995    	2.11252    	0.778495   	0.780202   	1.89453    	2.51547    	0.786052   	0.784139   	2.13962    	2.19816    	0.822066   	0.820589   	2.16108    	2.46542    	0.846764   	0.845512   	1.88871    	2.15479    	0.850969   	0.850096   	2.05252    	2.04684    	0.899434   	0.897486   	2.44572    	2.33214    	0.844747   	0.84573    	18.2366	16.8242	18.9123	22.3622	19.1208	22.1965	18.8821	19.8083	18.1266	18.818	19.332	20.0548	20.3969	21.25	20.1747	1.14364e-05	-9.11788e-06	0.999999   	0.506937   	0.133034   	0.135478   	0.191341   	0.191341   	1.03422	
1.25e-10   	3.4        	0.00164541 	-0.000586125	0.999809   	0.478556   	-0.000842235	-0.000269464	0.999815   	0.47801    	-0.000847468	0.000759401	0.999806   	0.478991   	0.000555037	0.00233442 	0.999826   	0.478115   	0.00126044 	-0.0010565 	0.999841   	0.478813   	-0.00185089	-0.00128786	0.99985    	0.478467   	0.000265619	0.000575971	0.999814   	0.478603   	-0.00179721	-0.000328213	0.999829   	0.478749   	0.0014201  	-0.0003816 	0.99981    	0.47808    	-0.00176844	0.000935122	0.99984    	0.478864   	0.000524611	-0.00295632	0.999826   	0.478483   	0.00106889 	0.00177162 	0.999827   	0.47803    	-0.00163005	0.00198437 	0.999804   	0.47832    	-0.000385281	-0.00145534	0.999819   	0.478441   	0.00178778 	-0.000435012	0.99981    	0.478574   	2.36578    	2.63996    	1.10401    	1.10348    	2.00995    	2.83474    	0.926364   	0.925617   	2.29326    	2.8102     	0.985146   	0.983392   	1.9664     	2.54243    	1.01526    	1.01285    	2.14491    	2.01403    	0.926008   	0.926522   	1.89267    	2.00353    	1.00224    	1.00415    	2.54814    	2.34452    	1.16138    	1.1619     	2.33764    	2.12114    	1.11651    	1.11519    	2.46431    	2.51019    	1.16972    	1.17337    	2.22415    	1.95066    	0.953095   	0.953044   	1.97627    	2.48719    	0.923351   	0.923075   	1.85621    	2.6279     	0.986317   	0.986569   	2.37253    	2.71022    	1.10044    	1.10544    	1.8462     	2.8815     	1.18565    	1.18567    	2.40185    	2.56112    	0.898497   	0.895162   	22.8501	20.0391	19.7189	20.6713	18.9597	20.4981	24.2491	23.013	24.6005	19.181	19.26	20.8782	23.0577	24.4825	18.2735	-3.84828e-05	-2.63003e-05	0.999999   	0.478388   	0.129314   	0.133976   	0.201529   	0.201524   	0.965038	
1.3e-10    	3.2        	-0.00292803	-0.000333679	0.999806   	0.449241   	0.001298   	0.00107196 	0.999794   	0.449795   	0.00151762 	-0.00107759	0.999772   	0.450195   	-0.00367064	0.00207212 	0.999772   	0.4501     	0.00211817 	-0.00101009	0.999808   	0.449782   	0.00149349 	-0.00116458	0.999779   	0.449479   	0.000556203	-0.00176247	0.99975    	0.449376   	0.00334006 	0.000515676	0.999795   	0.450043   	-0.00380945	0.00111907 	0.999784   	0.450041   	0.00112954 	0.00224746 	0.999776   	0.449508   	-0.00130057	0.000940295	0.99981    	0.449456   	-3.56845e-06	-0.0030683 	0.999783   	0.4504     	8.45421e-06	0.00156787 	0.999816   	0.450854   	-0.000874007	-0.000531651	0.999788   	0.448643   	0.000903256	-0.00105045	0.999821   	0.449909   	1.93157    	2.47585    	1.319      	1.31774    	2.20459    	2.54985    	1.22307    	1.21944    	1.91873    	3.34125    	1.1584     	1.15386    	2.17517    	2.94728    	1.211      	1.21166    	2.1021     	2.31665    	1.38216    	1.38254    	2.39364    	2.68547    	1.33854    	1.33326    	2.89594    	2.87343    	1.33398    	1.3336     	2.26826    	2.39432    	1.20325    	1.20579    	2.18189    	2.67968    	1.27265    	1.27147    	2.61457    	2.52452    	1.18158    	1.1774     	1.96131    	2.42757    	1.24508    	1.24744    	2.73223    	2.21746    	1.21481    	1.21564    	2.27501    	2.0091     	1.18336    	1.1819     	2.35697    	2.53971    	1.1811     	1.17966    	1.95068    	2.20821    	1.3744     	1.37518    	23.5566	22.4559	20.8421	21.8603	24.7857	24.5921	24.2431	22.4898	22.5143	21.3901	22.755	22.8522	21.3463	21.8481	25.3063	-1.18414e-05	-2.56193e-05	0.999999   	0.449694   	0.137863   	0.131082   	0.198998   	0.199002   	1.00055	
1.35e-10   	3          	0.000833768	0.000483485	0.999796   	0.421329   	-2.01484e-05	0.00367434 	0.999762   	0.420917   	-0.000845509	-0.00411156	0.999775   	0.420836   	-0.00066123	-0.000938169	0.999743   	0.420357   	0.00215129 	-0.00210332	0.999744   	0.421115   	-0.00187564	0.0030231  	0.999755   	0.421764   	-0.00192437	-0.000543123	0.999736   	0.421127   	0.000333644	0.000955912	0.999759   	0.421193   	0.0017432  	-0.000689226	0.999727   	0.42096    	-0.00435945	-0.00117639	0.999742   	0.421402   	0.0028906  	0.00033392 	0.999741   	0.420446   	0.00135214 	0.000973035	0.999766   	0.421384   	-0.000526674	8.6865e-05 	0.999744   	0.420938   	0.00263696 	2.82165e-05	0.999754   	0.421448   	-0.00209304	-0.000120843	0.999751   	0.420886   	2.19524    	1.95884    	1.43016    	1.42532    	2.03594    	2.66378    	1.60073    	1.5962     	2.04995    	2.36001    	1.59705    	1.60028    	2.8928     	2.32063    	1.42546    	1.42935    	2.59851    	2.52755    	1.51182    	1.50665    	2.35944    	2.52302    	1.34566    	1.34498    	2.8519     	2.48256    	1.3333     	1.32973    	2.425      	2.47723    	1.38468    	1.38184    	2.96681    	2.55476    	1.31727    	1.31103    	2.5379     	2.52719    	1.65714    	1.65384    	2.48539    	2.69301    	1.35246    	1.35028    	2.32929    	2.4245     	1.38027    	1.37546    	2.4756     	2.74815    	1.22208    	1.22612    	2.42476    	2.52798    	1.43631    	1.43019    	2.79485    	2.22148    	1.24642    	1.24261    	22.6967	25.4066	24.5046	22.3943	23.3478	21.783	21.2991	21.7583	20.6362	27.4081	20.8855	22.5936	19.914	22.5294	19.7031	-2.5311e-05	-1.1174e-06	0.999999   	0.42097    	0.139894   	0.133972   	0.20255    	0.202552   	1.03017	
1.4e-10    	2.8        	0.00288573 	0.000607846	0.999723   	0.392429   	-0.0022691 	-0.00180841	0.999705   	0.39191    	-0.000700664	0.00125507 	0.999729   	0.392995   	0.000767493	-0.00077237	0.999708   	0.393163   	-0.00139846	-0.00474656	0.999692   	0.391791   	0.000590623	0.005605   	0.999686   	0.392361   	-0.00251451	-0.00293835	0.999676   	0.392445   	0.00133035 	0.00224572 	0.999719   	0.392865   	0.00152092 	0.000783367	0.999736   	0.392137   	0.000914027	0.00103885 	0.999667   	0.393231   	0.000231388	0.00113441 	0.999702   	0.391997   	-0.00115019	-0.00208501	0.999706   	0.392162   	0.000637106	0.00127863 	0.999724   	0.392445   	-0.000384161	-0.00350495	0.999666   	0.391653   	3.22612e-05	0.00208203 	0.999675   	0.393264   	2.40226    	2.41444    	1.94044    	1.93678    	2.85944    	2.29031    	1.84985    	1.85168    	2.40602    	2.39197    	1.85715    	1.85441    	2.47003    	2.72409    	2.15612    	2.15882    	2.78792    	2.42755    	1.80407    	1.79866    	2.74377    	2.53346    	1.79605    	1.79511    	2.70136    	2.92806    	1.89526    	1.90243    	2.49912    	2.45077    	2.0155     	2.0246     	2.31716    	2.32541    	1.84741    	1.84375    	3.25748    	2.63707    	1.67078    	1.66174    	3.03402    	2.23467    	1.58214    	1.58282    	2.7557     	2.38998    	1.81263    	1.81065    	2.41951    	2.48225    	2.05788    	2.06692    	3.24411    	2.55421    	1.62485    	1.62577    	2.76379    	2.97294    	1.7657     	1.76166    	26.208	24.833	25.7996	28.962	22.9376	24.49	25.5903	26.2328	23.9865	22.6483	21.6811	24.7113	26.7023	22.1874	24.1619	3.54072e-05	2.67277e-05	0.999999   	0.39234    	0.130083   	0.136298   	0.203403   	0.203401   	1.14176	
1.45e-10   	2.6        	-0.00446469	-0.00610283	0.999651   	0.365177   	0.00534285 	0.000469508	0.999659   	0.362757   	-0.000777829	0.00538313 	0.999662   	0.364093   	0.00108702 	-0.00255155	0.999642   	0.365998   	0.000714587	-0.000230142	0.999626   	0.36275    	-0.00168677	0.00258987 	0.999654   	0.363253   	-0.000129366	0.00266015 	0.999673   	0.364028   	-0.00132977	0.0010537  	0.999631   	0.363221   	0.00142421 	-0.00388607	0.999658   	0.364941   	-0.00266645	-0.00186133	0.999631   	0.362732   	0.000409968	0.000366246	0.999629   	0.364364   	0.00249696 	0.00122825 	0.999691   	0.364922   	-0.00288278	0.000351994	0.999711   	0.364391   	0.00173611 	-0.00201784	0.999709   	0.365258   	0.000777144	0.00191834 	0.999629   	0.362304   	2.6818     	2.22771    	2.59624    	2.58967    	2.58684    	2.34453    	2.55236    	2.5461     	2.464      	2.49867    	2.0692     	2.08332    	2.96863    	2.49042    	2.60797    	2.60878    	2.86204    	2.7932     	2.2827     	2.2778     	2.85061    	2.33367    	1.95948    	1.96121    	2.55596    	2.36821    	1.96934    	1.96639    	3.14759    	2.42816    	2.03897    	2.03612    	2.72561    	2.38366    	1.87783    	1.87331    	2.5559     	2.91261    	2.54765    	2.52848    	3.03643    	2.62354    	2.59334    	2.58902    	2.41277    	2.25446    	2.40088    	2.39739    	2.35725    	2.00077    	2.4418     	2.44261    	2.30417    	2.11082    	2.34541    	2.3425     	2.87539    	2.68298    	2.33876    	2.33256    	28.4006	28.7517	24.544	29.1946	26.0802	22.9165	22.9079	22.7082	21.51	28.9816	30.0934	27.4497	27.3527	27.4753	26.0358	8.20308e-06	-2.96533e-05	0.999999   	0.363888   	0.140289   	0.132539   	0.197174   	0.197177   	1.21594	
1.5e-10    	2.4        	0.00209018 	-0.003885  	0.999582   	0.335366   	-0.00323769	0.00357704 	0.999542   	0.337224   	0.00121068 	0.000410951	0.999647   	0.33488    	0.00152963 	-0.00330988	0.99951    	0.336425   	9.93606e-05	0.00305699 	0.999528   	0.334565   	-0.0013868 	9.01134e-05	0.999621   	0.336409   	-0.000508407	0.00232414 	0.999557   	0.336072   	-0.00226493	-0.00274855	0.999622   	0.336028   	0.00275645 	0.000372385	0.999532   	0.335517   	-0.00111961	-0.000361213	0.999601   	0.335742   	0.005623   	0.000590247	0.999523   	0.33401    	-0.00464777	-0.000428837	0.999623   	0.337631   	0.00278343 	-0.00296185	0.99961    	0.334799   	-0.00143822	0.0011816  	0.999603   	0.334624   	-0.00145214	0.00189973 	0.999622   	0.337982   	2.7436     	2.53245    	3.41526    	3.40958    	2.71232    	3.12145    	3.51337    	3.5072     	2.56009    	1.96915    	3.02758    	3.02233    	2.44237    	3.84061    	3.37649    	3.36887    	2.46958    	3.56097    	2.5898     	2.59453    	2.3128     	2.6005     	3.20179    	3.19683    	3.11401    	2.57972    	2.76458    	2.74939    	2.56518    	2.24727    	2.73564    	2.72502    	3.38254    	2.64759    	3.05844    	3.06696    	2.73806    	2.40734    	3.47612    	3.4667     	2.88373    	3.02151    	3.29898    	3.29043    	2.52476    	2.28025    	2.46128    	2.45742    	2.27213    	2.64589    	2.93648    	2.93489    	2.27775    	2.82852    	4.16491    	4.17353    	2.4401     	2.4966     	3.69915    	3.70379    	31.3232	32.5092	29.0544	31.4018	24.9583	30.2856	26.0936	25.7433	29.0423	32.9963	31.0798	22.8703	27.7087	38.0674	35.1232	-8.89872e-06	-4.25617e-06	0.999999   	0.335678   	0.140971   	0.143837   	0.186528   	0.186531   	1.25456	
1.55e-10   	2.2        	0.00429836 	-0.00273863	0.999521   	0.310003   	-0.00310798	0.00776669 	0.999475   	0.306672   	-0.000855228	-0.00494092	0.999493   	0.307139   	-0.00172131	0.000112387	0.999563   	0.305878   	0.00346625 	0.00116294 	0.999517   	0.307272   	-0.0021965 	-0.00135748	0.999571   	0.310496   	0.000212992	0.00510127 	0.999491   	0.306362   	-0.00163762	-0.00285588	0.999559   	0.30997    	0.00160871 	-0.00181283	0.999501   	0.307334   	0.00282273 	-0.00438487	0.999474   	0.307731   	-0.000790443	-0.00338909	0.999426   	0.309166   	-0.00210221	0.00808606 	0.999449   	0.306812   	-0.00640359	-0.00413063	0.999478   	0.309106   	0.00280945 	-0.00194913	0.999477   	0.308905   	0.00390056 	0.00596829 	0.999506   	0.305714   	2.61467    	2.53433    	3.09411    	3.08949    	2.63373    	2.67865    	2.45849    	2.46251    	2.74267    	2.63029    	3.74143    	3.7427     	2.39844    	2.26141    	4.04561    	4.02956    	2.09706    	3.08792    	2.98826    	2.99194    	2.52459    	2.20472    	3.18837    	3.19274    	2.50222    	2.85126    	4.89921    	4.89772    	2.37253    	2.43994    	4.35581    	4.35406    	2.43528    	2.98164    	3.9646     	3.97763    	2.5749     	2.9855     	3.85122    	3.84195    	2.6883     	3.5563     	3.29035    	3.28897    	2.96766    	2.56879    	3.35159    	3.31869    	2.96582    	2.46389    	3.9666     	3.97354    	2.61919    	3.03733    	4.48719    	4.47699    	2.74283    	2.29694    	2.94702    	2.94468    	24.0791	18.4593	27.8626	32.0666	22.9978	24.5157	35.081	34.1079	30.5428	28.3131	25.0401	26.1643	30.7294	33.7716	22.5075	3.18904e-05	2.84973e-05	0.999998   	0.307751   	0.135923   	0.132064   	0.181761   	0.181769   	1.34925	
1.6e-10    	2          	0.00235916 	-0.00706281	0.999371   	0.279997   	-0.000531051	0.000650266	0.999395   	0.280525   	-0.00151451	0.00629736 	0.999408   	0.28024    	-0.00103613	0.0045428  	0.99934    	0.281053   	0.00120585 	0.0042441  	0.999444   	0.278207   	-0.000411372	-0.00886929	0.999418   	0.281463   	-0.00222697	0.000655437	0.999391   	0.280649   	-0.00435965	0.00337568 	0.999358   	0.278963   	0.00687285 	-0.00383671	0.999411   	0.281166   	-0.00151336	-0.00141446	0.999405   	0.281403   	-0.00259105	0.00145462 	0.999412   	0.279435   	0.00383131 	-0.000163896	0.999394   	0.280012   	-0.00358763	0.00352762 	0.999331   	0.280588   	1.02641e-05	-0.000292947	0.999417   	0.280746   	0.00359506 	-0.00352106	0.999337   	0.279504   	2.90004    	2.55216    	3.53696    	3.5494     	3.078      	2.36821    	3.75031    	3.73542    	2.58198    	2.53459    	3.72823    	3.70818    	2.608      	3.28345    	3.93817    	3.93538    	2.3531     	2.51152    	3.81628    	3.81866    	2.46991    	2.48904    	4.03014    	4.03731    	2.30028    	3.16608    	3.26705    	3.2527     	3.0505     	2.47827    	4.38756    	4.34605    	2.23272    	2.85239    	4.3842     	4.3848     	2.84255    	2.55676    	4.27304    	4.27135    	2.60276    	2.625      	3.92609    	3.91946    	2.88355    	2.50513    	4.507      	4.50107    	3.29189    	2.66942    	3.38526    	3.39039    	2.76928    	2.47355    	3.64639    	3.62288    	2.57401    	3.266      	2.52924    	2.52403    	21.656	22.849	23.4485	24.2982	23.8497	23.9986	20.4797	26.5623	27.3107	26.1575	24.8556	27.3194	22.3166	22.178	15.8476	-1.80611e-05	-2.47826e-05	0.999998   	0.280093   	0.139477   	0.138323   	0.181315   	0.18132    	1.31237	
1.65e-10   	1.8        	-0.000815666	0.00479643 	0.999208   	0.253689   	0.00173657 	-0.00569351	0.999351   	0.25224    	-0.00136627	0.000806728	0.999271   	0.252577   	-0.00728875	0.00292675 	0.999202   	0.253047   	0.00286413 	-0.00330537	0.999282   	0.254128   	0.00421309 	1.06364e-05	0.999226   	0.251325   	0.0012829  	0.00156065 	0.999258   	0.250003   	0.00695343 	-0.00183135	0.99913    	0.254958   	-0.00792826	0.000599337	0.999225   	0.253469   	0.00111523 	0.00125826 	0.999392   	0.251894   	0.00472786 	-0.00334933	0.999291   	0.256873   	-0.00600257	0.00175907 	0.999236   	0.249645   	0.00421986 	0.00523297 	0.999198   	0.251525   	-0.00249676	0.000473444	0.999231   	0.254225   	-0.00194135	-0.00549275	0.9992     	0.25281    	2.92346    	2.80295    	4.91964    	4.89462    	2.23947    	2.35635    	5.1784     	5.16894    	2.64179    	2.68771    	6.2257     	6.22409    	2.65999    	2.91915    	4.39728    	4.35843    	2.76083    	2.5244     	4.77631    	4.79023    	3.1114     	2.48339    	4.65655    	4.67274    	2.61807    	2.69741    	5.02643    	5.02514    	2.64564    	3.67895    	3.79081    	3.80117    	2.45103    	3.01638    	5.22811    	5.21369    	2.31416    	2.10383    	4.06863    	4.06481    	2.73133    	2.54919    	5.05251    	5.06339    	3.07126    	2.26114    	2.9026     	2.89637    	2.91066    	2.65848    	5.57462    	5.52645    	2.47646    	3.14285    	5.93492    	5.89895    	2.63375    	3.08286    	5.08668    	5.06712    	23.7015	24.4102	27.8469	21.4846	23.8409	22.6619	23.9688	19.0776	24.1576	19.4517	24.1397	15.4278	25.2745	28.38	24.9023	3.30538e-06	-5.41581e-05	0.999997   	0.252638   	0.140158   	0.14387    	0.176081   	0.17607    	1.28936	
1.7e-10    	1.6        	-0.00607881	-0.00155541	0.999034   	0.225205   	0.00579305 	0.00376082 	0.999046   	0.226328   	-5.20832e-05	-0.00224359	0.999032   	0.224924   	0.00438614 	-0.000902345	0.999191   	0.227503   	-0.00457275	-0.00378051	0.999093   	0.223462   	0.000336742	0.00387337 	0.999218   	0.225426   	0.00520828 	0.00161773 	0.998944   	0.225697   	-0.000358163	-0.000542154	0.999018   	0.225243   	-0.00546798	-0.00116146	0.998975   	0.225508   	0.00480302 	-0.000768197	0.999114   	0.227685   	-0.000183031	-0.000955778	0.998933   	0.219211   	-0.00375914	0.000698984	0.999225   	0.229561   	0.00425658 	-0.000702051	0.999127   	0.221536   	-0.00172663	-0.00243896	0.99914    	0.225934   	-0.00200515	0.00318333 	0.999073   	0.228894   	2.85983    	2.60561    	6.32628    	6.30105    	2.72047    	2.77246    	6.97613    	6.98838    	3.02906    	2.56959    	3.97791    	3.97048    	2.18712    	2.56411    	4.36593    	4.3624     	2.66727    	2.38893    	5.993      	5.9673     	2.32295    	2.15595    	7.15728    	7.1402     	2.75307    	3.31226    	3.28488    	3.26577    	2.83376    	2.83826    	3.83711    	3.80751    	2.50521    	3.44649    	5.31591    	5.34263    	2.55059    	2.61122    	7.89276    	7.86735    	2.91848    	2.97314    	8.30794    	8.31303    	2.48277    	2.16021    	3.94476    	3.94307    	2.48416    	2.41393    	5.71973    	5.73198    	2.48766    	2.56116    	4.38989    	4.40486    	3.08727    	2.46964    	4.29822    	4.30795    	22.1117	25.4253	14.0876	16.5408	21.3972	25.2257	12.8666	14.0576	19.6438	27.493	28.5839	15.295	21.388	17.1113	17.2642	-2.28009e-05	-5.56278e-05	0.999997   	0.225268   	0.136851   	0.138635   	0.171144   	0.17113    	1.39028	
1.75e-10   	1.4        	-0.00161424	-0.00186765	0.998876   	0.199337   	0.00711527 	-0.00126331	0.998531   	0.196698   	-0.00553887	0.00253499 	0.998786   	0.198224   	0.00152438 	0.00130435 	0.998649   	0.197928   	0.00143684 	0.00250233 	0.998779   	0.198323   	-0.00329449	-0.003183  	0.998788   	0.198034   	0.00211142 	-0.00307788	0.998523   	0.200199   	0.00148476 	-0.00120584	0.998769   	0.198793   	-0.00470053	0.0037557  	0.998553   	0.195318   	0.00317319 	-0.00326198	0.998676   	0.197307   	0.00526998 	-0.00163392	0.9989     	0.196974   	-0.00830696	0.00496055 	0.998788   	0.199837   	-0.00437084	-0.00618697	0.998906   	0.196818   	-0.00483104	-0.00318015	0.998768   	0.200151   	0.00913905 	0.00865412 	0.998759   	0.197228   	2.9634     	2.00644    	8.0206     	7.95104    	3.03106    	3.28957    	7.41451    	7.37005    	2.5313     	2.8445     	7.64719    	7.63765    	3.09698    	2.91613    	6.42243    	6.39291    	2.71971    	2.76131    	6.46803    	6.45961    	2.43001    	2.90875    	7.82526    	7.79595    	3.27278    	3.3767     	5.99653    	5.93637    	2.83194    	2.69648    	5.90946    	5.88584    	3.20314    	3.08343    	5.27784    	5.29       	2.67311    	3.15781    	5.16799    	5.14419    	2.05285    	2.75212    	5.25078    	5.23473    	2.50252    	2.82146    	4.44178    	4.42797    	2.5265     	2.11904    	7.01498    	6.96396    	2.41292    	3.12778    	6.3575     	6.32803    	2.69761    	2.45448    	6.69893    	6.68191    	21.1792	21.1759	19.8066	18.0408	18.2373	21.9614	16.5727	16.315	13.3848	14.0996	14.8816	12.9308	18.668	18.3385	18.2648	-4.35175e-05	2.70619e-05	0.999996   	0.19783    	0.137622   	0.138704   	0.173769   	0.173771   	1.35018	
1.8e-10    	1.2        	0.00740739 	0.0107379  	0.998168   	0.170875   	-0.00278386	-0.00547982	0.998221   	0.170593   	-0.00370447	-0.00533971	0.998374   	0.170179   	-0.00162403	-0.0013793 	0.998612   	0.170813   	0.0021095  	-0.0094632 	0.998167   	0.169607   	-0.000437027	0.0101095  	0.998354   	0.171116   	0.00801446 	0.0015372  	0.9981     	0.172672   	-0.00509625	-0.00241492	0.998034   	0.171725   	-0.00384401	0.00101082 	0.998241   	0.167316   	-0.00734723	0.00336598 	0.998328   	0.171496   	0.000701646	-0.00265823	0.998281   	0.168689   	0.00699072 	-0.00133403	0.997853   	0.171392   	-0.00213456	0.0061497  	0.998385   	0.172945   	0.00548297 	-0.0107783 	0.998287   	0.168984   	-0.00337366	0.00454134 	0.998233   	0.169624   	2.92359    	2.96752    	5.89611    	5.91243    	2.80116    	3.00898    	5.34831    	5.31619    	2.95368    	2.27308    	5.31356    	5.26031    	2.72181    	1.98693    	8.16833    	8.20698    	2.96441    	2.81266    	6.31971    	6.25919    	2.4045     	2.8081     	6.88906    	6.82088    	2.87614    	3.50704    	6.38355    	6.37502    	3.18619    	3.22637    	7.92957    	7.84035    	2.94635    	2.85801    	4.35106    	4.43757    	2.50011    	3.0961     	5.73949    	5.77759    	2.62763    	2.90742    	7.37728    	7.34413    	3.42751    	3.66532    	6.87367    	6.84878    	2.55954    	2.85511    	5.02215    	4.99063    	2.6764     	2.73444    	5.37744    	5.38849    	2.60916    	3.13744    	5.05905    	5.04279    	12.8434	10.7767	11.6122	16.0263	12.3583	14.0941	13.8936	15.7179	9.09882	11.5446	14.4443	14.4103	10.5515	11.3385	10.5679	-4.46402e-05	1.1503e-06 	0.999994   	0.170238   	0.139267   	0.139735   	0.175925   	0.175907   	1.20913	
1.85e-10   	1          	0.00474499 	0.000401509	0.997537   	0.141613   	0.00611841 	0.00198203 	0.997824   	0.144628   	-0.00995429	-0.00280097	0.997379   	0.142092   	-0.00938569	-0.00063928	0.997946   	0.144588   	-0.00245768	0.000906042	0.998043   	0.143028   	0.00994739 	0.00030279 	0.99757    	0.140554   	-0.00494011	-0.0140496 	0.997708   	0.143122   	0.00321664 	0.00528108 	0.997836   	0.141279   	0.00121318 	0.00820804 	0.997815   	0.14383    	2.7776e-05 	0.00355285 	0.99757    	0.142104   	0.00245337 	0.0111872  	0.997528   	0.14376    	-0.00196134	-0.0149226 	0.997669   	0.142518   	-0.000682076	0.00673939 	0.997397   	0.14316    	0.00907929 	-0.0105949 	0.997443   	0.141847   	-0.00793135	0.00481989 	0.997579   	0.14343    	3.06704    	2.52069    	6.91271    	6.89156    	2.11973    	3.05702    	7.28351    	7.29172    	2.81162    	3.06711    	4.971      	4.9425     	2.41435    	2.31354    	4.28893    	4.23914    	2.13611    	2.37537    	4.17151    	4.13428    	2.47067    	2.96412    	6.80876    	6.84643    	2.68095    	2.46463    	4.91439    	4.92193    	2.40016    	2.61106    	5.43758    	5.4921     	2.65554    	2.34759    	4.42203    	4.37007    	2.72918    	2.79682    	5.69441    	5.65249    	2.70215    	2.93078    	4.20145    	4.16147    	2.57863    	2.5297     	8.8259     	8.80411    	3.24996    	2.75561    	6.79908    	6.76706    	3.03353    	2.60327    	5.45184    	5.43668    	2.48248    	3.06705    	5.78058    	5.75694    	9.0804	10.8343	7.76245	7.07284	6.75962	9.3289	7.84524	8.63888	7.03182	8.28474	6.80465	12.1015	10.0268	8.33107	8.97802	-9.0704e-05	-2.47379e-05	0.999992   	0.142439   	0.136866   	0.144057   	0.183124   	0.18312    	1.45226	
1.9e-10    	0.8        	0.0034573  	-0.00938619	0.995532   	0.112158   	0.00409592 	0.0127941  	0.995771   	0.113054   	-0.00700681	-0.00145259	0.99639    	0.119134   	-0.00454524	0.0206333  	0.996346   	0.115857   	0.00424754 	0.000819178	0.996252   	0.115805   	0.0014508  	-0.0224825 	0.995994   	0.11254    	0.000428434	-0.0014697 	0.996283   	0.111772   	0.00380716 	-0.0092055 	0.996314   	0.115677   	-0.00700233	0.0101567  	0.996213   	0.116734   	-0.0016764 	-0.00909676	0.996402   	0.116987   	0.00401596 	-0.000930141	0.996482   	0.113981   	-0.000926628	0.0097313  	0.996368   	0.113232   	-0.00186461	-0.0067311 	0.996227   	0.11482    	0.00863114 	0.00442348 	0.99678    	0.113526   	-0.00811953	0.00288569 	0.996854   	0.115795   	3.08705    	3.14643    	9.13553    	9.1032     	2.9613     	3.08555    	7.82681    	7.83803    	2.86462    	2.96534    	5.84877    	5.85781    	2.55262    	2.52857    	5.77382    	5.67916    	3.1958     	2.66643    	7.27282    	7.3414     	2.67419    	2.79665    	7.53862    	7.56369    	2.46169    	2.78231    	4.20965    	4.17487    	2.90943    	2.58048    	8.04154    	8.01624    	2.63208    	3.04788    	7.05472    	7.00903    	2.40147    	3.07987    	7.09722    	7.05839    	2.69537    	2.45926    	5.58973    	5.55879    	2.44469    	2.8483     	9.23738    	9.28323    	2.84841    	2.62968    	7.08801    	7.01483    	2.44302    	2.22647    	5.43809    	5.43481    	2.42118    	2.35776    	5.71077    	5.71578    	9.05153	7.32897	6.1199	6.60166	7.30621	6.67081	5.37392	7.55894	7.20388	7.36687	4.9867	9.05731	7.7477	5.40649	6.27417	-7.65613e-05	-5.38732e-05	0.999987   	0.114317   	0.143767   	0.140978   	0.181262   	0.181268   	1.40125	
1.95e-10   	0.6        	0.0137471  	0.00372621 	0.993009   	0.0851779  	0.00851738 	-0.0166098 	0.992739   	0.08956    	-0.0222735 	0.0179253  	0.993169   	0.0849602  	0.0111412  	-0.00788599	0.993986   	0.0903195  	-0.00719915	0.00452462 	0.992844   	0.0871778  	-0.00317359	0.00670797 	0.992019   	0.0821799  	0.0125527  	-0.0156464 	0.993649   	0.0893532  	-0.000220909	0.0120382  	0.992927   	0.0857606  	-0.0141163 	0.00303217 	0.993048   	0.0846641  	0.0070414  	0.000752545	0.99322    	0.0874528  	-0.0198999 	0.00117091 	0.993051   	0.0853115  	0.0159195  	-0.00138427	0.993162   	0.08692    	0.0043681  	0.0108152  	0.992902   	0.0834911  	-0.00252678	-0.0220697 	0.993258   	0.0866768  	0.00190046 	0.0116291  	0.993212   	0.0895308  	2.76482    	2.83351    	6.7869     	6.74834    	3.04596    	3.21593    	6.10374    	6.01618    	2.86808    	2.2581     	5.99563    	5.92361    	2.68456    	2.73284    	4.55083    	4.50843    	3.06772    	2.98523    	6.3669     	6.31176    	2.63598    	2.93905    	6.79834    	6.554      	2.67091    	2.76013    	5.74733    	5.6646     	2.88596    	2.81148    	5.72234    	5.64328    	2.97684    	2.51569    	5.7574     	5.71799    	2.62913    	3.04597    	5.76321    	5.67912    	2.79763    	2.68125    	7.46237    	7.42257    	2.52289    	3.27861    	5.79077    	5.81627    	2.40418    	2.9976     	4.66048    	4.57026    	2.78509    	2.75311    	4.68638    	4.67951    	3.07582    	2.90473    	4.71573    	4.6277     	5.35632	4.49917	4.6963	4.05629	4.05312	4.4711	4.56168	4.28991	4.39028	4.08808	4.89698	4.33377	4.01895	4.02779	3.75955	-3.25572e-05	-0.000224022	0.999978   	0.0859855  	0.140194   	0.136002   	0.188566   	0.188583   	1.20263	
2e-10      	0.4        	-0.0187719 	0.0210672  	0.981771   	0.0565904  	0.00236304 	-0.00556223	0.987145   	0.0644813  	0.0189277  	-0.0182765 	0.980789   	0.0541083  	-0.00387157	-0.00609554	0.985662   	0.0624218  	-0.00536962	-0.00122894	0.980726   	0.058001   	-0.00104249	0.0077489  	0.98035    	0.0547807  	-0.0158121 	0.00242366 	0.984446   	0.0596171  	0.0294034  	0.0364296  	0.984865   	0.0580274  	-0.0154234 	-0.0341416 	0.98452    	0.0572832  	0.0129623  	0.0100457  	0.986212   	0.0584338  	-0.0186547 	-0.00281895	0.983821   	0.056355   	0.0106618  	-0.00518173	0.987306   	0.0599785  	-0.0208504 	0.0166081  	0.982964   	0.0556622  	-0.00624541	-0.00664721	0.985263   	0.0584148  	0.0234699  	-0.0133365 	0.986574   	0.0606793  	3.13024    	3.29859    	5.21846    	5.23879    	2.62899    	3.12239    	4.87904    	4.74434    	2.9887     	2.90903    	5.48157    	5.33745    	3.08776    	2.98327    	4.6179     	4.5075     	3.3752     	3.34858    	6.10061    	5.8318     	3.07412    	3.10332    	5.9575     	5.7851     	3.35238    	2.42871    	5.6458     	5.47344    	2.82203    	2.18443    	6.48791    	6.35295    	2.98054    	2.17347    	5.0452     	4.90891    	2.45678    	2.63767    	4.66275    	4.59062    	2.99822    	2.62408    	3.38145    	3.32551    	2.40454    	2.68536    	4.82328    	4.82251    	2.57558    	3.05161    	5.20894    	5.15047    	2.307      	2.63455    	6.59459    	6.28315    	2.53931    	2.56808    	5.16702    	5.00284    	2.8549	2.9365	2.94493	2.97639	2.87675	3.10555	2.95181	2.93239	2.91348	2.93735	2.58897	3.14989	2.64758	3.30047	3.30606	2.81463e-05	6.72609e-05	0.999951   	0.0574453  	0.139749   	0.13731    	0.182937   	0.182958   	1.29431	
2.05e-10   	0.2        	-0.0557391 	-0.0031397 	0.901318   	0.028554   	0.0418416  	0.0551981  	0.937154   	0.0319299  	0.031608   	-0.0351964 	0.938106   	0.0317884  	-0.0231456 	-0.0228012 	0.937539   	0.0303081  	0.000691861	0.021578   	0.93867    	0.0321517  	0.0022262  	-0.0139519 	0.932588   	0.0288459  	0.0227252  	0.0476374  	0.937015   	0.03377    	-0.00356948	0.0224221  	0.914933   	0.0281612  	-0.0188667 	-0.0617775 	0.918759   	0.0299096  	-0.0348805 	-0.0356735 	0.938105   	0.0328242  	0.00162182 	-0.032351  	0.906278   	0.0294251  	0.0211908  	0.0315982  	0.922575   	0.0297343  	0.0233668  	0.00586487 	0.919491   	0.0293501  	-0.0326105 	0.00712447 	0.937234   	0.0295189  	-0.00791118	0.00685858 	0.949303   	0.0326929  	2.73923    	3.78706    	5.18256    	4.41901    	2.73445    	3.17326    	4.50318    	4.1748     	2.56469    	3.53354    	3.58414    	3.39474    	2.43507    	2.7366     	4.9518     	4.57125    	2.60071    	3.13687    	5.09759    	4.61754    	2.5569     	2.73618    	4.20246    	3.86341    	2.73468    	2.79798    	6.90005    	6.15451    	2.70782    	3.27753    	5.07837    	4.6164     	2.37334    	2.63437    	7.03875    	6.29309    	2.96545    	2.61233    	5.20927    	4.7055     	3.27033    	2.6959     	6.62048    	5.65634    	3.0448     	2.46922    	5.02432    	4.39046    	2.64613    	3.72792    	3.80635    	3.42836    	2.40224    	2.61134    	4.24528    	3.87666    	2.63082    	2.61054    	3.97056    	3.70646    	2.31301	2.56632	2.35377	2.38564	2.41306	2.28491	2.60487	2.36273	2.31846	2.23346	2.43085	2.15645	2.1076	2.33563	2.19166	-0.000471388	-0.000338049	0.999804   	0.0287618  	0.13905    	0.139972   	0.191334   	0.191278   	1.30595	
2.1e-10    	-0         	-0.000984566	-0.128832  	0.182399   	0.013633   	0.0205131  	0.155894   	0.00389132 	0.013663   	-0.0236783 	-0.0300435 	-0.145706  	0.0135957  	0.0351091  	0.0803137  	0.139607   	0.0130189  	-0.0234094 	-0.0500418 	-0.0685617 	0.0124541  	-0.00206265	-0.00109008	-0.0488351 	0.0129106  	0.0259512  	-0.114642  	0.165102   	0.0134474  	0.0397891  	-0.100233  	-0.0928362 	0.0128888  	-0.0707515 	0.241408   	-0.113405  	0.0129964  	-0.0182786 	0.0349278  	0.00764103 	0.0126564  	-0.0448094 	-0.0313156 	0.0056538  	0.0133537  	0.0632222  	-0.0141116 	0.0631798  	0.0124854  	-0.0147148 	-0.0589606 	0.0135013  	0.0122239  	-0.00357226	-0.114949  	0.126335   	0.0114649  	0.0166335  	0.123314   	-0.156594  	0.0127519  	2.77163    	2.46381    	6.90739    	2.27826    	2.68138    	3.01557    	6.66366    	1.89096    	3.20345    	3.15963    	6.0434     	2.27483    	2.9574     	2.363      	5.80841    	1.70113    	2.3434     	2.67464    	5.31332    	1.49485    	3.13686    	2.75588    	5.82361    	2.1918     	2.63426    	3.446      	5.79057    	2.21966    	2.69394    	3.24538    	5.27792    	1.87133    	3.05094    	2.99306    	4.46895    	1.70162    	2.9252     	2.48013    	5.51157    	1.72004    	2.4243     	3.06703    	6.57931    	1.85699    	2.31572    	2.67505    	5.65061    	1.72622    	2.51469    	2.48714    	5.33466    	1.78464    	2.10878    	2.31757    	4.32044    	1.41871    	2.24269    	2.94126    	5.18933    	1.50249    	2.09475	2.05887	2.06794	2.36142	2.26114	2.151	1.92877	2.13492	2.23816	2.0713	2.31896	2.26405	1.84349	2.10923	2.12277	0.00425366 	0.0245981  	0.0154627  	0.000652882	0.140269   	0.142336   	0.181877   	0.0968182  	1.16307	
