#----------------------------------------------------------------------------------------------------------------------------------------------------------
# Output file for vampire simulation
#   time       : 2025-05-27 22:27:37     process id : 282574
#   hostname   : thor8.psi.ch
#   path       : /scratch/dossan_f/Na2BaMn(PO4)2/vampire_tripleUC_15mat_J2Ja_small_k0.035_Jnn0.11_Bc
#   version    : 6.0.0
#   githash    : 4c9651daecc86c3e6b6df0c8055fcd9e89fd900c
#----------------------------------------------------------------------------------------------------------------------------------------------------------
1e-11      	8          	0.000403949	0.000399027	0.999902   	0.922675   	5.9908e-05 	-0.000469187	0.999971   	0.92291    	-0.000329863	0.000157505	0.999981   	0.923051   	0.000254664	4.81094e-05	0.999873   	0.922703   	-0.000103283	-0.000373254	0.999983   	0.923033   	5.41805e-05	0.000246541	0.999969   	0.922936   	9.77972e-05	-0.000340367	0.99998    	0.923036   	-0.000497988	0.000197068	0.999968   	0.923017   	0.000653699	0.00020532 	0.99977    	0.922642   	-0.000378636	3.14993e-05	0.999985   	0.923025   	0.000248134	0.00033273 	0.999941   	0.922808   	0.000264161	-0.000264096	0.999946   	0.922815   	-0.000463819	0.000316029	0.999967   	0.92293    	0.000566922	-0.000239396	0.999882   	0.92268    	3.65556e-05	-0.000191552	0.999989   	0.922991   	0.615653   	0.393512   	63.0393    	62.0641    	0.389099   	0.57548    	47.8751    	47.3035    	0.73619    	0.447616   	37.6203    	37.1589    	0.629854   	0.498374   	61.4753    	59.7716    	0.634789   	0.510516   	37.5297    	37.1463    	0.35681    	0.707939   	48.7609    	48.1476    	0.417471   	0.675434   	41.8936    	41.4486    	0.926282   	0.615193   	40.979     	40.1354    	0.752961   	0.3821     	68.011     	65.4997    	0.701293   	0.353093   	36.6883    	36.3413    	0.493016   	0.606825   	56.3575    	55.4626    	0.418962   	0.596447   	54.3398    	53.4198    	0.503718   	0.850299   	45.291     	44.5121    	0.475691   	0.451563   	63.2487    	62.1375    	0.388454   	0.568087   	40.7592    	40.5709    	8110.63	5214.63	3328.22	7812.35	3302.59	5400.1	4076.75	3897.33	9016.15	3149.03	6852.87	6461.7	4697.26	8135.86	3856.37	3.44108e-06	4.69898e-06	1          	0.922872   	0.109897   	0.109019   	735.469    	735.468    	80612.5	
1.5e-11    	7.8        	0.000110768	4.06156e-05	0.999994   	0.919319   	-3.30718e-05	3.39977e-05	0.999995   	0.919336   	-0.00012118	-2.27981e-05	0.999995   	0.919354   	0.00010549 	-5.01773e-05	0.999995   	0.91937    	3.37665e-05	-1.63182e-05	0.999995   	0.919359   	-6.80196e-05	3.66132e-05	0.999995   	0.919294   	-0.000106515	-3.40014e-05	0.999995   	0.919392   	0.000211305	-5.67586e-05	0.999995   	0.919336   	-8.53376e-05	5.79783e-05	0.999995   	0.919347   	7.51788e-05	-2.18403e-05	0.999995   	0.919318   	-0.000248776	9.56513e-05	0.999995   	0.919366   	0.000159035	-7.45792e-05	0.999995   	0.919351   	-0.00011254	-0.000128737	0.999995   	0.919355   	-0.000140321	0.000191392	0.999995   	0.919326   	0.000214625	8.0264e-06 	0.999995   	0.919345   	0.428653   	0.461305   	0.0259365  	0.0259476  	0.393918   	0.425357   	0.0273464  	0.0273619  	0.393514   	0.403686   	0.0261339  	0.0261388  	0.408001   	0.378743   	0.0282797  	0.0282614  	0.40159    	0.361364   	0.0255605  	0.0255547  	0.427558   	0.397583   	0.0245926  	0.0245972  	0.396667   	0.407772   	0.0283086  	0.0283016  	0.414185   	0.401934   	0.0244397  	0.0244441  	0.403372   	0.409832   	0.0254938  	0.025496   	0.4223     	0.396633   	0.0253407  	0.0253382  	0.409361   	0.402526   	0.0252487  	0.0252323  	0.399726   	0.382134   	0.0278363  	0.0278344  	0.389645   	0.41389    	0.0255215  	0.0255105  	0.419139   	0.401222   	0.0263748  	0.0263711  	0.418069   	0.41233    	0.0246527  	0.0246225  	4.62125	4.90516	4.61254	4.92906	4.6482	4.47605	5.28221	4.32472	4.74006	4.69028	4.72083	5.03256	4.74617	4.76337	4.55388	-3.84033e-07	3.94661e-06	1          	0.91934    	0.114307   	0.115992   	0.0372121  	0.0372126  	1.86898	
2e-11      	7.6        	-5.21433e-06	-4.70213e-05	0.999995   	0.91402    	-0.000123192	0.000238437	0.999994   	0.914034   	6.993e-05  	-0.000243031	0.999995   	0.914004   	0.000138148	-0.000159741	0.999994   	0.914003   	9.31444e-06	0.000134256	0.999995   	0.914001   	-0.000158672	-5.83176e-05	0.999995   	0.913998   	-0.000206671	0.000215446	0.999995   	0.914004   	0.00021153 	-5.26257e-06	0.999994   	0.914043   	7.79619e-05	-0.000164474	0.999994   	0.914032   	0.000141294	-0.000293333	0.999994   	0.914061   	-8.37758e-05	-0.000154064	0.999994   	0.914027   	-0.000111868	0.000380746	0.999994   	0.913998   	0.000100674	-1.42323e-05	0.999994   	0.91403    	7.6314e-05 	1.18559e-05	0.999994   	0.913996   	-0.000166355	8.55803e-05	0.999995   	0.914006   	0.396984   	0.442041   	0.0301667  	0.0301773  	0.426909   	0.450036   	0.0315882  	0.0315856  	0.409306   	0.443769   	0.029852   	0.0298672  	0.465644   	0.464904   	0.029148   	0.029161   	0.407027   	0.432413   	0.0286065  	0.0286024  	0.425952   	0.421303   	0.0317476  	0.0317625  	0.395723   	0.429769   	0.028338   	0.0283426  	0.448252   	0.459464   	0.0287604  	0.0287678  	0.443142   	0.430772   	0.029422   	0.0294122  	0.48984    	0.47201    	0.0278307  	0.0277901  	0.460359   	0.422083   	0.0267243  	0.0266884  	0.407667   	0.478755   	0.0292329  	0.0292257  	0.455638   	0.425563   	0.0282036  	0.0282368  	0.446749   	0.442471   	0.0264008  	0.026401   	0.413286   	0.390447   	0.0292641  	0.0292618  	5.3482	5.55284	5.27538	5.15294	4.99601	5.35184	4.69462	4.88538	4.93629	4.73408	4.69957	4.85186	4.89771	4.40526	4.90592	-2.04151e-06	-4.87065e-06	1          	0.914012   	0.117936   	0.111779   	0.0426933  	0.0426938  	1.8492	
2.5e-11    	7.4        	-8.28132e-05	6.65414e-05	0.999994   	0.908034   	-2.16348e-05	-8.52454e-05	0.999994   	0.90806    	5.65435e-05	0.000131165	0.999994   	0.90798    	0.000162697	0.000125144	0.999994   	0.908005   	-5.52611e-05	-8.52892e-05	0.999994   	0.908004   	-7.67068e-05	6.9052e-06 	0.999994   	0.908029   	0.000199717	3.35373e-05	0.999994   	0.908083   	-0.000188152	0.000127645	0.999994   	0.908067   	-3.27408e-05	-0.000186377	0.999994   	0.908028   	-0.000118844	3.3935e-05 	0.999994   	0.908033   	0.00010946 	-0.00022376	0.999993   	0.908037   	7.27403e-05	0.000111641	0.999993   	0.908072   	-0.000268887	7.66795e-05	0.999994   	0.908026   	4.68714e-05	8.37494e-05	0.999994   	0.908053   	0.000130865	-0.000110303	0.999994   	0.908048   	0.483774   	0.471177   	0.0335739  	0.0335267  	0.474191   	0.448535   	0.0344558  	0.0344836  	0.441898   	0.482115   	0.0351664  	0.0351231  	0.48698    	0.465427   	0.0356835  	0.0356874  	0.43419    	0.499544   	0.0332749  	0.0332726  	0.454773   	0.518067   	0.0339665  	0.0339947  	0.450671   	0.484465   	0.0336041  	0.0335743  	0.471353   	0.516783   	0.0312485  	0.031259   	0.46012    	0.501863   	0.0319582  	0.0319644  	0.466655   	0.515746   	0.0357899  	0.035744   	0.481692   	0.542538   	0.0379449  	0.0379424  	0.523503   	0.518126   	0.0335454  	0.0335676  	0.478426   	0.456291   	0.0337166  	0.0337186  	0.470372   	0.490716   	0.0341465  	0.0341629  	0.496955   	0.462159   	0.0336637  	0.0336624  	5.29377	5.67564	5.60243	5.66984	5.3938	5.37726	5.06844	4.99383	4.8404	5.7094	5.99311	5.38887	5.18416	5.14721	5.29854	-4.41656e-06	7.08963e-06	1          	0.908032   	0.118249   	0.122261   	0.0525548  	0.0525553  	1.93976	
3e-11      	7.2        	-0.000287669	0.000175171	0.999993   	0.90125    	0.000209931	-0.000155168	0.999993   	0.901238   	8.07022e-05	8.95754e-06	0.999993   	0.901216   	0.000253636	-0.000114799	0.999993   	0.90127    	2.13782e-05	7.05972e-06	0.999993   	0.901262   	-0.000205114	9.40539e-05	0.999994   	0.901244   	-0.000197264	-0.00019367	0.999993   	0.901226   	-0.000150294	-7.37551e-05	0.999993   	0.901246   	0.000342555	0.000235405	0.999993   	0.9012     	6.93266e-05	-0.000311065	0.999993   	0.901276   	1.66036e-05	8.01825e-05	0.999993   	0.90129    	-3.26629e-05	0.000250673	0.999993   	0.901242   	0.00044101 	2.01122e-05	0.999993   	0.901241   	-0.000397648	-1.65232e-05	0.999993   	0.901235   	-4.6684e-05	2.52161e-05	0.999993   	0.901253   	0.475418   	0.524351   	0.0371562  	0.0371547  	0.540276   	0.55525    	0.0359088  	0.0359109  	0.550739   	0.527258   	0.0396263  	0.0396695  	0.530507   	0.515645   	0.0406529  	0.0406441  	0.510538   	0.596569   	0.0400654  	0.0400729  	0.481229   	0.510581   	0.0387222  	0.038714   	0.565603   	0.577428   	0.0389814  	0.0389837  	0.555134   	0.523256   	0.0391353  	0.0391226  	0.506551   	0.55587    	0.0424036  	0.0424009  	0.548351   	0.465635   	0.037442   	0.0374127  	0.587554   	0.532972   	0.042884   	0.0428891  	0.507175   	0.498664   	0.0365717  	0.0365933  	0.567954   	0.540603   	0.0400683  	0.0400757  	0.581177   	0.54326    	0.0393726  	0.0393659  	0.488604   	0.51542    	0.0409968  	0.0410365  	5.43411	5.47641	5.73253	5.71469	5.58074	5.57865	5.91778	5.79607	6.03822	5.61966	6.35911	5.53291	6.06101	5.77951	5.62691	7.8659e-06 	2.12497e-06	1          	0.90124    	0.120005   	0.122671   	0.0599178  	0.0599166  	1.87499	
3.5e-11    	7          	-0.00039379	-1.84475e-05	0.999992   	0.893595   	0.000284953	-0.000143441	0.999992   	0.893594   	0.000141663	0.00018033 	0.999992   	0.893637   	5.79121e-05	-0.000145923	0.999992   	0.893602   	4.84324e-05	4.98481e-05	0.999992   	0.893571   	-0.00024369	3.03932e-05	0.999992   	0.893541   	-0.000147663	5.65658e-05	0.999992   	0.893558   	-2.4519e-05	5.3431e-05 	0.999992   	0.893564   	0.000134826	-0.000112876	0.999992   	0.893642   	-5.76364e-05	-0.00026209	0.999991   	0.893571   	-0.000151058	-0.000131232	0.999992   	0.89359    	0.000162459	0.000450704	0.999992   	0.893616   	3.546e-05  	3.71026e-05	0.999992   	0.893576   	-6.05088e-05	-0.000317645	0.999992   	0.893595   	-2.16842e-06	0.000236828	0.999993   	0.893567   	0.577011   	0.580576   	0.0430328  	0.0429972  	0.672882   	0.538309   	0.0420973  	0.0420566  	0.58032    	0.621735   	0.0461979  	0.0462147  	0.583473   	0.680827   	0.0488925  	0.048931   	0.529617   	0.65586    	0.0459131  	0.0458901  	0.614934   	0.628815   	0.0463025  	0.0462799  	0.6192     	0.583161   	0.0424579  	0.0423893  	0.576946   	0.614493   	0.044006   	0.0439028  	0.619146   	0.585865   	0.0473301  	0.0473995  	0.627527   	0.671703   	0.0460806  	0.0460702  	0.57077    	0.61678    	0.0424705  	0.0424481  	0.599129   	0.622343   	0.0440133  	0.0439688  	0.557623   	0.624403   	0.0433098  	0.0433316  	0.560173   	0.597298   	0.0427017  	0.0426578  	0.53104    	0.561146   	0.0489804  	0.0489457  	6.11521	5.82002	6.05886	6.65595	6.46056	6.55684	6.0086	6.0247	6.30402	6.24401	5.88714	6.00473	5.91271	6.01006	6.28089	-1.43354e-05	-2.42882e-06	1          	0.893581   	0.120674   	0.130325   	0.0696902  	0.0696907  	1.83387	
4e-11      	6.8        	0.000210357	-1.42701e-05	0.999991   	0.884839   	-0.000202707	-8.9741e-05	0.99999    	0.884838   	-7.55402e-05	9.47383e-05	0.999991   	0.884898   	5.91394e-05	-6.09782e-05	0.999991   	0.884844   	0.000188384	-0.000106976	0.999991   	0.88484    	-0.000202544	9.57704e-05	0.999991   	0.884862   	0.000182212	0.000265246	0.999991   	0.884869   	1.62344e-05	9.89892e-05	0.99999    	0.884837   	-0.000145356	-0.000292261	0.99999    	0.884862   	0.000106149	-0.000396486	0.999991   	0.884886   	-1.7163e-05	7.38708e-05	0.99999    	0.884834   	-4.95401e-05	0.000270618	0.99999    	0.884838   	8.59896e-05	-9.71072e-05	0.999991   	0.884799   	-6.94627e-05	-7.54232e-06	0.999991   	0.884915   	3.31692e-05	0.000186399	0.999991   	0.884875   	0.683463   	0.692336   	0.0544567  	0.0545209  	0.721342   	0.768045   	0.0538957  	0.0538976  	0.61549    	0.748218   	0.0538264  	0.0538421  	0.614031   	0.707196   	0.051304   	0.0512805  	0.702928   	0.638579   	0.056767   	0.056727   	0.703477   	0.596737   	0.0512481  	0.0512505  	0.606225   	0.655315   	0.0553462  	0.0553697  	0.807596   	0.703165   	0.0581201  	0.0580833  	0.706587   	0.756323   	0.0537433  	0.0537495  	0.614679   	0.758365   	0.0506096  	0.0505881  	0.789775   	0.660903   	0.0549823  	0.0549999  	0.785029   	0.749566   	0.0542303  	0.0541905  	0.636977   	0.678952   	0.0516641  	0.0516116  	0.650104   	0.722772   	0.0542434  	0.0543499  	0.600745   	0.706755   	0.0527469  	0.0528014  	6.58121	6.74007	6.84219	6.61617	7.1052	6.27298	7.1932	6.94642	7.13628	6.67448	6.76705	6.47508	6.43971	6.56043	6.61461	7.96636e-06	1.39466e-06	1          	0.884847   	0.131654   	0.134756   	0.0886336  	0.0886344  	1.91818	
4.5e-11    	6.6        	-8.28797e-05	-0.000234748	0.99999    	0.87491    	-0.000136955	0.000241745	0.999989   	0.874921   	0.000159886	8.1955e-05 	0.999989   	0.874884   	0.000111159	-0.000314264	0.99999    	0.874861   	-0.000164047	9.70837e-05	0.999991   	0.874868   	-2.09223e-06	0.000206611	0.99999    	0.874916   	2.95439e-05	0.000316246	0.99999    	0.874893   	-0.000223568	-0.000456465	0.99999    	0.87488    	0.000284107	0.000170149	0.99999    	0.874883   	-0.000227324	0.000117288	0.999988   	0.87486    	-0.000171248	-0.000104357	0.99999    	0.874852   	0.000298186	-4.46055e-05	0.999989   	0.87494    	-0.000351418	-7.82335e-05	0.999989   	0.874906   	2.11237e-05	-0.000292633	0.999989   	0.874986   	0.000342002	0.000380544	0.99999    	0.874846   	0.648079   	0.813836   	0.0646059  	0.064494   	0.712694   	0.807114   	0.0586645  	0.0586411  	0.78772    	0.838995   	0.0660245  	0.0659354  	0.767677   	0.690671   	0.0659181  	0.0659749  	0.661652   	0.693602   	0.0631648  	0.063188   	0.722906   	0.679851   	0.0661159  	0.0661228  	0.728707   	0.735926   	0.0633772  	0.0633694  	0.695234   	0.719849   	0.0624082  	0.0623864  	0.810455   	0.612075   	0.0628553  	0.0628265  	0.83898    	0.869922   	0.0613083  	0.0613258  	0.831209   	0.675884   	0.0645141  	0.0645354  	0.832686   	0.686311   	0.0574341  	0.0574616  	0.753418   	0.787783   	0.0622301  	0.0621798  	0.75543    	0.784019   	0.0658333  	0.0658564  	0.804558   	0.676011   	0.0721386  	0.0721924  	7.32287	6.71876	7.73395	7.64101	6.96473	7.37573	7.12483	7.41978	7.24713	7.55988	7.12618	7.01044	7.59358	7.78532	7.96899	-7.54363e-06	5.74456e-06	1          	0.874885   	0.129994   	0.127047   	0.104111   	0.10411    	1.94747	
5e-11      	6.4        	0.000481409	-0.000285199	0.999988   	0.863603   	-6.32956e-06	-0.000194679	0.999989   	0.863547   	-0.000372381	0.000448167	0.999989   	0.863641   	9.51417e-05	-8.20551e-05	0.999989   	0.863481   	-0.000145781	1.97607e-05	0.999988   	0.863571   	3.9458e-05 	5.78347e-05	0.999987   	0.86358    	-0.00061621	-0.000112549	0.999989   	0.86354    	0.0005096  	-0.000297716	0.999987   	0.863572   	6.0474e-05 	0.000456308	0.999987   	0.863528   	-0.000263725	0.000203413	0.999988   	0.863578   	0.000353605	-4.96657e-05	0.999988   	0.863526   	-9.18074e-05	-7.11994e-05	0.999987   	0.86358    	2.72085e-05	0.000372171	0.999987   	0.863539   	-8.12446e-05	0.000105551	0.999988   	0.86364    	0.000112125	-0.000292805	0.999987   	0.86353    	0.864902   	0.810592   	0.0702508  	0.0702783  	0.793265   	0.803456   	0.0752371  	0.0751517  	0.845636   	0.752401   	0.0726908  	0.0727485  	0.864627   	0.659094   	0.0778206  	0.0777871  	0.878091   	0.862775   	0.0754915  	0.0756189  	0.913717   	0.881221   	0.0770403  	0.0770359  	0.751679   	0.82812    	0.0759496  	0.0759559  	0.870467   	0.921748   	0.0739694  	0.0740204  	0.890391   	0.943752   	0.0737803  	0.0737409  	0.78964    	0.848571   	0.0773925  	0.0773272  	0.948246   	0.803517   	0.0734519  	0.0734306  	0.919902   	0.886558   	0.0718212  	0.071787   	0.860603   	1.0205     	0.07193    	0.0718495  	0.833686   	0.914918   	0.075417   	0.0754603  	0.842692   	0.91914    	0.0740919  	0.0740702  	7.41122	7.78021	8.06272	8.12248	7.87855	8.27637	8.20809	8.19468	7.81558	7.99549	8.23725	7.73747	8.06217	7.94343	7.65526	6.7434e-06 	1.84901e-05	1          	0.863553   	0.129172   	0.139769   	0.121851   	0.12185    	1.76284	
5.5e-11    	6.2        	-6.92842e-05	0.000203299	0.999985   	0.850738   	-0.000591886	0.000369312	0.999984   	0.850673   	0.000614403	-0.000542075	0.999984   	0.850688   	-0.000275338	3.23397e-05	0.999985   	0.850664   	-0.000243071	0.00034077 	0.999985   	0.850687   	0.000508871	-0.000300102	0.999985   	0.850622   	-0.000485495	4.82628e-05	0.999986   	0.850632   	0.00045059 	-3.63741e-05	0.999985   	0.850623   	0.000114413	-2.23054e-05	0.999986   	0.850705   	-0.000144415	0.00014823 	0.999986   	0.85064    	3.76689e-05	9.9959e-05 	0.999985   	0.850629   	3.62746e-05	-0.000239647	0.999986   	0.850646   	-0.000415272	-0.000380109	0.999985   	0.850566   	0.000646482	0.000243766	0.999985   	0.850643   	-0.000270736	7.49948e-05	0.999985   	0.850598   	1.11448    	0.936187   	0.0880105  	0.0879978  	1.12598    	1.0903     	0.0909678  	0.0910386  	1.09461    	1.02296    	0.082766   	0.0827717  	1.05777    	1.02114    	0.0903894  	0.0903032  	0.988595   	1.03141    	0.096162   	0.0961352  	1.0683     	1.01382    	0.0841162  	0.0840215  	0.964347   	0.903198   	0.0870451  	0.0871331  	0.918261   	1.07657    	0.0866834  	0.0867757  	1.00694    	0.943096   	0.0862524  	0.0862695  	0.901392   	1.02057    	0.0850345  	0.0849519  	1.02249    	0.99676    	0.095121   	0.0951169  	0.966324   	1.01609    	0.0869579  	0.0871772  	1.0428     	0.98182    	0.0890448  	0.0890568  	0.945531   	1.0215     	0.0839707  	0.0840202  	0.949695   	1.04208    	0.0922673  	0.0922122  	8.61257	9.04739	8.32455	8.62527	9.54722	8.31574	7.96406	8.42376	8.22377	8.21904	9.45154	8.3306	8.95972	8.50517	8.63425	-5.77935e-06	2.75182e-06	1          	0.850638   	0.132568   	0.134528   	0.14756    	0.147561   	1.7117	
6e-11      	6          	-0.000291458	5.16591e-05	0.999981   	0.83603    	0.00037227 	9.01579e-05	0.999981   	0.835989   	1.14551e-05	-0.00029168	0.999983   	0.83594    	0.00013351 	-0.000167139	0.999981   	0.835975   	-9.49815e-05	0.000458091	0.999981   	0.835955   	-0.000114586	-0.000256053	0.99998    	0.836019   	-0.000693141	-0.000482684	0.999981   	0.836036   	0.000629119	0.000557171	0.999982   	0.835999   	7.3178e-05 	-8.18777e-05	0.999982   	0.835879   	9.82939e-05	-7.26866e-05	0.999982   	0.835972   	-0.000110349	9.79764e-05	0.999983   	0.835946   	-6.07462e-05	-7.92129e-05	0.999981   	0.836      	-0.000175074	0.000762465	0.99998    	0.836045   	0.000148567	-0.000449002	0.999981   	0.835921   	0.000119699	-0.000226913	0.999978   	0.835951   	1.3145     	1.18351    	0.103479   	0.103564   	1.21691    	1.34506    	0.101131   	0.101032   	1.21526    	1.08192    	0.10157    	0.101764   	1.16587    	1.28304    	0.111813   	0.111643   	1.13987    	1.36251    	0.114066   	0.114315   	1.22182    	1.37948    	0.10514    	0.105191   	1.20621    	1.27214    	0.114133   	0.114143   	1.01235    	1.26426    	0.1106     	0.1106     	1.13592    	1.2438     	0.109265   	0.109461   	1.27924    	1.15052    	0.108204   	0.108181   	1.22627    	1.07583    	0.106364   	0.106467   	1.34265    	1.11163    	0.0955556  	0.095589   	1.26345    	1.38087    	0.115077   	0.114945   	1.2754     	1.28161    	0.102121   	0.102063   	1.41494    	1.53987    	0.104768   	0.105066   	9.4061	9.04123	9.52736	10.3777	10.5851	9.64685	10.3484	10.174	9.99271	9.89636	9.80149	8.79251	10.259	9.35755	9.55586	3.06584e-06	-5.98558e-06	1          	0.835961   	0.134873   	0.144189   	0.17984    	0.179838   	1.74202	
6.5e-11    	5.8        	-0.000644874	0.000480563	0.999974   	0.819515   	0.000307893	-0.000178466	0.999978   	0.819482   	0.000263269	-0.000359529	0.999976   	0.819179   	0.00101466 	0.00014134 	0.999977   	0.819395   	-0.000520652	-0.000472853	0.999974   	0.819389   	-0.000439672	0.000324991	0.999978   	0.819353   	0.000260726	-0.000227776	0.99998    	0.819356   	-0.000874436	-0.000116352	0.999978   	0.819281   	0.000707396	0.000408492	0.999976   	0.819398   	-0.00056037	0.000463355	0.999975   	0.819283   	-8.78773e-05	-6.16461e-05	0.999977   	0.81939    	0.000677975	-0.00029752	0.999977   	0.819533   	-0.000439384	0.000662991	0.999977   	0.819489   	-3.13636e-05	0.000374025	0.999976   	0.819427   	0.000515386	-0.00094899	0.999978   	0.819383   	1.50445    	1.74386    	0.135414   	0.135109   	1.10273    	1.69896    	0.136686   	0.136596   	1.41328    	1.68846    	0.128254   	0.128223   	1.48779    	1.36548    	0.125995   	0.12611    	1.71251    	1.5697     	0.130844   	0.130567   	1.3568     	1.4009     	0.129117   	0.129243   	1.22116    	1.37069    	0.144628   	0.144619   	1.38962    	1.36121    	0.128779   	0.128774   	1.66727    	1.32089    	0.131735   	0.131779   	1.68436    	1.52752    	0.119341   	0.119364   	1.60349    	1.37107    	0.134079   	0.134423   	1.42494    	1.50224    	0.132845   	0.132589   	1.44119    	1.41054    	0.127193   	0.127557   	1.58828    	1.40067    	0.124438   	0.124438   	1.40051    	1.33671    	0.139143   	0.138926   	11.2411	11.7628	10.7911	10.9041	11.0434	10.8075	12.572	10.9866	11.0946	10.2049	10.7762	11.2188	10.7407	10.3944	11.21	1.00174e-05	1.30274e-05	1          	0.819371   	0.139949   	0.139467   	0.208719   	0.20872    	1.53834	
7e-11      	5.6        	-9.89577e-05	0.000380697	0.999968   	0.800757   	0.00026655 	0.000435663	0.999973   	0.8007     	-2.67531e-05	-0.000878203	0.999971   	0.800937   	-0.000578424	-0.00103793	0.999966   	0.800917   	-3.25463e-05	0.000121423	0.999967   	0.800688   	0.00061393 	0.00103144 	0.999967   	0.800834   	0.000423675	-6.29442e-05	0.999971   	0.80085    	-6.39424e-05	0.000389596	0.999975   	0.800729   	-0.000238035	-0.000360788	0.999969   	0.800739   	-0.000702296	8.89991e-05	0.999969   	0.80075    	-0.000132824	-0.000352128	0.999972   	0.800825   	0.000670045	0.000219783	0.999972   	0.800865   	-0.000549163	-0.000498197	0.99997    	0.800836   	-7.99444e-05	-0.000317583	0.999974   	0.80079    	0.000585442	0.00085956 	0.999973   	0.80075    	1.44616    	2.49397    	0.164946   	0.165038   	1.60478    	1.72154    	0.161297   	0.161572   	1.69299    	1.82602    	0.151091   	0.150681   	2.02116    	2.06213    	0.167688   	0.167943   	1.90366    	2.05902    	0.187559   	0.187634   	1.75018    	2.1443     	0.155639   	0.155529   	1.40658    	2.06359    	0.16378    	0.163542   	1.58855    	1.50215    	0.160888   	0.160809   	1.44962    	2.25397    	0.158516   	0.158609   	1.78502    	1.93738    	0.16785    	0.167979   	1.53509    	1.87371    	0.149075   	0.148817   	1.62485    	1.71681    	0.168296   	0.167881   	1.37545    	2.24458    	0.162128   	0.16233    	1.46834    	1.73555    	0.157377   	0.15734    	1.38784    	1.81286    	0.159755   	0.160277   	12.8501	12.9849	12.1316	13.4124	14.84	12.5809	12.7633	13.1188	11.5477	12.2921	12.3693	12.5021	11.9764	12.302	12.2324	3.99021e-06	1.26209e-06	1          	0.800774   	0.137765   	0.141297   	0.250599   	0.2506     	1.45841	
7.5e-11    	5.4        	-0.000440565	-0.000907016	0.999956   	0.780249   	2.27611e-05	0.000652221	0.99996    	0.779961   	0.000465067	0.000292746	0.999959   	0.780044   	-0.00130481	0.000629118	0.999959   	0.780222   	0.000366123	-0.000430052	0.999964   	0.780007   	0.00102022 	-0.000315799	0.99996    	0.780066   	0.00113318 	-0.000234773	0.999967   	0.780061   	-0.000236037	0.000154395	0.999968   	0.78017    	-0.000845603	3.65511e-05	0.999964   	0.78008    	-0.000367776	0.00119282 	0.999957   	0.78017    	0.000248017	-0.00050077	0.999962   	0.78006    	0.000268668	-0.000684895	0.999964   	0.780023   	-0.00128047	0.000819204	0.999962   	0.779938   	-6.22054e-05	-0.000596892	0.99996    	0.780304   	0.00133069 	-0.00013006	0.999963   	0.78008    	2.60203    	2.40603    	0.192123   	0.19235    	2.37448    	2.26498    	0.182069   	0.182088   	2.38768    	2.34147    	0.191745   	0.192436   	2.65929    	1.97066    	0.194214   	0.194269   	1.98056    	2.14468    	0.194153   	0.194334   	2.21725    	2.34181    	0.211401   	0.211675   	1.83227    	1.89608    	0.196241   	0.195684   	1.9292     	1.7524     	0.206069   	0.205906   	2.25224    	1.84817    	0.198438   	0.198492   	2.42586    	2.41858    	0.199522   	0.199587   	2.07517    	2.29282    	0.198431   	0.198062   	2.03562    	2.13366    	0.195789   	0.195399   	2.44676    	1.84024    	0.192542   	0.192753   	2.25108    	2.30291    	0.199521   	0.19984    	2.11566    	2.08833    	0.201887   	0.201559   	14.2346	12.7233	13.4884	14.6537	14.0786	14.7576	13.9082	14.6517	14.8543	14.3172	14.498	14.1834	14.2672	14.258	14.1491	2.10123e-05	-1.67129e-06	1          	0.780066   	0.136955   	0.146236   	0.279312   	0.279312   	1.36911	
8e-11      	5.2        	0.00166042 	-0.000680755	0.999948   	0.75745    	0.000493173	-0.00018903	0.999949   	0.757279   	-0.00206052	0.00078564 	0.99995    	0.757519   	0.000982895	-0.00282031	0.999937   	0.757259   	-0.00127871	0.000380176	0.999953   	0.75751    	0.000238344	0.00253737 	0.99995    	0.757347   	-0.000713751	0.000539758	0.999942   	0.757499   	-2.4081e-05	0.000590311	0.999945   	0.757392   	0.000670663	-0.00115961	0.999949   	0.757322   	0.00038476 	-9.82199e-05	0.999937   	0.757335   	0.00103003 	6.28617e-05	0.99995    	0.757481   	-0.00142893	3.64275e-05	0.99994    	0.757359   	0.000606739	0.000361989	0.999952   	0.75736    	0.00041932 	0.000979997	0.999948   	0.757522   	-0.00101609	-0.00131983	0.99995    	0.757385   	3.12953    	2.3635     	0.279539   	0.280255   	3.0675     	2.41411    	0.287826   	0.286453   	2.75847    	2.4521     	0.247536   	0.248149   	3.31648    	3.01712    	0.243553   	0.242571   	2.72909    	2.28743    	0.282623   	0.282904   	2.1733     	2.90029    	0.264254   	0.264672   	3.39364    	2.86862    	0.241842   	0.241526   	3.25482    	2.67902    	0.26732    	0.266938   	2.65996    	2.77919    	0.262016   	0.262257   	3.1246     	3.67111    	0.293306   	0.293349   	2.63557    	2.71636    	0.25132    	0.251555   	2.55243    	3.89096    	0.25603    	0.256766   	2.53326    	2.62208    	0.272136   	0.272779   	2.69711    	2.88279    	0.245904   	0.246678   	2.97485    	2.35732    	0.237518   	0.238262   	18.8835	18.576	17.1054	15.5191	18.8517	18.6834	16.4051	17.8089	17.3059	19.1083	17.174	17.3779	18.5052	16.9318	16.0462	-2.52651e-06	4.21577e-07	1          	0.757361   	0.135133   	0.143155   	0.300508   	0.300504   	1.27074	
8.5e-11    	5          	-0.000160103	0.000204483	0.999929   	0.732862   	0.00061171 	-0.00194969	0.99994    	0.73273    	-0.000497993	0.00189329 	0.999925   	0.732704   	-0.00095146	-0.00140597	0.999933   	0.732563   	0.00102341 	-0.000201836	0.999938   	0.732672   	3.63415e-05	0.00162945 	0.999926   	0.732954   	0.00108512 	-0.000222801	0.999931   	0.732718   	0.00120928 	0.00150018 	0.999932   	0.732764   	-0.00236362	-0.00123785	0.999936   	0.732705   	0.00123574 	-0.000994965	0.999926   	0.732585   	-0.00103913	0.00204001 	0.999925   	0.732652   	-0.000159544	-0.00104264	0.999933   	0.732748   	-0.000514771	0.00178932 	0.999937   	0.732753   	-0.00173695	0.000879208	0.999938   	0.732644   	0.0022967  	-0.00273307	0.999928   	0.732594   	3.46214    	3.76025    	0.319073   	0.319419   	3.08306    	2.78287    	0.312952   	0.313244   	3.48681    	3.98418    	0.2844     	0.283922   	3.62003    	3.04935    	0.278828   	0.279046   	3.30103    	2.91983    	0.301407   	0.300424   	3.71637    	3.73362    	0.304245   	0.303995   	3.35505    	3.57106    	0.328579   	0.330112   	3.75872    	2.96627    	0.315862   	0.315972   	3.26866    	2.92451    	0.327764   	0.326848   	3.35952    	4.02087    	0.333676   	0.333963   	3.49372    	3.91742    	0.302204   	0.302996   	3.23551    	3.54139    	0.312514   	0.31158    	3.27934    	2.92012    	0.28586    	0.28643    	2.94913    	3.19248    	0.321497   	0.321639   	3.28133    	3.37296    	0.320446   	0.320667   	19.0571	19.1914	17.6699	17.2068	18.4766	18.9362	19.7235	19.6277	20.5281	21.0037	17.893	19.7277	18.4012	19.6534	19.0524	5.20379e-06	1.05012e-05	1          	0.73266    	0.142569   	0.138817   	0.343758   	0.343755   	1.258	
9e-11      	4.8        	0.00166446 	0.00218908 	0.999912   	0.706109   	-0.00192833	-0.000443229	0.999929   	0.705922   	0.000349554	-0.00153375	0.999922   	0.706525   	0.0027724  	0.00188184 	0.999884   	0.706089   	-0.000232218	-0.00155907	0.999877   	0.706146   	-0.00253082	-0.000319004	0.999895   	0.706466   	0.0042581  	-0.000437631	0.999877   	0.706252   	-0.00389363	-0.00130442	0.999868   	0.706133   	-0.000357274	0.00170487 	0.99989    	0.706294   	-0.000106053	0.00138797 	0.999879   	0.706069   	-0.00255957	-0.00135721	0.999882   	0.706208   	0.00277324 	-0.000162024	0.999889   	0.706495   	0.00147677 	0.00301222 	0.999874   	0.706242   	-0.00142307	-0.001408  	0.999893   	0.705976   	-5.89864e-05	-0.00165975	0.999891   	0.706604   	4.16315    	3.84304    	0.371128   	0.372444   	2.68807    	3.86121    	0.451729   	0.451244   	3.6618     	3.64137    	0.361382   	0.360867   	6.19715    	4.22317    	0.403391   	0.404929   	4.87686    	6.60032    	0.399726   	0.396332   	4.7119     	4.89965    	0.41982    	0.420055   	6.33697    	4.47698    	0.367123   	0.368889   	7.64974    	4.04444    	0.359805   	0.36047    	3.82931    	6.39643    	0.395635   	0.393358   	4.80835    	6.53229    	0.414446   	0.410634   	5.46543    	5.29121    	0.429342   	0.428866   	5.47662    	4.67612    	0.419221   	0.420721   	5.91582    	5.48599    	0.394964   	0.393187   	3.78349    	6.12728    	0.392077   	0.396376   	4.46742    	5.68525    	0.377561   	0.378119   	21.1453	24.2016	19.9246	22.2009	21.4989	24.2741	21.1907	19.4654	21.6613	23.5208	23.9914	23.6415	22.6686	23.3124	21.1905	1.34939e-05	-1.75995e-07	1          	0.706158   	0.145278   	0.142775   	0.366243   	0.366244   	1.36594	
9.5e-11    	4.6        	-0.00235557	0.000422696	0.99985    	0.678253   	0.00314505 	0.00109689 	0.999834   	0.678156   	-0.000690367	-0.00152059	0.999881   	0.678155   	-0.00215351	-0.00190857	0.999855   	0.67825    	-5.66073e-05	-4.73948e-05	0.999886   	0.678113   	0.00233514 	0.00186626 	0.999839   	0.678189   	-0.0025553 	-0.00285003	0.999863   	0.678234   	-0.000421878	0.00451877 	0.999873   	0.67786    	0.00306013 	-0.00160499	0.999864   	0.678437   	0.00435633 	-0.000914293	0.999836   	0.67819    	-0.00289687	0.00184785 	0.999884   	0.677882   	-0.00138083	-0.000904399	0.999841   	0.678507   	-0.000185032	-0.00370599	0.999808   	0.678065   	-0.00265962	0.00455839 	0.999831   	0.678267   	0.00285975 	-0.000872569	0.999835   	0.678177   	6.77026    	6.03505    	0.561293   	0.560286   	8.12736    	5.90219    	0.539389   	0.539709   	5.46505    	4.79378    	0.527663   	0.526382   	6.52696    	5.73352    	0.525984   	0.516255   	6.54452    	3.40999    	0.672381   	0.666701   	7.55569    	6.13456    	0.57583    	0.576985   	5.35631    	5.93801    	0.517342   	0.518314   	4.56882    	5.61936    	0.585047   	0.588217   	4.4214     	6.93638    	0.614515   	0.617897   	7.57381    	5.86955    	0.56131    	0.562886   	5.65502    	3.95283    	0.651018   	0.65092    	8.27295    	5.51623    	0.45896    	0.459279   	8.46518    	7.69852    	0.532933   	0.532827   	7.64175    	5.92609    	0.535385   	0.539005   	8.45409    	5.51378    	0.484443   	0.485225   	28.3794	28.596	26.5808	27.2751	31.6269	29.1089	26.6304	29.6133	31.6472	30.5715	32.2106	24.4128	27.7337	27.0304	25.7629	2.72632e-05	-1.40882e-06	1          	0.678082   	0.138481   	0.14692    	0.379725   	0.379721   	1.74175	
1e-10      	4.4        	0.0034103  	-0.0153517 	0.99966    	0.648337   	-0.00377134	0.0103341  	0.999768   	0.649402   	0.000350549	0.00504051 	0.999751   	0.648725   	-0.00224862	-0.00188984	0.999802   	0.64879    	-0.00452558	0.0144683  	0.999713   	0.648631   	0.0069837  	-0.0126887 	0.999676   	0.649061   	-0.00209439	0.0164565  	0.999645   	0.648137   	0.00308586 	-0.00247064	0.999771   	0.649395   	-0.00108576	-0.0139909 	0.999661   	0.648909   	9.77505e-05	0.00685832 	0.999834   	0.648858   	-0.00304576	-0.0141397 	0.999711   	0.64829    	0.00283195 	0.00729285 	0.999792   	0.649093   	0.0017467  	-0.00740043	0.999768   	0.649275   	-0.00267598	-0.00347381	0.999829   	0.648803   	0.000902603	0.0108197  	0.999771   	0.648367   	7.56978    	9.64958    	0.70811    	0.718029   	7.8119     	5.89941    	0.690375   	0.689361   	7.80603    	11.0213    	0.616117   	0.615304   	7.53887    	7.95472    	0.778394   	0.79405    	7.83317    	5.88243    	0.754445   	0.752842   	9.32422    	8.19734    	0.744172   	0.731412   	8.88052    	8.45307    	0.797365   	0.785181   	7.7019     	10.0363    	0.871765   	0.87767    	5.89286    	13.3294    	0.794252   	0.807201   	5.27591    	6.10582    	0.775992   	0.766958   	7.0516     	7.62618    	0.835304   	0.84378    	7.04402    	7.0992     	0.792806   	0.77913    	8.50569    	7.73125    	0.747984   	0.737276   	6.01887    	6.82693    	0.747359   	0.742335   	6.23967    	7.3385     	0.743151   	0.751257   	29.8362	33.8252	29.0237	35.8151	33.3378	31.9865	34.1641	38.7528	36.8248	33.2857	38.2628	35.8857	34.0602	34.36	35.2894	-1.82955e-06	-1.03293e-05	1          	0.648639   	0.147578   	0.139243   	0.41506    	0.415061   	2.27619	
1.05e-10   	4.2        	0.0159541  	0.0156307  	0.999402   	0.617862   	-0.00537881	-0.0145441 	0.99959    	0.618674   	-0.0106299 	-0.00106885	0.999651   	0.618266   	0.00625026 	-0.00858597	0.99945    	0.61951    	-0.016311  	-0.0134307 	0.999338   	0.61767    	0.00995937 	0.0222515  	0.99936    	0.618155   	-0.019562  	-0.024862  	0.999139   	0.618164   	-0.00453562	0.00681052 	0.999451   	0.619595   	0.0239058  	0.017848   	0.999074   	0.618052   	-0.0219509 	-0.0115053 	0.999225   	0.6185     	0.0202735  	0.0220225  	0.99926    	0.617814   	0.00152616 	-0.0103593 	0.999381   	0.619282   	0.00645855 	0.0125     	0.999572   	0.618703   	0.0102257  	0.00609652 	0.999531   	0.618499   	-0.0167987 	-0.0184643 	0.999311   	0.617931   	12.1637    	13.1043    	1.42554    	1.46176    	8.76663    	12.2563    	1.21472    	1.24052    	16.6818    	4.43349    	1.32654    	1.3006     	21.603     	14.2716    	1.26874    	1.23014    	15.3969    	16.2958    	1.60657    	1.58609    	8.02133    	16.7993    	1.3015     	1.30231    	9.12489    	16.9013    	0.869977   	0.814465   	28.987     	8.62368    	1.12512    	1.17141    	19.0511    	15.751     	0.961812   	0.966465   	25.4216    	8.44099    	1.03962    	0.993278   	6.23901    	14.9076    	0.965149   	0.95526    	28.286     	12.709     	1.03682    	1.02301    	13.2886    	10.5694    	1.21701    	1.214      	19.9178    	8.9168     	1.17625    	1.14993    	10.6607    	16.6699    	1.45668    	1.45835    	52.4827	47.2955	51.9772	52.3297	57.0173	47.6966	35.1073	42.1645	38.7589	40.6783	37.0501	40.6656	47.2047	46.4991	57.4914	-3.8268e-05	2.33966e-05	1          	0.618063   	0.145265   	0.149679   	0.446326   	0.446331   	3.74157	
1.1e-10    	4          	0.00447231 	-0.0573701 	0.997873   	0.584915   	-0.0768292 	0.0282567  	0.996023   	0.588949   	0.0720378  	0.0287248  	0.995632   	0.591497   	-0.0794167 	-0.00935313	0.99571    	0.592868   	0.00782794 	0.0554213  	0.997969   	0.585639   	0.0724424  	-0.0457356 	0.995692   	0.587143   	-0.0638095 	0.0560971  	0.995972   	0.585622   	0.0922865  	-0.00247392	0.994406   	0.59336    	-0.0297986 	-0.0531817 	0.997443   	0.5875     	0.0485098  	0.0462976  	0.997023   	0.588496   	0.042825   	-0.0598275 	0.996885   	0.585576   	-0.0905652 	0.0129588  	0.994656   	0.591904   	0.0851155  	-0.021833  	0.99527    	0.59192    	-0.0586859 	-0.03793   	0.996566   	0.589569   	-0.0268856 	0.060403   	0.997497   	0.584139   	12.3639    	18.0533    	1.83525    	1.84941    	29.9032    	10.5897    	1.96604    	1.83611    	63.0917    	26.6597    	2.19571    	2.11669    	57.206     	15.289     	2.05347    	2.20907    	12.6642    	17.3479    	1.46493    	1.3765     	29.1125    	12.0389    	1.82055    	1.87428    	18.229     	8.25711    	1.75957    	1.55818    	62.2202    	26.2649    	1.50515    	1.90342    	24.7154    	20.7854    	1.6534     	1.60841    	27.5868    	20.1598    	1.26737    	1.41723    	16.9333    	9.2345     	1.5231     	1.42397    	60.7249    	15.5619    	1.34816    	1.46709    	44.6697    	12.1869    	1.65749    	1.46451    	51.4436    	13.9035    	1.57811    	1.88495    	11.4968    	9.00158    	1.95868    	2.1273     	66.581	69.3047	69.2	75.1307	51.7382	60.7709	53.2415	53.9116	64.1439	49.4348	48.885	48.1592	53.1414	59.8753	66.1185	-8.34761e-06	1.64494e-05	1          	0.586428   	0.14334    	0.145362   	0.513431   	0.513434   	15.1429	
1.15e-10   	3.8        	-0.0241896 	-0.141228  	0.988604   	0.563822   	-0.229329  	0.0841583  	0.968894   	0.567466   	0.250004   	0.0560004  	0.965467   	0.575316   	-0.274575  	-0.0193419 	0.960206   	0.57603    	0.0848694  	0.132469   	0.986199   	0.564437   	0.193897   	-0.112283  	0.973738   	0.567746   	-0.145301  	0.137236   	0.978832   	0.565081   	0.282333   	-0.0153438 	0.958033   	0.574688   	-0.140342  	-0.120443  	0.981204   	0.56969    	0.190803   	0.0981953  	0.975572   	0.571464   	0.0814454  	-0.141187  	0.985711   	0.563282   	-0.270994  	0.041037   	0.96081    	0.572332   	0.254755   	-0.0659316 	0.963443   	0.566427   	-0.225481  	-0.0765497 	0.969674   	0.575782   	-0.0254402 	0.143676   	0.98812    	0.565196   	22.8432    	45.6742    	6.39841    	10.5163    	19.4402    	26.5815    	4.34913    	2.54437    	36.7544    	31.8982    	3.7943     	2.35716    	32.0651    	36.5174    	4.85491    	2.99993    	12.3452    	71.6459    	3.46695    	7.02405    	13.687     	37.1483    	3.02327    	4.36599    	17.985     	42.9284    	3.94902    	6.71012    	43.2116    	24.0645    	4.94027    	2.574      	28.6955    	66.6749    	2.08883    	4.04704    	28.6119    	42.1687    	2.56628    	4.72027    	9.85869    	45.825     	2.71956    	4.36798    	35.0081    	16.6847    	3.45309    	1.54721    	37.7727    	36.763     	4.56245    	2.18384    	54.7238    	43.348     	2.24388    	4.80504    	12.7768    	61.2247    	4.43102    	8.1717     	197.047	99.7758	101.902	108.289	107.28	106.186	134.184	111.427	68.2264	82.1157	91.3246	79.1374	100.313	72.1628	144.863	-1.15231e-05	3.33172e-05	1          	0.55418    	0.147672   	0.144798   	0.552145   	0.552144   	23.4788	
1.2e-10    	3.6        	-0.105988  	-0.249318  	0.961125   	0.562449   	-0.292561  	0.0883132  	0.951749   	0.544526   	0.390231   	0.164041   	0.904822   	0.561319   	-0.39664   	-0.113875  	0.910101   	0.561082   	0.175369   	0.248907   	0.950994   	0.563931   	0.229249   	-0.141369  	0.962506   	0.540038   	-0.155573  	0.182975   	0.969548   	0.541958   	0.403293   	0.067137   	0.912139   	0.556958   	-0.246644  	-0.239927  	0.937111   	0.568882   	0.308924   	0.230857   	0.921044   	0.575015   	0.0663265  	-0.224125  	0.970651   	0.546416   	-0.388912  	-0.0188387 	0.920842   	0.54998    	0.359327   	-0.0390725 	0.931909   	0.542158   	-0.359846  	-0.200162  	0.909853   	0.572906   	0.0202171  	0.243487   	0.96819    	0.557819   	13.0975    	69.8335    	5.69485    	3.47506    	8.39633    	14.6947    	5.37044    	6.38697    	25.4833    	37.971     	6.43686    	7.08586    	14.9301    	30.0076    	3.51527    	5.9937     	21.596     	63.9606    	5.26239    	3.23706    	6.42197    	21.5711    	5.91046    	5.12225    	12.2659    	51.6893    	4.42052    	4.50417    	9.81169    	16.8392    	5.20403    	6.89967    	25.8987    	77.726     	6.26326    	4.88668    	29.0387    	61.3592    	6.15896    	4.45834    	21.0916    	70.4476    	3.60385    	4.58219    	5.91614    	6.4169     	7.81686    	7.46781    	13.6236    	10.8041    	6.54181    	5.76426    	28.2523    	53.125     	4.56048    	4.79643    	22.9198    	62.7145    	5.15144    	5.11563    	134.601	138.415	158.501	91.4326	119.258	147.606	113.841	137.461	149.507	140.883	100.426	198.56	160.294	104.939	130.948	1.3619e-05 	2.92561e-06	1          	0.522172   	0.145763   	0.15001    	0.431965   	0.43196    	10.7698	
1.25e-10   	3.4        	-0.144348  	-0.343765  	0.92675    	0.55231    	-0.320107  	0.0864242  	0.942963   	0.513831   	0.440847   	0.263058   	0.857026   	0.554195   	-0.439529  	-0.205246  	0.873612   	0.554164   	0.2367     	0.369744   	0.897735   	0.551034   	0.220359   	-0.174754  	0.959192   	0.513969   	-0.144764  	0.243454   	0.958776   	0.509292   	0.438162   	0.146479   	0.886127   	0.548491   	-0.296058  	-0.362322  	0.882907   	0.563203   	0.345325   	0.335993   	0.875635   	0.568961   	0.0590593  	-0.292262  	0.954026   	0.520043   	-0.428918  	-0.0740065 	0.899769   	0.530203   	0.383196   	-0.0127688 	0.923137   	0.51502    	-0.380038  	-0.300562  	0.873783   	0.56508    	0.0324353  	0.330968   	0.942507   	0.533068   	22.8755    	38.8361    	6.11937    	6.50494    	14.4038    	7.13057    	4.37759    	3.81303    	31.0067    	23.626     	7.48587    	4.76042    	25.5907    	16.3729    	5.23867    	3.97618    	20.2158    	17.4313    	5.2624     	4.54332    	11.1249    	11.0134    	5.52605    	6.34098    	6.47691    	7.08127    	4.2748     	4.9603     	11.1218    	24.6657    	7.11484    	4.94396    	17.7567    	26.8046    	5.38196    	3.19058    	11.5789    	24.4959    	3.14596    	4.66308    	12.7311    	9.36715    	6.68656    	4.94513    	9.98385    	15.5864    	6.82158    	6.74392    	14.9803    	7.218      	4.56668    	6.29457    	28.9647    	22.102     	6.56634    	4.90162    	14.668     	17.4639    	8.93584    	11.8051    	146.171	107.342	161.341	111.433	123.205	143.184	103.927	170.624	123.201	83.6285	153.524	148.894	99.229	143.624	224.069	-3.30072e-05	0.000116132	1          	0.490502   	0.139685   	0.142976   	0.439833   	0.439834   	9.35688	
1.3e-10    	3.2        	-0.15623   	-0.417444  	0.894471   	0.513217   	-0.327917  	0.108074   	0.93822    	0.50358    	0.462131   	0.299731   	0.834227   	0.530551   	-0.449015  	-0.211564  	0.867427   	0.526822   	0.213448   	0.412139   	0.885192   	0.526506   	0.258498   	-0.221318  	0.939894   	0.480017   	-0.163374  	0.268741   	0.948699   	0.500239   	0.471011   	0.161643   	0.866443   	0.519552   	-0.309982  	-0.415596  	0.854223   	0.526366   	0.356332   	0.388226   	0.849136   	0.534033   	0.0762603  	-0.335788  	0.938104   	0.487581   	-0.438613  	-0.0853028 	0.894249   	0.518213   	0.427048   	-0.0260593 	0.903218   	0.485411   	-0.385561  	-0.328995  	0.86148    	0.538485   	0.000866921	0.371657   	0.927915   	0.508237   	15.937     	10.0347    	9.97684    	4.32961    	3.48551    	8.6425     	10.364     	9.66449    	10.9297    	7.07998    	6.72402    	7.20673    	6.22198    	23.3254    	7.80357    	5.56155    	9.46095    	13.2806    	11.8846    	7.89627    	6.7723     	10.3658    	8.65154    	8.3646     	13.911     	9.96828    	6.09764    	4.89379    	6.75029    	19.7742    	13.8132    	7.27871    	18.5862    	17.1538    	14.4909    	10.3742    	13.4187    	15.1639    	8.74645    	2.88048    	13.1947    	14.1759    	11.3463    	7.32107    	3.67916    	10.3125    	12.7541    	9.88179    	7.11092    	12.7377    	19.4218    	13.6014    	8.36877    	11.2413    	22.5864    	15.7289    	7.04478    	9.09045    	11.0006    	6.47779    	181.771	228.246	151.375	156.479	254.198	187.923	132.782	291.739	279.924	182.357	220.008	271.334	395.629	421.218	238.921	3.72443e-05	-0.000510681	0.999999   	0.458094   	0.170271   	0.162368   	0.624292   	0.624274   	8.48483	
1.35e-10   	3          	-0.163711  	-0.560537  	0.805737   	0.380248   	-0.267164  	0.0971516  	0.956817   	0.498773   	0.367579   	0.302562   	0.876282   	0.52096    	-0.342771  	-0.125702  	0.926786   	0.488765   	0.12857    	0.363761   	0.919462   	0.482445   	0.270081   	-0.310924  	0.910402   	0.380804   	-0.161705  	0.176269   	0.969044   	0.498863   	0.481802   	0.159653   	0.860795   	0.442574   	-0.313174  	-0.369794  	0.871452   	0.435656   	0.265711   	0.345062   	0.897102   	0.455811   	0.117777   	-0.2351    	0.960288   	0.455923   	-0.409471  	-0.129116  	0.902052   	0.439756   	0.411996   	-0.0421475 	0.90928    	0.415749   	-0.313462  	-0.291628  	0.902461   	0.45194    	-0.0731869 	0.302421   	0.948233   	0.480653   	8.48127    	8.87336    	402.736    	289.851    	59.6954    	7.33962    	30.8481    	11.6638    	59.1745    	7.32281    	125.601    	50.0155    	109.713    	49.7879    	25.0255    	7.76744    	59.4928    	57.3335    	26.3064    	15.0218    	15.3629    	6.30274    	148.181    	148.788    	14.3288    	68.2161    	13.6061    	9.02057    	30.7381    	18.1458    	27.0677    	50.1978    	20.7926    	134.378    	13.9054    	65.7366    	57.0089    	96.1149    	6.04545    	48.9051    	7.2141     	150.107    	20.9362    	5.65372    	35.1217    	17.2395    	59.3201    	76.7252    	20.291     	9.28176    	34.7192    	35.9601    	25.4388    	42.0091    	90.6869    	112.367    	8.57735    	70.6947    	12.7264    	3.38255    	6046.54	1290.55	3572.21	1046.62	1017.08	1775.55	725.704	154.439	110.288	93.9975	952.167	513.64	773.807	1191.02	744.33	-0.00324119	-0.00317143	0.999987   	0.414334   	0.797715   	0.426821   	38.7302    	38.6823    	415.836	
1.4e-10    	2.8        	-0.142703  	-0.392483  	0.827188   	0.0714375  	-0.0158523 	0.0293406  	0.997634   	0.481237   	0.029696   	0.0372339  	0.995613   	0.554391   	-0.0584501 	-0.00980601	0.995404   	0.427226   	0.0175952  	0.0628111  	0.996052   	0.467982   	0.0709951  	-0.132412  	0.978804   	0.198725   	-0.0194256 	0.0220649  	0.998689   	0.468122   	0.0933314  	0.0197553  	0.987427   	0.336876   	-0.0824811 	-0.0633327 	0.985437   	0.287127   	0.0437162  	0.0415477  	0.994372   	0.398294   	0.0226495  	-0.0119023 	0.998691   	0.427372   	-0.100228  	-0.042971  	0.986939   	0.264104   	0.0605306  	-0.000722573	0.994735   	0.387598   	-0.096539  	-0.0788497 	0.985304   	0.26446    	0.00548075 	0.0502838  	0.996727   	0.440182   	16.8436    	155.638    	41.7878    	151.996    	69.2996    	10.3752    	4.35282    	4.29464    	88.4126    	89.7288    	12.4481    	4.55916    	89.0433    	11.4584    	3.59767    	5.14562    	11.9871    	66.8526    	3.697      	5.95105    	53.2639    	37.9334    	10.1648    	23.0075    	22.5153    	15.1287    	1.35167    	2.06655    	161.691    	24.3209    	1.54681    	9.31829    	106.817    	59.5632    	6.7019     	22.7328    	36.5146    	73.2417    	7.1554     	3.3864     	16.2177    	18.3394    	1.71924    	2.02819    	97.807     	33.7793    	25.4998    	52.7732    	89.2839    	3.5685     	6.92418    	3.14147    	63.588     	65.7303    	41.6638    	71.8165    	9.70102    	63.9078    	6.81135    	6.46723    	492.671	129.331	453.687	86.8989	82.0126	123.069	37.7373	62.6751	39.2924	274.526	80.239	250.981	272.125	508.366	190.936	-0.00161317	-0.0013477 	0.999995   	0.361523   	0.524169   	0.605283   	15.3087    	15.3307    	76.5288	
1.45e-10   	2.6        	0.059289   	-0.114406  	-0.901769  	0.032537   	0.00208669 	0.00508924 	0.999684   	0.491219   	-0.00722772	0.00174031 	0.999824   	0.540388   	-0.00346172	0.000695535	0.999726   	0.383069   	-0.00162526	0.00177878 	0.99982    	0.456061   	0.0126082  	-0.00867206	0.998254   	0.159831   	-0.00181775	0.00354199 	0.999823   	0.45303    	-0.00279325	0.00313802 	0.999483   	0.307321   	0.00770096 	-0.0117928 	0.999308   	0.238424   	0.000936957	0.00141892 	0.999736   	0.381476   	0.00106887 	-0.000600463	0.999748   	0.412086   	-0.00359977	-0.0032944 	0.998557   	0.205717   	0.00538868 	0.00231558 	0.999657   	0.365388   	-0.00224403	-0.0207251 	0.998489   	0.172468   	-0.00307888	0.00544945 	0.999795   	0.462231   	9.23293    	4.9677     	6.6266     	5.52146    	6.6493     	6.91689    	8.52423    	8.39814    	3.74797    	4.49342    	2.43817    	2.45164    	3.74543    	3.72075    	1.84647    	1.8503     	3.96638    	3.03157    	0.819762   	0.826941   	5.01836    	2.91786    	0.787819   	0.811425   	3.06625    	3.50881    	0.412959   	0.416969   	4.25246    	4.85443    	0.598037   	0.60289    	3.11597    	3.23964    	0.886696   	0.869162   	3.64129    	3.61218    	0.634993   	0.632994   	3.78552    	4.35721    	0.692483   	0.711328   	4.64565    	6.90446    	1.1831     	1.21374    	3.84474    	4.38987    	2.58476    	2.57354    	3.34122    	4.07639    	20.1157    	20.2075    	3.67217    	3.89097    	7.61169    	7.63837    	70.8685	158.244	27.9894	18.6922	25.7788	11.4781	10.8441	12.8183	10.9207	17.1736	15.1274	13.459	55.1329	227.17	149.589	8.49999e-05	-0.000184126	0.999999   	0.333133   	0.143426   	0.144462   	0.91246    	0.912481   	14.2543	
1.5e-10    	2.4        	-0.0227169 	0.0287144  	-0.987565  	0.0631168  	0.00444647 	-0.00308106	0.999859   	0.488183   	-0.00129041	-0.000709375	0.999863   	0.514726   	0.00190426 	-0.000231923	0.999762   	0.363057   	0.000130699	-0.00155875	0.999879   	0.442016   	-0.00576035	0.00601417 	0.997846   	0.134692   	2.96076e-05	-0.00119414	0.999862   	0.438881   	-0.00809174	0.0047742  	0.999613   	0.28734    	0.0111235  	-0.00419685	0.99927    	0.213652   	-0.0011445 	-0.00345945	0.99972    	0.364359   	-0.0018599 	0.00172172 	0.999765   	0.394122   	0.00646989 	0.00311028 	0.9989     	0.181686   	-0.00180103	-0.000226688	0.999767   	0.364799   	0.000300974	0.000698849	0.997792   	0.133621   	0.0015111  	-8.14103e-05	0.999852   	0.441224   	3.76646    	5.07689    	0.800652   	0.799174   	3.12944    	2.57545    	0.555951   	0.554504   	2.58055    	4.27486    	0.274052   	0.27436    	2.91497    	2.99453    	0.299291   	0.301064   	2.17224    	2.25496    	0.261926   	0.263851   	3.10152    	4.17383    	0.432687   	0.426803   	2.42263    	2.58431    	0.319589   	0.319613   	2.26159    	3.10926    	0.361995   	0.365213   	2.77951    	2.93659    	0.377327   	0.378443   	3.90238    	2.98025    	0.279922   	0.283782   	4.2916     	2.55385    	1.25724    	1.26294    	3.49731    	3.18821    	1.3906     	1.36999    	2.48826    	3.3581     	0.47265    	0.476908   	3.88763    	3.58792    	0.353446   	0.353564   	2.3187     	3.08142    	0.55421    	0.550386   	8.76133	10.1477	5.99846	6.54555	5.95897	5.97718	6.33183	5.77613	5.91251	5.73144	15.9841	16.4938	9.13714	5.79853	7.67772	2.3882e-05 	-1.72832e-05	0.999999   	0.31322    	0.137296   	0.139273   	0.270426   	0.270418   	3.72819	
1.55e-10   	2.2        	0.00446856 	0.00740318 	-0.99575   	0.0864141  	-0.00150898	-0.000578188	0.999882   	0.473342   	0.000521584	-0.000654993	0.999914   	0.501585   	-0.00195123	-0.000432505	0.999783   	0.34702    	0.00319284 	-0.000658003	0.999884   	0.427605   	-0.00594538	0.00406143 	0.997832   	0.113991   	-0.00134695	-0.000322897	0.999857   	0.424242   	-0.00183064	-0.00317258	0.999665   	0.270157   	0.00574471 	0.00537322 	0.999243   	0.194209   	-0.0031134 	0.00128454 	0.999818   	0.348461   	0.000810002	0.00361999 	0.99979    	0.373464   	0.0048517  	-0.0103972 	0.998938   	0.166938   	0.00380765 	0.000533868	0.999805   	0.348556   	0.00107417 	-0.00423651	0.998001   	0.113665   	-0.00310542	0.000530434	0.999863   	0.426346   	2.82051    	3.11619    	1.15257    	1.14465    	2.6936     	2.27764    	1.10069    	1.0996     	2.30897    	1.7571     	0.25291    	0.252888   	2.35797    	2.54623    	0.309627   	0.308168   	1.81233    	2.03368    	0.265777   	0.265223   	2.50045    	2.78966    	0.312157   	0.318897   	2.41637    	2.4325     	0.240592   	0.241849   	2.35196    	2.19774    	0.283771   	0.284862   	2.33902    	2.85762    	0.342895   	0.343836   	2.01591    	2.05542    	0.227736   	0.228192   	2.5878     	2.79056    	0.70324    	0.702679   	2.39655    	2.88563    	0.717812   	0.724717   	2.35635    	1.96522    	0.277952   	0.27833    	2.72378    	2.14697    	0.292662   	0.291117   	2.2757     	2.29206    	0.268673   	0.269559   	10.1641	12.1874	5.16083	5.52999	4.92291	4.30165	4.74682	4.45158	5.02074	4.9435	8.42982	7.82222	4.60515	4.2959	5.23407	3.94315e-05	2.3918e-05 	0.999999   	0.29614    	0.141242   	0.136724   	0.197448   	0.197442   	2.43652	
1.6e-10    	2          	0.00181893 	-0.00650848	-0.997396  	0.100502   	0.00109134 	-0.000309807	0.999895   	0.452905   	-0.0013349 	0.00157706 	0.999909   	0.486545   	0.00431056 	-0.00441095	0.999744   	0.330563   	-0.00235577	0.00228761 	0.999874   	0.41243    	-0.0038991 	0.00454323 	0.997216   	0.0964973  	0.00100627 	-0.00150029	0.99986    	0.40878    	-0.0040658 	-0.000213496	0.999594   	0.253701   	0.00381393 	0.00341462 	0.999185   	0.176759   	-0.00164337	0.00131783 	0.999785   	0.332991   	-0.000484412	-0.00137296	0.999786   	0.360991   	0.0058931  	0.000204943	0.998625   	0.145364   	0.000443815	0.00184002 	0.999802   	0.332357   	0.00914384 	-0.00970994	0.997248   	0.0959247  	-0.0023455 	0.00075451 	0.999854   	0.411113   	2.15919    	2.76129    	0.945815   	0.938028   	2.05564    	2.00939    	0.761672   	0.762052   	1.89963    	2.10147    	0.247259   	0.247161   	2.45586    	2.46477    	0.282194   	0.284473   	2.34999    	1.5476     	0.242894   	0.243188   	2.55902    	2.32288    	0.272881   	0.272087   	2.3164     	2.07219    	0.248861   	0.248933   	2.41769    	2.43575    	0.262256   	0.262798   	2.51981    	2.22624    	0.249485   	0.24745    	2.48623    	1.98028    	0.260931   	0.258681   	2.69002    	2.57041    	0.403394   	0.403351   	2.71133    	2.72856    	0.382849   	0.383887   	1.84224    	2.27157    	0.302455   	0.303036   	2.25647    	2.37648    	0.293995   	0.28752    	2.22254    	2.34299    	0.248275   	0.246845   	6.28415	7.95025	4.04432	4.31127	3.99955	3.47425	4.10671	3.84992	3.67124	3.98244	5.12942	4.88257	4.08903	3.89619	4.09636	8.37018e-05	-4.58865e-05	0.999999   	0.279676   	0.134803   	0.13682    	0.170837   	0.170838   	1.87288	
1.65e-10   	1.8        	0.00108719 	-0.00706067	-0.998207  	0.119787   	0.000337177	0.00312134 	0.999876   	0.43813    	-0.00054985	-0.00119278	0.999888   	0.46944    	-0.000770446	0.00448656 	0.999768   	0.313186   	0.000176957	-0.00138288	0.999861   	0.396071   	0.000899529	-0.0105098 	0.996109   	0.0791811  	0.000147026	0.00156196 	0.999844   	0.391172   	0.00203273 	-0.00303394	0.99955    	0.237376   	-0.00263758	0.00108866 	0.999063   	0.159638   	0.000194948	0.000508031	0.999719   	0.316492   	0.000731952	-0.00350601	0.999804   	0.34505    	-0.00186276	0.00736588 	0.998455   	0.126707   	0.00116301 	-0.00417337	0.999763   	0.315215   	-0.000939338	0.00911589 	0.99643    	0.0789635  	-0.000627309	0.00156213 	0.999851   	0.394177   	2.55964    	2.26292    	0.627855   	0.635948   	2.08801    	2.25357    	0.647243   	0.650358   	2.32824    	2.33699    	0.295441   	0.295163   	2.23095    	1.89946    	0.268651   	0.269548   	1.80916    	2.28395    	0.245124   	0.244914   	2.49513    	2.07405    	0.269288   	0.275278   	2.18571    	2.31608    	0.265093   	0.262952   	2.29476    	2.43856    	0.258768   	0.257957   	2.27531    	2.23149    	0.290374   	0.289652   	2.63668    	2.69351    	0.262795   	0.263958   	2.48339    	1.77864    	1.30131    	1.29703    	2.27664    	2.32035    	1.25128    	1.24861    	2.13287    	2.1587     	0.294337   	0.296131   	2.09669    	2.0813     	0.295271   	0.300283   	2.25359    	2.08446    	0.264764   	0.264566   	4.5955	5.52894	4.28647	3.83892	3.70725	4.19113	3.79026	3.68675	3.62106	3.9913	8.49544	7.53811	4.74704	3.82953	3.89621	4.05323e-05	-1.14835e-06	0.999999   	0.26264    	0.137713   	0.133182   	0.192282   	0.192306   	1.74867	
1.7e-10    	1.6        	0.00304206 	0.000877315	-0.998712  	0.139404   	-3.48543e-05	0.000796348	0.999812   	0.422111   	-0.000830159	-0.000914884	0.999859   	0.449      	0.00046534 	0.000750762	0.999705   	0.293614   	-0.000675941	0.000932683	0.999799   	0.377385   	0.00269526 	-0.0110039 	0.993555   	0.0619764  	6.63559e-05	0.00099255 	0.999817   	0.371608   	0.00150588 	0.000493595	0.999398   	0.21903    	-0.00218301	-0.00289703	0.998664   	0.141851   	0.000350652	0.00620592 	0.999712   	0.298612   	-3.26566e-05	-0.00125839	0.999711   	0.331825   	-0.000907545	-0.0143469 	0.997256   	0.102172   	7.41898e-06	0.00248838 	0.999686   	0.296296   	-0.0032267 	-0.020535  	0.992305   	0.061777   	0.000483954	0.00165212 	0.999789   	0.375181   	2.52511    	2.20718    	0.671636   	0.675275   	3.43997    	2.90256    	0.86347    	0.864384   	2.65919    	2.71266    	0.333082   	0.332697   	1.89996    	2.91203    	0.283979   	0.284412   	2.59822    	2.80594    	0.268706   	0.270932   	2.33713    	2.32328    	0.341233   	0.350113   	2.30724    	2.47845    	0.331674   	0.331935   	2.32909    	3.12766    	0.334368   	0.332156   	2.21809    	2.85652    	0.282279   	0.283312   	2.34712    	2.19759    	0.310729   	0.312535   	2.43741    	3.56997    	0.385449   	0.384391   	2.18146    	3.05123    	0.279415   	0.280597   	3.04516    	2.12774    	0.342144   	0.341469   	2.77622    	2.63985    	0.281481   	0.286913   	3.23934    	2.36418    	0.310518   	0.31055    	4.36391	5.68792	4.37194	4.15022	3.97911	3.50467	4.20451	4.11539	3.9008	4.22326	4.48058	3.33909	3.80538	3.32973	3.9443	1.93937e-05	2.132e-05  	0.999998   	0.244067   	0.140268   	0.142791   	0.231136   	0.23113    	2.14295	
1.75e-10   	1.4        	-0.00251379	-0.00839069	-0.998599  	0.15174    	0.000626527	0.00207369 	0.999782   	0.396054   	0.000322287	0.000980017	0.999818   	0.424322   	-0.0012313 	7.47368e-05	0.999594   	0.271071   	-0.00213213	0.00144611 	0.999793   	0.355817   	0.0280206  	-0.0134013 	0.982429   	0.0436828  	0.00119567 	0.000408847	0.999739   	0.348174   	-0.0017751 	-0.00421949	0.999293   	0.199034   	-0.000824908	0.00460942 	0.99807    	0.122628   	0.00130925 	0.000299496	0.999695   	0.277856   	-0.00180143	-0.00428971	0.999575   	0.306993   	0.00161269 	0.0133621  	0.995538   	0.0850818  	-0.00494196	-0.00317727	0.999444   	0.274885   	-0.00709273	-0.000525875	0.979965   	0.0433735  	0.00442189 	0.00260943 	0.999726   	0.352955   	2.72026    	3.22633    	0.45181    	0.450875   	3.05027    	3.35539    	0.542868   	0.541591   	2.94492    	3.23363    	0.419115   	0.41641    	2.73226    	2.91595    	0.408839   	0.408729   	2.63486    	2.26038    	0.35303    	0.350099   	3.05828    	3.16754    	0.351567   	0.375068   	3.04727    	2.94498    	0.389001   	0.388489   	2.46509    	2.77035    	0.362879   	0.366087   	2.3137     	3.1788     	0.36278    	0.37334    	2.13688    	2.31032    	0.406712   	0.405818   	3.99141    	3.40731    	0.511721   	0.511415   	3.21926    	2.79276    	0.487357   	0.499626   	3.73669    	3.98165    	0.332579   	0.331659   	3.63923    	3.59064    	0.317737   	0.37746    	3.28953    	2.87265    	0.326143   	0.325787   	3.66106	4.71588	4.9509	4.44037	4.7239	4.18926	4.32076	3.90549	4.07864	4.30764	4.64443	4.07932	4.2107	3.84074	4.25083	-2.52938e-05	-6.55857e-05	0.999998   	0.223139   	0.143127   	0.145043   	0.284474   	0.284486   	1.84332	
1.8e-10    	1.2        	-0.00517786	0.00625711 	-0.998393  	0.159115   	0.00475215 	-0.00620521	0.999594   	0.360323   	-0.00236049	0.0026328  	0.999695   	0.395254   	0.00283585 	-0.0147519 	0.999124   	0.244677   	0.00205106 	0.00137735 	0.999576   	0.330953   	-0.0627066 	0.120622   	0.924377   	0.0246691  	0.0095135  	-0.0144869 	0.999467   	0.320711   	-0.00548749	0.0105023  	0.998554   	0.17627    	-0.0201054 	0.0274808  	0.994786   	0.101161   	0.000720379	-0.00275164	0.999353   	0.25434    	-0.00377952	0.00914008 	0.999252   	0.282081   	0.0152701  	-0.027456  	0.988508   	0.0620702  	-0.00308837	-0.00266001	0.999234   	0.249946   	0.0274596  	0.0470333  	0.928486   	0.0235703  	0.000333921	-0.000996647	0.999541   	0.326996   	3.93637    	3.69174    	0.665582   	0.702753   	3.89717    	5.34818    	1.13249    	1.13863    	4.50622    	4.34198    	0.632739   	0.633707   	4.45863    	4.19388    	0.463468   	0.458898   	4.56603    	4.16942    	0.437978   	0.438685   	3.90616    	3.80658    	0.432076   	0.596071   	3.65999    	3.80568    	0.449943   	0.44632    	4.49075    	3.64924    	0.405971   	0.425231   	5.14564    	3.8785     	0.412754   	0.433308   	3.39334    	4.49563    	0.443697   	0.445445   	5.23061    	5.2892     	1.19316    	1.17524    	4.1428     	3.90579    	1.25941    	1.29567    	2.82586    	6.16135    	0.487703   	0.491994   	3.6242     	3.79852    	0.509992   	0.608901   	4.15109    	5.13671    	0.422439   	0.418129   	3.78826	6.04593	5.20892	4.84287	4.80039	4.17712	4.83976	4.41396	4.22436	4.76011	5.44161	5.39628	4.80033	4.46114	4.64936	-0.000101271	-2.20522e-05	0.999997   	0.199166   	0.152208   	0.148637   	0.391009   	0.390997   	1.89155	
1.85e-10   	1          	-4.98204e-05	0.00767137 	-0.998157  	0.170749   	-0.0102448 	-0.0209303 	0.998938   	0.324856   	0.00944683 	0.0146398  	0.999223   	0.359491   	-0.023131  	-0.0152643 	0.997409   	0.213635   	0.00598549 	-0.00815518	0.999153   	0.302603   	0.219264   	0.416652   	-0.044743  	0.0115038  	0.00360539 	-0.0195839 	0.998866   	0.288288   	0.0233414  	0.0345222  	0.995811   	0.15004    	-0.0607672 	0.00405711 	0.987886   	0.0772909  	0.0113884  	-0.0118298 	0.998427   	0.228742   	0.0138013  	0.0269634  	0.998073   	0.243353   	-0.11295   	-0.0774204 	0.945617   	0.0455507  	0.020244   	0.0174768  	0.997826   	0.220741   	-0.300608  	0.0291077  	-0.199921  	0.0112297  	-0.00202909	-0.0124258 	0.999276   	0.297193   	3.93655    	6.11187    	1.03894    	1.05636    	10.2569    	5.53206    	1.23884    	1.21863    	8.1498     	7.15577    	0.667123   	0.655588   	10.0594    	9.03388    	0.689073   	0.689905   	6.44734    	7.37192    	0.623342   	0.624996   	4.2723     	6.71048    	0.57608    	3.23875    	6.02507    	8.65815    	0.86375    	0.831968   	6.51768    	7.65628    	0.606262   	0.604735   	6.24676    	5.25924    	0.804852   	0.760855   	7.94604    	6.35194    	0.622466   	0.632884   	8.34274    	8.16943    	1.9255     	1.94115    	10.5159    	7.72274    	1.55986    	2.57067    	9.57684    	7.25233    	0.823881   	0.838488   	5.47454    	6.86028    	0.660019   	2.79214    	4.96015    	5.84906    	0.652925   	0.666063   	4.77252	5.25432	5.73157	4.87638	5.55515	4.75814	5.64246	5.52646	5.35898	5.48456	5.11777	5.64157	5.69889	5.44437	5.54073	-0.000110418	3.53699e-05	0.999996   	0.171428   	0.14446    	0.154958   	0.572844   	0.572841   	1.98525	
1.9e-10    	0.8        	0.135829   	-0.0742728 	-0.983391  	0.17923    	-0.213401  	-0.0650072 	0.971199   	0.286469   	0.114212   	0.103944   	0.98419    	0.317407   	-0.23418   	-0.163137  	0.948423   	0.183408   	-0.0566375 	0.0629152  	0.995177   	0.270372   	0.841411   	0.198244   	-0.434644  	0.0685314  	-0.248391  	-0.0334501 	0.959673   	0.25394    	0.47186    	0.0836049  	0.857443   	0.138511   	-0.101552  	-0.0424692 	0.954392   	0.0544764  	0.0207772  	0.0868345  	0.990639   	0.201962   	0.28086    	-0.000196319	0.949477   	0.210517   	-0.887062  	-0.240334  	0.285454   	0.0681469  	0.297145   	0.0463845  	0.94699    	0.200145   	-0.4209    	-0.45229   	-0.700237  	0.0512756  	-0.143786  	0.0590729  	0.982973   	0.265698   	6.08247    	21.3279    	1.88412    	1.841      	48.5715    	7.71451    	2.70071    	4.04165    	36.7718    	34.4282    	2.06891    	1.34031    	47.9809    	14.3299    	1.68738    	3.66074    	5.94283    	11.0017    	1.31418    	1.25729    	50.8835    	8.83547    	1.24733    	38.2252    	89.3969    	10.1364    	2.23155    	2.56256    	63.2886    	9.62283    	1.16318    	13.063     	8.02817    	14.1649    	1.45411    	1.55628    	8.42552    	32.66      	0.962382   	0.764807   	71.6964    	21.3658    	5.23693    	16.0582    	47.6403    	5.36874    	5.17474    	36.3388    	44.5829    	7.9369     	1.4625     	6.39671    	10.4174    	31.7784    	1.75903    	17.3367    	25.1306    	39.4203    	1.24621    	1.32257    	5.58107	8.09401	10.1181	5.91311	11.5988	6.85074	7.6804	10.9277	5.29873	10.4025	8.09365	5.29566	8.45852	6.12436	9.23779	1.08952e-05	0.00025561 	0.999995   	0.138341   	0.138485   	0.151307   	1.9977     	1.99765    	16.5574	
1.95e-10   	0.6        	0.49943    	-0.248179  	-0.823015  	0.170245   	-0.596037  	-0.229707  	0.762686   	0.253565   	0.236342   	0.368335   	0.894379   	0.276564   	-0.534768  	-0.4382    	0.712863   	0.177111   	-0.307195  	0.249652   	0.913844   	0.209579   	0.967701   	0.156987   	-0.0834372 	0.165684   	-0.754228  	-0.0862997 	0.631722   	0.236822   	0.749445   	0.355274   	0.552783   	0.184364   	0.491555   	-0.603524  	0.553453   	0.0789568  	-0.0544109 	0.289706   	0.953274   	0.187979   	0.735257   	0.0551874  	0.666319   	0.215378   	-0.903748  	-0.393317  	-0.122349  	0.160969   	0.634403   	0.279562   	0.711962   	0.226956   	-0.291155  	-0.728838  	-0.594417  	0.118667   	-0.463504  	0.0817466  	0.879632   	0.238947   	10.6007    	5.7177     	38.1723    	22.4366    	17.4016    	30.3182    	20.568     	5.67441    	15.8373    	37.7533    	10.6944    	2.23313    	21.2392    	29.766     	4.10019    	13.9519    	11.0078    	11.911     	47.3211    	35.7261    	22.5653    	14.3214    	58.0003    	15.2495    	21.2543    	23.098     	135.956    	56.6973    	16.9533    	32.5503    	24.213     	51.7849    	22.7794    	6.94308    	40.0477    	16.5566    	6.78173    	7.6166     	2.28093    	2.01254    	23.7358    	25.9952    	7.94101    	4.16641    	21.2817    	34.573     	5.63253    	28.4518    	9.84304    	60.093     	6.30909    	16.8545    	7.58501    	27.7864    	14.4425    	9.02595    	12.1935    	10.6164    	36.3178    	33.7737    	28.8782	10.2892	9.8227	6.75916	12.9403	44.2853	18.3934	7.43046	31.8823	11.1457	25.7019	8.02473	15.0049	8.32666	12.5658	-0.00024163	-5.80903e-07	0.99999    	0.100619   	0.152335   	0.143919   	2.73602    	2.73608    	27.9379	
2e-10      	0.4        	0.71127    	-0.432353  	-0.54513   	0.142425   	-0.815051  	-0.401181  	0.412106   	0.226682   	0.33408    	0.619683   	0.70813    	0.252216   	-0.64111   	-0.663127  	0.380987   	0.198208   	-0.312176  	0.584457   	0.741032   	0.147782   	0.967085   	0.230787   	0.0833246  	0.180228   	-0.952121  	-0.169222  	0.245435   	0.168626   	0.685364   	0.490318   	0.532547   	0.21077    	0.15767    	-0.841979  	0.495346   	0.0882725  	0.0249089  	0.484227   	0.871445   	0.170015   	0.79339    	0.164773   	0.578731   	0.181084   	-0.760388  	-0.575463  	-0.295211  	0.193503   	0.653956   	0.482151   	0.580222   	0.252202   	-0.247408  	-0.838615  	-0.479626  	0.154918   	-0.705549  	0.0333889  	0.703172   	0.180782   	9.70078    	5.7665     	16.1304    	12.2469    	11.392     	13.1803    	24.0227    	24.1586    	6.57478    	7.591      	9.2109     	5.51105    	9.27483    	9.33074    	3.5435     	7.06433    	21.2284    	4.65501    	7.52054    	8.56546    	9.10499    	9.07616    	4.9418     	9.27261    	20.2056    	9.47625    	6.73246    	24.4396    	8.54415    	14.1506    	9.42134    	5.83685    	9.81154    	6.97186    	4.55517    	6.21676    	4.91854    	10.3601    	3.51998    	3.8929     	15.1415    	22.507     	3.02228    	14.3367    	10.5406    	12.2575    	3.27701    	13.7526    	9.18539    	22.1094    	5.13821    	16.9875    	5.57821    	5.94354    	6.79865    	5.8207     	5.54096    	15.1288    	2.34541    	2.75613    	7.14704	6.04826	6.39932	7.80094	8.38771	11.1282	7.62127	9.92372	6.47133	11.7323	11.8125	7.46168	8.78185	7.80015	8.1583	-0.000368719	-1.02805e-05	0.999977   	0.0657298  	0.143309   	0.143073   	0.818295   	0.818405   	5.81556	
2.05e-10   	0.2        	0.575781   	-0.555175  	-0.591717  	0.139194   	-0.848205  	-0.38489   	0.343612   	0.183972   	0.370019   	0.730386   	0.572112   	0.208369   	-0.621471  	-0.777481  	0.0712726  	0.170339   	-0.243972  	0.661056   	0.705799   	0.154997   	0.968657   	0.181458   	-0.120933  	0.149263   	-0.918809  	-0.0602819 	0.35281    	0.135081   	0.639625   	0.645143   	0.410291   	0.173028   	0.112559   	-0.968123  	-0.193962  	0.106389   	0.0233211  	0.695918   	0.713345   	0.156505   	0.957396   	-0.0364351 	0.242736   	0.123088   	-0.721928  	-0.626074  	-0.27052   	0.169206   	0.72652    	0.532569   	0.427529   	0.194939   	-0.225274  	-0.831554  	-0.500211  	0.164932   	-0.718186  	0.226263   	0.648811   	0.145514   	5.52114    	8.22989    	9.04399    	4.3965     	10.3801    	29.1442    	19.736     	14.3096    	8.38411    	17.19      	11.3538    	27.3546    	18.142     	16.6868    	5.0736     	28.9173    	9.50358    	7.26845    	8.19309    	12.6933    	7.84529    	21.1215    	10.1143    	9.34749    	6.87659    	13.4267    	31.423     	3.2159     	17.3822    	8.75751    	21.8442    	29.8944    	8.4726     	13.5396    	6.31621    	15.6047    	7.30546    	5.82186    	5.85813    	4.46201    	4.95437    	8.67185    	26.8316    	7.64738    	10.4998    	6.97193    	38.8189    	19.7608    	11.0252    	18.8203    	21.3622    	30.9125    	9.92199    	5.9476     	11.6904    	8.80989    	5.45622    	14.5608    	8.05452    	3.76485    	7.29166	6.39604	6.25487	11.622	7.06094	13.553	6.78288	5.9334	9.81513	14.0449	8.31366	6.16183	8.37891	7.48512	7.07413	-0.00135453	0.000721891	0.999902   	0.0327839  	0.148463   	0.147467   	0.574121   	0.574304   	3.18251	
2.1e-10    	-0         	0.511479   	-0.543929  	-0.657781  	0.139668   	-0.94419   	-0.271816  	0.172538   	0.131905   	0.356052   	0.793142   	0.487854   	0.145497   	-0.580906  	-0.741353  	-0.313194  	0.13444    	-0.299532  	0.681065   	0.655723   	0.135827   	0.934134   	0.0626903  	-0.337262  	0.126764   	-0.902193  	0.0689595  	0.403369   	0.120598   	0.693037   	0.675577   	0.235975   	0.12841    	0.158109   	-0.762601  	-0.608352  	0.127653   	-0.044884  	0.782064   	0.608669   	0.129648   	0.852922   	-0.201593  	-0.457192  	0.120385   	-0.754361  	-0.617243  	-0.207331  	0.127976   	0.868405   	0.483277   	0.0577763  	0.130783   	-0.132098  	-0.790995  	-0.590608  	0.141829   	-0.723292  	0.378299   	0.567494   	0.130656   	7.97651    	14.1845    	3.59954    	7.77438    	11.4832    	3.67331    	4.24907    	11.221     	5.96347    	12.41      	4.62765    	10.796     	11.1921    	4.99232    	14.1118    	5.22404    	6.46164    	13.8804    	14.1621    	6.43923    	14.1725    	9.00973    	3.33289    	11.5801    	7.54498    	7.3102     	14.472     	3.53231    	11.1489    	2.52938    	4.55163    	6.42899    	8.82482    	7.96072    	24.6826    	6.4298     	14.5643    	6.86036    	7.85038    	4.10786    	8.51252    	4.01743    	22.9943    	4.6412     	14.5608    	5.49631    	8.10354    	17.3025    	9.85344    	8.14608    	10.3807    	13.7153    	7.1384     	13.137     	3.43901    	8.68691    	7.9631     	5.43447    	9.06067    	3.53261    	10.4602	9.49138	7.44233	7.78818	6.30282	7.09105	7.0105	9.59145	7.1902	9.70864	14.2729	7.50801	11.3726	11.6529	6.52882	-0.107008  	0.0528848  	0.207475   	0.000587017	0.142326   	0.147386   	0.527844   	0.378857   	2.61774	
