#----------------------------------------------------------------------------------------------------------------------------------------------------------
# Output file for vampire simulation
#   time       : 2025-05-27 21:58:06     process id : 279582
#   hostname   : thor8.psi.ch
#   path       : /scratch/dossan_f/Na2BaMn(PO4)2/vampire_tripleUC_15mat_J2Ja_small_k0.035_Jnn0.11_Bc
#   version    : 6.0.0
#   githash    : 4c9651daecc86c3e6b6df0c8055fcd9e89fd900c
#----------------------------------------------------------------------------------------------------------------------------------------------------------
1e-11      	8          	0.000380742	0.000196503	0.999896   	0.930497   	-0.000123337	-0.000106911	0.999987   	0.931078   	-0.000250522	0.000224376	0.999584   	0.930286   	0.00018197 	-0.000120262	0.99999    	0.931046   	-0.000280866	-0.000403778	0.999964   	0.930662   	7.39607e-06	0.000764575	0.999403   	0.930252   	8.37334e-05	-0.00024389	0.999986   	0.930998   	-0.000241733	0.000315348	0.999402   	0.930273   	-6.78122e-06	0.00020997 	0.999963   	0.930739   	-0.000390054	-0.000298827	0.999781   	0.930438   	0.000174691	0.000727423	0.999623   	0.930351   	7.79616e-05	-0.000237405	0.999991   	0.931073   	-0.000231601	0.000981632	0.999362   	0.930252   	0.000191971	-0.000329313	0.999982   	0.930929   	-9.05728e-05	-0.000273691	0.999966   	0.93077    	0.754756   	0.671975   	73.5502    	71.5084    	0.520086   	0.705458   	29.5983    	29.2243    	0.462842   	0.366341   	97.0589    	90.648     	0.667485   	0.452305   	31.7226    	31.4832    	0.463968   	0.948005   	60.4775    	59.5474    	0.601259   	1.35653    	106.917    	93.6542    	0.637627   	0.589619   	34.0114    	33.6017    	0.506008   	0.564454   	107.171    	95.0069    	1.22343    	0.448314   	55.7678    	54.6461    	0.82604    	0.695659   	80.6603    	77.1658    	0.590089   	1.32396    	91.6122    	84.2644    	0.422774   	0.569299   	27.6555    	27.4345    	0.493747   	1.80705    	108.841    	93.4733    	1.08826    	0.520151   	39.5788    	39.0445    	0.699217   	1.04702    	49.2768    	48.1484    	9806.57	1611.64	15277.6	1939.51	7071.19	17695.8	2245.31	17908.9	6167	11462.7	13940.1	1369.11	18156.1	3164.62	4835.82	-5.36559e-07	4.38381e-06	1          	0.930614   	0.113259   	0.109289   	940.442    	940.44     	113052	
1.5e-11    	7.8        	4.45299e-05	4.56901e-05	0.999996   	0.927548   	2.04289e-05	-0.000108499	0.999995   	0.927564   	-1.09292e-05	-2.44192e-05	0.999996   	0.92751    	-5.26854e-05	5.25132e-05	0.999995   	0.927544   	8.82079e-05	8.23559e-05	0.999996   	0.927533   	-6.76163e-05	-0.000113984	0.999996   	0.927538   	-0.000101939	6.752e-05  	0.999995   	0.927529   	0.000219979	-3.42701e-05	0.999995   	0.927533   	6.38028e-06	-6.12885e-05	0.999995   	0.927588   	0.000234518	-1.67986e-07	0.999996   	0.927517   	-0.000147699	-0.000127386	0.999996   	0.927564   	-8.2005e-05	0.000130555	0.999996   	0.927513   	-0.000178214	8.94783e-05	0.999996   	0.927559   	0.000134636	5.75612e-05	0.999996   	0.927516   	-1.87461e-05	-0.000150666	0.999996   	0.92756    	0.41272    	0.400034   	0.022652   	0.0226685  	0.431599   	0.427914   	0.022308   	0.0223036  	0.381271   	0.387466   	0.0231063  	0.0231112  	0.425663   	0.410383   	0.0247133  	0.0247054  	0.424735   	0.375504   	0.0221559  	0.022145   	0.437725   	0.382431   	0.023834   	0.0238587  	0.464404   	0.451334   	0.0239124  	0.0239108  	0.370149   	0.457987   	0.0245634  	0.0245596  	0.416225   	0.427887   	0.0234195  	0.0234088  	0.41267    	0.40124    	0.026194   	0.0261761  	0.415304   	0.411693   	0.0221536  	0.0221587  	0.418441   	0.40771    	0.0236395  	0.023653   	0.412664   	0.399126   	0.0240158  	0.0240019  	0.37477    	0.415372   	0.0253255  	0.0253241  	0.393694   	0.378822   	0.0233324  	0.0233442  	4.71731	4.63936	4.6034	5.00178	4.57112	4.88985	4.9191	4.90535	4.85453	5.13389	4.45576	5.0227	4.81923	4.99955	4.58549	5.92876e-06	-6.33338e-06	1          	0.927537   	0.112738   	0.114935   	0.035895   	0.0358933  	1.91538	
2e-11      	7.6        	-0.000100514	-0.000189136	0.999995   	0.922572   	-2.47018e-05	-0.000119889	0.999995   	0.922571   	5.97136e-05	0.000383374	0.999995   	0.922576   	1.52198e-06	-0.000152869	0.999995   	0.922561   	-0.000159657	-9.67647e-05	0.999995   	0.922604   	5.38261e-05	0.000167689	0.999995   	0.922582   	0.000263815	0.00012405 	0.999995   	0.922587   	-0.000174957	-9.63559e-05	0.999995   	0.922575   	-0.000139377	-0.00017108	0.999995   	0.922562   	0.000167039	-7.95195e-05	0.999995   	0.922602   	-0.000203426	-0.000112826	0.999995   	0.922587   	8.39518e-05	0.000166257	0.999995   	0.922592   	0.000110914	9.98459e-05	0.999995   	0.922575   	-7.12142e-05	0.000161089	0.999995   	0.922598   	1.6888e-05 	-0.00023611	0.999995   	0.922566   	0.431603   	0.422183   	0.0273841  	0.027406   	0.476083   	0.47162    	0.027436   	0.027457   	0.471823   	0.447656   	0.0283843  	0.0283805  	0.478409   	0.399175   	0.0286392  	0.0286361  	0.434362   	0.42285    	0.0254709  	0.0254835  	0.463848   	0.45116    	0.0282274  	0.0282159  	0.436587   	0.466122   	0.0286452  	0.0286557  	0.472391   	0.523566   	0.0256713  	0.0256594  	0.427037   	0.472988   	0.028229   	0.0282434  	0.483423   	0.44444    	0.0254843  	0.0254833  	0.436978   	0.476054   	0.0281563  	0.0281515  	0.459536   	0.43655    	0.026323   	0.026329   	0.445499   	0.479711   	0.0294314  	0.0294391  	0.448604   	0.448856   	0.026449   	0.0264394  	0.428882   	0.460249   	0.025735   	0.0257521  	5.2167	5.11557	5.26089	5.42676	4.88962	5.11503	5.34416	4.82009	5.34895	4.74343	5.23383	5.0937	5.52593	5.20152	5.04554	-7.76129e-06	-1.01581e-05	1          	0.922576   	0.119019   	0.121906   	0.0449438  	0.0449454  	2.02038	
2.5e-11    	7.4        	0.000119506	-0.000161129	0.999994   	0.916948   	0.00025551 	7.03475e-05	0.999994   	0.916942   	-0.000374128	9.39731e-05	0.999994   	0.91696    	0.000174062	0.000128631	0.999994   	0.916954   	8.51139e-05	-7.71788e-05	0.999994   	0.916954   	-0.000170507	-8.70197e-05	0.999994   	0.916948   	-4.35335e-05	-0.000110996	0.999994   	0.916972   	0.000246646	3.42516e-06	0.999994   	0.916973   	-0.000208276	0.000204207	0.999994   	0.916957   	0.000103448	0.000325502	0.999994   	0.91694    	-0.000290899	-5.49838e-05	0.999994   	0.916967   	0.000121362	-0.000207953	0.999994   	0.91694    	7.898e-05  	0.000154429	0.999995   	0.916968   	-0.000269303	2.49469e-05	0.999994   	0.917011   	0.000171786	-0.000228945	0.999994   	0.916951   	0.523994   	0.509427   	0.0298857  	0.029877   	0.524359   	0.535497   	0.0309218  	0.0309252  	0.518435   	0.53619    	0.0315379  	0.0315479  	0.48513    	0.514383   	0.0323733  	0.0323714  	0.529753   	0.471903   	0.0318028  	0.0318054  	0.512375   	0.52646    	0.033049   	0.0330444  	0.516322   	0.577729   	0.0329902  	0.0329664  	0.58852    	0.485497   	0.0320714  	0.0320596  	0.480889   	0.50941    	0.0293672  	0.0293724  	0.516312   	0.484614   	0.0316958  	0.0316984  	0.548695   	0.562926   	0.0296556  	0.0296277  	0.551077   	0.515575   	0.0322236  	0.0322458  	0.477014   	0.474171   	0.0346121  	0.0346046  	0.512526   	0.497586   	0.0320102  	0.0319755  	0.528306   	0.510706   	0.0305637  	0.0305346  	5.2047	5.50774	5.70238	5.59184	5.74756	5.80587	5.79369	5.43843	5.24372	5.44453	5.20806	5.7006	5.81658	5.59446	5.25848	-1.21463e-08	5.15908e-06	1          	0.916954   	0.124345   	0.122225   	0.0481051  	0.0481046  	1.90229	
3e-11      	7.2        	-9.53546e-05	6.76426e-05	0.999994   	0.91054    	0.000242204	-0.000137073	0.999994   	0.910564   	-0.000166504	0.000130434	0.999994   	0.910547   	-0.000315356	-0.00012039	0.999994   	0.910534   	-7.70839e-05	-1.54007e-05	0.999994   	0.910564   	0.000394027	5.79117e-05	0.999993   	0.910577   	5.58674e-05	-2.52814e-06	0.999994   	0.910538   	-4.00019e-05	-0.000165505	0.999994   	0.910558   	8.65263e-05	0.000141996	0.999994   	0.910545   	9.85938e-05	-8.62042e-05	0.999994   	0.910514   	-2.02066e-05	0.000147573	0.999994   	0.910505   	-7.55637e-05	-1.93478e-05	0.999993   	0.910568   	-1.67825e-05	0.000251162	0.999994   	0.91051    	6.04913e-05	-0.000328118	0.999994   	0.910541   	-8.3849e-05	-1.71919e-05	0.999994   	0.910597   	0.529778   	0.518098   	0.0375369  	0.0375382  	0.512176   	0.556804   	0.0395172  	0.0395307  	0.488923   	0.564323   	0.034574   	0.0345551  	0.580847   	0.519208   	0.0354073  	0.0353807  	0.538337   	0.532778   	0.0354906  	0.0354945  	0.564061   	0.585969   	0.0385986  	0.0386208  	0.489892   	0.548557   	0.0367024  	0.0366998  	0.54145    	0.527385   	0.037737   	0.0377136  	0.500013   	0.549529   	0.0398479  	0.0398416  	0.53518    	0.602982   	0.0346559  	0.034685   	0.565094   	0.576642   	0.0354522  	0.0354065  	0.5836     	0.584172   	0.0358572  	0.0358246  	0.575323   	0.538085   	0.0384914  	0.03848    	0.585472   	0.552931   	0.0381935  	0.0381851  	0.556625   	0.498627   	0.0366568  	0.036658   	6.13778	6.11731	5.68525	5.87953	5.70609	5.95738	5.88569	6.17357	6.2812	5.55438	5.84461	5.92513	6.25037	6.19757	6.09109	3.13e-06   	-6.34141e-06	1          	0.910541   	0.121754   	0.126252   	0.0632497  	0.0632506  	2.02552	
3.5e-11    	7          	-0.000152475	4.06331e-05	0.999992   	0.9032     	-0.000101779	-0.000129216	0.999993   	0.903201   	0.000193086	6.08821e-05	0.999993   	0.903242   	-0.000160609	9.52857e-07	0.999993   	0.903253   	0.000339022	-0.000126423	0.999993   	0.903218   	-0.000244109	0.000146595	0.999993   	0.903229   	-8.80099e-05	-4.21629e-06	0.999993   	0.903216   	-9.08763e-05	-7.35846e-05	0.999993   	0.903185   	7.80928e-05	8.42635e-05	0.999993   	0.903169   	-8.07464e-05	-3.81731e-05	0.999992   	0.903268   	-9.39374e-05	-5.85396e-05	0.999992   	0.903231   	7.29104e-05	-2.20693e-05	0.999993   	0.903231   	-6.61394e-05	1.59605e-05	0.999993   	0.903227   	8.41422e-05	0.000151487	0.999993   	0.903249   	-7.38807e-05	-0.000188699	0.999993   	0.90319    	0.689177   	0.631811   	0.0403034  	0.0403071  	0.607178   	0.614502   	0.0408421  	0.0408297  	0.641153   	0.66       	0.0430712  	0.0430819  	0.601756   	0.664088   	0.0423365  	0.042306   	0.567093   	0.6627     	0.0432203  	0.0431883  	0.545702   	0.680312   	0.0431463  	0.043161   	0.591578   	0.591433   	0.043029   	0.0430268  	0.686335   	0.617849   	0.0433135  	0.0432954  	0.656148   	0.636814   	0.0424412  	0.0424397  	0.630167   	0.708245   	0.0456388  	0.0455955  	0.752981   	0.566331   	0.0450399  	0.0450755  	0.63705    	0.647466   	0.0417863  	0.041805   	0.610637   	0.64848    	0.0445841  	0.0445787  	0.603104   	0.567828   	0.0413031  	0.0412881  	0.592367   	0.691341   	0.0416765  	0.0417005  	6.22192	6.08801	6.2269	6.33346	6.44091	6.3857	6.19917	6.30201	6.08467	6.69491	6.74931	6.47402	6.60527	6.27652	6.16919	-2.56693e-05	-9.35973e-06	1          	0.903214   	0.130467   	0.123435   	0.0722989  	0.0722984  	2.00109	
4e-11      	6.8        	0.00047439 	-0.000305262	0.999992   	0.894797   	-0.000205863	-1.35693e-05	0.999991   	0.894827   	-0.000169218	0.000276308	0.999991   	0.894746   	7.08618e-05	4.9182e-05 	0.999992   	0.894807   	0.000113882	-5.47595e-05	0.999991   	0.894816   	-0.00020921	-3.86749e-05	0.999992   	0.89483    	0.000226546	0.000220624	0.999991   	0.894788   	0.000124762	0.000328915	0.999991   	0.894869   	-0.000286782	-0.000476388	0.999991   	0.894778   	-0.000161791	-0.000241755	0.999992   	0.894846   	-0.000141402	0.000243019	0.999991   	0.894856   	0.000318978	3.49568e-05	0.999992   	0.894802   	-0.000162305	0.000270694	0.999992   	0.894776   	-2.73674e-05	-5.63189e-05	0.999991   	0.894831   	0.000216695	-0.000328224	0.999991   	0.894819   	0.717939   	0.707416   	0.0533376  	0.0533059  	0.729968   	0.756423   	0.0484241  	0.0484263  	0.790657   	0.722383   	0.0531356  	0.0530715  	0.626077   	0.740611   	0.0523954  	0.0524238  	0.762356   	0.829303   	0.0500353  	0.0500588  	0.783721   	0.672816   	0.0563196  	0.0563221  	0.750218   	0.830946   	0.0499324  	0.049931   	0.784563   	0.761328   	0.0504023  	0.0504204  	0.774383   	0.751502   	0.049193   	0.0491835  	0.762322   	0.613128   	0.0514782  	0.0514673  	0.713056   	0.760531   	0.0500061  	0.0500493  	0.660541   	0.770341   	0.0530712  	0.0531104  	0.807546   	0.609399   	0.0506743  	0.0507019  	0.814991   	0.680102   	0.047316   	0.047329   	0.766116   	0.712469   	0.0501602  	0.050154   	7.23136	6.74916	7.07655	7.33739	6.8986	7.57158	6.80996	6.97919	6.99038	7.0497	6.90916	7.15008	7.10018	6.43504	7.01883	1.21343e-05	-6.0776e-06	1          	0.894805   	0.129089   	0.129869   	0.0871051  	0.0871065  	1.97907	
4.5e-11    	6.6        	0.000387379	6.24659e-05	0.999989   	0.885125   	-0.000339936	0.000188244	0.99999    	0.885126   	3.93075e-05	-0.000112365	0.99999    	0.885102   	-0.000267034	0.000302318	0.99999    	0.885196   	0.000182683	-0.000201977	0.999991   	0.885122   	0.000155284	-0.000163299	0.999991   	0.885109   	-0.000494671	-0.000157438	0.99999    	0.885046   	0.000196812	7.99215e-05	0.99999    	0.885187   	0.000340484	-2.06002e-05	0.99999    	0.885134   	3.74533e-05	0.000419848	0.99999    	0.885124   	-0.000174672	0.000328281	0.99999    	0.885112   	0.000116454	-0.000741492	0.99999    	0.885098   	-1.10811e-05	0.000126038	0.999991   	0.885141   	0.000235207	-0.000202455	0.999989   	0.885099   	-0.000209279	0.000165247	0.999989   	0.885129   	0.879814   	0.879431   	0.0639358  	0.0638707  	0.792652   	0.85942    	0.0617951  	0.0617736  	0.808862   	0.818794   	0.0640218  	0.0640292  	0.838817   	0.749836   	0.0626323  	0.0626292  	0.856903   	0.669692   	0.0605127  	0.060487   	0.829941   	0.673531   	0.059686   	0.0596769  	0.816884   	0.847067   	0.0605491  	0.0605774  	0.832392   	0.777047   	0.0586545  	0.0587066  	0.867701   	0.836858   	0.0611495  	0.0612443  	0.777175   	0.893712   	0.0597771  	0.0598181  	0.82178    	0.898708   	0.0586816  	0.058729   	0.720523   	0.894077   	0.0582811  	0.0582588  	0.849074   	0.728735   	0.0579697  	0.0579056  	0.91092    	0.895287   	0.0590303  	0.0589737  	0.8958     	0.870914   	0.0604694  	0.0604572  	8.23517	7.98716	8.19321	8.13337	7.8852	7.92344	7.6578	7.45909	7.86947	7.59855	7.40359	7.45871	7.43204	7.80069	7.62193	1.29252e-05	4.87713e-06	1          	0.885115   	0.133678   	0.127415   	0.1008     	0.100802   	1.81472	
5e-11      	6.4        	1.63415e-05	-0.00019279	0.999987   	0.873929   	-0.000187417	0.000268029	0.999988   	0.874003   	9.86411e-05	-0.000108108	0.999988   	0.873969   	0.000168694	-0.000289104	0.999989   	0.873979   	9.29652e-05	0.000257032	0.999989   	0.873948   	-0.000257903	-1.01193e-05	0.999989   	0.873964   	-0.00023247	-0.000576766	0.999987   	0.873979   	-0.000412473	0.000321854	0.999989   	0.873896   	0.000639161	0.000301607	0.999988   	0.873951   	0.000771231	0.000354744	0.999987   	0.873996   	-0.000679522	-6.7684e-05	0.999988   	0.874011   	-0.000156461	-0.000226176	0.999988   	0.873956   	-0.000148313	0.000330337	0.999989   	0.873994   	0.000327784	-0.000288784	0.999988   	0.873964   	-0.000187935	-3.09944e-05	0.99999    	0.873961   	1.02915    	1.11709    	0.0719731  	0.0720192  	1.04378    	0.958705   	0.0682851  	0.0682637  	1.09121    	0.925156   	0.0724032  	0.0724153  	0.947383   	0.908627   	0.0702657  	0.0703255  	0.801283   	0.924085   	0.0730619  	0.0730562  	0.878487   	0.951782   	0.0766236  	0.0766109  	1.14052    	0.938299   	0.0713589  	0.0712633  	0.916842   	0.908758   	0.0760411  	0.0760064  	0.986704   	0.862179   	0.0689354  	0.0689985  	0.904991   	1.13657    	0.0741835  	0.0741502  	1.06441    	0.919459   	0.0718887  	0.0717987  	0.951365   	0.950237   	0.0727593  	0.0728136  	1.04241    	0.773305   	0.0695298  	0.0695096  	1.0205     	0.883851   	0.0715829  	0.0714536  	0.797465   	0.852841   	0.0818643  	0.0818537  	8.49042	8.18474	8.65587	8.36158	8.63426	8.64323	8.56802	9.05155	7.93366	8.51498	8.5752	8.33678	8.11884	7.79029	9.10607	-9.86645e-06	2.85632e-06	1          	0.873957   	0.13658    	0.135978   	0.126586   	0.126586   	1.85014	
5.5e-11    	6.2        	-0.00054247	-0.00023244	0.999982   	0.861061   	0.000372606	0.000114817	0.999984   	0.861035   	0.000149347	0.000315179	0.999985   	0.861067   	0.000422331	-0.000124527	0.999986   	0.861119   	-0.000141983	-0.000246149	0.999984   	0.861105   	-0.000269338	0.000425127	0.999986   	0.86102    	0.000139026	0.000129309	0.999985   	0.861102   	0.00026261 	0.000245389	0.999986   	0.861039   	-0.000352161	-0.000338908	0.999984   	0.861145   	0.00035874 	-0.000501542	0.999985   	0.861053   	-0.00029306	0.000146963	0.999986   	0.861044   	-6.20286e-06	0.000398023	0.999984   	0.861092   	-9.96222e-05	0.000412959	0.999987   	0.861078   	-0.000235818	0.000173465	0.999986   	0.861052   	0.000370391	-0.000568847	0.999985   	0.861097   	1.29443    	1.53142    	0.0933375  	0.0933545  	1.23688    	1.22576    	0.0935348  	0.0935129  	1.26271    	1.17635    	0.0877306  	0.0876716  	1.15267    	1.07774    	0.0847252  	0.0847273  	1.22107    	1.29049    	0.0872729  	0.087366   	1.15971    	1.09042    	0.0959085  	0.0958762  	1.0594     	1.27315    	0.0905543  	0.0906241  	1.23139    	1.00921    	0.0858372  	0.0858554  	1.25002    	1.2987     	0.0901885  	0.0903514  	1.2405     	1.04188    	0.0932039  	0.0933693  	1.18525    	1.1095     	0.0935659  	0.0934233  	1.21278    	1.33574    	0.0846328  	0.0845688  	1.01287    	1.10621    	0.0882355  	0.0881666  	1.24452    	0.977368   	0.0951988  	0.0951157  	1.17352    	1.12202    	0.0829368  	0.0828571  	10.0628	9.40073	9.64971	9.3882	9.47152	9.87962	9.67451	9.15475	9.66351	9.5758	9.87124	9.05913	9.39634	9.87067	9.00025	9.02823e-06	2.323e-05  	1          	0.861061   	0.132181   	0.130587   	0.164332   	0.164329   	1.88775	
6e-11      	6          	-0.000414039	-0.000928855	0.99998    	0.846323   	-0.00043814	-5.74749e-05	0.99998    	0.846284   	0.000808408	0.000960409	0.99998    	0.846287   	0.000579682	-0.000503975	0.999981   	0.846314   	-0.000433142	-0.000171919	0.999981   	0.846301   	-0.000116869	0.000693638	0.999981   	0.84627    	-0.000600871	0.00036144 	0.999982   	0.846377   	2.77551e-05	-0.000443818	0.999981   	0.846294   	0.000522507	6.72128e-05	0.999981   	0.846232   	-0.000794077	-0.000338952	0.999982   	0.846259   	0.000285   	0.000357647	0.999983   	0.846226   	0.000513872	7.37103e-05	0.999983   	0.846346   	-0.000394027	0.000262078	0.999981   	0.846271   	0.000510434	-0.000700386	0.999979   	0.846271   	-0.000175274	0.000380895	0.999984   	0.846335   	1.50531    	1.45679    	0.109898   	0.109869   	1.45385    	1.68075    	0.104758   	0.104675   	1.55697    	1.39366    	0.111025   	0.110928   	1.46176    	1.47431    	0.113156   	0.113238   	1.36835    	1.47054    	0.11229    	0.112172   	1.4351     	1.41724    	0.107923   	0.107878   	1.60537    	1.10501    	0.111452   	0.111437   	1.55066    	1.31419    	0.115405   	0.115309   	1.5432     	1.36528    	0.109043   	0.109207   	1.39763    	1.25975    	0.120201   	0.120231   	1.36269    	1.21033    	0.104447   	0.104482   	1.32055    	1.34912    	0.120738   	0.12063    	1.53556    	1.34645    	0.111905   	0.111916   	1.67119    	1.54652    	0.11683    	0.117141   	1.28946    	1.16934    	0.104601   	0.104664   	10.3892	10.2918	10.5796	10.9615	10.8595	10.3249	10.86	11.1394	10.1835	11.9911	10.858	11.3127	10.932	11.553	10.6938	-7.87941e-06	7.74384e-07	1          	0.846277   	0.132139   	0.147269   	0.208866   	0.208866   	1.79143	
6.5e-11    	5.8        	0.00114971 	0.000139007	0.999977   	0.829358   	-0.000606397	-0.000180589	0.999978   	0.829384   	-0.000551291	2.3429e-05 	0.999976   	0.829386   	-2.82421e-05	-0.000189098	0.999977   	0.829429   	0.000199025	-0.000421435	0.999977   	0.829375   	-0.000197416	0.000572495	0.999979   	0.829416   	-0.000526978	0.000282325	0.999974   	0.829359   	6.73578e-05	-0.0010182 	0.999975   	0.829396   	0.000523804	0.000726879	0.999972   	0.829411   	-0.000633157	-0.000332998	0.999973   	0.829428   	0.00126201 	0.0001094  	0.999972   	0.829362   	-0.000612851	0.000346772	0.999978   	0.829364   	0.000332717	-1.80495e-05	0.999975   	0.829357   	2.16704e-05	-0.000287313	0.999977   	0.829416   	-0.000375698	0.000414093	0.999975   	0.829373   	1.68175    	1.65935    	0.138641   	0.138803   	1.59139    	1.69164    	0.127687   	0.127593   	1.70827    	1.8121     	0.146454   	0.146671   	1.74452    	1.62143    	0.145736   	0.145784   	1.58048    	1.8752     	0.131231   	0.131212   	1.48998    	1.55805    	0.129421   	0.129617   	1.78273    	1.97796    	0.136268   	0.135812   	1.67316    	1.89539    	0.130991   	0.131108   	2.04146    	2.10771    	0.133276   	0.13325    	1.95654    	2.01014    	0.129777   	0.129611   	2.08338    	1.91151    	0.14947    	0.149311   	1.6364     	1.54862    	0.136957   	0.136584   	1.6123     	2.00961    	0.14337    	0.143383   	1.65037    	1.76557    	0.135047   	0.13474    	1.84995    	1.88752    	0.137823   	0.138033   	12.2005	11.7967	12.5004	12.3814	11.997	11.2247	12.4006	11.4261	12.1387	11.6383	13.4698	12.4917	12.9704	12.3144	13.1047	1.61012e-06	1.11251e-05	1          	0.829368   	0.136546   	0.136655   	0.248232   	0.24823    	1.68795	
7e-11      	5.6        	0.000355832	0.00121443 	0.999964   	0.810327   	-0.00018435	-0.000700289	0.999969   	0.810349   	-9.17364e-05	-0.000530716	0.999963   	0.810126   	-0.00147282	0.00018234 	0.999968   	0.810181   	0.000529386	-6.06765e-05	0.999969   	0.810364   	0.000932608	-0.000104409	0.999966   	0.810171   	7.59969e-05	0.000265038	0.999968   	0.810259   	0.000249398	-0.000951845	0.999968   	0.81019    	-0.000295119	0.000843159	0.99997    	0.810321   	-0.000321324	-0.0011122 	0.999963   	0.810426   	-0.000574575	0.00058679 	0.999969   	0.810068   	0.000808333	0.000446954	0.999967   	0.810348   	-0.000430635	-0.00043321	0.99997    	0.810276   	0.000994061	0.000470193	0.99997    	0.810219   	-0.000511739	8.63727e-05	0.999972   	0.81027    	2.25243    	2.68393    	0.170253   	0.170223   	2.00998    	2.3768     	0.174859   	0.174936   	2.16228    	3.0929     	0.170444   	0.169878   	2.13238    	2.18693    	0.173842   	0.173924   	2.14177    	2.2529     	0.1812     	0.181562   	2.26474    	2.44572    	0.176186   	0.176263   	1.90668    	2.55832    	0.172035   	0.172103   	2.1308     	2.32413    	0.16066    	0.160742   	2.00035    	2.2405     	0.161519   	0.161909   	2.45248    	2.65954    	0.177037   	0.176422   	1.89811    	2.44819    	0.1683     	0.16819    	2.52876    	2.04524    	0.179149   	0.178989   	1.91313    	2.24103    	0.170708   	0.17051    	1.88562    	2.32087    	0.1749     	0.175151   	1.9609     	2.04104    	0.155044   	0.155139   	13.5045	14.6919	14.4801	14.2295	15.9406	14.4111	13.5774	13.315	12.8398	15.6143	13.9989	15.0296	13.5399	14.1534	13.0516	4.32118e-06	1.3701e-05 	1          	0.810234   	0.14252    	0.144623   	0.292134   	0.292129   	1.37249	
7.5e-11    	5.4        	0.000143505	0.000547474	0.999954   	0.788725   	0.00036891 	-0.000856112	0.999955   	0.788949   	-0.000539573	0.000230432	0.999956   	0.788843   	0.000871983	0.000655445	0.999954   	0.788751   	-0.00069914	-0.00160511	0.999955   	0.788874   	-0.00025227	0.000985911	0.999952   	0.788847   	-0.00102519	-0.000906727	0.999956   	0.788961   	0.000462834	0.00122735 	0.999954   	0.788744   	0.000626912	-0.000311756	0.999958   	0.788661   	0.000303553	-0.000236945	0.999963   	0.788898   	0.000312221	0.000563746	0.999952   	0.788728   	-0.000615741	-0.000269902	0.999953   	0.788802   	0.000221987	-0.000178756	0.999945   	0.788959   	-0.000619443	-0.00014733	0.999954   	0.788701   	0.000386978	0.000432927	0.999956   	0.788864   	3.29127    	2.77356    	0.221899   	0.221383   	3.36188    	2.62871    	0.210925   	0.211254   	3.22395    	2.6586     	0.210399   	0.209976   	2.9949     	3.02905    	0.223494   	0.225211   	3.20457    	2.5637     	0.217395   	0.2169     	3.06935    	3.32858    	0.225425   	0.224991   	2.67795    	3.04247    	0.200906   	0.200986   	2.89204    	3.16819    	0.219735   	0.219502   	2.56522    	3.02241    	0.222338   	0.222437   	2.67982    	2.30964    	0.206518   	0.206853   	3.21721    	3.22124    	0.210198   	0.210333   	2.90125    	3.34757    	0.216796   	0.216119   	4.84339    	2.5598     	0.239764   	0.239166   	3.36554    	2.80176    	0.221212   	0.220302   	3.64891    	2.22795    	0.213075   	0.212318   	16.0168	17.1711	16.2629	16.3481	16.6008	17.8555	15.5303	16.7042	17.3074	15.6285	16.8554	16.5101	18.5327	16.0128	17.5613	-3.55244e-06	8.65423e-06	1          	0.788785   	0.14099    	0.140335   	0.34936    	0.34936    	1.32362	
8e-11      	5.2        	-0.000889886	0.00198647 	0.999924   	0.764956   	0.000771638	-0.00249902	0.999924   	0.765124   	0.000150969	0.000485002	0.999918   	0.765069   	-0.000103432	2.95226e-05	0.999944   	0.765149   	0.00180613 	-0.00123003	0.999947   	0.76524    	-0.00173281	0.0012282  	0.999928   	0.764782   	-0.000377118	-0.00262632	0.999929   	0.765308   	0.000737084	-7.6383e-05	0.999937   	0.76485    	-0.000285563	0.00263371 	0.999938   	0.765151   	1.99885e-05	0.00170299 	0.999947   	0.76513    	-0.0011352 	0.0016912  	0.999933   	0.765092   	0.0010724  	-0.00329682	0.999926   	0.765109   	0.000319448	0.00147584 	0.999937   	0.764922   	0.000105371	0.000599998	0.99993    	0.765214   	-0.000381681	-0.00216512	0.999938   	0.765052   	4.28099    	4.93435    	0.266886   	0.267268   	4.81913    	4.28883    	0.268664   	0.26794    	6.04226    	4.21841    	0.280406   	0.279659   	3.66569    	3.40211    	0.295473   	0.29529    	3.15679    	3.18804    	0.290727   	0.290952   	4.17228    	4.59503    	0.291515   	0.291623   	3.9491     	4.48594    	0.294522   	0.293637   	3.4391     	4.48104    	0.302329   	0.302795   	4.30878    	3.0815     	0.314026   	0.314235   	2.85059    	3.65217    	0.241806   	0.240681   	3.43974    	4.66994    	0.266561   	0.266921   	3.22904    	5.37369    	0.272009   	0.273609   	4.07491    	3.64478    	0.288457   	0.289151   	4.74362    	4.08877    	0.27207    	0.275014   	3.44616    	4.05869    	0.294104   	0.295111   	18.7169	18.7319	20.5335	21.6942	19.8741	19.8517	21.0909	21.0038	21.8048	17.7855	18.4975	18.2593	19.3908	19.657	21.2451	5.22478e-06	-4.51371e-06	1          	0.765026   	0.138467   	0.14858    	0.38654    	0.386535   	1.28447	
8.5e-11    	5          	0.00278331 	-0.00300043	0.999901   	0.739293   	0.000400596	-0.00106466	0.999902   	0.739027   	-0.0031678 	0.00410533 	0.999886   	0.738965   	-0.000373371	-0.0024164 	0.999872   	0.739031   	0.000218198	-0.000649634	0.999919   	0.739244   	7.12825e-05	0.00306361 	0.999895   	0.739305   	6.02881e-05	-0.000492102	0.999899   	0.739266   	0.00129389 	0.000818712	0.999911   	0.739193   	-0.00145879	-0.000277774	0.999891   	0.739101   	-0.000562164	0.00235158 	0.999901   	0.739017   	-0.0021019 	-5.23101e-05	0.999901   	0.739277   	0.00279946 	-0.00219506	0.999893   	0.739301   	-0.000821779	-0.000238638	0.999916   	0.739053   	0.00149135 	-0.00154755	0.999907   	0.7393     	-0.000608437	0.00196601 	0.999908   	0.739123   	5.53384    	5.08037    	0.317739   	0.31773    	5.46642    	5.9047     	0.327786   	0.325389   	4.91918    	6.88838    	0.322962   	0.322772   	6.69434    	7.98375    	0.339606   	0.337242   	4.37065    	5.07902    	0.382913   	0.380154   	5.42373    	6.33259    	0.344175   	0.346881   	4.09996    	7.70417    	0.385485   	0.385763   	4.9257     	5.39831    	0.414416   	0.412132   	5.97085    	6.66353    	0.384127   	0.380744   	5.64216    	5.59975    	0.343869   	0.344797   	4.64815    	6.66576    	0.399138   	0.398164   	4.71058    	7.09995    	0.340331   	0.340133   	4.55516    	5.20939    	0.400981   	0.401945   	5.43903    	5.22585    	0.329272   	0.330096   	3.83935    	6.73146    	0.326725   	0.325634   	19.7005	20.6497	21.5044	22.1132	24.1519	23.1981	25.2134	26.2833	26.1146	22.1992	25.2705	22.3967	25.8282	21.2504	21.1283	2.30492e-06	2.53419e-05	1          	0.739093   	0.144935   	0.139561   	0.445161   	0.445169   	1.61438	
9e-11      	4.8        	0.00517595 	-0.0057546 	0.999832   	0.71127    	-0.00651445	0.00351953 	0.999849   	0.711559   	0.00127962 	0.00220523 	0.999821   	0.710954   	-0.000686814	-0.00677368	0.999775   	0.710922   	-0.00914051	0.0044059  	0.999795   	0.711489   	0.00988078 	0.00223    	0.999789   	0.711332   	-0.00937375	0.000854177	0.999826   	0.711543   	0.00455858 	0.00680962 	0.999788   	0.710928   	0.00485086 	-0.00766045	0.999799   	0.71113    	-0.00230043	0.00173889 	0.999846   	0.710994   	0.00407459 	-0.00603528	0.999873   	0.71144    	-0.00177285	0.00427293 	0.999857   	0.711369   	0.00477576 	-0.0034584 	0.999806   	0.710781   	-0.00153184	-0.000543692	0.999827   	0.711436   	-0.00328515	0.00390287 	0.99983    	0.711437   	6.25737    	8.77818    	0.467637   	0.469445   	7.53912    	5.92698    	0.519699   	0.515196   	7.23044    	11.8791    	0.532217   	0.527754   	7.65404    	14.3057    	0.511588   	0.5137     	8.076      	8.61985    	0.457658   	0.455895   	10.0171    	7.33496    	0.504868   	0.507528   	7.76499    	6.31752    	0.461127   	0.461128   	9.25279    	10.177     	0.56562    	0.569554   	8.03485    	9.29403    	0.485655   	0.475979   	6.55501    	9.72433    	0.444599   	0.45386    	5.10484    	5.80383    	0.498068   	0.503988   	6.1617     	8.26596    	0.459554   	0.462245   	11.9402    	7.24568    	0.572048   	0.57521    	9.23883    	9.41616    	0.498316   	0.503887   	8.80067    	8.30358    	0.591695   	0.593506   	27.0105	29.1292	32.6094	28.5971	27.526	29.5831	26.8517	31.1623	28.7718	26.2028	29.2393	25.7332	33.055	29.1863	32.1997	-6.19723e-07	-1.74223e-05	1          	0.711112   	0.148175   	0.142656   	0.481846   	0.481849   	2.26535	
9.5e-11    	4.6        	0.00721969 	-0.0223747 	0.99932    	0.68143    	-0.00838584	0.019735   	0.999434   	0.681924   	0.00116664 	0.00246883 	0.999782   	0.681426   	-0.000232588	0.00158032 	0.999751   	0.681904   	-0.00571537	0.0188786  	0.99949    	0.68204    	0.00593346 	-0.0204868 	0.999275   	0.6808     	-0.00598181	0.0269913  	0.99912    	0.681967   	-0.00590238	-0.0107029 	0.999612   	0.681613   	0.011815   	-0.0162818 	0.99956    	0.681496   	-0.00738443	0.0154759  	0.999623   	0.680952   	0.00772865 	-0.0271791 	0.999147   	0.682282   	-0.000320923	0.0116705  	0.99963    	0.681629   	0.00398905 	-0.0134602 	0.999614   	0.682322   	0.0033073  	-0.0127641 	0.99974    	0.681341   	-0.00735512	0.0263234  	0.999169   	0.681144   	13.5065    	26.8009    	0.567743   	0.576456   	9.77673    	23.8527    	0.679631   	0.709568   	12.209     	9.19096    	0.799918   	0.80317    	9.62001    	15.1258    	0.721524   	0.717775   	12.6709    	18.9086    	0.716498   	0.743771   	12.0395    	37.5258    	0.649249   	0.646031   	9.19458    	40.5533    	0.841389   	0.809021   	8.46083    	22.7794    	0.7604     	0.756978   	9.67593    	14.0649    	0.773478   	0.806456   	15.0179    	7.87534    	0.599126   	0.611285   	12.1067    	33.3309    	0.781166   	0.788706   	7.69843    	22.3968    	0.617272   	0.617504   	7.99776    	20.7191    	0.890152   	0.882529   	11.4391    	5.81106    	0.837996   	0.83648    	14.6682    	30.8802    	0.750016   	0.709646   	31.1876	36.3061	37.9902	37.7811	37.2394	35.2237	40.6106	40.9053	39.3521	34.59	37.3477	33.975	47.0388	41.5372	35.1492	-8.22733e-06	-1.07076e-05	1          	0.681267   	0.151989   	0.141739   	0.572136   	0.572128   	4.90173	
1e-10      	4.4        	0.0339185  	-0.00556045	0.999114   	0.645045   	0.0026909  	0.078152   	0.996195   	0.65572    	-0.0361222 	-0.0729267 	0.995896   	0.653066   	0.0286489  	0.0737936  	0.996218   	0.654733   	-0.0365858 	-0.0126951 	0.998969   	0.645118   	0.00743949 	-0.0617119 	0.997532   	0.652993   	-0.0140689 	0.0496873  	0.998316   	0.650335   	-0.0200926 	-0.0737217 	0.996252   	0.655709   	0.0345624  	0.025042   	0.998758   	0.64646    	-0.0348291 	-0.039464  	0.998014   	0.647619   	0.022882   	-0.0400507 	0.9988     	0.648241   	0.0116088  	0.0783571  	0.996068   	0.656699   	-0.00713982	-0.082255  	0.995907   	0.655953   	0.0373037  	0.0598556  	0.996806   	0.650145   	-0.0303311 	0.023172   	0.999045   	0.647234   	11.7813    	14.5677    	1.96534    	1.97387    	19.4373    	49.4314    	1.32163    	1.85766    	7.82961    	64.2278    	0.988424   	1.16833    	7.0802     	52.962     	1.38344    	2.24267    	13.0192    	12.0177    	3.32979    	3.18597    	13.5163    	35.5232    	1.55347    	1.71009    	10.3833    	21.2619    	1.34289    	1.20399    	17.2024    	59.4558    	1.87086    	2.68266    	11.5133    	18.0408    	1.76347    	1.69547    	10.7818    	43.2402    	1.34066    	1.37516    	5.64546    	6.55817    	1.14879    	1.14047    	11.0839    	62.0221    	1.11593    	1.365      	9.0272     	53.4388    	1.7789     	1.7625     	12.2991    	51.8403    	1.1126     	1.43944    	12.2562    	8.13986    	2.13197    	2.15153    	63.2207	69.5102	51.2543	69.9013	105.275	87.6527	56.705	102.234	52.1861	57.7546	47.6236	56.586	79.6836	61.799	72.0707	5.79302e-07	-2.27791e-06	1          	0.649344   	0.144838   	0.14186    	0.910354   	0.910359   	30.0469	
1.05e-10   	4.2        	-0.00652939	0.0166805  	0.998936   	0.606043   	0.0579271  	0.142751   	0.987495   	0.634463   	-0.0523594 	-0.160575  	0.985228   	0.626411   	0.0578818  	0.174477   	0.982569   	0.632395   	-0.00465135	-0.0545282 	0.997738   	0.607381   	-0.0538422 	-0.123029  	0.990451   	0.627769   	0.0427296  	0.0908405  	0.994627   	0.621165   	-0.0531352 	-0.178796  	0.982071   	0.635568   	0.0119176  	0.0938718  	0.994951   	0.610004   	-0.0257333 	-0.122483  	0.99151    	0.613974   	-0.035446  	-0.0600764 	0.997161   	0.616033   	0.0587202  	0.176103   	0.982335   	0.637315   	-0.056818  	-0.162658  	0.984566   	0.637503   	0.0377535  	0.144905   	0.98828    	0.618848   	0.0212875  	0.0227775  	0.998882   	0.610595   	46.4664    	25.0085    	2.47117    	2.57089    	38.1718    	9.93461    	3.02789    	2.80715    	8.00787    	25.9917    	2.1673     	2.34517    	10.151     	22.6749    	2.08565    	2.02811    	17.917     	42.8198    	2.22049    	2.39774    	30.4026    	10.5382    	2.43836    	2.40462    	16.6737    	9.9743     	1.89727    	2.02385    	13.2084    	20.578     	1.87299    	3.40076    	11.1752    	33.4547    	2.78667    	2.62584    	17.7649    	33.2982    	3.56084    	4.13143    	16.7233    	16.3364    	1.78475    	1.99883    	9.74793    	15.2777    	1.72867    	2.50275    	26.9293    	13.7793    	2.82999    	2.45705    	11.7813    	25.6777    	3.25839    	4.46326    	35.4627    	15.0184    	2.08904    	1.97504    	88.8238	123.912	82.761	74.7473	77.1476	104.319	74.5506	94.5825	78.7472	111.284	77.8601	74.239	116.121	116.206	70.2713	-1.07535e-05	9.45461e-08	1          	0.616358   	0.142701   	0.140753   	0.791401   	0.791392   	23.1141	
1.1e-10    	4          	-0.0990718 	0.0653165  	0.992556   	0.566376   	0.12603    	0.163896   	0.977942   	0.614218   	-0.0352249 	-0.227028  	0.972912   	0.606331   	0.0625803  	0.230957   	0.970523   	0.618284   	0.0727229  	-0.118616  	0.989899   	0.567271   	-0.132875  	-0.125632  	0.982702   	0.601731   	0.137465   	0.0803057  	0.986653   	0.585243   	-0.089369  	-0.216361  	0.971722   	0.622086   	-0.0429722 	0.151333   	0.987256   	0.578245   	0.0206199  	-0.17805   	0.983437   	0.589076   	-0.128938  	-0.0402889 	0.990206   	0.577502   	0.100429   	0.207278   	0.972412   	0.618606   	-0.11263   	-0.188938  	0.974928   	0.615174   	0.00668565 	0.204142   	0.978577   	0.596207   	0.114008   	-0.00966854	0.993033   	0.573604   	17.5368    	8.24904    	2.8502     	2.69532    	25.7347    	9.44487    	2.68499    	2.09006    	15.7288    	11.2692    	3.39572    	4.24752    	12.2919    	21.8321    	2.06443    	2.21902    	15.8538    	9.97599    	1.78928    	1.94424    	25.9713    	7.79906    	1.49497    	1.89367    	32.7009    	10.7412    	3.71109    	4.01829    	21.5902    	18.2814    	2.16294    	2.16843    	11.3025    	9.46145    	2.59536    	2.60159    	11.1243    	15.5723    	3.37998    	3.08051    	29.6516    	14.3961    	3.59461    	2.87007    	39.9919    	16.9095    	2.03218    	2.90961    	36.7549    	9.48545    	2.95254    	3.1259     	12.9731    	12.7445    	3.61686    	3.77689    	18.3434    	8.98055    	4.13405    	3.3655     	90.3806	99.5136	118.551	79.6625	58.9178	54.8627	116.857	84.1302	94.592	124.313	112.33	80.7579	95.9486	127.991	133.349	-1.73837e-05	-1.4061e-05	1          	0.58426    	0.151736   	0.1494     	0.565439   	0.565442   	10.8945	
1.15e-10   	3.8        	-0.150831  	0.11816    	0.981202   	0.531263   	0.157858   	0.15201    	0.975387   	0.572667   	-0.0178817 	-0.250743  	0.967336   	0.597482   	0.0525776  	0.24128    	0.968063   	0.605628   	0.12306    	-0.168451  	0.977493   	0.532811   	-0.172966  	-0.100181  	0.979269   	0.56211    	0.179263   	0.0523024  	0.982018   	0.542582   	-0.0777465 	-0.229319  	0.969474   	0.609255   	-0.0911683 	0.203251   	0.974526   	0.548082   	0.0514689  	-0.234729  	0.970279   	0.568561   	-0.172247  	0.00110856 	0.984656   	0.529899   	0.10261    	0.220856   	0.969307   	0.602831   	-0.13491   	-0.192068  	0.97168    	0.587533   	-0.0177188 	0.247903   	0.968103   	0.590082   	0.171352   	-0.0640002 	0.982856   	0.524618   	5.22256    	11.2758    	3.17965    	3.56184    	15.4053    	7.15547    	6.294      	7.94627    	20.5724    	17.6058    	9.77378    	6.94616    	39.1189    	29.6322    	9.27299    	4.20322    	15.3198    	14.9397    	3.04938    	3.18306    	14.8654    	24.303     	5.34462    	7.64868    	9.44146    	16.916     	6.12363    	8.03844    	23.7378    	30.6673    	8.5491     	3.74693    	13.8976    	7.75017    	2.31724    	2.14811    	9.4613     	16.5419    	11.6306    	9.57243    	10.9371    	12.3614    	22.8776    	22.3724    	10.8015    	30.4719    	6.45979    	3.26842    	10.8482    	17.8629    	3.34627    	4.40357    	10.2135    	25.0968    	7.49129    	5.13847    	8.47093    	6.97405    	5.56691    	5.13929    	100.884	178.776	290.238	280.387	93.0376	146.459	156.613	261.24	72.4892	348.889	638.602	207.652	107.313	222.826	144.109	-1.87957e-05	9.63557e-06	1          	0.552569   	0.140918   	0.139934   	0.4836     	0.483604   	6.35651	
1.2e-10    	3.6        	-0.144196  	0.200197   	0.968142   	0.491127   	0.143685   	0.0808857  	0.985463   	0.540815   	-0.0123241 	-0.246802  	0.968258   	0.573134   	0.0378095  	0.214751   	0.975455   	0.582072   	0.109143   	-0.228802  	0.966219   	0.495473   	-0.145234  	-0.0229966 	0.988244   	0.523021   	0.149918   	-0.0210156 	0.987989   	0.505421   	-0.0594971 	-0.20263   	0.97712    	0.582906   	-0.0801524 	0.251331   	0.96418    	0.51251    	0.0396469  	-0.256548  	0.965225   	0.54282    	-0.159291  	0.0744173  	0.983887   	0.488504   	0.0982116  	0.181178   	0.978272   	0.571024   	-0.120867  	-0.130406  	0.983528   	0.56194    	-0.0138122 	0.259795   	0.964819   	0.555728   	0.156866   	-0.146252  	0.975596   	0.486252   	19.0648    	28.0441    	5.83411    	5.44947    	15.7587    	33.3624    	10.6923    	7.51158    	40.5662    	7.81419    	8.6081     	7.21293    	24.9722    	10.8537    	5.33384    	6.88879    	35.2886    	20.6716    	4.73606    	3.79786    	11.403     	38.5755    	7.23476    	6.07546    	9.66821    	16.499     	4.64601    	4.48781    	9.01643    	14.395     	3.49501    	3.68108    	11.9915    	9.06231    	4.39915    	3.8966     	20.3136    	9.18701    	2.84959    	2.25751    	9.43655    	16.9855    	3.72283    	3.17675    	13.2932    	5.21523    	2.61469    	3.13194    	12.763     	23.3521    	5.42037    	5.66621    	37.7566    	9.78181    	4.68185    	4.51424    	18.9459    	38.517     	4.01109    	5.22537    	165.206	304.707	227.882	149.092	130.357	200.207	138.478	99.3017	128.659	92.9257	104.461	71.6674	157.531	132.7	116.658	2.64875e-05	0.000101635	1          	0.521086   	0.148327   	0.149542   	0.463824   	0.463823   	5.31242	
1.25e-10   	3.4        	-0.157514  	0.250183   	0.954982   	0.471083   	0.192008   	0.0351221  	0.979836   	0.498963   	-0.0394592 	-0.247389  	0.967465   	0.547189   	0.0653341  	0.191552   	0.978541   	0.557571   	0.11803    	-0.259602  	0.957857   	0.453497   	-0.181742  	0.0223482  	0.982217   	0.49614    	0.199522   	-0.0767671 	0.976098   	0.461082   	-0.0945084 	-0.172012  	0.97979    	0.54904    	-0.0805679 	0.261121   	0.961418   	0.498027   	0.0376542  	-0.254961  	0.96557    	0.51312    	-0.16939   	0.141237   	0.974622   	0.451693   	0.106499   	0.125143   	0.985684   	0.539359   	-0.139757  	-0.0889246 	0.985585   	0.530183   	-0.00310577	0.252893   	0.966743   	0.536843   	0.172854   	-0.200739  	0.963801   	0.442057   	6.74809    	7.16197    	7.74619    	7.20738    	9.41204    	37.9363    	15.5919    	13.7547    	16.9063    	22.4994    	8.3281     	7.16872    	24.5478    	22.611     	6.39862    	3.60161    	15.2206    	11.1594    	9.4518     	9.6122     	19.4702    	23.2073    	11.4485    	8.4063     	12.9024    	19.2984    	9.55207    	6.74071    	34.2355    	13.351     	3.89046    	3.17091    	15.4116    	8.74735    	15.1559    	12.7039    	20.9187    	10.0692    	16.1864    	11.5727    	10.1926    	20.918     	17.0204    	15.9381    	8.67241    	37.7936    	9.73609    	11.4274    	10.6804    	26.0492    	5.62806    	6.53126    	17.1752    	28.6994    	4.9081     	6.13212    	13.3643    	5.45894    	6.56527    	6.1459     	197.506	375.955	215.656	169.232	234.474	261.581	209.791	90.3078	398.21	400.235	436.191	232.989	142.827	149.871	162.667	4.46803e-05	9.50661e-05	1          	0.489155   	0.149382   	0.161006   	0.544327   	0.544322   	5.91435	
1.3e-10    	3.2        	-0.118254  	0.287952   	0.949932   	0.446473   	0.199277   	-0.0354415 	0.978529   	0.428727   	-0.0669667 	-0.218554  	0.973191   	0.522267   	0.0764351  	0.0979497  	0.9919     	0.564583   	0.127335   	-0.206528  	0.969255   	0.416215   	-0.245562  	0.0765763  	0.965386   	0.403876   	0.209299   	-0.201437  	0.95552    	0.404356   	-0.0906694 	-0.193698  	0.976287   	0.519676   	-0.0788325 	0.365559   	0.926254   	0.496536   	0.013294   	-0.162029  	0.985979   	0.492876   	-0.179847  	0.265465   	0.94614    	0.367957   	0.109266   	-0.029227  	0.991819   	0.524863   	-0.149431  	-0.0392351 	0.987057   	0.454211   	0.067496   	0.152923   	0.983126   	0.512258   	0.0747597  	-0.146283  	0.984693   	0.407713   	7.74801    	9.52507    	6.51157    	8.33588    	9.18396    	18.7965    	21.3311    	19.0468    	13.2191    	5.78744    	2.57911    	2.59283    	10.9773    	10.3238    	20.1346    	17.7934    	10.4938    	19.442     	7.53128    	6.25332    	11.767     	7.94963    	86.2219    	73.5242    	7.24961    	30.4353    	26.164     	18.0018    	16.7952    	15.3658    	3.66803    	3.28444    	9.37755    	73.3697    	10.7529    	34.9128    	6.1173     	42.0752    	80.1067    	91.1303    	12.383     	18.6995    	12.5719    	14.4832    	13.6952    	94.4046    	51.2731    	55.9108    	8.16507    	34.6421    	33.4338    	35.5703    	43.5585    	104.781    	27.544     	18.7633    	39.8916    	26.1181    	10.921     	16.9217    	302.254	206.324	124.113	928.984	320.536	1264.36	347.364	110.345	468.638	1424.64	211.967	1666.13	377.507	1167.8	163.074	-0.001599  	4.04091e-05	0.999998   	0.451122   	0.257732   	0.178818   	16.0783    	16.0746    	154.78	
1.35e-10   	3          	-0.143268  	0.285346   	0.945856   	0.384791   	0.230496   	0.0110087  	0.970951   	0.382733   	-0.0733144 	-0.239949  	0.967506   	0.481749   	0.0505486  	0.0910467  	0.994289   	0.560622   	0.0779762  	-0.143679  	0.983934   	0.394208   	-0.232591  	0.0154103  	0.969986   	0.265016   	0.147541   	-0.196163  	0.968197   	0.358154   	-0.0458022 	-0.248923  	0.967088   	0.454081   	-0.0784094 	0.400702   	0.912024   	0.460495   	0.010328   	-0.161072  	0.984247   	0.366738   	-0.197781  	0.347895   	0.915166   	0.313275   	0.0966546  	-0.0866883 	0.991041   	0.56442    	-0.108819  	-0.00770533	0.993039   	0.372875   	0.0467745  	0.0214514  	0.99752    	0.529245   	0.0464306  	-0.03311   	0.996758   	0.305867   	47.3304    	4.76568    	22.6138    	19.9828    	52.2366    	18.7293    	12.5308    	20.0978    	4.71614    	18.5244    	8.9137     	7.65125    	5.91503    	14.6397    	13.7395    	15.8884    	13.9484    	56.08      	44.6923    	30.0612    	7.72397    	36.7756    	45.6723    	51.6855    	19.0963    	7.80487    	37.912     	32.8079    	5.58105    	10.1777    	9.11834    	9.87579    	21.9157    	16.9158    	49.7673    	54.0451    	63.2238    	9.56268    	21.4138    	19.861     	13.7798    	8.37704    	41.7167    	38.7132    	32.652     	4.99861    	26.5971    	30.8064    	23.6913    	5.85229    	2.63206    	2.54811    	60.7091    	8.51814    	3.79713    	3.49976    	23.921     	8.10787    	16.8145    	16.5892    	358.509	421.325	152.403	271.287	1367.64	667.365	1221.82	87.24	840.756	266.346	1031.07	558.114	94.1491	188.486	200.513	-0.00232794	-4.7592e-05	0.999996   	0.401352   	0.20788    	0.363325   	14.9343    	14.9363    	71.0483	
1.4e-10    	2.8        	-0.00680235	0.0613583  	0.994034   	0.339552   	0.0365024  	-0.0147033 	0.995867   	0.3297     	-0.0244203 	-0.0421343 	0.996913   	0.399123   	0.00233604 	0.0066881  	0.999557   	0.54407    	0.0222868  	-0.0151995 	0.997801   	0.336531   	-0.0512454 	0.00957824 	0.993409   	0.18168    	0.0610939  	0.0159677  	0.993864   	0.273654   	-0.00722056	-0.059634  	0.997049   	0.394238   	-0.036373  	0.0528836  	0.993997   	0.398989   	0.0151737  	-0.0459937 	0.997187   	0.280985   	-0.0752225 	0.0336053  	0.99218    	0.274207   	0.0282015  	0.00489885 	0.999192   	0.514138   	0.00359039 	-0.00303754	0.999092   	0.323513   	0.00196574 	0.028469   	0.999284   	0.53586    	-0.0186526 	-0.0808707 	0.993624   	0.207316   	59.5739    	38.876     	6.6876     	4.86339    	68.6188    	14.3475    	1.68514    	4.16462    	6.07917    	67.2183    	13.2568    	18.8078    	6.84542    	19.6502    	0.693799   	0.618532   	17.0685    	30.8606    	15.4048    	17.6888    	30.4113    	6.38237    	4.84472    	4.5304     	20.5602    	53.9651    	12.6018    	17.35      	7.64811    	31.852     	0.763206   	1.59509    	12.3437    	125.584    	2.61072    	3.41146    	9.03148    	21.1473    	4.09158    	5.69553    	26.0606    	51.0475    	1.52097    	4.80146    	10.6171    	12.2094    	0.694116   	0.83881    	11.9013    	8.46083    	1.29997    	1.38886    	8.96301    	10.1767    	5.63919    	5.69096    	17.857     	10.0873    	15.7508    	16.0748    	215.208	18.7913	155.84	107.216	188.366	103.194	148.739	33.2801	125.456	27.468	26.043	45.8294	18.8417	245.131	200.734	-0.000567307	-0.000778184	0.999999   	0.354387   	0.172704   	0.208453   	13.7543    	13.7556    	29.5438	
1.45e-10   	2.6        	0.0178885  	0.00300689 	0.999302   	0.308934   	-0.00694569	0.000751417	0.999442   	0.304577   	-0.00891109	-0.00298513	0.999654   	0.377937   	-0.00233899	0.00401961 	0.9999     	0.534739   	-0.00569114	4.61723e-05	0.999583   	0.304184   	0.0207937  	-0.0145857 	0.997707   	0.150723   	0.0123435  	0.00335637 	0.998861   	0.231209   	0.000175862	-0.00276998	0.999693   	0.37716    	-0.00787776	0.000686335	0.99974    	0.381417   	0.00697782 	-0.00849898	0.999216   	0.254428   	-0.01902   	-0.00451048	0.99883    	0.233483   	0.00476413 	0.00638543 	0.999794   	0.504513   	-0.00572145	-0.00283779	0.999444   	0.301468   	0.0040582  	0.00218387 	0.999886   	0.534408   	-0.00475621	-0.00162923	0.997684   	0.155912   	4.1756     	6.87892    	0.909797   	0.977395   	3.72275    	6.91628    	0.365909   	0.363739   	5.21556    	4.02543    	0.467887   	0.458047   	2.43339    	3.05931    	0.252077   	0.250958   	3.27925    	4.69965    	0.359568   	0.363167   	3.62909    	6.0158     	0.532346   	0.550208   	4.04014    	8.15475    	0.723875   	0.750522   	4.4399     	4.83991    	0.345168   	0.347076   	3.38508    	3.7814     	0.312628   	0.319796   	4.304      	5.69842    	1.23338    	1.19804    	5.45931    	6.13074    	0.909759   	0.983025   	5.24546    	4.2806     	1.13951    	1.13337    	5.19724    	5.26883    	0.371521   	0.370235   	3.83453    	2.5258     	0.263645   	0.264235   	6.33227    	5.75261    	0.960307   	0.984351   	13.3402	9.19692	14.718	9.49014	7.9076	7.69571	9.7204	10.3649	9.26449	22.6457	12.1283	25.1616	9.48842	12.2287	14.3516	-9.42986e-05	1.34332e-05	0.999999   	0.33016    	0.156667   	0.147472   	0.766614   	0.766614   	6.33365	
1.5e-10    	2.4        	0.000540938	-0.00253021	0.999702   	0.288867   	0.000615879	0.00337978 	0.99972    	0.28694    	-0.00125729	-0.000698093	0.999839   	0.363483   	0.000326572	0.000721301	0.999936   	0.524011   	0.00217209 	-0.00379309	0.999672   	0.286254   	-0.00704001	0.00576433 	0.998525   	0.128523   	0.000932965	-0.00575498	0.999433   	0.210392   	-7.49497e-05	0.000798225	0.999808   	0.36243    	-0.000479764	0.00246587 	0.999793   	0.366115   	0.00236718 	-0.00100745	0.999508   	0.234785   	0.00467245 	0.00335919 	0.999452   	0.210915   	-0.002918  	-0.000831383	0.999889   	0.494413   	0.00454825 	-0.0033086 	0.99962    	0.284683   	-0.00330667	0.000872324	0.999908   	0.524166   	0.0034624  	0.00324618 	0.998243   	0.13097    	2.38696    	2.9057     	0.274009   	0.276493   	2.61873    	2.23279    	0.303281   	0.305147   	2.52177    	2.00741    	0.23803    	0.236581   	2.02119    	1.7666     	0.209486   	0.209493   	3.54625    	2.06221    	0.239053   	0.239656   	3.23464    	1.86803    	0.269763   	0.276323   	2.39466    	2.8429     	0.298323   	0.30067    	2.24266    	3.16905    	0.230856   	0.231981   	2.50154    	3.37871    	0.225097   	0.227679   	3.10261    	2.69562    	0.27191    	0.275563   	2.16857    	2.91338    	0.240206   	0.239818   	3.18078    	2.38652    	0.300309   	0.301004   	2.97032    	3.37896    	0.285717   	0.285181   	2.41919    	2.64914    	0.211024   	0.211008   	3.16896    	3.28581    	0.374029   	0.384358   	5.88012	5.63393	5.54288	5.85497	4.95055	5.00302	5.13674	5.68854	5.02513	5.03691	4.81582	6.37078	5.7128	6.74393	6.05524	-3.16851e-05	3.01607e-07	0.999999   	0.313031   	0.139262   	0.14176    	0.241763   	0.241764   	2.5284	
1.55e-10   	2.2        	-0.00442653	-0.00108061	0.999712   	0.272958   	-2.03806e-05	-0.000822199	0.999711   	0.271996   	0.00368527 	0.00162039 	0.999825   	0.348827   	-0.000803111	0.00152333 	0.999926   	0.511757   	0.00246282 	0.00166909 	0.999724   	0.270664   	-0.00283689	-0.0108817 	0.997951   	0.111322   	2.73926e-05	0.00342854 	0.999386   	0.193382   	-0.00150558	-0.00238911	0.999791   	0.348293   	0.00148155 	0.000257039	0.999849   	0.352015   	-0.0021854 	0.00257244 	0.999493   	0.219009   	-0.00262199	-0.00231486	0.999374   	0.193649   	0.00214336 	-1.97026e-05	0.999912   	0.481687   	-0.00135295	0.00672983 	0.999668   	0.269404   	0.000403463	-0.00139984	0.999923   	0.512069   	0.00129597 	-0.0102861 	0.998046   	0.11261    	2.06509    	2.38351    	0.214883   	0.213606   	2.44478    	2.15389    	0.225849   	0.226606   	2.11696    	2.24582    	0.190585   	0.192053   	2.33715    	1.73253    	0.194765   	0.195062   	2.24733    	2.0329     	0.205224   	0.206466   	2.98173    	2.33549    	0.230065   	0.244979   	2.39795    	2.49011    	0.211537   	0.211545   	2.58916    	2.76625    	0.221901   	0.222876   	2.05702    	1.93195    	0.192367   	0.191723   	2.52725    	2.62619    	0.451962   	0.447751   	2.33892    	2.65796    	0.240088   	0.241148   	2.1205     	2.16986    	0.405743   	0.403641   	2.54721    	2.26179    	0.195849   	0.196482   	2.42543    	1.87576    	0.178985   	0.178577   	3.14176    	2.0356     	0.250787   	0.250895   	4.21482	4.14818	4.06971	4.66824	4.29309	3.70266	3.97519	4.72109	4.32677	5.94276	4.01851	6.25731	3.9709	4.29653	4.05462	6.93222e-06	7.86617e-06	0.999999   	0.297881   	0.130849   	0.135928   	0.181784   	0.18178    	1.71456	
1.6e-10    	2          	0.000205335	-0.00340521	0.999697   	0.257956   	-0.00122261	0.00427638 	0.99969    	0.257233   	0.000616979	-0.00077662	0.999791   	0.33368    	0.00150416 	0.000179368	0.999908   	0.497565   	0.00159556 	0.00028294 	0.999606   	0.255793   	-0.0124109 	-0.00257554	0.997388   	0.0958072  	0.00568797 	-0.00188251	0.999299   	0.178412   	-0.00258949	0.00223377 	0.999822   	0.333022   	-0.000511597	-0.00112596	0.999813   	0.337653   	0.00180983 	0.00758276 	0.999469   	0.199816   	0.00675575 	-0.00263096	0.999301   	0.178215   	-0.0032917 	-0.00206336	0.999904   	0.471175   	0.00322795 	-0.000518456	0.999689   	0.254641   	0.000987834	0.00132861 	0.999925   	0.498095   	-0.0138052 	-0.00683969	0.997512   	0.0964941  	2.22164    	2.0225     	0.205267   	0.204953   	2.46099    	1.80116    	0.205412   	0.205462   	2.37253    	2.60868    	0.226445   	0.227806   	2.50837    	2.34589    	0.179042   	0.179121   	2.85636    	2.65716    	0.211985   	0.21051    	2.51901    	2.48903    	0.217943   	0.225162   	2.31323    	2.36567    	0.215457   	0.218951   	2.15122    	1.96181    	0.213006   	0.213879   	2.51864    	2.03847    	0.188145   	0.188029   	2.36377    	1.927      	0.42679    	0.427373   	2.55626    	2.03136    	0.196231   	0.193842   	2.15631    	2.04887    	0.45407    	0.454851   	2.01156    	2.25306    	0.231529   	0.233266   	1.84359    	2.10422    	0.182479   	0.181752   	2.31002    	2.4289     	0.218026   	0.217606   	3.82582	3.7872	4.37047	3.83694	3.55689	3.40495	3.40876	3.89676	3.80055	4.6471	3.58607	6.11088	3.9382	3.68019	3.60696	-2.35994e-05	-3.64267e-05	0.999999   	0.282937   	0.142625   	0.136658   	0.180959   	0.180957   	1.90907	
1.65e-10   	1.8        	-0.000276709	-0.00352733	0.999607   	0.242104   	0.00044756 	0.00124142 	0.999611   	0.241863   	-0.000230498	0.00181634 	0.999744   	0.317284   	0.000394182	0.00178665 	0.999901   	0.480567   	0.00108365 	0.00298972 	0.999632   	0.240222   	-0.00555055	-0.0205798 	0.996344   	0.0809167  	0.000622444	0.00133532 	0.999218   	0.16324    	-0.000985857	-0.00199606	0.999775   	0.316546   	0.000400814	0.00106813 	0.999797   	0.321941   	-0.0013554 	0.00166608 	0.999305   	0.187594   	-0.00420474	0.000189734	0.999201   	0.16295    	0.00199553 	-0.000759089	0.999887   	0.450905   	0.000620823	0.00380292 	0.999606   	0.238858   	0.000896874	-0.000920181	0.999907   	0.481368   	-0.00711036	-0.00587893	0.996331   	0.0813643  	2.55004    	2.32709    	0.22884    	0.229847   	2.46128    	2.41366    	0.229479   	0.22944    	2.74626    	2.76767    	0.215372   	0.21683    	2.34508    	2.48705    	0.206592   	0.207224   	1.99957    	2.50143    	0.192545   	0.190745   	2.22225    	2.62016    	0.175504   	0.186033   	2.47228    	1.99733    	0.209586   	0.209358   	2.48368    	2.30683    	0.216325   	0.217232   	2.44585    	2.07217    	0.21786    	0.218728   	2.67228    	2.57025    	0.290972   	0.292307   	2.43711    	2.07083    	0.223897   	0.223006   	2.31245    	2.52106    	0.274557   	0.27415    	2.32623    	2.41585    	0.224317   	0.226796   	2.35789    	2.2476     	0.219657   	0.220499   	2.4417     	2.71916    	0.217917   	0.218638   	3.85286	3.84366	3.88438	4.25202	3.46368	3.21527	3.68462	3.77151	3.86086	3.96093	3.37636	4.17629	3.57389	3.57664	3.23327	-3.5902e-05	-4.14478e-05	0.999999   	0.267067   	0.135167   	0.137138   	0.192496   	0.192503   	1.76506	
1.7e-10    	1.6        	0.00200622 	-0.00387116	0.999486   	0.224934   	-0.00341645	0.00623566 	0.999536   	0.224746   	0.000996642	-0.00200051	0.999714   	0.298141   	-0.00305408	0.00288522 	0.999866   	0.460052   	0.000907949	0.00187076 	0.999457   	0.222495   	0.0186098  	-0.0248504 	0.994112   	0.0660239  	-0.00814671	0.0094166  	0.999041   	0.147265   	0.00619002 	-0.003659  	0.999668   	0.297548   	-0.00174381	-0.0012627 	0.999767   	0.303932   	0.00996297 	0.0062616  	0.999023   	0.170253   	0.0092855  	-0.00136102	0.998915   	0.146892   	-0.00725799	-0.00208032	0.999842   	0.430739   	0.002868   	-0.0027165 	0.999489   	0.221007   	-0.00355065	-0.001514  	0.99986    	0.461511   	0.0152067  	0.0192974  	0.994077   	0.065849   	3.07281    	2.41015    	0.231506   	0.231649   	2.54809    	2.22224    	0.251569   	0.255118   	2.71283    	2.70999    	0.260029   	0.259952   	3.41647    	2.2807     	0.318628   	0.318636   	3.00375    	2.74909    	0.247105   	0.246374   	2.6223     	2.48398    	0.255743   	0.279341   	2.29987    	1.80701    	0.248117   	0.247911   	3.35051    	2.48383    	0.261541   	0.261025   	2.00802    	2.56757    	0.219203   	0.218218   	3.05154    	2.58157    	1.36669    	1.36096    	2.37493    	2.45309    	0.217915   	0.217452   	2.55986    	2.61572    	1.48699    	1.48367    	2.97344    	2.30186    	0.25448    	0.252117   	3.11493    	2.93408    	0.329245   	0.33017    	2.77765    	2.51301    	0.260617   	0.290162   	4.02272	3.79373	3.92006	4.23235	3.89088	3.79471	3.50023	3.98887	3.9918	7.06113	3.76988	7.36434	3.53177	4.91229	3.57833	1.99877e-05	-1.85536e-05	0.999999   	0.249283   	0.147435   	0.140018   	0.253738   	0.253737   	1.72638	
1.75e-10   	1.4        	0.00198184 	-0.0024767 	0.999148   	0.205578   	0.00370595 	-0.00279744	0.999099   	0.205798   	-0.00461817	0.00390817 	0.999421   	0.274328   	0.00384697 	0.000736871	0.999778   	0.434684   	-0.00356695	0.00225316 	0.999014   	0.202569   	-0.0176848 	-0.014418  	0.986855   	0.0499028  	0.00695667 	0.0039414  	0.998167   	0.130062   	0.00292256 	-0.0016892 	0.999424   	0.27457    	-0.00600957	-0.000163962	0.999516   	0.282629   	0.0351953  	0.00483341 	0.998123   	0.156577   	-0.0237133 	0.000824926	0.998209   	0.129202   	-0.0060916 	-0.00219752	0.999783   	0.400375   	0.00704133 	-0.00369131	0.999204   	0.20079    	-0.00435471	0.000620713	0.999784   	0.436864   	0.00716009 	0.00735847 	0.985463   	0.0490631  	4.20706    	3.49707    	0.255844   	0.260933   	4.18155    	3.94139    	0.258959   	0.267406   	5.19457    	3.87388    	0.367901   	0.366991   	4.5021     	4.18891    	0.377149   	0.377101   	5.00906    	3.61469    	0.366815   	0.370742   	2.92641    	4.03455    	0.266509   	0.308762   	2.42705    	4.11884    	0.246305   	0.246008   	5.30373    	3.93981    	0.30899    	0.307884   	4.96477    	3.03698    	0.325691   	0.324867   	4.21653    	2.3274     	0.64508    	0.629641   	3.03612    	2.39731    	0.284307   	0.294306   	3.62266    	3.14455    	0.680926   	0.687446   	3.5225     	3.09999    	0.302454   	0.303649   	5.34251    	3.1333     	0.360755   	0.358772   	4.32877    	3.24413    	0.302859   	0.347384   	4.00415	4.20843	4.69175	4.79306	4.48247	3.84198	3.98225	4.20904	3.94853	5.12633	4.31327	4.85786	4.45126	4.94261	4.06889	-5.07333e-05	-3.81284e-05	0.999998   	0.228626   	0.144425   	0.150178   	0.344802   	0.344803   	1.6863	
1.8e-10    	1.2        	-0.0209678 	0.00900441 	0.998351   	0.182419   	-0.00261002	0.00398445 	0.99778    	0.184375   	0.0193043  	-0.010326  	0.99866    	0.245444   	-0.0046673 	0.0102284  	0.999547   	0.402724   	0.0244663  	-0.00355551	0.99831    	0.178903   	-0.0764121 	-0.104231  	0.956461   	0.0331509  	0.0143631  	0.0361467  	0.996434   	0.110725   	0.0150235  	-0.019862  	0.998413   	0.245572   	-0.0202963 	0.00308182 	0.998969   	0.2581     	0.0123232  	-0.00890801	0.996586   	0.140537   	0.012299   	-0.0111092 	0.996442   	0.109817   	-0.00855353	0.00707716 	0.999444   	0.362683   	0.00846152 	-0.00950818	0.998001   	0.176691   	0.00179922 	0.00429937 	0.999712   	0.405971   	-0.0783569 	-0.00104133	0.956658   	0.0310321  	5.75208    	4.21087    	0.397974   	0.419348   	9.17348    	6.95658    	0.410783   	0.407032   	7.0043     	7.28566    	0.528826   	0.555632   	5.94576    	7.65872    	0.486683   	0.491629   	4.70775    	4.8047     	0.475016   	0.475386   	3.86913    	4.57068    	0.325467   	0.485343   	3.7507     	3.65832    	0.362591   	0.376077   	9.31644    	7.2283     	0.573096   	0.574132   	5.45509    	6.28555    	0.41125    	0.405196   	9.51881    	4.53745    	1.76824    	1.79427    	5.64398    	3.23052    	0.347237   	0.356813   	9.37402    	4.6907     	1.77739    	1.82489    	6.94881    	5.92079    	0.461397   	0.464264   	5.99738    	3.82842    	0.470611   	0.466853   	3.85317    	4.61169    	0.326275   	0.443667   	4.9911	5.31433	5.19575	5.63814	4.92561	4.50332	4.77484	5.35893	4.74217	6.89967	5.26167	6.30798	4.98341	5.25031	4.59601	3.13872e-05	-7.12666e-05	0.999998   	0.204077   	0.145376   	0.14347    	0.543565   	0.54355    	1.71756	
1.85e-10   	1          	-0.0829387 	0.059252   	0.987192   	0.158788   	0.0930372  	0.0313457  	0.990919   	0.160091   	0.00118105 	-0.0735552 	0.990564   	0.204677   	-0.0139742 	0.0531004  	0.996461   	0.357027   	0.0580252  	-0.0931616 	0.986812   	0.151336   	-0.222209  	-0.135903  	0.789876   	0.0198046  	0.0178714  	0.184234   	0.973777   	0.0934586  	-0.0014389 	-0.122233  	0.984588   	0.206126   	-0.00163882	0.0262519  	0.996734   	0.228775   	0.011479   	-0.20635   	0.963589   	0.121789   	-0.0594559 	0.036335   	0.988591   	0.0897276  	0.014519   	0.0724588  	0.995607   	0.315758   	-0.0928183 	-0.0754975 	0.986572   	0.149354   	-0.00478717	0.0847236  	0.993819   	0.364956   	0.492575   	-0.592012  	0.387675   	0.0279833  	11.0344    	30.1925    	0.754287   	1.10883    	15.245     	8.26767    	0.662632   	0.876199   	6.22287    	53.544     	2.09723    	1.57312    	7.22506    	47.6437    	2.07817    	1.51147    	6.00486    	29.1669    	0.739919   	0.978715   	6.23144    	9.24488    	0.589665   	2.60734    	3.70029    	13.354     	0.572792   	1.2305     	7.52955    	63.0772    	2.29788    	1.3206     	9.57411    	23.2258    	0.655369   	0.646853   	13.0391    	34.9466    	0.966128   	3.04478    	7.22446    	8.31553    	0.436705   	0.482501   	10.1225    	24.6944    	2.57242    	1.93544    	7.83062    	22.0966    	0.739408   	0.984984   	9.11379    	63.8196    	1.66029    	1.13192    	8.94771    	21.7086    	0.503876   	14.6609    	7.53449	7.97438	6.70686	8.41773	6.7386	5.35418	8.45675	7.13654	7.17047	9.34509	5.80659	7.37213	7.10709	7.55084	6.74818	9.16311e-05	5.47198e-05	0.999997   	0.173318   	0.149812   	0.141309   	2.10425    	2.10424    	12.7883	
1.9e-10    	0.8        	-0.301907  	0.319784   	0.888364   	0.141243   	0.432674   	0.343823   	0.82753    	0.164842   	-0.146083  	-0.585928  	0.790756   	0.176689   	0.0522325  	0.372555   	0.924305   	0.315354   	0.0838024  	-0.556851  	0.813095   	0.131292   	-0.556886  	-0.799515  	0.149478   	0.0498973  	0.16245    	0.403609   	0.880345   	0.0864706  	-0.137814  	-0.614754  	0.771275   	0.183802   	0.0610981  	0.352565   	0.927664   	0.207127   	-0.178228  	-0.702959  	0.67442    	0.132624   	-0.140495  	0.170445   	0.946825   	0.0690856  	0.117874   	0.31139    	0.940369   	0.268407   	-0.403052  	-0.501565  	0.755626   	0.138028   	0.0217697  	0.350035   	0.934781   	0.322463   	0.688356   	-0.684887  	-0.0541407 	0.0642429  	31.3718    	9.30509    	1.74643    	4.94341    	15.0058    	19.96      	0.97249    	8.16373    	10.4659    	24.1415    	3.80358    	4.99372    	12.4782    	31.6906    	2.49178    	2.57036    	26.1403    	16.4839    	2.19874    	4.60106    	9.32482    	17.9935    	1.16504    	21.8576    	25.442     	5.1162     	1.06082    	2.42335    	8.36913    	25.7635    	3.16324    	7.66798    	28.841     	25.4173    	1.14257    	3.15561    	19.5032    	24.1135    	4.55524    	13.48      	23.879     	4.55848    	1.37694    	1.23059    	6.07017    	29.2659    	4.09855    	2.18106    	13.3406    	13.7059    	6.79303    	4.23325    	16.7326    	18.1523    	2.57059    	1.8156     	33.9223    	5.4439     	3.66348    	20.5683    	11.06	9.26876	7.40504	9.31826	8.18495	10.2035	7.79069	7.94616	12.9599	6.52372	12.5811	12.6186	9.69258	13.1016	6.83022	5.91532e-05	2.62369e-05	0.999995   	0.135023   	0.147197   	0.144734   	3.99809    	3.99811    	35.1832	
1.95e-10   	0.6        	-0.399164  	0.423      	0.80527    	0.164587   	0.612316   	0.300646   	0.723661   	0.162477   	-0.259863  	-0.902388  	0.307089   	0.131138   	0.101733   	0.517895   	0.846998   	0.27695    	0.343022   	-0.809444  	0.466779   	0.113485   	-0.779173  	-0.588135  	0.105152   	0.083001   	0.52015    	0.204361   	0.818307   	0.0870432  	-0.210339  	-0.827418  	0.515198   	0.167919   	-0.0578506 	0.632822   	0.769897   	0.185843   	-0.0123248 	-0.841793  	0.528819   	0.158601   	-0.783348  	0.529158   	0.137155   	0.068854   	0.230923   	0.423324   	0.874855   	0.232408   	-0.738502  	-0.584591  	0.306801   	0.11187    	0.0411592  	0.503204   	0.861553   	0.272384   	0.67216    	-0.680449  	0.239848   	0.105381   	5.10989    	12.7438    	48.249     	28.7139    	13.8527    	17.3923    	3.58346    	3.44211    	9.48841    	34.974     	46.1136    	46.046     	13.0979    	23.795     	3.14568    	6.94517    	4.04789    	9.40533    	9.22686    	9.72079    	19.7949    	9.78684    	6.40933    	9.52586    	9.66333    	7.04652    	4.82796    	7.05448    	8.78155    	8.27407    	4.48665    	4.29618    	5.59151    	6.66148    	11.1052    	10.5222    	7.75498    	4.86504    	27.5128    	9.58922    	4.86397    	7.86374    	36.0411    	3.99942    	6.18215    	7.05998    	3.63342    	4.62376    	7.2706     	14.7058    	14.9652    	11.1558    	6.98185    	13.8764    	10.0543    	8.28401    	8.17675    	8.36162    	21.0226    	4.63712    	18.9644	7.98115	12.258	15.2206	8.61969	6.19129	11.1308	7.55893	8.28979	10.0442	12.7681	14.5905	6.44319	8.75799	15.0804	-1.12995e-05	0.00027467 	0.999991   	0.0988209  	0.148952   	0.14766    	1.55648    	1.55645    	6.85266	
2e-10      	0.4        	-0.317911  	0.571396   	0.748777   	0.157644   	0.646441   	0.293322   	0.69927    	0.13365    	-0.266453  	-0.95071   	-0.120462  	0.137516   	0.177148   	0.6485     	0.736484   	0.221477   	0.182175   	-0.969714  	0.0675737  	0.115469   	-0.827168  	-0.385529  	0.347594   	0.0711915  	0.335035   	-0.0486413 	0.91861    	0.0958908  	-0.207914  	-0.954674  	0.157431   	0.152229   	-0.00769895	0.856436   	0.510851   	0.172348   	-0.0304849 	-0.872218  	0.483233   	0.173422   	-0.550493  	0.586751   	-0.574851  	0.0618045  	0.201599   	0.606533   	0.761987   	0.189042   	-0.680172  	-0.710567  	0.12264    	0.10503    	0.101021   	0.679873   	0.722403   	0.224682   	0.531525   	-0.815418  	0.195914   	0.0947558  	12.8629    	28.3084    	8.56868    	19.1586    	9.10818    	6.27886    	2.53118    	4.20426    	10.5676    	39.8076    	6.74072    	35.9463    	5.70596    	21.2301    	8.38685    	5.15446    	13.2882    	22.3791    	10.5309    	16.3211    	7.51878    	5.33422    	19.7316    	6.44575    	18.9385    	7.64459    	37.4726    	25.5787    	11.6202    	16.361     	34.9066    	10.693     	7.65855    	23.478     	2.95925    	16.9625    	11.6097    	6.14099    	5.25396    	7.71816    	10.1735    	5.33356    	3.22486    	9.91767    	25.5705    	12.6144    	12.4259    	8.40416    	8.21344    	10.149     	6.0247     	3.74512    	10.277     	17.8096    	7.12183    	4.28721    	9.2345     	5.99748    	4.32595    	5.47481    	11.4467	11.1858	16.1915	17.6458	8.05246	13.7425	10.7793	11.4299	8.09461	7.63927	12.1819	8.86508	7.53186	10.0391	17.3616	0.000295667	0.000676821	0.999978   	0.0649823  	0.151126   	0.147186   	0.827218   	0.827111   	2.48547	
2.05e-10   	0.2        	-0.10093   	0.888954   	0.413969   	0.127292   	0.632038   	0.569987   	0.450815   	0.0808186  	-0.220656  	-0.951672  	0.0246555  	0.166862   	0.262215   	0.901407   	0.276134   	0.166428   	-0.028508  	-0.957274  	0.229499   	0.13887    	-0.750651  	-0.324549  	0.288067   	0.0492322  	0.25904    	-0.291952  	0.835966   	0.0739071  	-0.292054  	-0.928281  	0.0740275  	0.140522   	0.117423   	0.968426   	0.19548    	0.154387   	-0.136274  	-0.94305   	0.285076   	0.157595   	-0.329929  	0.762912   	-0.179563  	0.0597201  	0.351016   	0.818056   	0.388552   	0.125969   	-0.541679  	-0.799214  	0.014265   	0.09039    	0.133109   	0.914513   	0.333743   	0.17872    	0.265289   	-0.878607  	0.342078   	0.103498   	27.6254    	12.6349    	24.444     	13.3197    	22.6314    	11.804     	61.6644    	51.5195    	8.49084    	4.45199    	131.681    	7.2547     	7.34516    	14.9382    	144.605    	42.7615    	13.3182    	8.44595    	52.5787    	13.0858    	12.632     	24.926     	38.8121    	10.4923    	10.3425    	31.4155    	61.2831    	27.4251    	9.73061    	30.652     	77.2284    	18.514     	13.3245    	10.4691    	15.1975    	12.9917    	15.1459    	11.5902    	11.5643    	8.86174    	13.0639    	27.0071    	101.447    	26.2996    	8.15308    	33.2563    	130.851    	79.4093    	9.22975    	12.5184    	50.3996    	13.6608    	13.2424    	5.81387    	124.027    	23.5671    	27.0495    	14.3413    	23.4884    	16.4302    	39.1301	7.75221	29.8473	8.83288	29.1274	22.2373	19.4644	69.9606	27.4745	7.77219	17.3446	19.3443	25.2428	8.09942	16.1119	-9.87936e-05	0.000319752	0.999914   	0.0322589  	0.144203   	0.143438   	0.65784    	0.657658   	3.15439	
2.1e-10    	-0         	0.0163252  	0.991685   	-0.0907247 	0.146575   	0.797906   	-0.0494091 	-0.568777  	0.0555344  	-0.291563  	-0.905426  	0.290136   	0.156776   	0.356295   	0.86832    	-0.32738   	0.139527   	-0.0914653 	-0.980708  	0.15002    	0.162034   	-0.644523  	0.633368   	0.39259    	0.0566519  	0.379065   	-0.888491  	-0.207876  	0.0741229  	-0.423295  	-0.824456  	0.358398   	0.120392   	0.133027   	0.973879   	-0.163956  	0.172132   	-0.179656  	-0.961237  	0.192205   	0.171108   	-0.201253  	0.967747   	0.0969488  	0.100997   	0.553204   	0.692006   	-0.443103  	0.0945223  	-0.710544  	-0.433586  	0.519306   	0.0726347  	0.234782   	0.937206   	-0.240202  	0.165097   	0.0931175  	-0.991554  	0.00868319 	0.124511   	10.8536    	6.5591     	8.03254    	6.78942    	7.07851    	7.18021    	5.369      	7.88982    	20.7984    	4.6154     	8.27691    	4.51167    	14.626     	12.1164    	8.03214    	10.6294    	14.6679    	4.93178    	5.60365    	4.38664    	4.82797    	10.9596    	5.12048    	10.9596    	6.63761    	11.6434    	7.65337    	12.2769    	10.2237    	20.775     	8.18359    	20.3681    	14.7074    	6.53933    	7.69802    	6.77899    	15.1587    	6.86367    	6.64388    	7.29976    	7.17289    	14.908     	8.55152    	15.9322    	9.24303    	20.153     	7.7072     	19.5914    	6.71967    	15.3497    	6.59078    	7.84443    	15.8108    	5.8882     	11.0512    	6.77506    	7.56386    	9.21665    	7.61626    	10.6021    	11.5228	8.14566	5.89581	10.4569	9.97316	5.60461	6.76791	8.1532	9.02979	7.90847	9.27899	11.5608	13.1608	6.5545	12.7585	-0.0112991 	-0.00489247	0.0464452  	0.000525097	0.149319   	0.137997   	0.557418   	0.405396   	2.49506	
