#----------------------------------------------------------------------------------------------------------------------------------------------------------
# Output file for vampire simulation
#   time       : 2025-05-27 21:43:22     process id : 278063
#   hostname   : thor8.psi.ch
#   path       : /scratch/dossan_f/Na2BaMn(PO4)2/vampire_tripleUC_15mat_J2Ja_small_k0.035_Jnn0.11_Bc
#   version    : 6.0.0
#   githash    : 4c9651daecc86c3e6b6df0c8055fcd9e89fd900c
#----------------------------------------------------------------------------------------------------------------------------------------------------------
1e-11      	8          	0.00043843 	0.000866627	0.999227   	0.934206   	0.000100283	5.47524e-05	0.999996   	0.934843   	-0.000334558	-0.000485248	0.999921   	0.934782   	3.10845e-05	0.000866686	0.999702   	0.934399   	5.02167e-05	-0.000507428	0.999949   	0.935109   	-2.09313e-05	0.000128529	0.9996     	0.93427    	-0.00010232	-0.00040749	0.999985   	0.934933   	-0.000251046	-0.000749542	0.999894   	0.93463    	0.000462552	0.0015473  	0.999279   	0.93426    	0.000104454	-0.000476569	0.999936   	0.934981   	-1.47628e-05	0.000607697	0.999395   	0.934202   	3.75157e-05	0.000446178	0.999952   	0.934654   	-0.000381404	-0.000481606	0.999832   	0.934348   	0.000164049	0.000913656	0.9995     	0.934337   	3.82792e-05	-0.000267078	0.999969   	0.935094   	0.965895   	3.20588    	128.94     	102.118    	0.359534   	0.37964    	48.5089    	48.4766    	1.10287    	3.3039     	49.8395    	46.5676    	0.503331   	2.77081    	92.2896    	83.8475    	0.383121   	3.73708    	30.6446    	28.4949    	0.400091   	0.497031   	104.735    	99.2878    	0.401228   	1.07993    	38.0582    	37.5551    	1.13176    	2.5756     	67.3294    	63.4957    	0.92914    	5.77573    	121.22     	93.7209    	0.65894    	3.51322    	38.8927    	36.1702    	0.618807   	1.43578    	119.234    	104.594    	0.487957   	1.01489    	65.8654    	64.3442    	0.926159   	0.727688   	90.3922    	87.8684    	0.622366   	4.10265    	105.97     	89.7012    	0.477616   	2.15351    	31.0818    	29.8589    	23224.4	4364.52	4569.88	13842.8	1525.36	16984.4	2567.19	8134.12	21176.1	2757.81	20717.3	7850.44	13400.3	17269.2	1609.59	3.82474e-06	1.8192e-06 	1          	0.934553   	0.113408   	0.113658   	1070.7     	1070.7     	135693	
1.5e-11    	7.8        	0.000145852	0.000355666	0.999996   	0.931745   	-0.000198339	-0.000168605	0.999996   	0.931732   	-3.90916e-05	-0.000107394	0.999996   	0.931737   	0.000202207	-1.43978e-05	0.999996   	0.931723   	-5.18627e-05	-2.47912e-05	0.999996   	0.93172    	-0.000133692	2.71862e-05	0.999996   	0.931731   	0.000106154	5.9823e-06 	0.999996   	0.931743   	-1.90523e-05	-0.000197261	0.999996   	0.93171    	-2.02998e-05	0.000132039	0.999996   	0.931746   	0.000305643	-0.000144613	0.999996   	0.931759   	-0.000166071	6.03824e-05	0.999996   	0.931728   	-0.000107195	9.79898e-05	0.999996   	0.931742   	-3.17825e-05	-9.71791e-06	0.999996   	0.931735   	7.03776e-05	0.000116481	0.999996   	0.931748   	-1.84746e-05	-3.34739e-05	0.999996   	0.931736   	0.408897   	0.443723   	0.0234209  	0.0234111  	0.429826   	0.398847   	0.024992   	0.0249829  	0.437129   	0.393437   	0.0233266  	0.0233273  	0.383541   	0.441888   	0.0244891  	0.0244927  	0.422562   	0.402571   	0.0227335  	0.0227251  	0.423949   	0.434254   	0.0232987  	0.0232972  	0.404461   	0.410824   	0.021736   	0.0217325  	0.370429   	0.431503   	0.0232575  	0.0232477  	0.408191   	0.39527    	0.0230071  	0.0229891  	0.452583   	0.42406    	0.022077   	0.0220688  	0.421663   	0.406815   	0.0220179  	0.0219987  	0.387816   	0.426523   	0.0226058  	0.0225891  	0.453633   	0.401991   	0.0227443  	0.0227409  	0.411646   	0.437656   	0.0215902  	0.0215852  	0.374334   	0.433302   	0.0214872  	0.0214824  	5.03244	5.39667	5.06276	5.2353	4.96299	5.10975	4.59573	4.95477	4.89743	4.85667	4.86665	4.70159	4.91602	4.61513	4.66626	2.95971e-06	6.37043e-06	1          	0.931732   	0.111444   	0.112863   	0.0320598  	0.0320603  	1.80907	
2e-11      	7.6        	3.46358e-05	-8.71351e-05	0.999995   	0.926993   	-1.43509e-05	1.8874e-05 	0.999995   	0.926993   	-3.94413e-05	7.64004e-05	0.999995   	0.926938   	-7.3821e-05	-4.85589e-05	0.999995   	0.926954   	-0.000163655	-2.61058e-05	0.999995   	0.926977   	0.000169274	9.75391e-05	0.999995   	0.926966   	7.86934e-07	0.000100958	0.999996   	0.926948   	1.51138e-05	0.000101531	0.999995   	0.926947   	-7.36516e-05	-0.00024718	0.999995   	0.926968   	-0.000187447	0.000211285	0.999995   	0.926934   	-1.93974e-05	-0.000231073	0.999996   	0.926967   	0.000141948	-2.79531e-05	0.999995   	0.926942   	-0.000116922	0.000122453	0.999996   	0.926944   	8.5759e-05 	-0.000171126	0.999995   	0.926988   	0.000117695	0.00011057 	0.999995   	0.92697    	0.453279   	0.463549   	0.0265281  	0.0265226  	0.480947   	0.472965   	0.0246006  	0.0246139  	0.454365   	0.486966   	0.023636   	0.0236371  	0.490813   	0.482353   	0.0254194  	0.0254018  	0.493181   	0.492427   	0.0252501  	0.0252652  	0.475357   	0.475986   	0.0264154  	0.026428   	0.430097   	0.437987   	0.0266586  	0.0266643  	0.477068   	0.434638   	0.027308   	0.0273069  	0.507294   	0.436115   	0.0272842  	0.0272898  	0.421956   	0.463929   	0.0261781  	0.0261698  	0.438957   	0.394737   	0.0245417  	0.0245448  	0.471784   	0.50683    	0.0268635  	0.0268599  	0.445314   	0.436673   	0.026366   	0.0263856  	0.48528    	0.465893   	0.02668    	0.0266936  	0.489016   	0.552425   	0.0268725  	0.0268744  	5.02256	5.04711	4.76011	5.11021	5.20063	5.19317	5.43763	5.4957	5.48985	5.19791	5.01333	5.40493	5.30225	5.30197	5.5396	-8.23196e-06	2.04174e-08	1          	0.926958   	0.116966   	0.113323   	0.0405495  	0.0405504  	1.93167	
2.5e-11    	7.4        	3.372e-05  	-0.00021145	0.999995   	0.921554   	6.54077e-05	1.72167e-05	0.999995   	0.921533   	-0.00015457	0.000247652	0.999995   	0.921558   	-0.000125353	5.88188e-05	0.999995   	0.921568   	1.31072e-05	0.0002055  	0.999995   	0.921531   	0.000147489	-0.000240016	0.999994   	0.921537   	6.47381e-05	-2.82884e-05	0.999994   	0.921528   	0.000155909	-0.00016542	0.999994   	0.921519   	-0.000203697	0.000172197	0.999994   	0.921534   	5.87355e-05	8.24085e-05	0.999994   	0.921525   	0.000272195	-0.00021536	0.999995   	0.921573   	-0.000179732	9.69792e-05	0.999995   	0.921547   	-6.53318e-05	-0.00014109	0.999995   	0.921535   	9.38999e-05	0.000134682	0.999995   	0.921524   	5.82986e-05	3.63998e-06	0.999995   	0.921538   	0.498228   	0.532177   	0.0286578  	0.0286713  	0.482749   	0.507697   	0.030066   	0.0300371  	0.472498   	0.511136   	0.0298907  	0.0298759  	0.461924   	0.542268   	0.030549   	0.0305189  	0.476992   	0.544562   	0.0287291  	0.0287191  	0.576222   	0.516126   	0.0302606  	0.0302641  	0.570173   	0.582783   	0.0296775  	0.029663   	0.512018   	0.56077    	0.0313945  	0.0313943  	0.55564    	0.538632   	0.0328028  	0.0327765  	0.510991   	0.586859   	0.0279843  	0.0279985  	0.505937   	0.505524   	0.0303258  	0.0303361  	0.490057   	0.525163   	0.0276419  	0.0276472  	0.47621    	0.535615   	0.0289918  	0.0289995  	0.426278   	0.491144   	0.0288931  	0.0289031  	0.489731   	0.555391   	0.0286913  	0.0286587  	5.42444	5.62637	5.53151	5.55429	5.22166	5.40448	5.54273	5.8269	5.98598	5.16028	5.49464	5.28203	5.11197	5.40465	5.48763	1.56658e-05	1.1822e-06 	1          	0.921535   	0.120654   	0.121818   	0.0467746  	0.0467738  	1.95714	
3e-11      	7.2        	0.000121938	0.000127281	0.999994   	0.915361   	-0.00027884	-4.76176e-05	0.999994   	0.915342   	0.00013821 	-2.37426e-05	0.999994   	0.915332   	-0.000285846	-7.18137e-05	0.999993   	0.915327   	0.000322902	-8.68244e-05	0.999993   	0.915332   	3.96071e-05	0.000162202	0.999993   	0.915352   	-0.000336814	-0.000135356	0.999994   	0.915329   	-7.4828e-05	0.000130792	0.999994   	0.915348   	0.000371362	-2.06103e-05	0.999994   	0.915308   	0.000288306	2.50143e-05	0.999993   	0.915363   	2.58618e-05	-0.000205702	0.999993   	0.915292   	-0.000238675	0.000219632	0.999994   	0.915324   	0.000232663	-0.000123898	0.999995   	0.915329   	-0.00012919	0.000272491	0.999994   	0.915326   	-1.16726e-05	-0.000204607	0.999994   	0.915346   	0.60685    	0.551342   	0.0356996  	0.0356781  	0.617427   	0.582834   	0.0355772  	0.0355771  	0.564537   	0.570375   	0.0333985  	0.0334063  	0.61735    	0.66585    	0.0351135  	0.0351613  	0.574493   	0.695475   	0.0383909  	0.038409   	0.630868   	0.646803   	0.0364888  	0.0365002  	0.63365    	0.570179   	0.0334855  	0.0335037  	0.604191   	0.608559   	0.0364855  	0.0365044  	0.538134   	0.637741   	0.0350501  	0.0350123  	0.654196   	0.608494   	0.0339236  	0.0339374  	0.638524   	0.624826   	0.0356725  	0.035638   	0.618913   	0.600394   	0.033088   	0.0331381  	0.533529   	0.498302   	0.0353223  	0.0353312  	0.516475   	0.565612   	0.0359     	0.0359054  	0.477008   	0.595858   	0.035986   	0.0359783  	6.34467	6.0617	5.61231	6.10248	6.76762	6.32928	5.88806	6.172	5.985	5.95071	6.11151	5.68926	6.13568	6.20475	6.09912	1.23273e-05	1.15637e-06	1          	0.915328   	0.120706   	0.119471   	0.0562441  	0.0562435  	1.97389	
3.5e-11    	7          	0.000111656	-1.68684e-05	0.999993   	0.908199   	-0.000193693	0.000150512	0.999992   	0.908199   	4.53949e-05	-0.000121686	0.999992   	0.908217   	-9.90724e-05	1.25208e-05	0.999993   	0.908167   	3.15162e-06	-0.000121272	0.999993   	0.90817    	7.73284e-05	9.75324e-05	0.999993   	0.908157   	-7.48397e-05	-0.000127977	0.999993   	0.908153   	3.44928e-05	0.000372303	0.999993   	0.908151   	5.58509e-05	-0.0003283 	0.999993   	0.908169   	0.000146773	0.000153372	0.999993   	0.908167   	0.000206749	-0.000199482	0.999993   	0.9082     	-0.00035102	2.71243e-05	0.999993   	0.908236   	-0.000207682	-0.000155965	0.999993   	0.908203   	-0.000119786	0.000156804	0.999993   	0.908165   	0.00029989 	-5.28687e-05	0.999993   	0.908187   	0.696931   	0.627474   	0.0399731  	0.0399154  	0.815028   	0.716644   	0.0441088  	0.0440872  	0.727812   	0.744669   	0.0405366  	0.0405007  	0.621437   	0.654238   	0.0401104  	0.0400793  	0.567856   	0.684356   	0.0408869  	0.0409229  	0.58314    	0.666915   	0.0459347  	0.04591    	0.612112   	0.720181   	0.0390655  	0.0390961  	0.555657   	0.672764   	0.0406251  	0.0406147  	0.612117   	0.667548   	0.0453812  	0.045353   	0.669605   	0.669938   	0.0412984  	0.0413521  	0.711226   	0.673498   	0.0391793  	0.0391511  	0.713138   	0.680883   	0.043442   	0.0434797  	0.64119    	0.601209   	0.0406223  	0.040579   	0.652248   	0.614819   	0.0426885  	0.0426873  	0.699324   	0.584515   	0.0437215  	0.0437418  	6.24337	6.56915	6.34063	6.23593	6.59411	6.90804	6.2193	6.2251	6.62654	6.57399	6.14753	6.91501	6.62235	6.70189	6.72544	-4.3198e-06	-1.02983e-05	1          	0.908176   	0.129743   	0.130039   	0.0773154  	0.0773143  	2.1533	
4e-11      	6.8        	-0.000152098	3.04635e-05	0.999992   	0.899923   	0.00016801 	0.000625143	0.999992   	0.899955   	-7.21139e-05	-0.000736079	0.999992   	0.899915   	-0.000100501	-0.000230071	0.999991   	0.899945   	0.000380472	0.000318717	0.999991   	0.899978   	-0.00022359	-6.58953e-05	0.999992   	0.899944   	-4.70273e-05	2.15089e-05	0.999991   	0.899937   	0.000127985	-0.000123747	0.999992   	0.899944   	-0.000120635	5.40523e-05	0.999991   	0.899918   	0.000415876	5.93389e-05	0.999992   	0.899957   	-0.000175461	5.07354e-06	0.999992   	0.899915   	-0.000255045	-5.04216e-05	0.999991   	0.899986   	0.000257105	-0.000221296	0.999992   	0.899956   	0.000350558	0.000360332	0.999992   	0.89993    	-0.000592013	-0.000153833	0.999992   	0.899944   	0.660355   	0.801527   	0.0506532  	0.05065    	0.651244   	0.753854   	0.04872    	0.0487284  	0.683634   	0.747905   	0.0474284  	0.0473849  	0.848013   	0.756057   	0.0499663  	0.0498524  	0.829307   	0.735673   	0.051761   	0.051813   	0.749063   	0.677338   	0.049034   	0.0489925  	0.789611   	0.877654   	0.0499817  	0.0499926  	0.79485    	0.760596   	0.0482728  	0.0483084  	0.773208   	0.941419   	0.0452484  	0.0452111  	0.75191    	0.754774   	0.052811   	0.0528548  	0.791982   	0.749166   	0.0492435  	0.0491813  	0.902736   	0.794136   	0.0490783  	0.0489689  	0.719569   	0.80676    	0.051089   	0.0510551  	0.748957   	0.676224   	0.0525168  	0.0525293  	0.787913   	0.762571   	0.0536109  	0.0536498  	7.23458	7.08051	6.69767	7.10491	7.30979	6.91908	7.6276	6.90563	6.62386	7.4941	7.22957	6.91623	7.19868	7.40032	7.54002	-2.58792e-06	-7.11311e-06	1          	0.899936   	0.128949   	0.130125   	0.0926468  	0.0926475  	2.02163	
4.5e-11    	6.6        	0.000265742	6.1107e-05 	0.99999    	0.890367   	-0.000232317	-8.84348e-05	0.99999    	0.890358   	3.96083e-05	3.235e-05  	0.999991   	0.890402   	-0.000163133	-0.000458972	0.99999    	0.890312   	5.1982e-05 	0.000318511	0.999991   	0.890415   	3.24011e-05	6.37049e-05	0.99999    	0.89041    	0.000302691	-0.000239589	0.99999    	0.890418   	-0.000286249	0.000220095	0.99999    	0.890336   	-6.66666e-05	-2.36587e-05	0.99999    	0.890353   	7.51205e-06	-0.000105334	0.99999    	0.890333   	-0.000124737	0.000112313	0.999991   	0.890362   	6.83859e-05	-4.46772e-06	0.99999    	0.890403   	-0.000452843	6.25993e-05	0.99999    	0.890361   	0.00020073 	0.000178293	0.99999    	0.890388   	0.000304765	-0.000270393	0.999989   	0.890348   	0.898302   	0.843964   	0.0554196  	0.0553288  	0.896316   	0.856615   	0.0612206  	0.0611695  	0.924173   	0.768291   	0.0604608  	0.0605209  	0.890375   	0.901176   	0.0605003  	0.0604272  	0.834899   	0.792167   	0.0600897  	0.0600744  	0.860919   	0.920385   	0.056332   	0.0563383  	0.844343   	0.913289   	0.0620961  	0.0621643  	0.980196   	0.852332   	0.0595448  	0.0595809  	0.837995   	0.909699   	0.0579896  	0.0579955  	0.88015    	0.944416   	0.0558677  	0.055813   	0.80563    	0.773099   	0.0586898  	0.0585968  	0.906177   	0.865718   	0.0630367  	0.0629932  	0.916258   	0.860087   	0.0610675  	0.0610608  	0.825245   	1.03869    	0.0582507  	0.0581959  	1.08174    	0.820012   	0.0585542  	0.0585332  	7.36836	7.97219	7.66902	7.99202	7.99133	7.53968	8.01055	7.9572	7.99096	7.57698	7.56981	7.93077	8.11539	7.37668	7.82762	-3.45232e-06	-9.44472e-06	1          	0.890363   	0.129938   	0.125608   	0.118423   	0.118423   	2.05602	
5e-11      	6.4        	0.000215417	-0.000569344	0.999988   	0.879274   	-2.79144e-06	2.83713e-05	0.999988   	0.879358   	-0.000173472	0.000554961	0.999987   	0.879338   	0.000184007	-0.000210993	0.999988   	0.879341   	-0.000262263	-1.76785e-06	0.999989   	0.879302   	0.000183057	0.00022216 	0.999987   	0.879335   	-2.40238e-05	-0.000146396	0.999989   	0.879351   	-0.000217796	0.000325053	0.999989   	0.879225   	0.000300994	-0.000275592	0.999989   	0.879309   	-0.000107946	2.10053e-05	0.999989   	0.879316   	0.000534884	0.000102648	0.999988   	0.87927    	-0.000407835	-0.000175674	0.999989   	0.879398   	0.000274681	-0.000149536	0.999988   	0.879329   	9.30324e-05	-0.000101217	0.999988   	0.879346   	-0.000392606	0.000270727	0.999987   	0.87925    	0.97741    	1.03809    	0.0679926  	0.0679643  	1.07032    	1.05048    	0.0694351  	0.0693654  	1.01027    	1.19236    	0.0695991  	0.0696494  	1.05021    	1.04922    	0.0703354  	0.0703078  	0.936542   	1.10406    	0.0723227  	0.072279   	1.1365     	1.08892    	0.0757721  	0.0757254  	1.02089    	0.997439   	0.0750636  	0.0751499  	0.927487   	1.10101    	0.0710898  	0.0710898  	0.998963   	0.992807   	0.0706477  	0.070672   	0.96923    	1.04219    	0.0738126  	0.0737667  	1.04917    	1.0505     	0.0731861  	0.0731194  	1.09366    	0.932558   	0.0762196  	0.0761159  	1.06157    	1.09689    	0.0766325  	0.0767344  	0.995017   	1.124      	0.0733825  	0.0734103  	1.02963    	1.21533    	0.0724137  	0.0724309  	8.07489	8.38306	8.4281	8.69891	9.20372	9.21157	9.16	9.06017	9.00179	8.9939	9.00806	8.96592	9.37161	8.56488	8.48015	1.3128e-05 	-7.03079e-06	1          	0.879306   	0.135457   	0.140067   	0.135433   	0.135434   	1.85563	
5.5e-11    	6.2        	-0.000419837	-0.000495939	0.999986   	0.866478   	0.000469446	-0.000272095	0.999985   	0.866497   	1.94729e-05	0.000733908	0.999986   	0.866495   	-0.000389018	-0.000342575	0.999985   	0.866445   	5.07282e-05	0.000174902	0.999986   	0.866437   	0.000316049	0.000171976	0.999987   	0.866416   	0.000372042	0.000775878	0.999985   	0.866394   	0.0003122  	-0.000328827	0.999985   	0.866488   	-0.000777234	-0.000500491	0.999985   	0.866374   	-0.000527519	-0.000513714	0.999985   	0.866437   	-0.000341234	-0.000242234	0.999985   	0.866487   	0.000905205	0.000817733	0.999983   	0.866479   	-0.000663868	0.000168573	0.999986   	0.866422   	0.000344206	0.00059503 	0.999986   	0.866389   	0.000305243	-0.000824122	0.999985   	0.866449   	1.31432    	1.07894    	0.0890189  	0.0890071  	1.37227    	1.14294    	0.087285   	0.0873013  	1.18723    	1.22663    	0.0880594  	0.0880831  	1.14172    	1.36535    	0.0962453  	0.0961117  	1.10471    	1.31979    	0.0841935  	0.0842116  	1.09051    	1.22293    	0.0857896  	0.0857536  	1.31684    	1.25659    	0.0892981  	0.0892462  	1.24824    	1.3453     	0.082045   	0.081858   	1.19967    	1.3334     	0.089466   	0.0895042  	1.24902    	1.29503    	0.0899025  	0.089924   	1.31558    	1.19599    	0.0849321  	0.0851543  	1.44441    	1.34856    	0.0887266  	0.0887476  	1.35447    	1.02968    	0.0983577  	0.0982286  	1.29356    	1.10417    	0.0877934  	0.0877704  	1.38406    	1.18117    	0.0866638  	0.086635   	10.1997	9.98603	9.59206	10.2993	9.30479	9.76949	9.58778	9.26718	9.55906	9.58567	9.35916	9.93524	10.2431	9.89098	9.79817	-1.6845e-06	-5.44899e-06	1          	0.866433   	0.138096   	0.136691   	0.180479   	0.18048    	1.86756	
6e-11      	6          	4.00717e-05	6.43251e-05	0.999981   	0.851627   	-0.00034015	-0.000149264	0.999981   	0.85163    	0.000307478	0.000138743	0.999981   	0.851499   	0.000218681	0.000294874	0.999983   	0.85167    	0.000249435	-0.000260719	0.999983   	0.851528   	-0.000447005	-3.92034e-05	0.999982   	0.851562   	0.000556232	-0.000145443	0.999981   	0.851559   	0.000213682	-0.000221729	0.99998    	0.851625   	-0.000786289	0.000311363	0.999979   	0.851621   	0.000545539	0.000293054	0.999982   	0.851623   	-0.000562844	-0.000109352	0.99998    	0.851514   	-6.66074e-05	-0.000182016	0.999978   	0.8515     	0.000402873	5.23819e-05	0.999983   	0.851533   	-0.00022169	-0.000153681	0.999983   	0.851628   	-0.0001962 	0.000156372	0.999985   	0.851654   	1.49768    	1.61886    	0.0976392  	0.0976623  	1.57684    	1.61757    	0.110449   	0.110385   	1.55346    	1.61409    	0.123782   	0.123763   	1.5958     	1.28325    	0.109552   	0.109498   	1.43097    	1.35477    	0.111071   	0.110965   	1.36484    	1.64514    	0.109863   	0.109795   	1.34627    	1.81248    	0.10771    	0.107621   	1.42218    	1.8559     	0.11316    	0.113231   	1.42155    	1.99684    	0.10135    	0.101118   	1.6319     	1.35708    	0.105646   	0.105701   	1.48163    	1.77908    	0.105991   	0.105972   	1.97271    	1.66317    	0.114206   	0.114029   	1.36922    	1.38223    	0.114385   	0.114361   	1.55773    	1.34728    	0.109758   	0.10964    	1.26828    	1.27991    	0.110638   	0.110664   	10.391	10.8233	12.1477	11.3177	11.3889	10.948	10.5378	10.8766	11.2166	10.7963	10.7487	11.6911	11.4949	11.2231	11.4017	-5.81209e-06	3.34027e-06	1          	0.851569   	0.132501   	0.138675   	0.213699   	0.213701   	1.7799	
6.5e-11    	5.8        	0.000711167	-0.000129695	0.999977   	0.834455   	0.000678183	-0.000919758	0.999978   	0.834451   	-0.0014134 	0.000998972	0.999973   	0.834535   	3.79041e-05	-0.000554075	0.999977   	0.834485   	-0.000213066	0.000851319	0.999977   	0.834585   	0.000107678	-0.00026884	0.999975   	0.834384   	0.000174759	-0.000715838	0.999974   	0.834467   	-0.000622452	0.000606887	0.999977   	0.834517   	0.000498454	9.12686e-05	0.999975   	0.834448   	0.000245045	-0.000577214	0.999974   	0.834375   	0.000562954	-0.000805849	0.999975   	0.834525   	-0.000748916	0.00133458 	0.999974   	0.834407   	9.05514e-05	-0.000263596	0.999976   	0.834442   	-0.000740256	0.000949564	0.999974   	0.83439    	0.000701691	-0.000696112	0.999977   	0.834587   	1.8753     	1.77096    	0.137916   	0.13787    	1.7174     	1.78249    	0.127816   	0.12767    	1.99238    	2.10429    	0.134527   	0.134241   	1.91201    	1.67854    	0.130094   	0.129755   	1.5647     	1.99514    	0.142331   	0.142433   	1.97441    	2.05528    	0.128324   	0.128375   	2.21698    	1.83777    	0.143387   	0.143147   	1.76815    	1.92669    	0.155678   	0.155345   	2.38323    	1.676      	0.12969    	0.129646   	1.97091    	2.10852    	0.146441   	0.146068   	1.74941    	2.1117     	0.131972   	0.132086   	1.802      	2.19626    	0.142727   	0.143067   	1.86226    	1.91023    	0.140226   	0.14014    	1.88477    	2.1736     	0.140763   	0.14112    	1.84937    	1.71634    	0.145903   	0.14607    	12.321	12.4642	11.8977	12.4591	12.779	11.9015	13.2699	14.7748	12.3112	13.7714	12.669	14.2677	13.1623	12.4912	13.4843	4.70437e-06	-6.43113e-06	1          	0.83445    	0.145273   	0.141422   	0.270392   	0.270391   	1.63838	
7e-11      	5.6        	-0.000251327	9.85441e-05	0.999969   	0.814908   	0.00048673 	0.000360835	0.999967   	0.814978   	-0.000205168	-0.000534236	0.99997    	0.815008   	-3.21495e-05	0.000150488	0.999961   	0.81512    	-0.000505183	0.00115048 	0.999964   	0.814922   	0.000499056	-0.00129351	0.999964   	0.814854   	0.000523111	0.00080051 	0.999967   	0.814968   	-0.000866865	-9.55199e-05	0.999967   	0.814977   	0.000331353	-0.000754371	0.99997    	0.81498    	0.00122957 	0.00101623 	0.999962   	0.815096   	-0.000158312	0.000274685	0.999964   	0.814806   	-0.000917207	-0.00138029	0.999965   	0.814982   	1.65742e-05	-0.000594393	0.999966   	0.814973   	0.000961273	0.000656605	0.999963   	0.814921   	-0.000909415	-0.000168742	0.999967   	0.814983   	2.69172    	2.02865    	0.170542   	0.171352   	3.30614    	1.72911    	0.1864     	0.186132   	2.41498    	2.22153    	0.183526   	0.183398   	2.52245    	3.47211    	0.177602   	0.177896   	2.37832    	2.94378    	0.170161   	0.169986   	2.72102    	2.68932    	0.181887   	0.182311   	2.21712    	2.77062    	0.180416   	0.180236   	2.27105    	2.69089    	0.182368   	0.181905   	2.25704    	2.28714    	0.198354   	0.197944   	2.87668    	2.72008    	0.172264   	0.172303   	2.59468    	2.83139    	0.187708   	0.188171   	2.80369    	2.29427    	0.176448   	0.176096   	2.32751    	2.84188    	0.182402   	0.182283   	2.70971    	2.77489    	0.172415   	0.172087   	2.60947    	2.43389    	0.173752   	0.173309   	15.0941	15.7016	15.392	14.4708	14.768	14.756	16.5224	15.3332	16.2565	14.6567	16.3247	14.8358	15.9608	14.3843	14.9918	1.3518e-05 	-2.0966e-05	1          	0.814937   	0.138243   	0.138771   	0.341992   	0.341986   	1.44524	
7.5e-11    	5.4        	0.00241481 	-0.00149957	0.999953   	0.792911   	-0.000922081	0.00128843 	0.999954   	0.793153   	-0.00143222	0.000179682	0.999948   	0.792917   	0.00191172 	-0.000826692	0.999958   	0.793118   	-0.000920887	0.00166942 	0.99995    	0.792727   	-0.000960823	-0.000943961	0.999953   	0.79307    	0.00187121 	0.0014998  	0.99994    	0.792976   	-0.00275541	0.000611611	0.999949   	0.793004   	0.000953978	-0.00207497	0.999942   	0.792891   	-0.00107094	0.0014775  	0.999943   	0.793033   	-0.000335092	4.10786e-05	0.999952   	0.793096   	0.00130309 	-0.00158382	0.999952   	0.792897   	0.000590805	0.000629547	0.999958   	0.793069   	0.00156592 	0.000782015	0.999947   	0.793059   	-0.00214231	-0.00126762	0.999953   	0.792792   	2.92551    	3.28325    	0.213015   	0.211896   	2.71687    	3.74658    	0.240184   	0.239788   	3.05855    	4.33495    	0.236928   	0.236988   	3.32854    	2.37244    	0.210649   	0.21121    	3.05312    	3.85553    	0.223257   	0.224097   	3.36097    	3.2488     	0.248974   	0.248076   	4.36849    	3.84966    	0.239241   	0.240243   	3.48681    	3.35694    	0.222605   	0.223162   	4.07201    	3.90133    	0.216483   	0.216995   	3.72518    	4.24813    	0.224462   	0.224008   	3.59071    	3.41638    	0.235204   	0.235057   	3.14109    	3.55708    	0.25984    	0.258998   	3.43345    	2.65706    	0.218885   	0.218457   	4.24742    	3.19786    	0.238705   	0.238683   	3.40309    	2.96226    	0.241551   	0.241447   	15.604	18.1445	18.11	17.219	17.699	20.3699	17.7333	17.6084	17.9035	18.2094	19.5073	20.5597	18.1337	18.5826	18.6378	4.85788e-06	-1.47769e-06	1          	0.792941   	0.135862   	0.141278   	0.396609   	0.396606   	1.37706	
8e-11      	5.2        	-0.000658512	-0.00060758	0.999941   	0.768506   	-0.00248066	-0.000330725	0.999931   	0.768389   	0.00308631 	0.000817801	0.999941   	0.768714   	-0.000933001	0.000651585	0.999911   	0.7686     	0.00089999 	-0.00108701	0.99993    	0.768434   	-6.1288e-05	0.000457189	0.999923   	0.768627   	0.000376731	0.00175686 	0.999917   	0.768527   	0.000111308	-0.00278147	0.999917   	0.768573   	-0.000559359	0.00100357 	0.999936   	0.768583   	0.00113606 	-0.000585277	0.999923   	0.768426   	-0.00202311	-0.00137693	0.999932   	0.768492   	0.000999525	0.00200722 	0.999913   	0.768773   	0.00055346 	0.000115899	0.999929   	0.768494   	0.000813949	-0.000861971	0.999939   	0.768629   	-0.00140816	0.000803043	0.999945   	0.768429   	3.47962    	4.50436    	0.285818   	0.286134   	4.15853    	4.76333    	0.342144   	0.341948   	3.30095    	3.97375    	0.306075   	0.306008   	5.39488    	6.57452    	0.315564   	0.313484   	4.10272    	5.31069    	0.274898   	0.273269   	5.64611    	4.87276    	0.287663   	0.288549   	4.76849    	6.2829     	0.302979   	0.302686   	4.13562    	6.6669     	0.279848   	0.280106   	4.57417    	4.04127    	0.309848   	0.309713   	5.97278    	4.38701    	0.31107    	0.310328   	4.50495    	4.39553    	0.285571   	0.284306   	6.16859    	5.27792    	0.300204   	0.299739   	3.98507    	5.66347    	0.303912   	0.303195   	3.17662    	5.05069    	0.29922    	0.297714   	3.83859    	3.42843    	0.281983   	0.281933   	19.9819	24.6984	21.1192	22.1909	21.9745	20.2433	23.4294	19.7199	22.6556	21.7279	20.3587	21.8283	21.9186	21.861	20.3285	-9.81384e-06	-9.21977e-07	1          	0.768492   	0.141118   	0.14179    	0.43699    	0.436992   	1.43808	
8.5e-11    	5          	0.00311198 	0.00105809 	0.999893   	0.741668   	0.00424725 	0.000919504	0.999892   	0.741984   	-0.0072001 	-0.00191965	0.999878   	0.741683   	0.00456351 	-0.00106667	0.999873   	0.741958   	-0.00342893	-0.00146909	0.999881   	0.741604   	-0.0011927 	0.00268374 	0.999875   	0.741781   	-0.00328148	-0.00326661	0.999873   	0.741534   	-0.000939846	-0.000628297	0.999849   	0.741934   	0.00427508 	0.00386723 	0.999853   	0.741638   	-0.00407436	-0.00571066	0.999866   	0.741569   	0.00289869 	0.00474136 	0.999842   	0.741634   	0.00119018 	0.00101832 	0.999851   	0.742156   	0.000415739	-0.000151692	0.99983    	0.741917   	0.00485928 	0.00445791 	0.999862   	0.741788   	-0.0052565 	-0.00432752	0.999861   	0.741654   	7.02688    	5.84758    	0.430472   	0.429177   	6.47465    	6.05477    	0.428954   	0.427088   	5.9429     	5.96097    	0.41806    	0.415884   	8.63835    	6.11956    	0.395222   	0.39406    	7.83115    	6.40405    	0.458071   	0.457352   	8.05028    	7.17605    	0.418472   	0.414209   	6.97239    	7.73285    	0.425297   	0.420433   	9.77947    	9.30632    	0.399187   	0.398204   	8.83889    	7.66919    	0.436672   	0.436657   	8.24232    	5.58108    	0.393425   	0.396929   	11.4617    	6.54053    	0.417979   	0.420959   	11.0929    	7.68247    	0.370756   	0.371327   	7.03211    	14.4713    	0.403956   	0.402046   	8.09534    	6.65488    	0.448312   	0.450305   	6.80336    	7.81909    	0.396062   	0.392471   	28.597	28.4452	26.5934	26.7384	28.9894	27.0494	27.3273	25.8113	28.952	25.5947	27.4363	25.2628	26.1359	28.4453	26.3316	1.35053e-05	1.49209e-05	1          	0.741667   	0.145568   	0.145793   	0.535085   	0.535082   	2.21835	
9e-11      	4.8        	0.0083437  	0.00277223 	0.999543   	0.712387   	-0.00508042	0.00177758 	0.999589   	0.713454   	-0.00326558	-0.00451347	0.99966    	0.712564   	0.00158141 	-0.00248791	0.999696   	0.713555   	-0.00762059	0.00250766 	0.999686   	0.712121   	0.0059785  	0.000106797	0.999582   	0.712761   	-0.00961696	-0.00405923	0.999626   	0.713023   	-0.00330932	0.00335319 	0.999717   	0.712997   	0.0129993  	0.000710296	0.999693   	0.712298   	-0.0105084 	-0.00417322	0.999704   	0.712817   	0.00806175 	0.00617996 	0.999653   	0.712769   	0.00252553 	-0.00198098	0.999738   	0.712733   	0.00204501 	-0.00529982	0.999684   	0.713056   	0.00710072 	0.00692774 	0.999673   	0.712834   	-0.00906143	-0.001688  	0.999603   	0.712633   	26.3409    	22.5426    	0.58136    	0.588313   	33.5905    	12.9416    	0.623334   	0.635244   	23.5377    	14.4137    	0.698505   	0.695808   	25.6601    	9.518      	0.498891   	0.499531   	12.3197    	20.5838    	0.642888   	0.625873   	30.6765    	16.107     	0.54569    	0.537642   	25.9847    	11.3983    	0.549144   	0.54548    	18.9616    	12.8937    	0.545707   	0.545971   	12.4739    	13.4457    	0.517253   	0.521404   	11.3981    	15.7591    	0.60419    	0.600748   	22.558     	11.9791    	0.577803   	0.591723   	20.1152    	9.96383    	0.540088   	0.5347     	23.5255    	11.5722    	0.52912    	0.525925   	11.3156    	21.1896    	0.67426    	0.675805   	23.0108    	18.4522    	0.563007   	0.575364   	32.6927	38.2838	39.417	33.7324	36.1462	30.1956	33.2582	31.054	30.3852	33.9513	35.2434	32.6178	31.5105	38.0985	30.6584	9.88367e-06	8.55801e-06	1          	0.712555   	0.146785   	0.14758    	0.604395   	0.604398   	4.83522	
9.5e-11    	4.6        	-0.0496646 	0.024215   	0.998014   	0.682618   	0.143561   	-0.0141557 	0.987819   	0.687895   	-0.0944824 	-0.0099089 	0.994782   	0.68513    	0.119105   	0.00525315 	0.99177    	0.687693   	0.0203325  	-0.0178073 	0.999308   	0.682031   	-0.139634  	0.0125653  	0.988444   	0.686948   	0.124598   	-0.0147008 	0.990726   	0.683783   	-0.141655  	-0.00122813	0.988639   	0.689465   	0.0184297  	0.0158713  	0.999416   	0.683669   	-0.0489193 	-0.0174308 	0.998216   	0.685106   	-0.0997374 	0.02129    	0.993887   	0.682578   	0.147391   	-0.00368672	0.987495   	0.688919   	-0.146713  	0.0107943  	0.98755    	0.687742   	0.0743035  	0.0108911  	0.996581   	0.685014   	0.0731909  	-0.0217563 	0.996491   	0.683031   	38.6267    	10.7629    	1.72953    	2.0834     	177.713    	6.20708    	2.93411    	1.20822    	62.6927    	13.4933    	1.45756    	2.77732    	105        	15.4458    	1.31104    	3.12313    	24.3027    	10.8623    	1.49774    	1.66781    	168.83     	9.89437    	3.14512    	1.45043    	133.659    	11.8078    	1.9828     	0.850144   	124.365    	15.4119    	1.07928    	2.82799    	16.5948    	14.4813    	1.561      	1.59152    	24.19      	23.0172    	1.04225    	1.29358    	88.7327    	7.83061    	0.889534   	1.41255    	157.718    	13.0036    	1.65076    	2.01222    	158.477    	10.3687    	2.47701    	1.83933    	39.0842    	25.6944    	1.43878    	2.11554    	47.1991    	16.1847    	0.957255   	1.2599     	102.549	91.8739	88.7571	69.6116	86.2125	117.435	64.6344	58.8405	98.2794	70.2628	45.8813	56.738	79.2183	88.1496	59.6135	-4.53214e-06	1.01236e-05	1          	0.680814   	0.138307   	0.146685   	1.15552    	1.15551    	33.9647	
1e-10      	4.4        	-0.147793  	0.0371868  	0.987361   	0.672585   	0.419065   	0.00264159 	0.9053     	0.685815   	-0.274382  	-0.0390036 	0.960059   	0.685535   	0.332078   	0.0384594  	0.941101   	0.687899   	0.0631277  	-0.0379521 	0.996857   	0.67355    	-0.397089  	-0.00147838	0.915217   	0.681973   	0.354188   	-0.0121118 	0.933528   	0.678785   	-0.382329  	-0.0275153 	0.921926   	0.688508   	0.0334515  	0.0401598  	0.998291   	0.675801   	-0.121278  	-0.0437916 	0.991311   	0.679087   	-0.3027    	0.0234564  	0.951489   	0.677053   	0.416504   	0.0203354  	0.906887   	0.689753   	-0.430048  	-0.0109216 	0.90061    	0.688254   	0.204662   	0.0449822  	0.977381   	0.683717   	0.231251   	-0.0344722 	0.971173   	0.674502   	81.8465    	21.5742    	5.76366    	10.9674    	253.017    	8.67587    	10.1721    	15.1354    	58.2217    	26.4408    	1.51937    	6.82495    	129.48     	14.2009    	3.06868    	7.82922    	25.5804    	19.8739    	10.1579    	11.1985    	245.296    	13.8797    	6.31945    	16.0014    	154.844    	13.6325    	1.89536    	15.946     	156.649    	9.04535    	8.14411    	5.22718    	14.8439    	20.0677    	7.75865    	6.77927    	18.1908    	17.9195    	3.91869    	4.2549     	124.158    	19.2992    	1.65407    	14.1136    	191.304    	9.46578    	8.00094    	10.05      	199.758    	8.40027    	9.79099    	11.2357    	28.3776    	16.677     	2.95596    	4.25244    	102.578    	18.3151    	3.62171    	12.4108    	260.762	335.353	86.1872	115.198	449.666	203.02	81.086	269.279	353.743	196.473	87.1301	242.2	321.944	144.88	179.046	-1.31772e-05	2.81608e-06	1          	0.647566   	0.138449   	0.144869   	0.970252   	0.97026    	25.7217	
1.05e-10   	4.2        	-0.279739  	0.0335175  	0.959058   	0.680399   	0.60442    	0.0105974  	0.79611    	0.696598   	-0.338975  	-0.0444593 	0.939497   	0.680332   	0.43949    	0.0449733  	0.896765   	0.682144   	0.153394   	-0.0432844 	0.986688   	0.6768     	-0.579883  	-0.0020497 	0.814287   	0.69594    	0.54085    	-0.0106456 	0.84055    	0.691973   	-0.516356  	-0.038181  	0.855265   	0.68678    	-0.029005  	0.0494158  	0.997962   	0.67841    	-0.101458  	-0.0503203 	0.99322    	0.677596   	-0.472291  	0.0216534  	0.880657   	0.686593   	0.56859    	0.0278186  	0.821859   	0.691625   	-0.600655  	-0.0165191 	0.798907   	0.695819   	0.224263   	0.0434239  	0.973304   	0.679412   	0.38858    	-0.0262564 	0.920495   	0.683024   	33.1199    	13.7243    	1.43093    	4.09546    	29.5455    	14.2049    	4.5329     	5.19108    	8.37007    	16.3611    	2.73324    	2.70141    	6.58908    	26.0001    	3.5992     	1.92978    	39.4382    	16.2004    	1.85357    	2.73844    	26.5766    	8.99814    	5.05975    	3.67096    	36.7608    	10.4696    	3.70207    	4.69255    	9.83072    	14.2084    	2.36137    	2.43982    	27.9586    	14.0212    	2.67768    	2.98091    	21.2652    	14.5114    	3.11448    	2.53081    	46.8128    	6.57761    	2.7277     	6.85134    	15.6475    	10.8539    	2.75443    	2.92878    	24.1396    	14.5174    	3.45769    	3.83913    	10.5757    	14.3986    	3.95114    	2.38333    	50.1191    	7.88115    	1.76445    	6.16182    	70.7047	150.401	117.077	146.149	89.4995	169.223	128.02	86.5818	126.989	139.211	98.2043	97.4114	113.484	173.804	69.0338	1.35124e-05	-5.0784e-06	1          	0.615334   	0.14416    	0.139239   	0.647319   	0.647322   	9.35667	
1.1e-10    	4          	-0.36305   	0.00839504 	0.931173   	0.675788   	0.69136    	0.0440058  	0.720923   	0.688524   	-0.34493   	-0.0539285 	0.936601   	0.668094   	0.472841   	0.0551153  	0.8789     	0.669959   	0.222523   	-0.0176432 	0.9742     	0.673649   	-0.677351  	-0.0362815 	0.734555   	0.689319   	0.628867   	0.0300226  	0.776639   	0.68871    	-0.572113  	-0.0513637 	0.818291   	0.671659   	-0.0732708 	0.0207623  	0.996706   	0.669198   	-0.0788274 	-0.0346439 	0.995949   	0.6688     	-0.559286  	-0.0164992 	0.82833    	0.682993   	0.640926   	0.0507843  	0.765658   	0.678786   	-0.682249  	-0.0512969 	0.729067   	0.684761   	0.220243   	0.049264   	0.973852   	0.669002   	0.469246   	0.0030265  	0.882657   	0.680439   	9.04298    	46.0814    	2.65858    	2.98243    	10.3385    	8.89764    	4.04252    	3.95018    	6.72958    	39.051     	1.95202    	1.7513     	11.9453    	32.5893    	4.42071    	1.49597    	16.5818    	39.6839    	3.65982    	2.12335    	6.64887    	10.3364    	3.91815    	4.04459    	10.1919    	13.8111    	3.30922    	2.38056    	11.0844    	9.75426    	4.53551    	2.14692    	16.2554    	23.7511    	2.6411     	2.54774    	11.3868    	23.0162    	2.88791    	2.72533    	15.5765    	26.5333    	3.90014    	3.40904    	7.60034    	12.7163    	2.93901    	1.94413    	7.96029    	11.9838    	2.47407    	2.65382    	8.24205    	26.2536    	2.30259    	1.78502    	10.1771    	28.4566    	2.1143     	2.66969    	110.011	131.845	81.3759	152.633	141.653	132.92	109.288	160.421	109.514	117.771	140.141	98.8608	82.7664	93.7223	83.5482	-4.5508e-05	-2.04139e-06	1          	0.583804   	0.146521   	0.142474   	0.546495   	0.546497   	5.92492	
1.15e-10   	3.8        	-0.428213  	0.00393008 	0.903429   	0.66185    	0.753854   	0.0454062  	0.65507    	0.66732    	-0.332006  	-0.0500176 	0.941632   	0.660271   	0.46558    	0.0597957  	0.882513   	0.658168   	0.287621   	-0.0187606 	0.957107   	0.65951    	-0.744061  	-0.0401976 	0.66639    	0.667449   	0.701318   	0.0171025  	0.712247   	0.667335   	-0.584445  	-0.061396  	0.808581   	0.655286   	-0.129249  	0.0439014  	0.990293   	0.658145   	-0.0195912 	-0.0441435 	0.998436   	0.662278   	-0.642688  	0.00103414 	0.765853   	0.665855   	0.67142    	0.0437702  	0.739284   	0.657198   	-0.733785  	-0.0371143 	0.677992   	0.661528   	0.175725   	0.0334901  	0.983612   	0.666665   	0.553722   	0.00334112 	0.832461   	0.663937   	10.3899    	9.0609     	4.87644    	2.41066    	8.77675    	14.079     	6.2605     	2.15189    	18.5861    	11.8665    	4.04385    	4.43172    	21.237     	17.2339    	4.9562     	2.00563    	19.1306    	22.0038    	6.29878    	3.84471    	5.34072    	28.7555    	2.91288    	2.02957    	6.93355    	18.6891    	4.5752     	1.21729    	15.6846    	22.8851    	5.75198    	2.19929    	20.096     	13.354     	5.03111    	4.12852    	21.319     	18.8527    	2.16658    	2.3033     	8.27437    	6.55728    	8.64695    	2.00708    	11.1201    	22.9768    	5.53023    	2.90122    	10.354     	15.9057    	3.79206    	4.46212    	13.6863    	11.5655    	3.75023    	3.10838    	9.12927    	6.56419    	6.22326    	2.17608    	160.72	189.095	141.717	169.3	199.531	92.953	135.455	188.191	170.133	80.2678	264.869	181.804	123.011	132.942	201.209	-4.61951e-05	3.22746e-05	1          	0.552297   	0.14384    	0.158421   	0.494508   	0.494508   	4.4865	
1.2e-10    	3.6        	-0.448356  	0.00467294 	0.893641   	0.65287    	0.813333   	0.0619935  	0.577878   	0.652279   	-0.364602  	-0.0675878 	0.928409   	0.649127   	0.494752   	0.0741132  	0.865629   	0.638869   	0.317547   	-0.0207109 	0.947761   	0.645783   	-0.793746  	-0.0509265 	0.605692   	0.656871   	0.774803   	0.0434204  	0.630157   	0.652164   	-0.612836  	-0.0809014 	0.785856   	0.647096   	-0.165558  	0.0371239  	0.985249   	0.652684   	-0.0189366 	-0.0589613 	0.997859   	0.657658   	-0.698732  	-0.0273433 	0.714237   	0.65184    	0.725418   	0.0873781  	0.682471   	0.645773   	-0.792723  	-0.0752036 	0.604079   	0.650811   	0.198454   	0.0645339  	0.977731   	0.659961   	0.590647   	0.00960705 	0.806166   	0.650432   	13.0474    	5.8506     	6.21511    	7.35709    	14.3368    	19.6019    	5.92329    	5.37286    	6.05801    	19.755     	4.07379    	3.01719    	9.31964    	9.78575    	3.09799    	2.71288    	13.9369    	8.67093    	3.05569    	2.34665    	9.24191    	17.311     	4.16728    	5.22028    	14.2264    	12.5387    	10.9443    	3.70258    	8.41906    	6.38132    	7.47179    	6.96318    	11.2098    	13.1714    	2.642      	2.70247    	14.3513    	7.48857    	5.01077    	4.74418    	24.0779    	15.9655    	8.88707    	5.15733    	14.1575    	8.14425    	3.30478    	7.98632    	24.8654    	22.6528    	9.90007    	7.54643    	11.1959    	12.6953    	18.7075    	17.6852    	40.4728    	14.3852    	6.53083    	5.59756    	191.67	166.448	130.392	96.9208	104.75	126.828	309.132	232.921	90.1628	153.84	246.929	102.142	257.692	557.204	191.71	0.000176495	1.30553e-05	1          	0.520886   	0.152267   	0.148533   	0.502029   	0.502025   	4.24225	
1.25e-10   	3.4        	-0.473501  	0.0610067  	0.877451   	0.624051   	0.828888   	0.0466     	0.55586    	0.648148   	-0.396467  	-0.113876  	0.909855   	0.613912   	0.513489   	0.109859   	0.850435   	0.642536   	0.348071   	-0.047826  	0.935824   	0.66095    	-0.88033   	-0.0628548 	0.469464   	0.639514   	0.80617    	0.00816609 	0.590023   	0.646724   	-0.696763  	-0.106194  	0.707752   	0.615336   	-0.142916  	0.0887753  	0.984468   	0.657604   	0.0434295  	-0.0894479 	0.994782   	0.648868   	-0.77903   	-0.00828725	0.626415   	0.634625   	0.736253   	0.0980437  	0.669153   	0.631426   	-0.851867  	-0.0746604 	0.517975   	0.618497   	0.183432   	0.108321   	0.976402   	0.652425   	0.622192   	-0.0396298 	0.780857   	0.64905    	57.1294    	44.2282    	6.43706    	11.141     	24.4385    	7.44909    	58.0313    	3.01895    	13.9555    	41.1899    	63.1447    	30.7818    	13.1748    	30.9925    	6.98414    	2.77224    	9.98105    	21.6379    	24.2285    	16.3521    	5.38749    	9.80364    	22.5019    	5.9357     	17.5421    	21.7302    	54.904     	2.86947    	15.1841    	26.2118    	71.384     	11.1983    	53.7346    	71.6741    	2.28305    	2.18897    	12.7414    	12.2671    	3.95579    	3.68617    	9.3461     	11.4238    	14.6685    	5.4614     	8.29033    	7.39857    	11.9548    	2.26542    	6.13556    	7.83297    	12.0025    	6.05465    	20.5171    	33.7733    	14.0926    	7.14336    	30.7989    	24.7713    	24.4657    	3.74599    	174.697	1620.58	1529.79	181.097	725.601	580.76	1502.55	1741.25	88.0543	110.734	372.787	355.463	306.508	311.098	718.894	-0.0014466 	-0.000939234	0.999998   	0.48844    	0.305405   	0.213152   	0.931571   	0.930642   	8.82395	
1.3e-10    	3.2        	-0.312982  	0.0195386  	0.946561   	0.574487   	0.656493   	0.125489   	0.737649   	0.612831   	-0.55051   	-0.225184  	0.799495   	0.425009   	0.430598   	0.138014   	0.890968   	0.643715   	0.364417   	-0.0233472 	0.930745   	0.652295   	-0.947711  	-0.145317  	0.281622   	0.55386    	0.711564   	-0.0166213 	0.70066    	0.612027   	-0.832869  	-0.179066  	0.520896   	0.510113   	-0.030937  	0.146414   	0.988315   	0.650973   	0.103519   	-0.0867315 	0.990542   	0.646314   	-0.892117  	-0.0542622 	0.445338   	0.527545   	0.642266   	0.127854   	0.753161   	0.61609    	-0.891451  	-0.138192  	0.429576   	0.522011   	0.13197    	0.155816   	0.978433   	0.653675   	0.616253   	-0.0592019 	0.784864   	0.600409   	155.51     	40.6588    	22.8215    	2.13999    	202.107    	45.2859    	154.461    	4.53544    	17.1802    	4.65703    	453.977    	323.233    	57.1753    	11.4373    	16.4785    	3.74546    	5.47806    	9.75703    	22.76      	19.7808    	46.8891    	30.1411    	23.4283    	48.3078    	60.7222    	10.9153    	40.263     	4.40484    	10.9796    	18.2247    	111.109    	49.3417    	36.6972    	4.06545    	6.75654    	6.55402    	20.7927    	5.28569    	11.7429    	9.58753    	10.6447    	25.5747    	112.903    	53.9024    	57.9921    	24.6337    	98.612     	11.9687    	21.246     	16.0728    	51.5283    	36.1162    	33.5234    	4.88729    	61.429     	53.4379    	6.44885    	7.20644    	41.7111    	25.0271    	1365.67	5037.09	8897.42	1062.57	214.886	436.189	1426.61	2214.53	465.309	174.313	2070.49	3254.55	951.21	2809.59	519.884	-0.00677468	-0.0043903 	0.999966   	0.445939   	0.585449   	0.347708   	23.2659    	23.211     	192.622	
1.35e-10   	3          	-0.154402  	-0.00162435	0.987469   	0.559665   	0.484185   	0.141648   	0.862218   	0.565704   	-0.757752  	-0.322591  	0.561606   	0.265134   	0.311526   	0.128848   	0.940948   	0.634366   	0.286361   	-0.0322119 	0.957308   	0.595422   	-0.981626  	-0.174967  	0.0630786  	0.389791   	0.579629   	-0.0233645 	0.812154   	0.518343   	-0.901678  	-0.222497  	0.369201   	0.361208   	0.0196812  	0.134215   	0.990603   	0.649044   	0.0966113  	-0.0812722 	0.991898   	0.62787    	-0.952656  	-0.0639808 	0.291094   	0.364791   	0.502401   	0.124918   	0.855046   	0.54683    	-0.971984  	-0.135545  	0.186475   	0.373481   	0.110533   	0.0973605  	0.988836   	0.688064   	0.529194   	-0.0442758 	0.846933   	0.51675    	26.8103    	10.3973    	2.8417     	1.75801    	44.6988    	12.7519    	30.0893    	10.186     	11.3386    	16.2035    	69.7104    	44.7359    	28.3096    	6.16899    	19.9499    	9.59558    	11.6846    	12.1651    	32.7253    	35.0122    	59.0939    	28.6926    	10.0612    	65.4836    	92.4678    	11.6317    	28.0792    	10.7398    	50.5033    	14.4238    	9.16325    	56.7385    	8.92033    	4.58308    	46.3046    	45.1808    	4.74073    	4.33163    	1.29225    	1.29414    	59.5639    	18.6666    	26.568     	49.8841    	63.089     	15.6485    	40.6094    	88.3031    	21.5147    	26.9472    	17.4209    	31.0264    	4.38934    	22.631     	2.03587    	1.54164    	21.8026    	4.9919     	2.62117    	7.48032    	178.769	852.228	1371.01	614.607	686.682	208.464	781.625	201.05	818.878	147.016	623.827	761.699	307.312	212.612	116.282	-0.0109071 	-0.00516271	0.999926   	0.397525   	0.321475   	0.294864   	10.5274    	10.5109    	30.772	
1.4e-10    	2.8        	-0.0442939 	0.00253573 	0.998708   	0.547976   	0.103528   	0.0322659  	0.990904   	0.491768   	-0.546576  	-0.462829  	0.540807   	0.0436764  	0.0562766  	0.0351538  	0.996478   	0.626367   	0.0664359  	-0.00484974	0.99628    	0.543098   	-0.48431   	-0.142066  	-0.817174  	0.141358   	0.125573   	0.0033661  	0.987264   	0.411858   	-0.611913  	-0.569947  	0.437266   	0.0764295  	0.00035854 	0.0557916  	0.998186   	0.626284   	-0.00451071	-0.0471761 	0.998521   	0.628809   	-0.592991  	-0.176389  	0.56473    	0.049373   	0.0980714  	0.0812759  	0.987634   	0.416292   	-0.395757  	-0.129361  	-0.80457   	0.0839654  	0.0136917  	0.0261835  	0.999245   	0.702665   	0.0799253  	-0.0219719 	0.990986   	0.409313   	10.2812    	10.8824    	0.566489   	0.51999    	172.69     	21.8544    	0.433654   	9.4089     	144.76     	18.1036    	10.5645    	133.33     	99.7713    	18.918     	1.37278    	0.561572   	98.2561    	5.91601    	0.410005   	1.76055    	418.379    	17.6665    	16.2952    	202.126    	201.349    	11.9284    	0.985051   	16.5679    	309.104    	11.4287    	8.34604    	250.926    	10.3342    	12.4159    	1.01973    	0.748336   	24.1141    	7.72967    	1.06147    	0.792644   	355.24     	8.56625    	8.97077    	314.297    	186.523    	8.03627    	1.06641    	16.4404    	435.991    	9.46364    	12.2702    	253.18     	25.551     	9.95561    	1.57466    	1.11441    	237.91     	6.81313    	0.816245   	16.3621    	81.2517	58.1028	143.218	155.11	64.6443	267.883	23.3798	109.803	127.896	142.506	116.093	17.7165	189.201	182.675	24.935	-0.00144628	-0.0009471 	0.999994   	0.352075   	1.5465     	0.374966   	13.4417    	13.4752    	22.0183	
1.45e-10   	2.6        	-0.00635318	-0.000917906	0.999858   	0.538385   	0.00665977 	0.00107365 	0.999781   	0.467242   	0.0301996  	-0.00279926	-0.890881  	0.0204027  	0.00613817 	0.000151423	0.999884   	0.621278   	0.00572426 	0.00178916 	0.999852   	0.53583    	-0.0437501 	-0.00562476	-0.996042  	0.169622   	0.00343569 	0.00233047 	0.999605   	0.385922   	0.0180076  	-0.112143  	-0.80299   	0.0191474  	-0.00155064	0.00351364 	0.999899   	0.618309   	-0.00233695	-0.00259503	0.999879   	0.618634   	0.001818   	-0.0843079 	-0.905224  	0.0192562  	0.00417761 	0.00856884 	0.999655   	0.387275   	-0.0178463 	-0.0385855 	-0.994336  	0.0993127  	0.000447448	0.0036085  	0.999928   	0.700031   	0.0041748  	0.00278464 	0.99978    	0.384441   	5.26683    	2.82845    	0.211203   	0.211343   	6.07234    	3.82879    	0.30286    	0.326701   	4.90972    	5.62455    	0.491682   	0.779664   	4.53469    	4.04172    	0.305547   	0.285818   	5.96808    	2.61246    	0.272544   	0.260483   	13.4801    	5.25875    	1.7408     	1.1291     	6.74325    	6.55137    	0.309682   	0.323133   	7.81902    	10.213     	0.836037   	2.51893    	3.51163    	4.74053    	0.254219   	0.253022   	3.85974    	6.29235    	0.264296   	0.260946   	3.27999    	4.62025    	0.567245   	0.793755   	3.32669    	7.06044    	0.32362    	0.351878   	4.84248    	5.97729    	0.675267   	0.687835   	3.07409    	4.29816    	0.199492   	0.198279   	3.00006    	4.04624    	0.271455   	0.268701   	8.97949	6.92583	6.92326	16.2426	13.9021	26.6245	8.45478	10.2201	13.5154	11.0807	7.86979	7.42294	10.2399	10.839	7.4622	7.60883e-05	-1.1113e-05	0.999999   	0.329242   	0.151062   	0.157329   	0.714876   	0.714869   	5.06338	
1.5e-10    	2.4        	-1.23086e-05	-0.000454358	0.999923   	0.527931   	-1.65079e-05	-0.00272618	0.999891   	0.453875   	-0.00087989	0.0352406  	-0.986266  	0.0427168  	0.000611154	0.00083794 	0.999954   	0.613596   	-0.000978298	-3.00995e-05	0.999928   	0.525723   	0.000379209	-0.00231867	-0.999359  	0.199605   	-0.000278052	-0.00197729	0.999861   	0.371247   	-0.0043676 	0.040309   	-0.982872  	0.0405517  	0.000440093	-0.00154916	0.999946   	0.609106   	0.000659948	0.00172702 	0.999942   	0.608752   	0.0154536  	0.0407287  	-0.985147  	0.0410637  	-0.00283248	-0.0070707 	0.999792   	0.371787   	0.00665902 	0.0117229  	-0.998248  	0.123688   	-0.000375617	-0.00123753	0.999966   	0.692723   	-0.00175953	-0.00128371	0.999849   	0.36963    	2.69399    	2.25497    	0.203247   	0.204316   	3.02903    	1.96046    	0.173761   	0.175348   	3.15869    	2.38369    	0.262417   	0.291905   	2.10658    	1.85328    	0.184805   	0.184979   	2.09269    	2.45674    	0.203473   	0.203646   	2.34711    	3.51699    	0.429004   	0.432813   	2.40717    	1.95797    	0.215872   	0.216315   	3.20089    	2.99677    	0.343507   	0.368692   	2.26178    	2.20516    	0.19961    	0.199614   	2.18256    	2.63495    	0.194191   	0.194695   	2.91071    	2.55114    	0.257393   	0.297629   	3.01028    	2.67599    	0.216477   	0.21785    	3.07783    	2.74926    	0.348531   	0.340005   	1.76936    	1.86233    	0.150598   	0.150651   	2.60363    	2.07318    	0.192041   	0.19162    	6.04667	4.43046	4.45551	6.50906	5.9601	5.34929	5.48269	5.25743	6.26651	5.53707	4.27804	5.89348	4.93926	6.23629	5.06407	-4.97979e-05	6.15298e-05	0.999999   	0.313238   	0.130735   	0.144006   	0.230735   	0.230731   	2.5659	
1.55e-10   	2.2        	-0.000116002	-0.000680616	0.999914   	0.51599    	-0.00037483	-0.00235759	0.999906   	0.441126   	0.00411731 	0.0230795  	-0.993594  	0.0606106  	-0.000391433	-0.00167761	0.999954   	0.603281   	-0.00233282	-0.0014193 	0.999923   	0.513987   	0.00654958 	0.00788056 	-0.999478  	0.220309   	0.00121349 	-0.00159769	0.999845   	0.357892   	-0.00380721	0.0139155  	-0.99421   	0.0584701  	-0.000250209	-0.000201276	0.999946   	0.59746    	-0.00106831	0.000345998	0.999949   	0.596639   	-0.0117185 	0.0186663  	-0.993128  	0.0584905  	0.00369487 	-0.00357276	0.999828   	0.35853    	0.000452792	0.00813562 	-0.998763  	0.142082   	0.000481454	-0.00147048	0.999958   	0.682804   	-0.0012032 	-0.000363389	0.999808   	0.355759   	2.33232    	2.91727    	0.17365    	0.172907   	1.87709    	2.19355    	0.153776   	0.155044   	2.55668    	2.6439     	0.223177   	0.232211   	1.56185    	2.13437    	0.162206   	0.162165   	2.50273    	1.94674    	0.194966   	0.195817   	2.84609    	2.40462    	0.274763   	0.27716    	2.13247    	2.36704    	0.181557   	0.179824   	2.17921    	2.29043    	0.230839   	0.230411   	1.87354    	2.56723    	0.167665   	0.168233   	1.92176    	2.23995    	0.192527   	0.192612   	2.25182    	2.98578    	0.21332    	0.222159   	2.82988    	1.8744     	0.18603    	0.186383   	3.16224    	2.42321    	0.2246     	0.220004   	2.28504    	2.08711    	0.173141   	0.173633   	3.18818    	2.38127    	0.192277   	0.192781   	4.58878	4.12256	3.89372	4.85288	4.78433	3.59134	4.11821	3.66599	4.39193	4.68508	3.2008	4.19374	3.7731	5.16252	4.11971	1.33803e-05	3.92326e-05	0.999999   	0.298967   	0.137135   	0.141053   	0.170125   	0.170127   	1.74326	
1.6e-10    	2          	0.000874039	-0.000957459	0.999932   	0.502065   	-0.00109578	0.00170272 	0.999902   	0.4278     	0.00045124 	-0.00291944	-0.996536  	0.0759902  	-0.000269529	0.000574504	0.999953   	0.590613   	0.000697182	0.00150366 	0.999926   	0.500169   	-0.000620709	-0.00451045	-0.999638  	0.236517   	-0.00235123	0.00159312 	0.999852   	0.344333   	0.000259032	-0.0147407 	-0.996131  	0.0737559  	0.00144116 	0.00088845 	0.999942   	0.583434   	0.00165264 	-0.00103577	0.999923   	0.582351   	-0.00761907	-0.00146075	-0.995484  	0.0733619  	-0.00094609	0.0018381  	0.999831   	0.344855   	0.00388433 	-0.00207886	-0.999121  	0.156999   	-0.00128603	-0.000227195	0.99996    	0.669599   	0.000902516	0.00112673 	0.999831   	0.341572   	2.22036    	1.65186    	0.16247    	0.162958   	2.17872    	1.87102    	0.164806   	0.163809   	2.25808    	2.34739    	0.213837   	0.217012   	1.85028    	1.91018    	0.177362   	0.177394   	2.01129    	2.15684    	0.198933   	0.199311   	2.21338    	2.31496    	0.189781   	0.188672   	2.0062     	1.91925    	0.157404   	0.157069   	1.93493    	2.79862    	0.209753   	0.223017   	2.13279    	2.32795    	0.214677   	0.214074   	2.46995    	3.4228     	0.186675   	0.187281   	1.98298    	3.58727    	0.197126   	0.203623   	2.10981    	2.46695    	0.169219   	0.169049   	2.6995     	2.23281    	0.169462   	0.16856    	2.04763    	1.94775    	0.169083   	0.169208   	2.12664    	2.38675    	0.179163   	0.179905   	3.56943	3.706	3.47551	4.02907	4.18269	2.94702	3.66468	3.2756	4.47978	3.97773	3.19152	3.57691	2.90571	4.20878	3.84849	5.45433e-05	-3.31452e-05	0.999999   	0.284724   	0.131902   	0.136937   	0.171247   	0.171243   	1.52605	
1.65e-10   	1.8        	-0.000648719	-0.00148134	0.999917   	0.485317   	-0.000254994	0.00125161 	0.999893   	0.413254   	0.00331078 	0.00217752 	-0.997218  	0.0906892  	-0.000660492	-5.02829e-05	0.999941   	0.575146   	0.000727838	0.000623737	0.999903   	0.482993   	0.00021414 	-0.000765326	-0.999629  	0.249826   	0.000859156	0.000855535	0.999814   	0.330199   	0.00385471 	-0.0145826 	-0.99713   	0.0879925  	-0.00123547	0.00177866 	0.999915   	0.565686   	0.00084689 	-0.00271895	0.999916   	0.564135   	-0.00237414	0.00790645 	-0.997109  	0.0867146  	-0.00107124	0.00243687 	0.999802   	0.33032    	0.00151498 	-0.00361732	-0.999193  	0.170791   	9.166e-05  	0.00200547 	0.999945   	0.652791   	-0.000809967	-0.00216263	0.99981    	0.326574   	2.08416    	2.35001    	0.231916   	0.231201   	2.0252     	2.16004    	0.195402   	0.195086   	2.4184     	2.84016    	0.211548   	0.214164   	2.43072    	2.06817    	0.176786   	0.177975   	2.67733    	2.48903    	0.233004   	0.23301    	2.43419    	2.89497    	0.207059   	0.208977   	2.36163    	2.29538    	0.185575   	0.186747   	1.99072    	2.9285     	0.200752   	0.204357   	2.60723    	3.47597    	0.214617   	0.214505   	2.96501    	2.91307    	0.253178   	0.253285   	2.19388    	2.76461    	0.208811   	0.215286   	2.3277     	2.56314    	0.193628   	0.194495   	3.06903    	2.31122    	0.197914   	0.201706   	2.72516    	2.47615    	0.202841   	0.202371   	2.21587    	2.37549    	0.181366   	0.181625   	4.35098	3.51879	3.34047	4.07064	3.94112	2.88615	3.64472	3.75369	3.74342	4.32931	3.4433	3.43872	3.1202	3.96501	3.78325	-5.14874e-05	3.52184e-06	0.999999   	0.269394   	0.14299    	0.1375     	0.202293   	0.202286   	1.68662	
1.7e-10    	1.6        	0.00253864 	0.00112984 	0.99986    	0.464572   	-0.00045318	0.000118817	0.999844   	0.396135   	-0.00970513	-0.0044377 	-0.997433  	0.105404   	0.000885061	-0.00138072	0.999908   	0.555809   	0.000613522	0.00251673 	0.999857   	0.462044   	-0.00310726	-0.0012387 	-0.999695  	0.262103   	-6.80596e-05	0.00241875 	0.99981    	0.313886   	0.00364567 	0.00034432 	-0.997951  	0.102144   	-0.000707533	-0.00144766	0.99991    	0.543367   	-0.00300949	-0.000454593	0.999898   	0.541466   	0.0120505  	-0.0128488 	-0.99765   	0.100377   	0.00105497 	0.00469239 	0.999738   	0.314061   	0.000375577	-0.00626531	-0.999413  	0.183554   	0.00269832 	0.0022123  	0.999921   	0.630905   	-0.00556937	-0.0010011 	0.999718   	0.308995   	3.0631     	3.70704    	0.293366   	0.293279   	3.05962    	2.55911    	0.215894   	0.21544    	3.22496    	3.20529    	0.23919    	0.243413   	2.58522    	3.85999    	0.220199   	0.221299   	2.66021    	4.18916    	0.282154   	0.280064   	2.63663    	2.09684    	0.192531   	0.19122    	2.35141    	1.89463    	0.203057   	0.201528   	2.81258    	2.10288    	0.252824   	0.257244   	3.48759    	2.54257    	0.275819   	0.27456    	2.57322    	4.0303     	0.282742   	0.282032   	2.14883    	2.95235    	0.210095   	0.216226   	2.67379    	3.02395    	0.211856   	0.212114   	2.17115    	2.23196    	0.207399   	0.207084   	2.62868    	4.07523    	0.255378   	0.255332   	2.49411    	3.35501    	0.238053   	0.240004   	4.945	4.25346	3.60004	4.24495	4.44636	3.34425	4.12464	3.69577	4.61926	4.597	3.81544	4.14285	3.62995	4.5534	4.14589	-3.72232e-05	1.0049e-05 	0.999999   	0.251863   	0.138117   	0.142565   	0.272859   	0.272851   	1.81973	
1.75e-10   	1.4        	-0.000142931	-0.00357044	0.99977    	0.438228   	0.00460394 	0.00367648 	0.999763   	0.376151   	-0.0128881 	0.000392012	-0.997762  	0.121326   	0.000444799	0.000184204	0.999874   	0.532268   	-0.000835987	0.00262212 	0.999786   	0.434832   	0.000375573	-0.00445729	-0.999614  	0.273381   	0.001865   	0.00136741 	0.999593   	0.295658   	-0.0094869 	-0.0117557 	-0.997428  	0.117116   	0.00108682 	0.00201102 	0.999801   	0.514066   	-0.000586446	-0.005148  	0.99982    	0.511435   	0.00803785 	0.0164221  	-0.997664  	0.114084   	-0.00205347	0.00154785 	0.9996     	0.295107   	-0.000478649	0.000287686	-0.999152  	0.196186   	0.00488374 	-0.00147981	0.999834   	0.60277    	-0.0101128 	0.0030537  	0.999411   	0.288411   	4.2843     	5.5984     	0.450731   	0.450221   	3.33182    	3.81906    	0.285207   	0.286641   	3.41683    	3.90979    	0.307076   	0.320668   	3.67481    	4.5193     	0.282525   	0.281887   	5.02838    	4.11969    	0.37271    	0.374343   	3.42241    	3.04922    	0.245653   	0.247609   	4.07354    	4.05791    	0.27241    	0.272687   	4.1642     	3.62086    	0.239121   	0.250408   	6.56003    	5.39973    	0.419471   	0.422859   	4.99024    	5.05049    	0.498334   	0.493861   	2.92651    	3.571      	0.253921   	0.253006   	3.05935    	4.88508    	0.265715   	0.264948   	3.40436    	4.10831    	0.230669   	0.227261   	3.90895    	8.86992    	0.348429   	0.347486   	3.71669    	6.50775    	0.29633    	0.298077   	5.08267	4.68741	4.23106	4.8273	5.157	4.10949	5.00028	4.21177	4.97571	4.55778	3.78791	4.40806	4.01376	5.10558	4.35255	-1.06361e-06	-8.95088e-05	0.999998   	0.231127   	0.149318   	0.146781   	0.426342   	0.426362   	1.97906	
1.8e-10    	1.2        	-0.0148095 	-0.0228045 	0.998652   	0.40413    	0.0198276  	0.00122019 	0.999365   	0.353219   	-0.00803522	0.0618892  	-0.99204   	0.141124   	0.00327872 	-0.0199614 	0.999145   	0.503196   	0.0109346  	0.0192138  	0.998242   	0.398708   	-0.0207295 	0.00829214 	-0.999209  	0.283591   	0.0165918  	0.0182256  	0.998482   	0.275206   	-0.0155681 	0.0229546  	-0.995671  	0.133434   	-0.00584165	-0.0171315 	0.998916   	0.474909   	0.000308679	0.0189886  	0.998895   	0.470338   	-0.0330709 	-0.0602223 	-0.991127  	0.128783   	0.0153484  	-0.00369687	0.999172   	0.27409    	-0.034393  	0.0112451  	-0.998342  	0.209976   	0.00598091 	-0.0167781 	0.999369   	0.565881   	0.0144019  	0.0262215  	0.997805   	0.263762   	25.3932    	11.3842    	0.592061   	0.596372   	5.10159    	7.49337    	0.40303    	0.40589    	18.334     	9.38135    	0.405568   	0.548964   	26.9965    	10.9633    	0.410381   	0.42692    	45.352     	10.0967    	0.725896   	0.744513   	5.1902     	4.8618     	0.283717   	0.295518   	15.3087    	5.87789    	0.362204   	0.369202   	9.55478    	6.63641    	0.358235   	0.375047   	35.1721    	12.7285    	0.784351   	0.818626   	32.4011    	14.6342    	0.810217   	0.781891   	17.3451    	7.53263    	0.379955   	0.444623   	6.96423    	5.21818    	0.374676   	0.384252   	6.11101    	4.12196    	0.333829   	0.37551    	22.3095    	12.5278    	0.670108   	0.673646   	18.0088    	9.98466    	0.384804   	0.393061   	6.30128	6.34624	5.23135	7.02077	5.6916	5.45084	6.19488	5.3379	6.32571	5.83662	5.8318	5.9777	5.31545	6.6987	5.0847	-8.91229e-05	-4.84032e-05	0.999998   	0.205697   	0.148839   	0.150835   	0.766861   	0.766873   	2.17796	
1.85e-10   	1          	-0.314041  	-0.0281541 	0.941988   	0.363035   	0.171498   	0.0320444  	0.981588   	0.335487   	0.323063   	-0.022822  	-0.940797  	0.170335   	-0.0770083 	-0.0296903 	0.996142   	0.468365   	0.302471   	0.0345776  	0.947641   	0.350855   	-0.228594  	0.0121701  	-0.970019  	0.295676   	0.246829   	0.0107889  	0.964892   	0.266276   	0.0240685  	0.057431   	-0.995471  	0.148765   	-0.177472  	-0.0276096 	0.982065   	0.408794   	0.154583   	0.00110802 	0.986467   	0.396322   	-0.438348  	0.0325573  	-0.884651  	0.154924   	0.0436827  	-0.027107  	0.997655   	0.256186   	-0.0719617 	0.00828862 	-0.99642   	0.222992   	-0.102978  	-0.0169449 	0.993649   	0.508306   	0.272621   	0.0371056  	0.956208   	0.242237   	188.448    	7.13112    	7.82617    	3.83839    	71.196     	7.85819    	0.678966   	2.23272    	30.4823    	4.1609     	0.712703   	2.73983    	15.0285    	7.3726     	0.786628   	0.702096   	114.62     	12.0259    	7.51306    	1.81697    	59.4198    	7.30016    	1.11243    	1.11651    	57.7036    	9.17153    	0.816604   	4.24803    	6.82506    	6.5255     	0.786969   	0.915822   	46.9473    	12.507     	11.0099    	6.33415    	43.0793    	7.65098    	12.4971    	8.25313    	64.335     	4.74768    	0.871671   	6.51402    	7.99219    	7.53734    	0.953043   	1.09184    	5.69494    	5.22203    	0.506083   	0.52027    	42.7641    	8.94751    	4.17774    	2.8287     	61.0465    	6.71856    	0.762029   	2.34408    	11.958	37.4675	7.82576	41.3733	14.4538	10.031	33.8126	6.90226	11.8487	8.22794	8.00653	29.1089	7.75983	27.3857	13.0363	6.06526e-05	-0.000150942	0.999997   	0.170524   	0.145774   	0.147737   	8.33013    	8.33018    	66.759	
1.9e-10    	0.8        	-0.588595  	-0.0485987 	0.805806   	0.323065   	0.238424   	0.0711676  	0.968091   	0.320836   	0.534477   	-0.061382  	-0.839592  	0.210734   	-0.16219   	-0.0681368 	0.983716   	0.433752   	0.559093   	0.0567383  	0.825652   	0.311502   	-0.337515  	0.0511538  	-0.938654  	0.302989   	0.40451    	0.0520175  	0.912095   	0.27016    	0.103338   	0.149197   	-0.976594  	0.168631   	-0.377706  	-0.116669  	0.916747   	0.34449    	0.423368   	0.117198   	0.894626   	0.313904   	-0.669328  	-0.0790127 	-0.73617   	0.18184    	-0.0162834 	-0.0919822 	0.99338    	0.24916    	0.00852539 	-0.0002721 	-0.998823  	0.229638   	-0.288636  	-0.048035  	0.954686   	0.448294   	0.514838   	0.104165   	0.84865    	0.238599   	18.4002    	6.12013    	5.4654     	7.39397    	5.71529    	4.86013    	1.2089     	1.26378    	28.5629    	8.67609    	2.53251    	11.3767    	22.5265    	7.47335    	1.48267    	2.10208    	18.7219    	9.92318    	3.89728    	4.67127    	6.31031    	19.1501    	1.32973    	1.41279    	4.70739    	11.0187    	1.06714    	2.09402    	26.5382    	19.9176    	1.28525    	3.90338    	40.0525    	10.312     	3.74175    	8.78868    	48.6857    	29.1558    	9.4027     	10.751     	11.6886    	6.54296    	1.62159    	5.41589    	18.713     	13.9378    	1.80617    	2.45438    	8.98892    	4.85874    	1.03768    	1.03733    	56.1162    	13.7331    	3.7701     	5.11188    	24.6597    	8.64222    	1.10676    	9.31211    	9.45365	14.0171	7.18429	14.646	8.18336	6.53565	13.2967	6.67637	8.33484	9.60295	6.10581	15.8574	6.96925	11.8696	8.90936	0.000156838	-0.000136188	0.999995   	0.132424   	0.149286   	0.140836   	2.46889    	2.46884    	12.5431	
1.95e-10   	0.6        	-0.778555  	-0.164404  	0.603653   	0.286582   	0.32696    	0.0681927  	0.941864   	0.29885    	0.586268   	0.108835   	-0.798273  	0.210852   	-0.213206  	-0.14494   	0.965831   	0.38854    	0.716719   	0.155786   	0.678163   	0.285748   	-0.398551  	0.0505708  	-0.91523   	0.298291   	0.536691   	0.0659571  	0.840049   	0.25469    	0.141417   	0.285041   	-0.946765  	0.190121   	-0.527307  	-0.225651  	0.817221   	0.318879   	0.656563   	0.371204   	0.653058   	0.248116   	-0.759883  	-0.228205  	-0.606273  	0.200699   	-0.0118847 	-0.17972   	0.982271   	0.252267   	-0.0568105 	0.039994   	-0.996211  	0.231723   	-0.406786  	-0.165076  	0.897762   	0.382552   	0.647487   	0.217804   	0.729355   	0.255191   	5.91368    	16.6942    	10.8079    	9.92542    	5.34107    	6.28408    	8.3172     	6.20844    	12.598     	27.2481    	17.3784    	20.4214    	5.34118    	6.08186    	6.0839     	5.1632     	4.28829    	14.1075    	6.74544    	5.06257    	4.12422    	6.13577    	3.32766    	3.80023    	5.37039    	4.62199    	42.0526    	38.3364    	2.8868     	7.72872    	2.95765    	3.64894    	4.40164    	10.8127    	58.7861    	35.8855    	6.64298    	17.6336    	20.0887    	10.7306    	4.93132    	6.965      	6.25587    	4.42385    	13.926     	7.01162    	3.05698    	4.13411    	11.2209    	5.6984     	1.94693    	1.83831    	10.9744    	14.3642    	11.7969    	15.279     	5.58528    	5.72718    	5.20795    	6.30978    	8.65821	10.9149	8.10499	10.0877	13.0096	12.1956	15.2436	9.41632	25.1596	10.5419	6.59318	9.12577	7.89301	10.7315	9.2967	0.000589011	0.000120426	0.999991   	0.0976378  	0.141281   	0.144471   	1.27251    	1.27245    	3.48413	
2e-10      	0.4        	-0.899137  	-0.348291  	0.238929   	0.20287    	0.404005   	-0.0253005 	0.912759   	0.253335   	0.493138   	0.548165   	-0.627752  	0.149172   	-0.128172  	-0.227823  	0.962028   	0.329505   	0.737671   	0.290024   	0.593212   	0.227488   	-0.428717  	0.0381875  	-0.902086  	0.284025   	0.606178   	0.103756   	0.78633    	0.221943   	-0.0228565 	0.313398   	-0.942364  	0.214501   	-0.475782  	-0.334502  	0.810139   	0.277669   	0.700722   	0.669018   	0.19987    	0.168908   	-0.856704  	-0.260474  	-0.438744  	0.185221   	0.16941    	-0.249721  	0.94947    	0.247469   	-0.256837  	0.126559   	-0.954354  	0.214761   	-0.375401  	-0.32004   	0.864205   	0.284655   	0.687235   	0.263256   	0.674126   	0.237595   	124.785    	5.62332    	95.3958    	166.901    	9.16569    	17.9136    	19.2861    	23.5975    	96.0437    	13.623     	190.397    	159.199    	78.1749    	4.96016    	47.4357    	55.738     	110.238    	2.77429    	27.6542    	24.5897    	8.19177    	4.42224    	4.05982    	7.51753    	5.58759    	11.2278    	5.55989    	2.6465     	57.5894    	7.70752    	8.24848    	4.09853    	84.0426    	7.20353    	30.9528    	75.1312    	137.343    	16.75      	36.5635    	122.773    	26.0311    	18.0007    	39.21      	59.4875    	40.9904    	3.53777    	17.0543    	9.52863    	15.7879    	12.0923    	24.9675    	14.0689    	128.092    	5.39402    	18.1069    	60.8673    	57.7893    	16.461     	5.87519    	54.6756    	7.43809	9.24165	11.2578	20.2542	14.8019	7.3082	9.75842	12.6597	10.294	12.6684	8.71966	13.6086	7.20768	15.7107	12.6436	0.00114522 	-0.000428601	0.999979   	0.0641881  	0.14533    	0.13883    	0.986244   	0.986181   	2.69527	
2.05e-10   	0.2        	-0.778576  	-0.563237  	-0.255428  	0.152343   	0.496876   	-0.0074439 	0.865038   	0.213429   	0.0891801  	0.831335   	-0.511569  	0.104959   	0.108408   	-0.351431  	0.926628   	0.231696   	0.577853   	0.499888   	0.639379   	0.184847   	-0.474927  	-0.0358676 	-0.876954  	0.270401   	0.608454   	0.14188    	0.776321   	0.229012   	-0.32675   	0.410475   	-0.840517  	0.180773   	-0.528575  	-0.696278  	0.461699   	0.157185   	0.42464    	0.890103   	0.0898946  	0.125828   	-0.776747  	-0.389828  	-0.483804  	0.172185   	0.423481   	-0.22911   	0.869833   	0.187759   	-0.515568  	0.11317    	-0.84052   	0.174118   	-0.188395  	-0.596678  	0.769694   	0.166369   	0.653052   	0.413945   	0.628952   	0.188654   	5.25782    	15.9022    	16.0694    	7.28205    	12.9487    	6.82419    	10.0695    	4.55282    	20.743     	7.36973    	39.0234    	15.2303    	21.7035    	7.3787     	42.8597    	33.3712    	7.96474    	18.5923    	12.4258    	10.063     	12.6566    	12.8816    	15.0648    	5.83993    	27.4625    	23.6809    	4.11852    	11.7522    	31.22      	3.32286    	65.8576    	32.4061    	6.11324    	18.8434    	64.5151    	21.0287    	18.6645    	18.6681    	11.5564    	12.9588    	13.2281    	49.9018    	6.50468    	33.9502    	35.5561    	19.6273    	10.8168    	17.2208    	24.1184    	13.5404    	29.0772    	13.0197    	27.8892    	8.00042    	43.5486    	27.7917    	8.82374    	27.1545    	2.41113    	11.1655    	12.6462	27.8705	14.4845	8.01724	22.8732	19.4958	29.303	11.5219	16.9231	57.1692	14.9282	18.2694	25.1488	13.7422	9.01542	0.00121632 	9.30021e-05	0.999918   	0.0318099  	0.137184   	0.144777   	0.598396   	0.598239   	1.9786	
2.1e-10    	-0         	-0.64252   	-0.683511  	-0.338225  	0.18529    	0.752523   	-0.0186449 	0.646791   	0.209666   	-0.244371  	0.831642   	-0.475511  	0.15637    	0.422898   	-0.543065  	0.707961   	0.203154   	0.53854    	0.784839   	0.294864   	0.176657   	-0.672743  	-0.099872  	-0.725944  	0.270567   	0.817767   	0.275632   	0.494151   	0.233923   	-0.635501  	0.435324   	-0.619398  	0.192478   	-0.411273  	-0.9073    	0.0277985  	0.164819   	0.183656   	0.958434   	-0.196812  	0.1557     	-0.789633  	-0.408757  	-0.448223  	0.219436   	0.705313   	-0.287222  	0.632409   	0.203105   	-0.743515  	0.149082   	-0.637432  	0.207881   	0.0509937  	-0.928744  	0.3459     	0.154055   	0.729966   	0.550454   	0.395881   	0.201948   	10.7815    	9.04658    	14.3643    	12.3153    	20.0348    	11.97      	50.1704    	7.64997    	35.2466    	15.8423    	22.4669    	11.7349    	59.6822    	11.6486    	51.3253    	6.14206    	18.9698    	6.83165    	10.033     	10.5914    	21.5532    	5.76198    	78.496     	19.5349    	16.2369    	6.09844    	51.4837    	4.36219    	46.8818    	8.11653    	48.4567    	5.7816     	15.0085    	10.5105    	3.29314    	7.16065    	14.0021    	13.4511    	6.76478    	9.28307    	8.22428    	9.63853    	35.6705    	6.68135    	34.6386    	9.97852    	54.0669    	3.66071    	34.3668    	13.7451    	46.9823    	3.65972    	24.5896    	15.0502    	10.6195    	9.96932    	5.80825    	9.19129    	26.0917    	6.58589    	29.625	70.6069	17.6685	7.36466	68.7658	65.607	26.2897	10.9598	53.67	56.9761	12.8748	26.0063	51.8408	45.8056	7.9525	-0.0102243 	-0.0217266 	-0.0636591 	0.000501923	0.14476    	0.139034   	0.581973   	0.431206   	2.02746	
