#----------------------------------------------------------------------------------------------------------------------------------------------------------
# Output file for vampire simulation
#   time       : 2025-05-28 00:40:23     process id : 296160
#   hostname   : thor8.psi.ch
#   path       : /scratch/dossan_f/Na2BaMn(PO4)2/vampire_tripleUC_15mat_J2Ja_small_k0.035_Jnn0.11_Bc
#   version    : 6.0.0
#   githash    : 4c9651daecc86c3e6b6df0c8055fcd9e89fd900c
#----------------------------------------------------------------------------------------------------------------------------------------------------------
1e-11      	8          	-0.000164229	4.4149e-05 	0.999993   	0.89007    	0.000102476	1.06171e-06	0.999993   	0.890051   	-8.4991e-05	5.28936e-05	0.999992   	0.890078   	4.69645e-05	7.30715e-05	0.999993   	0.890064   	0.000108705	0.000110056	0.999993   	0.890078   	-0.000186564	-0.000177276	0.999993   	0.89005    	-1.24067e-05	4.94737e-05	0.999993   	0.890061   	-3.15602e-05	0.000190042	0.999993   	0.890135   	6.54829e-05	-0.000158327	0.999992   	0.889993   	-0.000131416	-9.27418e-05	0.999993   	0.890008   	-4.65923e-05	-1.135e-05 	0.999993   	0.890077   	0.000145974	0.000101464	0.999993   	0.890053   	0.0002504  	-1.49646e-05	0.999992   	0.890061   	-0.000234306	0.000163933	0.999993   	0.890077   	-3.94482e-05	-0.00011212	0.999993   	0.890093   	0.316797   	0.345445   	18.5541    	18.5462    	0.331799   	0.321441   	20.2386    	20.2376    	0.322176   	0.366073   	18.1733    	18.1576    	0.350238   	0.289541   	20.3151    	20.3001    	0.329333   	0.315019   	18.2243    	18.2233    	0.339702   	0.310031   	18.6506    	18.6413    	0.337104   	0.318725   	19.5567    	19.5441    	0.308085   	0.325841   	17.3249    	17.3226    	0.335467   	0.343633   	19.8498    	19.8311    	0.315743   	0.322734   	18.3919    	18.3911    	0.344902   	0.326078   	19.3199    	19.3128    	0.327666   	0.317831   	19.5584    	19.5445    	0.337151   	0.296889   	18.6712    	18.6361    	0.309097   	0.347112   	19.519     	19.5029    	0.298359   	0.321639   	18.5235    	18.5172    	1514.07	1747.09	1465.76	1752.67	1473.29	1531.56	1654.65	1358.65	1692.77	1490.71	1612.18	1651.5	1534.64	1648.2	1519.14	-1.36939e-05	1.49824e-05	1          	0.890057   	0.104013   	0.107851   	284.302    	284.301    	23554.6	
1.5e-11    	7.8        	0.000168666	-0.000236751	0.999993   	0.884853   	-0.000221375	-0.00010735	0.999993   	0.884903   	0.00015751 	0.000170718	0.999993   	0.884952   	-4.54369e-05	2.40441e-05	0.999993   	0.884835   	-0.000136656	8.88264e-05	0.999993   	0.884852   	0.000162014	-8.66606e-06	0.999993   	0.884841   	6.04654e-05	-0.000219093	0.999993   	0.884878   	-0.000434903	-8.00475e-06	0.999993   	0.884939   	0.000430509	8.5136e-05 	0.999993   	0.884926   	-8.25336e-05	5.52804e-05	0.999993   	0.884857   	-0.000109853	3.73545e-05	0.999993   	0.884823   	0.000187816	-0.000184104	0.999993   	0.884868   	0.000161717	-0.000105203	0.999993   	0.884899   	3.356e-05  	1.08823e-05	0.999993   	0.884835   	-0.000206265	0.000177059	0.999993   	0.884926   	0.33237    	0.35901    	0.0329798  	0.0329767  	0.323903   	0.340775   	0.0373898  	0.0373709  	0.310738   	0.343893   	0.0336079  	0.033591   	0.361373   	0.334417   	0.0344044  	0.0343802  	0.330866   	0.34153    	0.0328496  	0.0328493  	0.323471   	0.330153   	0.0343919  	0.0344066  	0.338028   	0.351591   	0.0349619  	0.0349581  	0.355983   	0.358665   	0.03705    	0.0370263  	0.332542   	0.384506   	0.0356732  	0.0356916  	0.346578   	0.337684   	0.0364158  	0.0364133  	0.358691   	0.344491   	0.0371841  	0.0371824  	0.349519   	0.314074   	0.0331324  	0.0331122  	0.350028   	0.35783    	0.0340741  	0.03408    	0.334982   	0.318929   	0.033876   	0.0338459  	0.34439    	0.372094   	0.0349381  	0.0349339  	4.4572	4.85926	4.27845	4.36284	4.20381	4.57251	4.41298	4.66428	4.58153	4.53522	4.66098	4.28228	4.3899	4.44915	4.50675	8.30828e-06	-1.46444e-05	1          	0.884873   	0.113974   	0.106125   	0.043619   	0.0436198  	1.66592	
2e-11      	7.6        	-5.44134e-05	-9.57214e-05	0.999993   	0.878239   	-0.000279643	-3.27025e-05	0.999993   	0.878289   	0.000238819	7.2642e-05 	0.999992   	0.8782     	-0.000378742	0.000107066	0.999992   	0.878261   	-6.98475e-05	1.94473e-05	0.999993   	0.87829    	0.000333253	-0.000147278	0.999993   	0.878207   	-0.000269269	-0.000157166	0.999992   	0.878264   	-1.50723e-05	0.000120298	0.999992   	0.878223   	0.000148673	5.69563e-05	0.999992   	0.878334   	-0.000110219	0.000113848	0.999992   	0.878234   	-6.06511e-05	-8.82782e-05	0.999993   	0.878256   	6.63474e-05	-3.29235e-05	0.999993   	0.878222   	2.0679e-05 	-0.000111029	0.999992   	0.878342   	0.000139408	-2.4834e-05	0.999993   	0.878265   	-0.000158329	0.00021637 	0.999992   	0.878249   	0.340421   	0.36311    	0.040094   	0.0400544  	0.347755   	0.331113   	0.0385999  	0.0385613  	0.36522    	0.378151   	0.0378977  	0.0379115  	0.366691   	0.343305   	0.0366675  	0.0366723  	0.371634   	0.342269   	0.0378012  	0.0378149  	0.356697   	0.344682   	0.0427154  	0.0427157  	0.394027   	0.361075   	0.0377475  	0.0377826  	0.39492    	0.368835   	0.0408675  	0.0408446  	0.409573   	0.364668   	0.0376159  	0.0375754  	0.333683   	0.390142   	0.0368966  	0.0369133  	0.360765   	0.32722    	0.0396723  	0.0396517  	0.360114   	0.336526   	0.038099   	0.0380891  	0.348348   	0.386988   	0.0377116  	0.0376877  	0.340997   	0.371206   	0.0386594  	0.0386686  	0.376075   	0.391942   	0.0355595  	0.0355217  	4.91899	4.59541	4.56112	4.51811	4.47753	5.05838	4.50319	4.80034	4.57381	4.3418	4.67239	4.45059	4.33573	4.5326	4.15535	-2.99816e-05	1.11583e-06	1          	0.878252   	0.111112   	0.116038   	0.0469133  	0.0469135  	1.65328	
2.5e-11    	7.4        	-0.000120141	-2.1089e-05	0.999992   	0.870992   	7.67524e-05	-8.50378e-05	0.999992   	0.870918   	4.77496e-05	7.21824e-05	0.999992   	0.870979   	-0.000138986	1.33842e-05	0.999991   	0.870963   	0.000412706	0.000122898	0.999992   	0.871005   	-0.000338502	-8.08029e-05	0.999992   	0.870938   	-1.01544e-05	-0.000208087	0.999992   	0.87093    	2.57265e-05	7.00807e-06	0.999992   	0.871037   	-3.94687e-05	7.32853e-05	0.999991   	0.870937   	-0.000212847	-0.000185683	0.999991   	0.871047   	0.000104661	0.000122655	0.999991   	0.870915   	0.000103953	9.35894e-05	0.999992   	0.871035   	-0.000330823	-0.00010103	0.999992   	0.870962   	0.000295017	-0.000143126	0.999992   	0.871004   	4.5505e-05 	0.000278213	0.999992   	0.870997   	0.354096   	0.397378   	0.0413012  	0.0413145  	0.400422   	0.374099   	0.0423465  	0.042375   	0.39543    	0.372603   	0.0427949  	0.0427675  	0.428079   	0.387479   	0.0426196  	0.042622   	0.410118   	0.365531   	0.0449453  	0.0449324  	0.409882   	0.354221   	0.0430511  	0.0430803  	0.391843   	0.396894   	0.0418521  	0.0418791  	0.400344   	0.381311   	0.0438159  	0.043783   	0.434957   	0.368113   	0.0447062  	0.0447015  	0.419761   	0.433747   	0.0440215  	0.0440004  	0.386711   	0.417315   	0.0456212  	0.0456135  	0.400046   	0.39832    	0.0421268  	0.0420907  	0.367204   	0.385017   	0.0393349  	0.0393467  	0.375171   	0.368977   	0.0433509  	0.0433332  	0.384106   	0.408486   	0.0458719  	0.0458725  	4.62239	4.94713	4.80852	4.77367	5.10343	4.78778	4.74124	4.90287	5.10634	5.00922	5.07788	4.78669	4.52956	4.78542	5.11303	-5.25238e-06	-2.78732e-06	1          	0.87097    	0.112365   	0.121546   	0.0518564  	0.051856   	1.62593	
3e-11      	7.2        	-3.7233e-05	3.82834e-05	0.99999    	0.863009   	0.000277032	0.000249484	0.999991   	0.862893   	-0.000334751	-0.000399496	0.99999    	0.862993   	-1.32962e-05	9.11942e-05	0.99999    	0.862956   	4.14e-05   	-2.89246e-05	0.999991   	0.862954   	2.85238e-05	1.72192e-05	0.999991   	0.862968   	3.17157e-06	-0.000382702	0.99999    	0.862909   	9.15116e-05	0.0002765  	0.999991   	0.862989   	-3.91266e-05	0.000117167	0.99999    	0.862907   	0.00016177 	0.000127319	0.99999    	0.862935   	-2.5312e-06	-3.32009e-05	0.999991   	0.862974   	-0.000194761	6.58142e-05	0.999991   	0.862922   	-3.66088e-05	0.000164396	0.999991   	0.862924   	0.000219453	0.000112095	0.999991   	0.863004   	-0.000212503	-0.00017112	0.999991   	0.862913   	0.453857   	0.444262   	0.0484198  	0.0484683  	0.390106   	0.421233   	0.0512795  	0.0512365  	0.391658   	0.482354   	0.0471628  	0.0471716  	0.44527    	0.445058   	0.0509831  	0.0509623  	0.413606   	0.437954   	0.0459419  	0.0459914  	0.406547   	0.382489   	0.0507625  	0.0507798  	0.447044   	0.463072   	0.047685   	0.0476801  	0.386789   	0.446406   	0.0478721  	0.0478778  	0.46871    	0.413952   	0.0499021  	0.0498897  	0.466416   	0.40977    	0.0444097  	0.0443759  	0.401462   	0.395511   	0.0504106  	0.0504076  	0.437712   	0.407666   	0.0496732  	0.0496445  	0.387679   	0.422632   	0.0490145  	0.0490254  	0.364948   	0.445691   	0.0477291  	0.0477056  	0.412484   	0.458102   	0.0458638  	0.0458598  	5.11146	5.43315	4.91875	5.2525	4.80226	5.37871	4.95829	4.96874	5.18328	4.56347	5.3587	5.21695	5.03879	5.01587	4.86185	-3.21928e-06	1.62715e-05	1          	0.862942   	0.114789   	0.118532   	0.0635966  	0.0635934  	1.71919	
3.5e-11    	7          	0.000326602	6.54167e-05	0.99999    	0.854097   	-0.00030031	-0.000203593	0.99999    	0.854064   	-4.69044e-05	0.00025805 	0.99999    	0.854135   	-0.000252051	-0.000277162	0.999989   	0.854059   	2.92353e-05	-6.72105e-05	0.99999    	0.85409    	0.000196308	0.000429047	0.999989   	0.854065   	4.437e-05  	0.0002608  	0.99999    	0.854118   	-0.000109276	9.52158e-05	0.99999    	0.854023   	-0.000104515	-0.000380747	0.99999    	0.854014   	7.40398e-05	0.000132815	0.99999    	0.854149   	-7.05302e-05	-0.000111962	0.99999    	0.854105   	8.33615e-05	6.85553e-06	0.99999    	0.854079   	-0.000120394	-0.00017981	0.99999    	0.854104   	-0.000262328	-7.87844e-05	0.999989   	0.854022   	0.000322991	0.000194832	0.99999    	0.85408    	0.436389   	0.421854   	0.0546247  	0.0546092  	0.433293   	0.451538   	0.0550658  	0.0550531  	0.46002    	0.418858   	0.0576064  	0.0575471  	0.483487   	0.466024   	0.0562775  	0.0562682  	0.454326   	0.444393   	0.0543015  	0.0543243  	0.479841   	0.484824   	0.0554082  	0.0554309  	0.475371   	0.440286   	0.056132   	0.0562068  	0.469764   	0.474878   	0.0528647  	0.0528224  	0.42353    	0.477702   	0.0568271  	0.0568383  	0.425122   	0.47533    	0.0563722  	0.0563807  	0.487909   	0.430543   	0.0551913  	0.0551385  	0.510305   	0.43776    	0.0535345  	0.0535147  	0.409972   	0.503171   	0.0569546  	0.0569062  	0.471978   	0.511513   	0.0564247  	0.0563965  	0.431822   	0.477751   	0.0484578  	0.0484674  	5.45751	5.40208	5.74575	5.51621	5.43894	5.25155	5.43315	5.30758	5.69065	5.66954	5.35894	5.43643	5.36715	5.44233	4.72843	-1.2606e-05	9.5688e-06 	1          	0.854072   	0.116483   	0.121878   	0.0700382  	0.0700361  	1.63896	
4e-11      	6.8        	0.000101297	-0.000242625	0.999989   	0.844263   	0.000137845	0.000103284	0.999989   	0.844141   	-9.62781e-05	0.000106182	0.999988   	0.84424    	-9.61853e-05	-1.63895e-05	0.999989   	0.844179   	5.98647e-06	-0.000241321	0.999988   	0.844222   	3.3955e-05 	0.000136621	0.999988   	0.844236   	0.000240731	-0.000149824	0.999988   	0.844216   	-0.000328556	0.000353368	0.999988   	0.844233   	5.15477e-05	-0.00016864	0.999989   	0.844117   	0.000144264	-0.000567887	0.999988   	0.84432    	0.000329413	0.000239612	0.999989   	0.844183   	-0.000339732	0.000431211	0.999988   	0.844276   	2.68055e-05	8.32232e-05	0.999989   	0.844261   	-0.0002986 	0.000118803	0.999988   	0.844204   	0.000166665	-0.000167696	0.999988   	0.844212   	0.51652    	0.488966   	0.0595766  	0.0595576  	0.509111   	0.472027   	0.0601561  	0.0601409  	0.505574   	0.520654   	0.0629398  	0.0629038  	0.500789   	0.485673   	0.0633395  	0.0633236  	0.518475   	0.517284   	0.063857   	0.0638872  	0.563335   	0.508639   	0.0630622  	0.0630649  	0.523628   	0.538846   	0.0657172  	0.0656341  	0.562352   	0.510988   	0.0642444  	0.0641977  	0.505096   	0.443653   	0.0639456  	0.0639433  	0.454987   	0.565647   	0.0619049  	0.0619532  	0.460272   	0.515007   	0.0655536  	0.065572   	0.515811   	0.55292    	0.0549838  	0.054986   	0.507783   	0.472653   	0.0647937  	0.0647478  	0.539338   	0.525244   	0.0627533  	0.0627427  	0.565167   	0.513643   	0.0664904  	0.0665099  	5.35104	5.57149	5.61655	5.80871	5.94413	5.68702	5.99989	5.74833	5.78972	5.6639	5.97882	5.18352	5.86824	5.73603	6.09714	5.31302e-06	1.20369e-06	1          	0.844211   	0.119908   	0.120509   	0.0811421  	0.0811432  	1.69898	
4.5e-11    	6.6        	-5.77599e-06	-0.000343361	0.999988   	0.833428   	-0.000257145	0.000190492	0.999987   	0.833301   	0.000131897	0.000191781	0.999987   	0.833297   	-0.00040233	-0.000220481	0.999987   	0.833339   	3.57756e-05	0.000335912	0.999987   	0.83336    	0.00039482 	-0.000205703	0.999987   	0.833308   	-1.83123e-05	-1.93884e-05	0.999988   	0.833391   	-0.000179833	0.00047175 	0.999987   	0.833334   	0.000175025	-0.000432484	0.999988   	0.833313   	-0.00022993	0.000347967	0.999987   	0.833302   	2.34519e-05	6.60766e-05	0.999987   	0.833314   	0.000213056	-0.000552569	0.999986   	0.833358   	-0.000387631	1.83641e-06	0.999987   	0.833323   	-6.99609e-05	-0.000266916	0.999987   	0.833376   	0.000428008	0.000239967	0.999988   	0.83329    	0.522181   	0.539242   	0.0754201  	0.0754327  	0.585303   	0.501521   	0.0677867  	0.0678646  	0.578986   	0.518212   	0.0683326  	0.06836    	0.553834   	0.553624   	0.0728256  	0.072838   	0.535193   	0.53936    	0.0696458  	0.0696672  	0.553842   	0.586304   	0.0763815  	0.0763496  	0.510134   	0.551201   	0.0706973  	0.0707495  	0.537125   	0.564632   	0.073659   	0.073725   	0.516495   	0.537839   	0.0712579  	0.0712535  	0.604107   	0.534122   	0.0712992  	0.0713804  	0.590204   	0.564399   	0.0737471  	0.0737644  	0.59367    	0.578681   	0.0749256  	0.0749171  	0.538083   	0.55913    	0.0699601  	0.0698533  	0.55551    	0.562631   	0.0710032  	0.0710799  	0.529586   	0.516878   	0.0703522  	0.0703794  	6.30046	5.81598	5.84043	6.0861	6.0108	6.59032	5.96922	6.2257	6.05628	6.11655	6.17039	6.21666	6.02117	5.9162	6.03576	-9.96227e-06	-1.29943e-05	1          	0.833325   	0.126193   	0.125758   	0.0923988  	0.092398   	1.65696	
5e-11      	6.4        	0.000300908	0.000435626	0.999986   	0.821325   	-0.000183606	3.42159e-05	0.999986   	0.821337   	3.45095e-05	-0.000468484	0.999987   	0.821316   	0.000354523	0.000171171	0.999985   	0.821272   	-0.000184145	-0.00025508	0.999985   	0.821352   	-0.000238988	4.40149e-05	0.999986   	0.821355   	2.62993e-05	1.75818e-05	0.999987   	0.821308   	-0.000147092	0.000195322	0.999985   	0.821337   	4.02458e-05	-0.000224368	0.999985   	0.821262   	0.000122828	-3.04765e-05	0.999986   	0.8213     	0.000325132	9.39617e-05	0.999986   	0.821324   	-0.000438007	3.10432e-05	0.999986   	0.82127    	-7.55128e-05	6.35431e-05	0.999986   	0.82131    	0.000398663	-0.000191327	0.999986   	0.821304   	-0.000382598	0.00031262 	0.999985   	0.821367   	0.593902   	0.591844   	0.0808074  	0.0809082  	0.579429   	0.611282   	0.0797075  	0.0796922  	0.485631   	0.582162   	0.082375   	0.082381   	0.638518   	0.637549   	0.0877092  	0.0876258  	0.63531    	0.626429   	0.0783508  	0.0783342  	0.569149   	0.62047    	0.0856743  	0.0857044  	0.560337   	0.551755   	0.0855209  	0.085546   	0.582129   	0.630514   	0.0821133  	0.0822021  	0.607196   	0.633851   	0.0827019  	0.0828106  	0.608465   	0.598495   	0.0826029  	0.0826186  	0.629674   	0.559402   	0.0815286  	0.0814302  	0.539159   	0.597706   	0.0813791  	0.0814419  	0.547043   	0.620975   	0.0771164  	0.0771025  	0.585999   	0.596849   	0.0885911  	0.088655   	0.565354   	0.650618   	0.0761863  	0.0761882  	6.40763	6.31119	6.46933	6.8766	6.34657	6.69041	6.69633	6.48828	6.66426	6.76962	6.68152	6.62713	6.13312	6.79435	6.44064	-3.11656e-06	1.52701e-05	1          	0.821304   	0.128803   	0.120133   	0.101512   	0.101509   	1.53278	
5.5e-11    	6.2        	0.000323092	-5.15831e-05	0.999983   	0.807994   	-0.000371012	-7.96973e-05	0.999984   	0.808032   	8.14131e-05	7.15469e-05	0.999984   	0.807961   	-7.56818e-05	-4.18253e-05	0.999985   	0.808054   	0.000225253	-7.03049e-05	0.999984   	0.807944   	-0.000161764	9.80826e-05	0.999984   	0.807902   	0.000517458	0.000200188	0.999982   	0.80802    	-1.79679e-05	6.04108e-05	0.999982   	0.808048   	-0.000520121	-0.000244547	0.999982   	0.807887   	-0.000306451	0.000292032	0.999985   	0.808085   	5.01359e-05	-3.71126e-05	0.999984   	0.808034   	0.000408519	-0.000281303	0.999984   	0.807947   	0.000283283	-0.000322965	0.999983   	0.808017   	-0.000101428	-2.5708e-05	0.999983   	0.808074   	-9.67788e-05	0.00027852 	0.999984   	0.807973   	0.682609   	0.677644   	0.0917565  	0.0917821  	0.634084   	0.626608   	0.102357   	0.102315   	0.647619   	0.655412   	0.0882709  	0.0883007  	0.645651   	0.600406   	0.098642   	0.098549   	0.632201   	0.648521   	0.0940787  	0.0939725  	0.657785   	0.602136   	0.0962082  	0.096256   	0.642108   	0.808717   	0.0979038  	0.097898   	0.703466   	0.75411    	0.0965626  	0.0966051  	0.73001    	0.690858   	0.103721   	0.10376    	0.617308   	0.601564   	0.0990104  	0.0989301  	0.667065   	0.651546   	0.0998736  	0.0998687  	0.609176   	0.656396   	0.0958797  	0.0958353  	0.693223   	0.644369   	0.095716   	0.095881   	0.756069   	0.603436   	0.0987852  	0.0988667  	0.647452   	0.650846   	0.101017   	0.101101   	6.80768	7.17817	6.55939	7.30535	6.88551	7.00869	7.59685	7.29751	7.67807	7.10374	7.41661	7.06501	7.22264	7.62425	7.24195	1.58808e-05	-1.02395e-05	1          	0.807985   	0.125176   	0.127873   	0.126566   	0.126564   	1.58279	
6e-11      	6          	-0.000337071	0.000487793	0.999981   	0.793477   	0.00032698 	-0.000176232	0.999981   	0.793369   	0.000231185	-0.000369072	0.999981   	0.793229   	5.46401e-05	0.000156629	0.999982   	0.793455   	-0.000119959	-0.000387035	0.999981   	0.793341   	0.000143375	0.000285816	0.999982   	0.793382   	-0.000128658	-0.000150118	0.99998    	0.793456   	-0.000258961	-0.000344019	0.999981   	0.793373   	0.000334282	0.000414812	0.999981   	0.793432   	3.64466e-05	4.72884e-05	0.999981   	0.793357   	0.000232107	0.000226644	0.999982   	0.793251   	-0.000377661	-0.000162868	0.999982   	0.79348    	0.000504394	0.000439479	0.999982   	0.793304   	-0.000485356	5.57908e-05	0.999982   	0.793301   	-0.00010205	-0.000457396	0.99998    	0.793443   	0.703557   	0.802646   	0.109827   	0.109886   	0.714098   	0.77495    	0.10433    	0.104379   	0.728466   	0.716139   	0.109571   	0.109494   	0.708711   	0.658097   	0.11248    	0.112485   	0.703248   	0.793996   	0.113316   	0.113258   	0.747291   	0.688437   	0.110674   	0.110715   	0.801035   	0.756387   	0.112966   	0.113154   	0.705962   	0.797993   	0.112766   	0.112715   	0.760035   	0.697209   	0.112456   	0.112428   	0.759482   	0.758528   	0.114677   	0.114781   	0.693471   	0.735933   	0.111194   	0.111082   	0.678461   	0.691172   	0.112403   	0.112288   	0.705632   	0.668391   	0.105799   	0.105732   	0.766601   	0.643422   	0.112074   	0.112178   	0.834095   	0.717036   	0.123145   	0.123219   	7.37423	7.10463	7.79598	7.55938	7.95042	8.0165	7.73547	7.67127	7.59404	7.96837	8.06868	7.75422	7.59851	7.95312	8.35599	3.56748e-06	4.60798e-06	1          	0.793362   	0.122097   	0.131831   	0.13616    	0.136159   	1.54146	
6.5e-11    	5.8        	-0.000257692	0.000675831	0.999978   	0.777269   	-9.21481e-05	-4.6778e-05	0.999978   	0.777232   	0.00022989 	-0.000567294	0.999976   	0.777201   	-2.44198e-06	-0.000427429	0.999979   	0.7774     	-0.000179329	2.50719e-05	0.99998    	0.777328   	0.000116349	0.000659166	0.999977   	0.777294   	0.000893085	-0.000215392	0.999978   	0.777255   	-0.000427755	3.49436e-05	0.999978   	0.777384   	-0.000369572	0.000255116	0.999977   	0.77721    	-0.000594117	0.000134687	0.999977   	0.777316   	-0.000300616	-0.000344095	0.999977   	0.777392   	0.000981995	0.000186201	0.999976   	0.777083   	9.19988e-06	0.000128481	0.999978   	0.777204   	0.000372461	8.13531e-05	0.999978   	0.777287   	-0.000376202	-0.000215737	0.999978   	0.777284   	0.818736   	0.834708   	0.129557   	0.129616   	0.843715   	0.784465   	0.126472   	0.126481   	0.831526   	0.933106   	0.120181   	0.120157   	0.77604    	0.770078   	0.124423   	0.124473   	0.740626   	0.778398   	0.123883   	0.123954   	0.855823   	0.843066   	0.125544   	0.125599   	0.838058   	0.787111   	0.124282   	0.124123   	0.823664   	0.794668   	0.121651   	0.121695   	0.825943   	0.862801   	0.11923    	0.11912    	0.855339   	0.857522   	0.136064   	0.13628    	0.900972   	0.823143   	0.130425   	0.130406   	0.856071   	0.892036   	0.129217   	0.129261   	0.843119   	0.820435   	0.11776    	0.117766   	0.813713   	0.827161   	0.123896   	0.123701   	0.841666   	0.825738   	0.121614   	0.121616   	8.42046	8.06284	7.55472	7.49749	8.1274	7.97445	7.81374	7.82888	7.79743	8.52177	8.49527	8.44425	7.52248	8.03237	7.93441	1.03018e-07	2.4287e-05 	1          	0.777259   	0.123834   	0.128175   	0.146785   	0.146787   	1.36545	
7e-11      	5.6        	0.000808386	0.000412344	0.999975   	0.759793   	-0.00103482	-0.000585753	0.999974   	0.759724   	0.000379403	7.18046e-05	0.999975   	0.759678   	-0.000388644	9.41238e-07	0.999974   	0.759773   	-0.0001237 	0.00017083 	0.999974   	0.759615   	0.000516906	5.89604e-05	0.999976   	0.759573   	7.38864e-05	-0.000238274	0.999974   	0.759714   	0.000373692	0.00010175 	0.999973   	0.759655   	-0.000336281	0.000167111	0.999975   	0.759643   	-0.000355652	-0.000131802	0.999973   	0.759596   	-0.000216931	0.000304933	0.999971   	0.759696   	0.000465693	-0.000207867	0.999974   	0.759799   	8.04365e-05	0.00039576 	0.999975   	0.759715   	0.000175152	0.000259718	0.999975   	0.7596     	-0.000245866	-0.000746402	0.999973   	0.759517   	0.860844   	0.928472   	0.145822   	0.145902   	0.937091   	0.877784   	0.145083   	0.145078   	0.969813   	0.832743   	0.150682   	0.150837   	0.90018    	0.97286    	0.151387   	0.151499   	0.926906   	0.929632   	0.143385   	0.143377   	0.815089   	0.888077   	0.154885   	0.154829   	0.97277    	0.885471   	0.135907   	0.135773   	1.05559    	0.847265   	0.151976   	0.152203   	0.959066   	0.818206   	0.15795    	0.157832   	0.920087   	0.983388   	0.14799    	0.148331   	0.989231   	1.10706    	0.144997   	0.145152   	0.864253   	0.997123   	0.152749   	0.152543   	0.903438   	0.882755   	0.162654   	0.162846   	0.805836   	0.958582   	0.150675   	0.150666   	1.00457    	0.902764   	0.151997   	0.151953   	8.55029	8.77227	9.53964	9.05423	8.85105	9.33228	8.38353	9.46623	9.37626	8.98151	8.84864	8.9161	9.64908	9.27072	8.81931	1.1393e-05 	2.48194e-06	1          	0.759653   	0.132877   	0.131831   	0.155121   	0.155123   	1.33169	
7.5e-11    	5.4        	-0.000687992	0.000758868	0.99997    	0.74053    	0.000165089	0.000122332	0.999968   	0.740501   	0.000545719	-0.000741633	0.999969   	0.740519   	0.000521831	0.000555969	0.999968   	0.74052    	-0.000203674	0.000152471	0.999971   	0.740492   	-0.000359113	-0.000658839	0.99997    	0.740682   	-0.000235364	-0.00113473	0.999971   	0.74054    	-7.18533e-06	0.000591571	0.999968   	0.740497   	0.000217958	0.000626463	0.999971   	0.740572   	-0.000308065	-0.000708925	0.99997    	0.740459   	0.000504253	0.000449793	0.999971   	0.740556   	-0.000141722	0.000363871	0.999969   	0.740587   	0.000306521	0.000619976	0.999968   	0.740636   	-0.000171956	0.000188684	0.999972   	0.740677   	-4.19798e-05	-0.000691655	0.999965   	0.740432   	1.01803    	1.01423    	0.176231   	0.17639    	1.12544    	1.01995    	0.168641   	0.168795   	1.18441    	0.919805   	0.16438    	0.164079   	1.04203    	1.08505    	0.164352   	0.164397   	0.913856   	1.03214    	0.16886    	0.168858   	1.03332    	1.01765    	0.166782   	0.166565   	0.924623   	0.982776   	0.173647   	0.173658   	1.01697    	1.16924    	0.16956    	0.169553   	0.87645    	1.04716    	0.168219   	0.168242   	1.05439    	0.993436   	0.170721   	0.170843   	0.989704   	0.984309   	0.173566   	0.173304   	1.12395    	1.01167    	0.182123   	0.182033   	1.00473    	1.15636    	0.175792   	0.175951   	0.818566   	1.06992    	0.191109   	0.191341   	0.985465   	1.36593    	0.172304   	0.172295   	9.79369	9.11054	9.18448	9.21303	9.31726	9.22321	9.61046	9.58253	9.28959	9.77429	9.64916	9.95922	9.66271	10.7595	9.89084	6.73249e-06	3.30812e-05	1          	0.740524   	0.133192   	0.131235   	0.178002   	0.178      	1.30607	
8e-11      	5.2        	-0.000530578	0.000886263	0.999963   	0.719929   	0.000581489	-0.000829197	0.999964   	0.719974   	-5.81202e-05	7.52085e-05	0.999965   	0.719959   	-4.48158e-05	0.000289476	0.999964   	0.719882   	0.000523851	0.000602496	0.999964   	0.71986    	-0.000350399	-0.00107666	0.999968   	0.71988    	-0.000823456	0.00113735 	0.999962   	0.719914   	0.000438478	-0.000330489	0.99996    	0.719935   	0.000392626	-0.000724295	0.999966   	0.719904   	-0.000197979	-1.96314e-05	0.999964   	0.72001    	-0.000400915	-0.000594216	0.99996    	0.719764   	0.000447069	0.000525794	0.999964   	0.719927   	0.000675248	-0.000186692	0.999961   	0.719921   	-0.000332875	0.00106    	0.999961   	0.719994   	-0.000202915	-0.000884571	0.999963   	0.719803   	1.19814    	1.15573    	0.209203   	0.209238   	1.24757    	1.02165    	0.204452   	0.204663   	1.22439    	1.03188    	0.214067   	0.214102   	1.15705    	1.12444    	0.194168   	0.194089   	1.12367    	1.18004    	0.201065   	0.201074   	1.01779    	1.02385    	0.211182   	0.210976   	1.13564    	1.2371     	0.190753   	0.190988   	1.29474    	1.25053    	0.182858   	0.182727   	1.07659    	1.0715     	0.195666   	0.195862   	1.20069    	1.11938    	0.216107   	0.215931   	1.33254    	1.22795    	0.226991   	0.227157   	1.15768    	1.16173    	0.215411   	0.215317   	1.31089    	1.17639    	0.193837   	0.193976   	1.32625    	1.15309    	0.196598   	0.196538   	1.22237    	1.15584    	0.21426    	0.21426    	10.7626	10.4756	10.9907	10.188	10.3163	11.0008	10.019	9.41513	9.79438	11.4913	12.0396	11.0213	10.0948	10.1217	10.5268	8.06465e-06	-4.88668e-06	1          	0.719884   	0.133748   	0.137308   	0.195393   	0.195393   	1.3095	
8.5e-11    	5          	0.000738081	0.00047508 	0.999962   	0.697702   	-0.00073843	-8.96289e-05	0.999959   	0.697878   	0.000115286	-0.000335518	0.999955   	0.697636   	-0.000590657	-0.000382537	0.999959   	0.697757   	0.00111568 	-0.000450386	0.999955   	0.69781    	-0.000671772	0.000770473	0.999959   	0.697783   	6.16709e-05	0.000113283	0.999956   	0.697727   	-0.00061775	0.000179815	0.999959   	0.697714   	0.000518728	-0.000382795	0.999957   	0.69783    	0.000236559	-0.000599866	0.999957   	0.697669   	6.33759e-05	0.000102123	0.999958   	0.697765   	-0.000235015	0.000463141	0.999956   	0.697944   	0.000591805	-0.000266028	0.999958   	0.697644   	-0.0002588 	0.000860846	0.999949   	0.697959   	-0.000274543	-0.000415833	0.999953   	0.697727   	1.15181    	1.1488     	0.237252   	0.237663   	1.25495    	1.19411    	0.264979   	0.264025   	1.36804    	1.36851    	0.258059   	0.257722   	1.21974    	1.2622     	0.247115   	0.247156   	1.52322    	1.12139    	0.276956   	0.277296   	1.28094    	1.14265    	0.253106   	0.25273    	1.20015    	1.44093    	0.245951   	0.246007   	1.11214    	1.34633    	0.240069   	0.240729   	1.36019    	1.21167    	0.263909   	0.263155   	1.37014    	1.20901    	0.233185   	0.233101   	1.16719    	1.36767    	0.240081   	0.240325   	1.25211    	1.38144    	0.237733   	0.237338   	1.15066    	1.38177    	0.224723   	0.225006   	1.41754    	1.61162    	0.277987   	0.277983   	1.42025    	1.39723    	0.256091   	0.256319   	11.7051	12.6025	11.8521	12.2619	13.3532	12.012	12.29	11.5646	12.3874	11.2726	11.583	11.1692	11.1573	13.2086	12.3775	3.28661e-06	2.81886e-06	1          	0.69774    	0.133162   	0.1357     	0.206872   	0.20687    	1.12779	
9e-11      	4.8        	-0.000890378	-0.000464837	0.999946   	0.674147   	0.000358641	0.000345922	0.999949   	0.674408   	0.00061294 	0.000145793	0.999946   	0.674059   	-4.50652e-05	0.000339715	0.999944   	0.674323   	-0.000206895	-0.000309367	0.999944   	0.674228   	0.000256795	-7.13104e-06	0.999946   	0.673936   	0.00161268 	0.000569497	0.999943   	0.674035   	-0.000788885	-0.000488151	0.999945   	0.674278   	-0.00090237	-0.000112317	0.999949   	0.674113   	0.00148543 	0.000304453	0.99995    	0.674083   	0.000265624	-0.000962035	0.999947   	0.674151   	-0.00168883	0.00057626 	0.999941   	0.674371   	0.000729937	5.37475e-05	0.99995    	0.674278   	-0.000137785	0.000114994	0.99995    	0.674247   	-0.000659471	-0.000221819	0.999952   	0.674006   	1.41268    	1.57807    	0.267603   	0.267526   	1.42974    	1.44643    	0.270031   	0.269872   	1.44309    	1.60295    	0.268247   	0.268188   	1.46662    	1.65984    	0.277997   	0.277711   	1.44905    	1.68343    	0.282015   	0.281481   	1.34756    	1.7176     	0.279212   	0.278707   	1.73539    	1.37005    	0.274936   	0.274672   	1.60133    	1.50455    	0.301825   	0.302358   	1.63139    	1.21245    	0.272704   	0.272725   	1.2361     	1.53533    	0.283056   	0.283082   	1.41999    	1.51478    	0.280072   	0.280516   	1.44296    	1.79005    	0.277935   	0.277494   	1.23422    	1.59309    	0.272033   	0.271584   	1.41254    	1.38313    	0.297845   	0.297248   	1.26179    	1.44604    	0.289734   	0.28985    	12.1876	11.3646	11.7272	12.2127	12.7595	12.5047	12.4482	13.1167	12.1341	12.4798	12.2401	12.5923	12.4792	12.8292	12.8798	1.09997e-07	-6.59289e-06	1          	0.674142   	0.132835   	0.143032   	0.194422   	0.194421   	0.966955	
9.5e-11    	4.6        	-9.80772e-05	-0.000564004	0.999939   	0.649235   	1.77228e-05	-0.000343501	0.999942   	0.649535   	3.5206e-05 	0.000891833	0.999941   	0.649214   	0.000448012	-0.000119826	0.999939   	0.649192   	-0.000301067	-0.00103558	0.999938   	0.649443   	-0.000275544	0.00133988 	0.999941   	0.649321   	-0.00138397	1.12115e-05	0.999931   	0.649391   	-0.000822803	0.000460003	0.999937   	0.649557   	0.00225263 	-0.000360037	0.999934   	0.649122   	0.000603459	-0.000271883	0.999943   	0.649351   	-0.00084776	-0.0013168 	0.999942   	0.64942    	0.000107795	0.00153674 	0.999941   	0.649186   	0.000347862	-0.000372585	0.999931   	0.649227   	-0.000143716	0.000575583	0.999937   	0.649349   	-0.000275774	-0.000253604	0.999933   	0.64941    	1.42134    	1.77295    	0.324038   	0.323846   	1.50259    	1.53576    	0.322181   	0.322245   	1.56817    	1.49499    	0.346443   	0.346755   	1.65308    	1.54404    	0.382701   	0.383128   	1.53373    	1.68398    	0.377478   	0.376886   	1.45236    	1.59383    	0.335295   	0.335856   	1.68858    	1.88461    	0.38575    	0.385497   	1.34748    	1.91726    	0.383673   	0.383669   	1.62251    	1.69773    	0.375804   	0.376728   	1.38528    	1.60752    	0.317535   	0.316967   	1.48729    	1.46235    	0.333527   	0.33347    	1.55456    	1.45552    	0.362082   	0.362534   	1.88758    	1.69474    	0.339984   	0.340668   	1.78702    	1.52279    	0.347386   	0.348494   	1.53156    	1.95225    	0.352201   	0.351213   	13.2045	13.3434	14.13	15.4623	15.5892	13.7445	15.492	15.7445	15.6856	13.1123	13.7763	14.4742	13.788	14.5817	14.4185	-2.25125e-05	1.21854e-05	1          	0.64929    	0.136449   	0.137862   	0.212373   	0.212376   	1.02512	
1e-10      	4.4        	-2.78387e-05	0.000672825	0.999913   	0.623403   	0.000419546	-0.00161589	0.999921   	0.623252   	-0.000180524	0.000929268	0.999917   	0.623464   	-0.000961721	0.000964602	0.999941   	0.62333    	0.000171851	-0.00130516	0.999935   	0.623342   	0.0006925  	0.000590027	0.999924   	0.623311   	0.000850822	0.00204854 	0.999932   	0.623487   	-0.00231962	-7.39417e-05	0.99992    	0.62352    	0.00146859 	-0.00198428	0.999925   	0.623085   	-0.000111346	-0.000728774	0.999931   	0.623292   	0.00083469 	-0.00127593	0.999927   	0.623434   	-0.000662097	0.00193768 	0.999917   	0.623291   	0.00180074 	0.00116387 	0.999927   	0.623412   	-0.00112444	-0.000844816	0.99992    	0.623277   	-0.000807448	-0.000232691	0.999924   	0.623346   	2.15918    	2.03043    	0.408329   	0.408506   	1.77228    	1.94899    	0.456812   	0.457385   	1.92547    	2.07394    	0.424439   	0.423623   	1.34395    	1.47592    	0.421374   	0.42207    	1.50584    	1.56459    	0.437396   	0.436842   	1.97456    	1.6858     	0.369697   	0.369918   	1.4618     	1.68148    	0.408143   	0.407431   	1.70363    	2.04496    	0.416217   	0.415462   	1.70022    	1.77444    	0.355135   	0.356014   	1.79977    	1.53589    	0.396465   	0.396982   	1.83779    	1.62853    	0.441331   	0.441129   	2.01755    	1.88649    	0.393769   	0.393731   	1.69198    	1.71184    	0.388156   	0.388247   	1.79188    	2.00741    	0.392017   	0.391169   	1.62052    	2.01842    	0.385384   	0.384247   	14.8269	16.8545	15.7508	15.9895	16.0004	14.0167	15.4681	14.8974	13.4332	15.3258	16.7249	14.5601	14.6273	14.2453	14.6969	1.90849e-06	1.59746e-05	1          	0.623303   	0.139783   	0.13943    	0.230768   	0.230771   	1.09475	
1.05e-10   	4.2        	0.00314414 	0.000999839	0.999904   	0.596076   	-0.00113629	-0.000107057	0.999914   	0.596385   	-0.00202966	-0.000831487	0.999893   	0.596682   	0.000654343	-0.000313442	0.999911   	0.596392   	-0.000723853	0.000120883	0.999914   	0.596422   	-0.000113645	0.000170163	0.999904   	0.596245   	-0.000504486	0.00182662 	0.999914   	0.59619    	0.00199203 	-0.0010385 	0.999919   	0.596543   	-0.00153271	-0.000810152	0.999925   	0.596537   	0.00046442 	-0.000660047	0.999903   	0.596335   	0.00144216 	-0.000946281	0.999908   	0.5967     	-0.001853  	0.00172654 	0.999895   	0.596213   	0.00180453 	0.000873858	0.999902   	0.596471   	-3.2105e-05	0.000292911	0.999901   	0.596293   	-0.00195279	-0.00113195	0.99991    	0.596259   	1.97675    	2.01845    	0.534603   	0.534872   	1.75275    	1.99393    	0.532084   	0.532407   	2.20368    	2.42827    	0.588945   	0.589027   	1.92096    	2.00313    	0.465402   	0.466637   	1.77948    	1.99428    	0.527354   	0.526559   	2.22343    	2.00648    	0.538909   	0.538879   	1.77852    	1.9149     	0.49532    	0.49657    	1.67038    	1.80961    	0.503315   	0.50279    	1.77272    	1.48557    	0.511296   	0.511277   	2.18151    	2.07615    	0.539722   	0.542507   	1.8904     	2.11673    	0.483561   	0.482663   	2.3342     	2.13132    	0.504012   	0.503245   	2.14148    	2.09934    	0.492026   	0.49368    	1.96043    	2.38909    	0.521477   	0.522123   	1.94681    	1.91614    	0.475963   	0.475947   	18.5594	18.3131	19.1085	16.0446	17.543	18.0387	16.8196	16.691	17.7172	18.1896	16.0868	17.6428	17.0907	18.0477	16.9365	-2.36854e-05	1.27687e-05	1          	0.596328   	0.143361   	0.139585   	0.22927    	0.229265   	0.981323	
1.1e-10    	4          	-0.000471821	0.000209444	0.99989    	0.568588   	-0.00285128	-0.00141168	0.999882   	0.568488   	0.00341998 	0.00120581 	0.999893   	0.568912   	-0.00100842	-0.000786025	0.999897   	0.568958   	0.000666279	0.000977078	0.999877   	0.568337   	0.000361186	-0.000115275	0.99988    	0.568449   	0.000552008	-0.00137625	0.99988    	0.568864   	0.000240012	-0.000201384	0.999878   	0.56859    	-0.000654257	0.00140991 	0.999869   	0.568515   	0.00147204 	-0.00147205	0.999893   	0.568489   	-0.00141818	0.00172447 	0.999875   	0.568655   	-6.44984e-05	-0.000331972	0.999892   	0.568749   	0.0022028  	-5.52575e-06	0.999876   	0.568637   	-0.00178855	0.00199167 	0.999884   	0.568799   	-0.000451018	-0.00183101	0.999884   	0.568475   	2.31499    	2.10328    	0.660985   	0.659492   	2.34154    	2.16678    	0.632535   	0.630976   	2.17534    	1.83924    	0.591236   	0.587415   	1.95344    	2.12768    	0.606082   	0.604898   	2.74244    	2.13257    	0.668294   	0.665806   	2.40117    	2.39659    	0.619617   	0.620247   	2.3785     	2.39633    	0.498453   	0.499735   	2.49887    	2.3964     	0.528821   	0.528374   	2.36475    	2.82121    	0.517128   	0.515105   	1.97398    	2.24424    	0.594593   	0.594674   	2.6042     	2.29476    	0.607078   	0.608089   	2.14947    	2.16813    	0.58846    	0.586547   	2.22179    	2.66822    	0.598822   	0.598039   	2.3694     	2.16047    	0.645422   	0.646274   	2.14789    	2.41633    	0.623973   	0.625208   	20.4416	18.8893	18.4389	18.8367	19.9474	18.7781	15.6971	16.3535	15.4625	18.4665	19.1115	18.0943	18.4409	19.773	18.8133	1.19954e-05	-1.1826e-06	1          	0.568568   	0.135922   	0.141608   	0.216736   	0.216728   	0.970945	
1.15e-10   	3.8        	8.36614e-05	0.00415363 	0.999878   	0.540298   	0.00050911 	-0.00258421	0.999857   	0.539869   	-0.000789562	-0.00163071	0.999873   	0.540385   	0.000738893	0.00224464 	0.999879   	0.540135   	0.00140051 	-0.00221501	0.999882   	0.540375   	-0.00213831	4.30229e-05	0.999867   	0.540266   	0.00157505 	-0.00128969	0.999857   	0.540057   	-0.00106026	0.00141893 	0.99986    	0.540034   	-0.000454632	-0.000105788	0.999864   	0.540751   	-0.000780725	-0.00102689	0.999865   	0.540528   	6.84999e-05	0.000825943	0.999849   	0.54023    	0.000860068	0.000369501	0.999876   	0.5399     	0.000278235	-0.00217901	0.999863   	0.540705   	-0.00105271	0.000683124	0.999871   	0.539895   	0.000710323	0.00139897 	0.999883   	0.540174   	2.17668    	1.95038    	0.679147   	0.682072   	2.16547    	2.89092    	0.817064   	0.81647    	2.35956    	2.17177    	0.679408   	0.680157   	2.29997    	1.97226    	0.76307    	0.767337   	2.06458    	2.0646     	0.846347   	0.845014   	2.35541    	2.38644    	0.853139   	0.853136   	2.46588    	2.61839    	0.676076   	0.672925   	2.47333    	2.55419    	0.768247   	0.771682   	2.43278    	2.49034    	0.770495   	0.770561   	2.76003    	2.11643    	0.749485   	0.749208   	2.31225    	3.1491     	0.702384   	0.705307   	2.03046    	2.44135    	0.75792    	0.757685   	2.04599    	2.83679    	0.764923   	0.765916   	2.21213    	2.41962    	0.74027    	0.738076   	2.24147    	1.93982    	0.760755   	0.760383   	19.1855	21.8296	18.333	21.4422	23.7597	23.5134	18.7918	20.9947	21.2329	21.2217	19.3186	20.1422	21.4624	21.2045	20.8273	-2.5042e-06	6.72175e-06	1          	0.540169   	0.135072   	0.130848   	0.229993   	0.229996   	1.04738	
1.2e-10    	3.6        	-0.00253181	0.000819436	0.999862   	0.510943   	0.00055843 	-0.000589931	0.999858   	0.51221    	0.00199243 	-0.00020617	0.999859   	0.511112   	-0.00206382	-0.00118416	0.999827   	0.511314   	0.00129435 	-5.6757e-05	0.999821   	0.511291   	0.00092531 	0.0015946  	0.999813   	0.511641   	-0.000907918	-0.00249116	0.999826   	0.512107   	0.000925545	0.00152184 	0.999841   	0.510928   	-0.000135614	0.001019   	0.999827   	0.51128    	-0.00141355	0.00125159 	0.999823   	0.511514   	0.00245955 	0.00167166 	0.999812   	0.511565   	-0.000919666	-0.00309962	0.999821   	0.511222   	-0.000403123	-0.00107882	0.999804   	0.51153    	0.000711281	-0.00036219	0.999805   	0.510741   	-0.000257122	0.00120357 	0.999806   	0.511999   	2.25611    	2.09304    	1.07389    	1.07643    	2.93174    	1.65934    	0.918012   	0.916984   	2.363      	2.16146    	0.949138   	0.952315   	2.46928    	3.05083    	0.961621   	0.961506   	2.84138    	2.95314    	1.0242     	1.02593    	3.35624    	2.65427    	0.890643   	0.885533   	2.4809     	3.07501    	0.899138   	0.898221   	2.28112    	2.80893    	0.951162   	0.94998    	2.72202    	2.86129    	0.795825   	0.794946   	2.79772    	2.87307    	1.03063    	1.0284     	3.18061    	2.77886    	1.06882    	1.06897    	2.66536    	2.98201    	0.92573    	0.928964   	2.73199    	3.60833    	0.943469   	0.947133   	3.27645    	3.00942    	0.890961   	0.891271   	3.12098    	3.15722    	1.00436    	1.00556    	25.2708	22.8115	23.3002	24.1404	24.8976	21.7815	22.4278	22.7063	19.6538	24.1526	25.7505	21.6798	23.7598	21.7534	23.9397	1.18491e-05	1.40781e-06	0.999999   	0.511338   	0.137085   	0.13248    	0.225679   	0.225672   	0.998939	
1.25e-10   	3.4        	-0.000274814	-0.00201325	0.999788   	0.48176    	0.00220777 	0.00394322 	0.999796   	0.482854   	-0.00189248	-0.00185785	0.999792   	0.482254   	0.00379297 	0.00451271 	0.999788   	0.482155   	-0.00228478	-0.000812479	0.999803   	0.482034   	-0.00171068	-0.00370721	0.999805   	0.482854   	-0.0018139 	-0.00173779	0.999768   	0.482037   	0.000675527	0.00291556 	0.999788   	0.482539   	0.00126901 	-0.0011468 	0.999762   	0.482389   	0.00184406 	-7.2247e-05	0.999804   	0.482372   	-3.55254e-05	-0.00148396	0.999832   	0.483141   	-0.00176604	0.00169653 	0.999813   	0.481397   	0.000506751	-0.00024803	0.999795   	0.482316   	8.92297e-05	-0.000412006	0.999801   	0.48232    	-0.000529889	0.000584575	0.999813   	0.482386   	3.23902    	2.82124    	1.1293     	1.13276    	2.98389    	2.6084     	1.15473    	1.15668    	2.83756    	3.05068    	1.17034    	1.16485    	2.99053    	2.62482    	1.07893    	1.08523    	2.76253    	2.8175     	1.1255     	1.12107    	2.26537    	3.11704    	1.12134    	1.11064    	3.16377    	3.44365    	1.24364    	1.24438    	3.17889    	2.82249    	1.26202    	1.2614     	3.52481    	3.29621    	1.13694    	1.13208    	2.37834    	3.22451    	1.15682    	1.15759    	2.20773    	2.62312    	1.31717    	1.3149     	2.18656    	3.08716    	1.09019    	1.08395    	2.19118    	3.70913    	0.933863   	0.931896   	2.57212    	3.16634    	1.16136    	1.16082    	2.42027    	2.96014    	1.15408    	1.14761    	24.689	26.0643	24.7895	23.6201	23.9061	24.3863	26.6043	27.7999	25.3354	24.873	28.7847	24.1791	19.8703	24.9574	25.1756	6.20628e-06	9.7311e-06 	0.999999   	0.482223   	0.143414   	0.13491    	0.224447   	0.224451   	1.00946	
1.3e-10    	3.2        	-0.00329423	0.00339288 	0.999755   	0.453303   	0.00465941 	0.00107465 	0.999754   	0.452147   	-0.00125495	-0.00443961	0.999782   	0.453724   	-0.000449421	-0.000823223	0.999766   	0.453115   	-0.00081706	0.00168695 	0.999761   	0.452382   	0.00116492 	-0.000601337	0.999776   	0.45382    	0.00205108 	0.000859854	0.999792   	0.452293   	-0.00219259	0.000173227	0.999728   	0.453322   	-0.000123225	-0.000908798	0.999763   	0.453566   	-0.000829001	0.00276941 	0.999772   	0.452804   	0.000362565	-0.00368018	0.999769   	0.453702   	0.000402715	0.000776775	0.999776   	0.452744   	-0.00264651	-0.00429947	0.999757   	0.452992   	4.39815e-05	0.00323311 	0.999784   	0.45349    	0.00257188 	0.00115952 	0.999783   	0.452757   	2.84973    	3.10536    	1.44721    	1.44913    	2.69969    	3.26028    	1.60515    	1.61318    	2.2445     	3.0501     	1.71101    	1.71334    	3.2843     	2.65465    	1.37591    	1.37349    	3.09856    	2.90392    	1.51355    	1.5085     	3.03167    	2.678      	1.5033     	1.50587    	2.521      	2.68835    	1.47936    	1.478      	3.57667    	3.2789     	1.44488    	1.43739    	3.00121    	3.00556    	1.4311     	1.42157    	2.92935    	2.75093    	1.20937    	1.20403    	2.9349     	2.809      	1.45659    	1.46325    	2.77106    	2.9104     	1.83751    	1.8343     	3.25045    	2.58629    	1.60219    	1.59091    	2.56525    	2.82027    	1.54175    	1.54477    	2.62987    	2.76845    	1.71997    	1.71396    	26.8642	31.002	31.074	26.2911	28.9589	28.4628	27.6305	27.442	27.6149	23.3041	27.6433	33.7839	29.262	28.5072	32.6368	-2.13757e-05	2.32363e-05	0.999999   	0.452973   	0.136725   	0.137302   	0.22018    	0.220185   	1.03709	
1.35e-10   	3          	-0.00367698	0.00376362 	0.999697   	0.423218   	-0.00356759	-0.00284209	0.999709   	0.423828   	0.00716136 	-0.000905519	0.99966    	0.424599   	-0.000736142	0.00250068 	0.999743   	0.424116   	0.00165067 	0.00104384 	0.999695   	0.423735   	-0.000936303	-0.00368279	0.999696   	0.423788   	-8.26255e-05	-0.000637029	0.99974    	0.424134   	0.000646474	-0.000941671	0.999686   	0.422469   	-0.00068567	0.00157676 	0.999729   	0.424895   	0.00232908 	0.000214921	0.999689   	0.424073   	-0.00295261	-0.00299484	0.999738   	0.423049   	0.00050231 	0.00277295 	0.999731   	0.42455    	0.00342825 	-0.00254329	0.999689   	0.424371   	-0.00472948	-0.00245053	0.999706   	0.423212   	0.00160562 	0.00474953 	0.999687   	0.424194   	3.2269     	3.18858    	1.94137    	1.93575    	3.04478    	3.21605    	1.84123    	1.84795    	3.86655    	3.15123    	1.80603    	1.79999    	3.54301    	2.11704    	1.98148    	1.98823    	4.09947    	2.64279    	2.08872    	2.08699    	3.21304    	3.3995     	2.06505    	2.06401    	2.7563     	3.03954    	2.47447    	2.47409    	3.26291    	3.65085    	2.49302    	2.48543    	3.01333    	3.00867    	2.28653    	2.27979    	3.15933    	3.71088    	1.90985    	1.90878    	2.50328    	3.11553    	2.09482    	2.09728    	3.02563    	2.89404    	1.59674    	1.59917    	3.03629    	3.71483    	1.82618    	1.82646    	2.62148    	3.58992    	1.56482    	1.55981    	3.2227     	3.50894    	1.84706    	1.8575     	31.3275	31.4271	30.2028	31.6305	33.6239	33.2528	39.8886	41.3173	37.1183	30.874	34.0773	25.805	29.6239	26.0329	29.5783	9.59793e-07	-2.43569e-05	0.999999   	0.423758   	0.138786   	0.137063   	0.2308     	0.23079    	1.36843	
1.4e-10    	2.8        	0.00235242 	0.000680789	0.999681   	0.395554   	-0.00158702	0.00177693 	0.99961    	0.394575   	-0.000361453	-0.00248887	0.999571   	0.394207   	-0.00045362	-0.00116239	0.999691   	0.395097   	-0.00032064	0.00242004 	0.999685   	0.39506    	0.000804378	-0.001089  	0.999706   	0.394083   	-0.00531429	0.000399059	0.999699   	0.396035   	0.000258306	0.00169292 	0.999737   	0.39352    	0.00495085 	-0.00210129	0.999666   	0.394701   	-0.00429416	0.00442155 	0.999693   	0.396368   	0.00612591 	-0.00157242	0.99964    	0.392574   	-0.00152003	-0.00272002	0.999693   	0.395589   	-0.00134364	0.00157972 	0.999637   	0.394326   	0.00356755 	-0.000197323	0.999617   	0.394745   	-0.00239528	-0.00114536	0.999646   	0.395229   	3.64445    	2.5051     	2.36859    	2.37678    	4.30648    	3.15194    	2.02596    	2.01575    	4.67334    	3.5213     	2.49578    	2.48926    	2.8688     	3.08091    	2.21183    	2.20734    	3.35447    	2.68188    	2.56336    	2.56504    	2.81099    	2.83675    	2.41519    	2.41679    	2.5721     	3.02581    	2.58823    	2.59414    	2.5147     	2.48842    	2.49317    	2.48164    	2.6463     	3.50268    	2.95352    	2.93919    	2.51599    	3.11918    	2.72379    	2.74116    	3.53315    	2.94844    	2.41661    	2.40648    	2.81824    	3.00986    	1.99408    	1.97993    	3.57759    	3.37884    	2.92082    	2.9258     	3.75652    	3.51436    	2.70865    	2.70611    	3.70745    	3.07502    	2.11204    	2.1113     	31.2586	27.9155	34.4819	32.5634	33.8546	33.718	35.2654	36.8047	39.3404	36.9072	34.5072	27.2594	39.5742	36.8741	29.6402	2.90914e-05	4.10746e-05	0.999999   	0.394646   	0.14258    	0.140637   	0.219773   	0.219765   	1.24973	
1.45e-10   	2.6        	0.00315016 	0.00371677 	0.999587   	0.364611   	-0.00436723	-0.00408207	0.999541   	0.365609   	0.00139612 	0.000212011	0.999574   	0.36749    	0.00549055 	0.00190413 	0.99957    	0.365396   	-0.00257295	-0.00134623	0.999614   	0.365838   	-0.00268494	-0.000743528	0.999602   	0.36658    	-0.00112798	-0.00064558	0.999573   	0.366395   	0.00306019 	-0.00200008	0.99949    	0.36547    	-0.00201816	0.00273031 	0.999625   	0.365858   	-0.0039385 	-0.00145183	0.999551   	0.365327   	0.00365513 	0.00381487 	0.999622   	0.366377   	-2.41613e-05	-0.00246694	0.999595   	0.365797   	0.00151637 	0.00398754 	0.999641   	0.365651   	0.00257031 	-0.00484777	0.999609   	0.367867   	-0.00407767	0.000840523	0.999662   	0.364068   	3.14724    	3.45386    	3.45198    	3.44598    	3.16839    	4.15927    	3.73659    	3.75275    	3.22511    	3.90843    	2.82327    	2.83261    	4.02114    	2.75925    	4.36265    	4.33194    	2.86811    	3.484      	3.29278    	3.29965    	3.66216    	2.91598    	4.1258     	4.13304    	4.14378    	2.97207    	3.36049    	3.3704     	4.07783    	4.19923    	2.8424     	2.81312    	3.23278    	2.89734    	2.98919    	2.99228    	3.69358    	3.5894     	3.67819    	3.67869    	3.50183    	2.55939    	3.72675    	3.73191    	3.06013    	3.56491    	3.92022    	3.90233    	3.05835    	2.74416    	4.06312    	4.0689     	3.50959    	2.77323    	3.017      	3.00806    	2.91509    	2.47743    	3.62263    	3.61695    	40.8755	42.8364	34.3242	50.4614	38.0029	48.3096	37.3289	34.2184	35.9801	42.9063	43.6981	42.6412	48.5662	34.8053	41.7681	4.20864e-06	-2.99885e-05	0.999999   	0.36574    	0.136173   	0.13594    	0.217926   	0.217925   	1.5323	
1.5e-10    	2.4        	0.00416434 	0.00271518 	0.999575   	0.336782   	-0.00558284	-0.00306845	0.999516   	0.337386   	0.00172586 	-0.000146143	0.999567   	0.337866   	0.00054944 	-0.00368882	0.999532   	0.336108   	-0.00373696	-0.00049614	0.999476   	0.338761   	0.00317216 	0.00416185 	0.999506   	0.337183   	0.000488533	6.7519e-05 	0.999533   	0.338601   	-0.00189162	-0.00329521	0.999423   	0.336423   	0.00141782 	0.00332137 	0.999503   	0.337117   	0.0024791  	-0.00163561	0.999478   	0.338601   	-0.0040927 	-7.68322e-05	0.999445   	0.333682   	0.00123874 	0.00139282 	0.999498   	0.339716   	-0.00258691	0.00122645 	0.999427   	0.336712   	0.00114683 	-0.000747711	0.99957    	0.335911   	0.00187173 	-0.000315324	0.999487   	0.339263   	2.80839    	2.98519    	4.43152    	4.42284    	3.50848    	3.05595    	4.74743    	4.76267    	2.84956    	3.29843    	3.54457    	3.56986    	3.1163     	3.31073    	5.18934    	5.176      	3.43227    	3.91016    	5.67332    	5.66729    	3.30804    	3.42008    	4.4557     	4.43334    	2.9455     	3.67701    	4.49456    	4.48781    	3.44978    	4.51569    	4.51885    	4.5126     	2.87413    	4.00741    	6.26327    	6.24883    	4.178      	3.09809    	5.80382    	5.76252    	3.88557    	3.66588    	3.93524    	3.93658    	4.61468    	2.51383    	3.47567    	3.4586     	4.32063    	3.71108    	4.93246    	4.95227    	3.17427    	2.81482    	3.66375    	3.65767    	3.92365    	3.3577     	4.96367    	4.9585     	43.019	44.4139	35.8213	48.7645	54.8804	42.7183	44.2356	44.4661	58.2197	54.9184	38.4067	32.2849	48.3254	36.1837	46.4633	-7.1154e-07	-4.52241e-05	0.999999   	0.337173   	0.137253   	0.135926   	0.205407   	0.205408   	1.50738	
1.55e-10   	2.2        	0.00170348 	-0.00381254	0.999495   	0.306931   	-0.00119095	-0.00321155	0.999424   	0.308755   	-0.000435431	0.00718872 	0.999418   	0.311809   	0.00328343 	-0.00321004	0.999443   	0.30798    	-0.00265418	-0.000815113	0.999459   	0.311059   	-0.000596246	0.00405165 	0.999523   	0.308467   	-0.00259163	-0.0047443 	0.999468   	0.307471   	-0.000160783	0.00352504 	0.999367   	0.309213   	0.00302163 	0.00122811 	0.999499   	0.31078    	-0.00694097	-0.00230309	0.999367   	0.305535   	0.00516022 	0.00547784 	0.99942    	0.314061   	0.00166774 	-0.00310304	0.999346   	0.308001   	0.000189188	0.00679265 	0.999368   	0.308862   	0.00371864 	-0.00664431	0.999454   	0.308285   	-0.00382075	-9.90881e-05	0.99942    	0.31053    	2.99242    	2.8074     	7.2116     	7.21566    	3.60296    	3.13684    	6.70349    	6.70512    	3.88839    	2.79369    	5.9237     	5.91425    	2.35816    	4.05626    	8.69748    	8.70012    	2.82558    	3.61921    	6.30063    	6.3019     	2.96746    	2.56729    	6.66479    	6.67404    	3.04285    	3.03912    	6.07717    	6.08302    	3.42535    	3.97836    	7.26598    	7.25598    	2.67468    	3.27311    	6.13082    	6.14075    	3.11108    	3.83071    	5.69411    	5.657      	3.25151    	3.50098    	7.58709    	7.59507    	3.17806    	4.4581     	5.06156    	5.07493    	2.89764    	4.31415    	5.04839    	5.06233    	2.88394    	3.15278    	6.66356    	6.6366     	3.23546    	3.57298    	6.83545    	6.82369    	56.418	51.0454	48.7036	64.6374	49.1746	51.0753	46.9087	56.0493	46.3865	41.5914	61.7365	40.0611	39.4717	49.3682	53.4507	4.50838e-05	2.82592e-05	0.999998   	0.309007   	0.132611   	0.13837    	0.205698   	0.205711   	1.77791	
1.6e-10    	2          	-0.00167395	-0.00280804	0.999391   	0.281826   	-0.00631845	0.00322355 	0.999273   	0.280056   	0.0073565  	0.000939818	0.999279   	0.282577   	0.000141491	-0.00140355	0.999322   	0.279277   	0.00139665 	0.00737413 	0.999183   	0.276362   	-0.00158075	-0.0062117 	0.999209   	0.288743   	-0.0033146 	-0.00243034	0.99935    	0.278497   	0.00288983 	0.00728532 	0.999235   	0.286634   	0.00138691 	-0.00581629	0.999293   	0.279356   	-0.00378487	0.00638567 	0.999363   	0.284959   	0.00679831 	0.000912044	0.999394   	0.280783   	-0.00274577	-0.00788803	0.999422   	0.278538   	0.00411229 	-0.00301564	0.99922    	0.279655   	-0.00608901	-0.00377973	0.999114   	0.277107   	0.00147718 	0.00713534 	0.999239   	0.287653   	3.55866    	2.30406    	17.0918    	17.0608    	2.74874    	4.04764    	12.6539    	12.639     	2.7984     	3.90534    	11.9161    	11.8396    	3.20623    	3.30007    	6.28733    	6.26825    	3.81344    	3.6408     	7.57048    	7.56726    	3.73168    	4.17365    	7.18654    	7.15393    	3.14351    	2.95165    	13.2249    	13.2024    	3.58776    	3.88033    	9.44027    	9.45337    	3.30763    	3.26098    	21.6881    	21.638     	3.34103    	2.6915     	11.1808    	11.1423    	2.83882    	2.92434    	15.3706    	15.4095    	2.8952     	2.31635    	7.56736    	7.56394    	4.18178    	3.22335    	7.52148    	7.51585    	3.96638    	4.25868    	6.18469    	6.20527    	4.00006    	3.39478    	11.4097    	11.3436    	101.176	76.4634	67.1043	37.6258	45.0318	46.8789	78.1234	57.348	130.918	67.4492	89.201	46.4344	46.6137	38.9511	66.5383	1.12653e-05	2.40998e-05	0.999998   	0.281269   	0.137737   	0.138118   	0.196333   	0.196333   	1.99142	
1.65e-10   	1.8        	0.00377329 	0.00456495 	0.999213   	0.251667   	-0.00719089	-0.00400173	0.998989   	0.252464   	0.00365554 	-0.00127143	0.999201   	0.25829    	-0.000466523	-0.00200599	0.999263   	0.254074   	-0.00119303	-0.00067194	0.999374   	0.260578   	0.00164637 	0.00336074 	0.999132   	0.247762   	0.0041032  	0.00135964 	0.999321   	0.259377   	-1.73657e-07	0.00243156 	0.999319   	0.258159   	-0.00456788	-0.00412862	0.999056   	0.24474    	0.00384512 	0.00045699 	0.999253   	0.259163   	-0.000991869	-0.00200848	0.999192   	0.246209   	-0.00311046	0.0013244  	0.99945    	0.256844   	0.0030984  	-0.00384231	0.999133   	0.255631   	0.000283998	0.000980147	0.999136   	0.248569   	-0.00317712	0.00253157 	0.99919    	0.258136   	2.93287    	3.06106    	9.65527    	9.6429     	3.19512    	4.41623    	14.5024    	14.4586    	2.99535    	3.4442     	16.6247    	16.5839    	2.22588    	3.56335    	9.00151    	8.96439    	3.03278    	2.18005    	9.82717    	9.80933    	3.07277    	3.41369    	10.631     	10.6031    	2.89267    	2.6184     	13.6337    	13.6053    	2.58859    	2.95147    	7.84899    	7.82128    	3.54684    	3.28       	12.0491    	12.0324    	3.12522    	2.93612    	10.1506    	10.1068    	2.77112    	3.23638    	18.2042    	18.193     	1.97158    	2.41349    	12.3336    	12.3013    	3.29929    	3.57168    	11.6282    	11.6085    	2.94428    	3.69114    	8.9656     	8.98509    	3.2469     	3.40731    	8.46391    	8.48987    	40.6386	66.3601	77.8979	43.5148	44.371	51.2475	65.8509	36.8676	53.4813	48.2664	80.1657	53.3894	52.6954	42.712	42.6057	-3.37483e-05	-2.21907e-05	0.999998   	0.253913   	0.135604   	0.144122   	0.190461   	0.190457   	2.47423	
1.7e-10    	1.6        	0.00175932 	-0.000629811	0.999124   	0.238749   	0.00368981 	-0.00651236	0.99893    	0.227902   	-0.00508532	0.00612439 	0.998806   	0.214335   	-0.00399584	0.00183002 	0.999058   	0.239489   	0.00884474 	0.00854918 	0.998536   	0.209508   	-0.0029015 	-0.00952355	0.998961   	0.232128   	0.00330917 	0.00323763 	0.998933   	0.217475   	-0.00126843	-0.00842803	0.998969   	0.220196   	-0.00164571	0.00442983 	0.999071   	0.243477   	0.00156014 	0.0045838  	0.998819   	0.20982    	-0.00767697	-0.0049675 	0.999156   	0.238972   	0.00611436 	0.000155253	0.99891    	0.232227   	-0.00375574	0.00579443 	0.999041   	0.226606   	0.00643198 	-0.00648454	0.999106   	0.235952   	-0.00204236	-0.0001421 	0.998849   	0.218394   	2.60658    	3.55981    	8.90919    	8.90983    	2.77121    	3.80683    	20.3025    	20.2427    	2.6837     	3.78308    	15.057     	15.004     	3.85005    	2.69696    	11.273     	11.2457    	4.46293    	3.07619    	6.37406    	6.36337    	3.82556    	2.72888    	11.4371    	11.4173    	2.90051    	3.13787    	12.9422    	12.8791    	3.05709    	2.88525    	13.5163    	13.5151    	3.33555    	3.36512    	6.2893     	6.27176    	3.18537    	3.1689     	10.3764    	10.3748    	2.86931    	2.80083    	13.4508    	13.4479    	3.15871    	3.99304    	14.8455    	14.8527    	2.61231    	3.33284    	20.5425    	20.5691    	2.87616    	2.94858    	12.4103    	12.3765    	2.8559     	3.67258    	12.1425    	12.0247    	31.1863	70.19	47.0098	41.4205	22.387	41.4694	45.6501	43.6615	24.0392	34.5675	50.2254	52.553	70.7624	45.3773	40.0287	5.0098e-06 	-0.000100222	0.999997   	0.226781   	0.139107   	0.133191   	0.179135   	0.179141   	2.23203	
1.75e-10   	1.4        	0.00473055 	-0.0101254 	0.998371   	0.18412    	-0.00592004	0.0028681  	0.998783   	0.212389   	0.00310479 	0.00721404 	0.99844    	0.203051   	-0.00275214	0.00014134 	0.998464   	0.200987   	0.00226834 	0.00624118 	0.998925   	0.214478   	-0.00116951	-0.00711547	0.998766   	0.184085   	-0.00398139	0.00353599 	0.998665   	0.221413   	-0.00101694	-0.0139658 	0.998256   	0.184685   	0.00253821 	0.00881277 	0.998346   	0.193485   	-0.00676708	-0.00366561	0.998394   	0.198327   	-0.00240716	-0.00269474	0.998126   	0.185449   	0.00760737 	0.00606555 	0.998679   	0.21597    	0.00694897 	-0.00195231	0.998335   	0.186377   	0.00322616 	0.00607628 	0.998781   	0.19885    	-0.00889702	-0.00390883	0.998755   	0.214267   	3.30396    	3.16554    	24.0904    	24.0702    	3.46432    	3.25421    	7.72025    	7.74575    	3.49721    	4.45739    	25.4432    	25.5246    	4.02791    	3.31695    	12.0726    	11.9235    	3.01639    	3.03289    	19.4936    	19.5519    	2.14179    	2.83112    	10.0722    	10.0345    	4.16348    	3.65117    	17.2064    	17.1184    	3.41166    	3.40034    	8.71376    	8.66322    	3.54511    	3.90531    	15.2172    	15.232     	3.60325    	3.93523    	17.1932    	17.1453    	4.15206    	3.72076    	12.6709    	12.642     	3.25511    	3.8551     	13.768     	13.6486    	3.77207    	3.21046    	13.7078    	13.6899    	3.26948    	2.62777    	25.5693    	25.6188    	3.42996    	2.98852    	14.9178    	14.7357    	57.0584	23.5982	63.404	31.7298	48.9647	25.2774	40.4944	21.5293	39.1341	43.3309	31.2373	38.376	35.742	64.2959	38.4324	2.62056e-05	3.36049e-05	0.999996   	0.199576   	0.137907   	0.148238   	0.183636   	0.183637   	1.7027	
1.8e-10    	1.2        	0.00672505 	-0.00976808	0.998309   	0.15935    	-0.00658452	0.00619101 	0.998112   	0.179029   	0.00167981 	0.00186744 	0.998277   	0.178945   	0.00734003 	0.00644397 	0.997627   	0.174665   	-0.0052927 	-0.00553965	0.99834    	0.17879    	-0.00117043	-0.000256318	0.99769    	0.164017   	-0.00610557	-0.0057584 	0.998192   	0.184835   	0.00264394 	0.0102108  	0.997475   	0.16323    	0.00325298 	-0.00214868	0.997923   	0.169341   	-0.00313469	-0.00550731	0.997856   	0.1747     	0.0057834  	0.00298022 	0.997852   	0.164199   	-0.000983918	0.00397927 	0.998018   	0.178588   	-0.00116508	-0.00133974	0.99803    	0.16806    	0.00606413 	0.00724568 	0.997875   	0.16831    	-0.00444937	-0.00390398	0.998113   	0.181119   	2.68896    	2.39974    	8.6025     	8.60555    	3.0069     	4.17688    	14.4652    	14.4265    	3.10664    	3.63996    	12.0852    	12.0603    	4.49758    	3.94472    	23.1672    	23.0386    	3.25098    	3.18503    	12.0633    	12.0707    	4.00378    	3.57812    	11.6882    	11.6547    	3.97686    	3.36819    	10.3486    	10.2855    	4.17881    	3.62565    	21.6988    	21.5789    	3.9376     	3.24953    	13.5953    	13.5479    	3.03936    	4.6654     	16.1909    	16.0629    	2.75169    	4.32739    	11.9544    	11.9583    	3.22164    	4.2068     	18.5414    	18.3951    	2.97569    	3.67243    	18.6265    	18.5387    	3.1005     	3.89335    	16.7352    	16.5976    	3.80702    	3.58286    	14.9869    	14.9154    	17.0762	26.9104	24.0149	42.2051	23.2101	21.0528	19.5637	39.538	24.9927	31.3644	22.5578	31.2443	31.1272	27.6295	26.1938	1.06416e-05	-7.04425e-05	0.999995   	0.172138   	0.140266   	0.138736   	0.190356   	0.190361   	1.86369	
1.85e-10   	1          	-0.000806866	0.017347   	0.99676    	0.14419    	-0.000422906	-0.0164174 	0.996843   	0.145354   	0.000460936	-0.00368241	0.99757    	0.144452   	-0.000725021	0.0105431  	0.997303   	0.1505     	-0.00478754	-0.0164494 	0.997006   	0.148005   	0.00599911 	0.00403347 	0.996386   	0.135505   	-0.00790493	-0.00184326	0.997784   	0.157432   	0.00155521 	0.00283248 	0.997641   	0.137192   	0.0072584  	-0.00229936	0.997076   	0.139089   	-0.00490739	-0.00667212	0.997302   	0.147373   	0.00282351 	-0.00115587	0.996514   	0.136146   	0.00342993 	0.00693542 	0.998046   	0.15028    	-0.00471306	0.00233925 	0.997547   	0.146088   	0.0101012  	0.0091423  	0.997341   	0.141891   	-0.00350004	-0.0127108 	0.997048   	0.145834   	4.11064    	3.9224     	13.5063    	13.5901    	4.07229    	3.54936    	15.9565    	15.8283    	3.49151    	2.60434    	8.76058    	8.69534    	3.72224    	3.45666    	9.70982    	9.63249    	3.31215    	4.27604    	7.15437    	7.09701    	3.8003     	3.99263    	12.5078    	12.3753    	3.09938    	3.44385    	9.49712    	9.43865    	2.79489    	2.6822     	10.0594    	10.0835    	3.8707     	3.12222    	8.09257    	8.13202    	3.65227    	3.2568     	7.29948    	7.18441    	4.12975    	3.45914    	10.9974    	10.8452    	2.89566    	2.42621    	6.69571    	6.67508    	3.08007    	3.31346    	8.47142    	8.46789    	3.39294    	2.71752    	14.7935    	14.6972    	3.40247    	3.87422    	16.3757    	16.2572    	17.7763	18.7616	11.1383	11.9576	11.1462	16.6778	14.5443	11.9999	11.2327	10.1726	13.4485	10.0354	10.6043	16.0781	20.026	8.65348e-06	-5.21289e-05	0.999993   	0.144228   	0.140488   	0.137924   	0.200126   	0.20014    	1.94906	
1.9e-10    	0.8        	0.00151752 	0.0079612  	0.994738   	0.108589   	-0.0141534 	-0.000320223	0.995425   	0.118086   	0.0145912  	-0.00728726	0.996105   	0.122537   	0.0140185  	0.00581876 	0.995494   	0.113223   	-0.0110475 	0.0016013  	0.996032   	0.123972   	0.000404314	-0.00742119	0.99493    	0.112054   	0.00605811 	0.00599822 	0.995526   	0.116972   	-0.00642132	0.00557604 	0.996391   	0.124219   	0.00274024 	-0.00848138	0.993688   	0.108148   	-0.0119109 	-0.00585717	0.996193   	0.127134   	-0.00123723	-0.00879503	0.99501    	0.112517   	0.014436   	0.0140719  	0.995522   	0.109625   	0.00830857 	-0.0138083 	0.994995   	0.118936   	-0.00371985	0.0199628  	0.993868   	0.107988   	-0.0038395 	-0.00788193	0.995503   	0.122591   	4.14192    	3.34818    	4.19588    	4.1382     	4.28392    	3.20336    	9.93019    	9.86962    	3.44832    	3.40016    	7.71716    	7.67097    	3.08054    	3.71602    	8.75476    	8.70138    	3.78059    	3.43545    	9.89506    	9.83735    	3.60966    	3.83025    	9.68837    	9.52606    	3.79622    	2.9754     	17.3051    	17.0125    	3.44591    	3.21579    	7.7529     	7.69925    	4.90127    	3.3824     	13.0198    	12.6947    	4.01811    	3.38964    	9.28247    	9.28774    	3.65513    	3.38816    	27.0109    	26.7526    	2.94186    	3.04208    	18.4612    	18.3421    	4.12631    	3.98163    	15.8387    	15.6602    	4.16638    	4.48007    	6.20861    	6.29417    	3.22459    	4.17821    	11.8022    	11.4111    	6.34051	9.07661	7.60319	9.04724	8.75285	9.67022	14.275	8.14023	9.66748	9.26155	19.5557	15.4765	12.9595	7.49048	9.96509	2.74863e-05	2.27302e-05	0.999989   	0.115913   	0.14531    	0.14185    	0.196248   	0.196261   	1.78266	
1.95e-10   	0.6        	-0.010046  	0.0343105  	0.989659   	0.0807623  	-0.0175997 	-0.0209947 	0.99347    	0.0911556  	0.0222559  	-0.0146187 	0.993291   	0.0918696  	-0.00146025	-0.00629296	0.993013   	0.0865045  	-0.00704753	-0.0198249 	0.992374   	0.0915606  	0.0119242  	0.0214245  	0.991327   	0.0855432  	0.022503   	-0.00571449	0.992173   	0.0863927  	-0.0117377 	-0.00493279	0.992533   	0.0919835  	-0.0136446 	0.0128636  	0.991179   	0.0853529  	0.0060002  	-0.00671283	0.992011   	0.0909173  	-0.0252955 	-0.00216382	0.992156   	0.0895664  	0.0199687  	0.0135556  	0.991548   	0.0831822  	0.00476334 	0.00494477 	0.992678   	0.0891475  	-0.00726318	-0.00793541	0.992024   	0.0838194  	-0.000654507	0.005508   	0.992479   	0.0906828  	4.11322    	3.31208    	7.13367    	7.002      	3.34862    	2.45023    	18.0443    	17.8466    	3.64304    	2.71481    	10.5483    	10.4592    	3.03635    	2.58251    	14.0663    	13.7554    	4.46241    	3.12873    	5.75237    	5.74412    	3.5549     	3.15254    	14.9911    	14.711     	3.32397    	3.46808    	5.30489    	5.2354     	3.67965    	3.3922     	11.5205    	11.2872    	4.43251    	2.94873    	8.39394    	8.21865    	4.53122    	3.63708    	5.96766    	6.02197    	4.10407    	2.60894    	10.1266    	9.82389    	2.86904    	3.52762    	10.2062    	9.97174    	3.13731    	3.77111    	11.5865    	11.5494    	2.86789    	3.74306    	6.63873    	6.53988    	3.73406    	3.53029    	10.5802    	10.4651    	5.17736	8.18247	6.41559	7.39982	4.74996	7.16286	4.28204	6.80878	5.09659	5.04196	6.15516	5.82196	7.36022	5.42959	5.84539	-1.02331e-05	0.000124564	0.99998    	0.0872347  	0.146373   	0.135964   	0.201403   	0.201382   	1.50524	
2e-10      	0.4        	0.0536349  	-0.0363988 	0.978257   	0.0557171  	-0.0498934 	0.0437652  	0.982655   	0.061469   	-0.0013093 	-0.0156972 	0.984064   	0.0608333  	0.0312687  	0.0289728  	0.98243    	0.0607609  	-0.0303428 	0.0154734  	0.978983   	0.0595578  	0.00138098 	-0.0462134 	0.973491   	0.058123   	0.0224258  	0.0282884  	0.986155   	0.0657222  	-0.046947  	-0.0114065 	0.983022   	0.0586755  	0.0268961  	-0.012869  	0.975449   	0.0536036  	-0.0219735 	0.0642668  	0.982814   	0.0641251  	0.00957728 	-0.00929912	0.975469   	0.0520792  	0.011056   	-0.048739  	0.981447   	0.0620922  	0.0432187  	-0.0169688 	0.979895   	0.0577009  	0.00249973 	-0.0273877 	0.97649    	0.0542893  	-0.0360214 	0.0305405  	0.982143   	0.0662799  	3.19259    	3.86815    	6.95456    	6.79226    	2.75341    	3.57212    	7.4969     	7.18172    	2.79957    	3.05774    	10.9268    	10.4297    	3.82511    	3.13741    	8.81528    	8.6105     	3.99919    	4.66082    	7.16594    	7.12772    	3.98698    	4.39358    	11.487     	10.7279    	3.10234    	3.40953    	9.29933    	9.16288    	3.21513    	3.44847    	8.75776    	8.87492    	4.24017    	3.50729    	9.15965    	8.93304    	3.85274    	3.07415    	8.54395    	8.32856    	3.56297    	3.6878     	8.0008     	7.7359     	4.32185    	3.35013    	8.75567    	8.68253    	4.1689     	3.14611    	8.46693    	8.34501    	3.50366    	3.84066    	9.46502    	9.05778    	4.04199    	4.52833    	8.33481    	8.21933    	3.67659	3.6271	4.17483	4.13222	4.19093	4.22473	4.42825	4.21642	4.20434	3.84751	3.96655	4.54041	3.93913	4.40267	4.09564	-5.17245e-05	-1.8425e-05	0.999955   	0.0583103  	0.141004   	0.141831   	0.205079   	0.205081   	1.45722	
2.05e-10   	0.2        	-0.00923886	0.0495795  	0.941476   	0.0347602  	0.012437   	-0.0438584 	0.909062   	0.0310515  	-0.0198088 	-0.0189042 	0.88638    	0.028169   	0.00976277 	-0.00810442	0.930257   	0.0339358  	0.0426317  	-0.0279333 	0.907611   	0.0311729  	-0.0338137 	0.00257506 	0.89498    	0.0295187  	0.0259679  	-0.0620688 	0.928215   	0.0349914  	0.0618785  	0.045234   	0.846605   	0.0276121  	-0.124147  	0.0304577  	0.886275   	0.0324518  	-0.0250039 	-0.0112274 	0.880584   	0.0295659  	0.0276035  	-0.0565478 	0.889481   	0.0310201  	-0.00956912	0.0431473  	0.925137   	0.034148   	-0.000568687	0.0301024  	0.890731   	0.0301379  	0.00550533 	-0.0353234 	0.92813    	0.0365555  	-0.0278449 	0.0249415  	0.86536    	0.0280692  	3.09387    	3.65695    	8.24446    	7.72728    	2.6998     	4.18083    	7.33843    	6.14206    	2.98908    	4.00017    	7.32588    	5.72399    	2.9599     	3.75605    	7.83176    	6.92954    	4.4721     	3.93958    	5.54968    	4.62583    	4.08642    	4.222      	6.55776    	5.94033    	3.12655    	4.19061    	9.26633    	8.11176    	3.38348    	3.43875    	10.9989    	9.20798    	3.74769    	4.27606    	10.4528    	8.79911    	3.58058    	3.81442    	9.60466    	8.38304    	3.92558    	4.45424    	7.10133    	5.99369    	3.7137     	3.73143    	9.06478    	8.22802    	3.28876    	3.4189     	9.97139    	8.44891    	4.08319    	4.08206    	9.93022    	8.99532    	3.37833    	4.22708    	7.19014    	5.81934    	2.9109	3.01444	2.998	2.78759	2.91803	3.14206	3.16125	3.17508	3.41177	3.04655	2.81455	2.72667	2.90554	3.0859	2.74705	-6.11953e-05	0.00048069 	0.999822   	0.0291976  	0.136577   	0.144446   	0.19584    	0.195735   	1.47714	
2.1e-10    	-0         	-0.0705921 	-0.0953767 	0.104005   	0.015192   	0.156389   	0.105548   	0.029651   	0.015028   	-0.0606065 	-0.035483  	-0.122479  	0.014705   	0.0596933  	0.0172569  	0.310744   	0.0148574  	0.148527   	-0.00567005	-0.190876  	0.015383   	-0.208781  	-0.0516615 	-0.0333837 	0.0155088  	0.0581178  	-0.00733018	-0.00058567	0.0141337  	0.0734245  	-0.0257781 	-0.268166  	0.0139361  	-0.142701  	0.00881223 	0.254147   	0.0160225  	0.0259072  	0.0169606  	-0.146931  	0.01557    	-0.0093678 	0.0286174  	0.124003   	0.0140994  	0.0519609  	-0.0365056 	0.0674777  	0.0134371  	-0.108548  	-0.0318481 	0.0274062  	0.0137431  	0.0441507  	0.0330095  	-0.00222811	0.0144733  	0.0552569  	-0.0153635 	-0.0690136 	0.0144723  	3.66239    	3.05495    	9.96941    	2.81229    	4.65347    	4.55223    	6.90869    	2.59847    	4.0945     	4.51167    	6.86613    	2.34339    	4.49662    	4.69458    	6.02051    	3.48361    	3.47375    	3.71259    	9.0028     	2.96048    	3.9554     	4.0141     	8.86986    	2.6926     	3.28516    	4.08146    	7.08881    	2.13422    	3.55441    	3.5732     	5.79306    	2.44396    	3.24935    	3.90889    	10.4581    	4.01721    	3.11182    	3.94042    	11.1191    	3.85046    	3.61714    	3.7072     	7.04207    	2.30536    	2.8031     	3.5154     	6.92919    	2.19675    	3.76821    	4.3131     	5.34063    	1.98994    	4.15424    	3.67895    	6.98265    	1.90142    	3.93706    	3.9508     	6.93747    	1.97109    	2.74838	2.69112	2.67008	2.53391	2.53459	2.61576	2.81123	2.48729	2.55892	2.6912	2.62798	2.56904	2.61017	2.50198	2.60737	0.0154009  	0.0225806  	0.0183499  	0.00063624 	0.140376   	0.147212   	0.205168   	0.116917   	1.59533	
