#----------------------------------------------------------------------------------------------------------------------------------------------------------
# Output file for vampire simulation
#   time       : 2025-05-27 21:28:36     process id : 276555
#   hostname   : thor8.psi.ch
#   path       : /scratch/dossan_f/Na2BaMn(PO4)2/vampire_tripleUC_15mat_J2Ja_small_k0.035_Jnn0.11_Bc
#   version    : 6.0.0
#   githash    : 4c9651daecc86c3e6b6df0c8055fcd9e89fd900c
#----------------------------------------------------------------------------------------------------------------------------------------------------------
1e-11      	8          	0.000387078	0.000317918	0.999967   	0.938632   	-0.000310849	-0.000452263	0.999806   	0.938339   	-0.00013413	-6.94106e-05	0.999993   	0.938627   	0.000190486	-0.000571931	0.999917   	0.938402   	-0.000405898	8.10525e-05	0.999974   	0.938555   	0.000194395	0.000315914	0.999979   	0.938654   	-0.000215945	-0.000115103	0.999897   	0.938453   	-0.000160391	0.000112109	0.999987   	0.938644   	0.000228309	-3.48897e-05	0.999993   	0.93854    	0.000116454	0.000141802	0.999992   	0.938585   	9.30455e-05	0.000375982	0.99998    	0.938696   	-0.000311062	-0.000730488	0.999812   	0.938328   	0.000127917	-5.97293e-05	0.999991   	0.938736   	9.00171e-05	0.000103092	0.999981   	0.938439   	-0.000219432	-6.97049e-05	0.999919   	0.938436   	0.599816   	1.23279    	75.0351    	73.9256    	0.48211    	0.703203   	106.292    	104.34     	0.425643   	0.495217   	70.1345    	70.0028    	0.421944   	0.959062   	100.383    	99.4031    	0.664627   	0.469632   	81.4553    	80.8149    	0.591269   	0.777221   	67.2252    	66.5369    	0.71759    	0.463184   	96.5209    	94.7416    	0.455505   	0.491809   	70.6005    	70.2589    	0.446398   	0.436587   	81.5939    	81.4984    	0.421536   	0.478709   	77.3742    	77.2432    	0.621386   	0.866658   	68.3157    	67.6747    	0.54351    	1.28112    	105.145    	102.569    	0.429684   	0.481248   	62.6134    	62.3915    	0.574045   	0.442293   	92.5389    	92.2087    	0.774129   	0.446352   	94.5678    	93.1814    	9336.99	16817.1	8187.4	15457.7	10865.6	7645.96	14503.8	8372.85	10851.1	9850.68	7862.92	16573.8	6569.13	13447.4	14048.4	1.66042e-06	9.2602e-06 	1          	0.938529   	0.113836   	0.11275    	1240.39    	1240.38    	166494	
1.5e-11    	7.8        	-0.000190099	7.50648e-06	0.999996   	0.935986   	-0.000144568	-2.26721e-05	0.999996   	0.935993   	0.000336572	4.91424e-06	0.999996   	0.935982   	-6.4019e-05	-0.000142507	0.999996   	0.936024   	-3.79626e-05	6.02845e-06	0.999996   	0.935984   	0.000108382	0.000138337	0.999996   	0.935997   	1.28339e-05	-0.000168825	0.999996   	0.935983   	0.000110766	5.74957e-05	0.999996   	0.935977   	-0.000154893	4.63364e-05	0.999996   	0.935969   	3.47872e-05	-2.60028e-05	0.999996   	0.935963   	8.73714e-05	-0.000124825	0.999996   	0.935989   	-1.41159e-05	0.000117214	0.999996   	0.936006   	0.000116172	-0.000146749	0.999996   	0.936005   	4.10492e-05	0.000126995	0.999996   	0.935976   	-0.000122236	-1.39296e-05	0.999996   	0.936015   	0.442536   	0.468483   	0.0216106  	0.021608   	0.421373   	0.492699   	0.0216668  	0.0216598  	0.407586   	0.514657   	0.0220294  	0.022032   	0.469567   	0.413089   	0.0212182  	0.0211851  	0.449202   	0.440549   	0.0224835  	0.0224877  	0.444708   	0.434669   	0.0221592  	0.0221573  	0.393404   	0.433326   	0.0221252  	0.0221246  	0.428698   	0.446518   	0.0208565  	0.0208628  	0.430104   	0.448071   	0.0218468  	0.0218434  	0.485106   	0.458519   	0.0201275  	0.0201021  	0.468068   	0.426308   	0.0229045  	0.0229095  	0.447061   	0.463993   	0.020894   	0.020924   	0.449044   	0.399873   	0.0205713  	0.0205805  	0.447798   	0.419672   	0.0215608  	0.0215641  	0.436072   	0.40181    	0.0225279  	0.022518   	4.8855	5.05141	5.0314	4.83704	5.20843	5.03107	5.08105	4.79274	5.19224	4.72257	5.12844	4.76463	4.66899	5.01869	5.11979	8.00651e-06	-9.3787e-06	1          	0.935986   	0.110421   	0.117601   	0.0339655  	0.033965   	1.9588	
2e-11      	7.6        	-0.000129833	7.52659e-05	0.999995   	0.931437   	-7.37623e-05	0.000173691	0.999996   	0.931433   	0.000174082	-0.000251577	0.999996   	0.931414   	0.000249785	-9.96053e-05	0.999995   	0.931415   	-0.000193535	4.45832e-05	0.999996   	0.931411   	-5.70058e-05	5.67099e-05	0.999995   	0.931413   	0.000204151	0.000205468	0.999996   	0.931411   	-0.000138702	-0.00010939	0.999996   	0.931399   	-0.000161097	-0.00016027	0.999996   	0.931444   	8.01709e-05	-2.26306e-05	0.999996   	0.931413   	0.000122326	-0.000104238	0.999996   	0.931419   	-0.000213927	8.42285e-05	0.999995   	0.931417   	5.16522e-05	-0.000171139	0.999995   	0.931419   	8.98281e-05	0.000222489	0.999996   	0.931407   	-0.000193264	-9.56401e-05	0.999995   	0.931379   	0.478567   	0.508663   	0.0249932  	0.0250103  	0.457656   	0.45046    	0.0250546  	0.0250568  	0.478673   	0.452192   	0.0242324  	0.0242335  	0.463158   	0.569293   	0.0266241  	0.026627   	0.429516   	0.479158   	0.0246261  	0.0246248  	0.484013   	0.500906   	0.0241642  	0.0241772  	0.420329   	0.486631   	0.0261582  	0.0261322  	0.431475   	0.457372   	0.0251789  	0.0251581  	0.497143   	0.443226   	0.023919   	0.0239308  	0.487232   	0.449964   	0.0257689  	0.0257608  	0.498666   	0.465894   	0.0231792  	0.0231792  	0.541527   	0.501707   	0.0243959  	0.0243986  	0.513626   	0.517908   	0.0242171  	0.0242376  	0.474144   	0.427898   	0.024666   	0.0246649  	0.484457   	0.502834   	0.0252793  	0.0252718  	5.33011	5.32956	5.22572	5.52168	5.30138	5.02752	5.45257	5.40822	5.10202	5.26383	5.19791	5.29567	4.94492	5.19903	5.22585	-1.26137e-05	-1.0145e-05	1          	0.931411   	0.11502    	0.119252   	0.0391068  	0.0391076  	1.94094	
2.5e-11    	7.4        	-5.95975e-05	-7.79628e-05	0.999995   	0.926184   	0.000108288	0.000228197	0.999995   	0.92625    	-9.82035e-05	-0.000113337	0.999995   	0.926194   	1.66368e-05	-4.75924e-05	0.999995   	0.926211   	-0.000263411	-3.99242e-05	0.999995   	0.926219   	0.000226506	0.000127625	0.999995   	0.926141   	1.02363e-05	-0.000133389	0.999995   	0.926217   	0.000194945	0.000136917	0.999994   	0.926218   	-0.000126327	-2.81935e-05	0.999995   	0.926191   	-1.58634e-06	2.44113e-05	0.999995   	0.926182   	0.000116534	2.18102e-05	0.999995   	0.926217   	-9.2981e-05	2.40957e-05	0.999995   	0.926172   	-0.00025067	7.38794e-05	0.999995   	0.926181   	-0.000127462	-0.000176121	0.999995   	0.926237   	0.000418433	2.91773e-05	0.999995   	0.926234   	0.554532   	0.554701   	0.0306321  	0.0306485  	0.55826    	0.541376   	0.0317463  	0.0317664  	0.511569   	0.521914   	0.0278148  	0.0278116  	0.547805   	0.495069   	0.0277786  	0.0277488  	0.500678   	0.49828    	0.028341   	0.0283789  	0.535747   	0.541966   	0.0268063  	0.0268024  	0.547944   	0.525723   	0.0277275  	0.0277436  	0.586489   	0.57946    	0.0295045  	0.0295445  	0.570273   	0.558067   	0.0276924  	0.0276941  	0.535593   	0.574929   	0.0275498  	0.0275259  	0.514503   	0.552304   	0.031639   	0.0316263  	0.528542   	0.554795   	0.0300551  	0.0300627  	0.47517    	0.556854   	0.0291743  	0.0291731  	0.502347   	0.46276    	0.0316726  	0.0316655  	0.540286   	0.528279   	0.0298281  	0.0298351  	5.99368	6.46643	5.62355	5.38106	5.39305	5.33909	5.41666	5.79167	5.64634	5.46046	5.90815	5.94148	5.76264	6.15298	5.75337	4.75162e-06	3.30048e-06	1          	0.926199   	0.120739   	0.124407   	0.0490354  	0.049035   	2.09207	
3e-11      	7.2        	0.000123557	1.7668e-05 	0.999994   	0.92018    	4.15067e-05	-0.000163616	0.999995   	0.920221   	-0.000223632	0.000122994	0.999994   	0.920203   	-3.64751e-05	-9.0297e-05	0.999995   	0.920171   	0.000147094	-0.000134941	0.999995   	0.920203   	-0.000156631	0.000324702	0.999994   	0.920231   	0.000206875	-4.42526e-06	0.999995   	0.920216   	-5.23992e-05	0.000186728	0.999994   	0.920193   	-0.000105166	-0.000195003	0.999994   	0.920243   	-5.03079e-05	0.00015892 	0.999994   	0.920188   	0.000116432	-1.98705e-05	0.999994   	0.920236   	-7.57264e-05	-0.000105242	0.999994   	0.92025    	-0.000202272	-0.000261478	0.999994   	0.92018    	0.000245355	2.64155e-05	0.999994   	0.920215   	-5.53309e-05	0.000263198	0.999994   	0.920251   	0.631017   	0.654853   	0.0329175  	0.0328995  	0.505684   	0.57604    	0.0335514  	0.0335444  	0.626854   	0.582026   	0.0348796  	0.0348624  	0.58671    	0.550474   	0.0354165  	0.0354097  	0.56523    	0.563982   	0.0321353  	0.0321604  	0.646688   	0.512508   	0.0361619  	0.0361719  	0.549842   	0.546683   	0.0339849  	0.0339391  	0.604171   	0.589961   	0.0334873  	0.0335527  	0.654618   	0.534866   	0.0347265  	0.0346827  	0.604604   	0.596505   	0.0329927  	0.0330152  	0.665335   	0.513874   	0.0334758  	0.0334276  	0.662309   	0.571315   	0.0339243  	0.0339488  	0.599362   	0.624949   	0.0338488  	0.0338656  	0.616305   	0.534422   	0.0322662  	0.0322249  	0.590639   	0.569898   	0.0341678  	0.0341988  	5.88655	6.02093	5.96985	6.32858	6.10733	6.51004	6.25683	5.9776	6.0245	5.89881	6.18488	6.0999	6.02588	6.0896	6.20614	-5.12446e-06	8.38582e-06	1          	0.920207   	0.123195   	0.11922    	0.0601926  	0.0601926  	2.04442	
3.5e-11    	7          	-0.000341728	6.84509e-06	0.999993   	0.913287   	0.000209049	9.40946e-06	0.999993   	0.913195   	9.36023e-05	-2.41024e-05	0.999993   	0.913272   	0.000382833	-6.77367e-05	0.999993   	0.913251   	-0.000523062	0.000144878	0.999993   	0.913276   	0.000191802	9.75711e-06	0.999993   	0.913223   	-0.000183246	2.61751e-05	0.999994   	0.913249   	6.73258e-05	7.00343e-05	0.999994   	0.913238   	-1.08836e-05	-0.000155644	0.999994   	0.91326    	0.000219436	-8.19019e-05	0.999993   	0.913262   	-0.000312794	-0.000182525	0.999993   	0.913275   	7.54585e-05	0.000298375	0.999994   	0.913309   	-0.00038848	6.70597e-06	0.999992   	0.913293   	9.93861e-05	0.000216767	0.999993   	0.913281   	0.000234681	-0.000276443	0.999993   	0.913262   	0.756425   	0.594532   	0.0415828  	0.0415746  	0.726675   	0.737325   	0.0370519  	0.0370765  	0.710126   	0.689273   	0.040273   	0.0402416  	0.729352   	0.712272   	0.0395546  	0.039588   	0.754856   	0.657675   	0.0427982  	0.042806   	0.816857   	0.674316   	0.0387848  	0.0387836  	0.669321   	0.667653   	0.0395816  	0.0395587  	0.636454   	0.665929   	0.0419677  	0.0419121  	0.56376    	0.667503   	0.0429929  	0.0430003  	0.639161   	0.74407    	0.0379991  	0.0379876  	0.778047   	0.651353   	0.0423591  	0.0423328  	0.677962   	0.603061   	0.0439666  	0.0439769  	0.819075   	0.800706   	0.0397852  	0.0397465  	0.733964   	0.70744    	0.0445749  	0.0445572  	0.778724   	0.624138   	0.0402634  	0.040284   	6.67505	6.26753	6.63639	6.68808	7.25378	6.49302	6.58164	6.77059	7.24474	6.31981	7.01498	7.08083	6.47144	7.13584	6.68397	-1.24334e-05	5.02619e-08	1          	0.913256   	0.123814   	0.12884    	0.0742792  	0.0742792  	2.09144	
4e-11      	6.8        	-0.00041225	0.000151144	0.999992   	0.905255   	-7.92854e-05	-6.53166e-05	0.999992   	0.905243   	0.000490296	-6.43055e-05	0.999992   	0.905246   	-0.00011756	-0.000211632	0.999992   	0.905194   	0.000274877	5.83955e-05	0.999992   	0.905194   	4.97777e-06	0.000143221	0.999991   	0.905173   	0.000500028	-0.00038675	0.999992   	0.905259   	-0.000540379	0.000172478	0.999992   	0.905205   	5.50811e-05	0.00016768 	0.999993   	0.905212   	0.000143465	-0.000104741	0.999992   	0.905153   	-0.000184519	0.00045623 	0.999992   	0.905172   	5.56416e-05	-0.0003388 	0.999992   	0.905225   	-0.000263762	-9.44682e-05	0.999992   	0.905199   	4.25717e-05	0.00017105 	0.999993   	0.905226   	0.000257735	-1.28266e-05	0.999991   	0.905237   	0.74862    	0.848249   	0.0487535  	0.0487476  	0.802101   	0.783886   	0.0482757  	0.0482179  	0.785481   	0.841583   	0.0476481  	0.047617   	0.784566   	0.824498   	0.0487434  	0.04868    	0.822504   	0.780816   	0.0487165  	0.0487124  	0.819327   	0.906913   	0.0446614  	0.0446353  	0.785373   	0.724978   	0.0463048  	0.046336   	0.802694   	0.810586   	0.0493944  	0.0494228  	0.662404   	0.81       	0.0454076  	0.0453328  	0.86418    	0.764471   	0.047828   	0.0477571  	0.714549   	0.859922   	0.0484464  	0.0484719  	0.738419   	0.855098   	0.047324   	0.047275   	0.795184   	0.76028    	0.0460038  	0.0460194  	0.770673   	0.72167    	0.0463183  	0.046298   	0.836198   	0.898265   	0.0496734  	0.049665   	7.45311	7.27316	6.94434	7.34021	7.35792	7.0164	6.96956	7.47936	6.90605	7.35259	7.29347	7.13637	6.89519	6.99895	7.58067	1.5148e-05 	2.7109e-06 	1          	0.905206   	0.135579   	0.118995   	0.0939205  	0.0939197  	2.03853	
4.5e-11    	6.6        	-0.000238226	-0.00027132	0.99999    	0.895806   	-0.000145545	9.30455e-06	0.99999    	0.895831   	0.000296787	0.000253155	0.99999    	0.89586    	-0.000182132	-0.000287182	0.999992   	0.895893   	0.000297716	4.33577e-05	0.99999    	0.895789   	-6.27466e-05	0.000337682	0.99999    	0.89578    	6.34334e-05	5.35465e-05	0.999991   	0.89581    	-0.000292972	1.41704e-05	0.999991   	0.89581    	0.00023554 	-9.85544e-05	0.999991   	0.895788   	0.000125837	-0.000368491	0.99999    	0.895793   	-0.000238269	-5.11322e-07	0.99999    	0.895793   	7.7354e-05 	0.00038982 	0.99999    	0.895791   	-8.96477e-05	0.000321573	0.999991   	0.895742   	6.47634e-06	-4.49536e-05	0.999991   	0.895864   	4.7345e-05 	-0.000272211	0.99999    	0.895775   	0.889431   	0.990715   	0.0591809  	0.0591475  	1.05463    	1.00775    	0.0596194  	0.0595479  	0.936547   	1.01132    	0.0532068  	0.0531561  	0.901183   	0.763413   	0.0562501  	0.0562166  	1.01843    	0.870009   	0.0615207  	0.0614995  	0.917726   	0.963262   	0.0653547  	0.0652949  	0.925362   	0.934908   	0.0615387  	0.0615188  	0.987943   	0.870209   	0.0563858  	0.0563498  	0.95051    	0.855442   	0.055592   	0.0555445  	1.01554    	0.931771   	0.0588053  	0.0588545  	1.09036    	0.904606   	0.0579022  	0.0578775  	1.0732     	0.862457   	0.0574201  	0.0573933  	0.81384    	1.00565    	0.0558066  	0.0557835  	0.90015    	0.927941   	0.0572424  	0.0572372  	0.880763   	1.02361    	0.0573158  	0.0572449  	8.17461	8.17905	7.54028	7.80019	8.78593	8.80682	8.11224	7.95368	7.62058	8.06448	7.91754	8.07169	7.46516	7.7362	7.65104	-6.62867e-06	5.25327e-06	1          	0.8958     	0.130994   	0.126637   	0.117544   	0.117543   	1.9768	
5e-11      	6.4        	0.000124651	-0.000265849	0.99999    	0.884807   	0.000131265	-1.74884e-05	0.999989   	0.884795   	-0.000290089	0.000256794	0.999989   	0.884917   	-0.000255688	0.000149966	0.999989   	0.884808   	2.08924e-05	0.000131558	0.99999    	0.884789   	0.000190204	-0.00024088	0.99999    	0.884806   	1.75329e-05	-0.000162461	0.99999    	0.88475    	-7.26627e-05	0.000578328	0.999988   	0.884852   	8.25429e-05	-0.000434723	0.999988   	0.884768   	-0.000361889	0.000493694	0.999989   	0.884798   	3.01967e-05	-0.000330206	0.999989   	0.884828   	0.00035287 	-0.000188016	0.999989   	0.884826   	0.000192217	0.000390059	0.999989   	0.884835   	-0.000222629	-6.62971e-05	0.999989   	0.884821   	7.37645e-05	-0.000345506	0.999989   	0.884766   	0.985053   	0.965484   	0.0707954  	0.0707363  	1.14664    	1.00398    	0.0715371  	0.0715012  	0.995146   	1.11684    	0.0681272  	0.0681204  	1.04145    	1.07965    	0.0670209  	0.0671761  	0.983019   	1.03937    	0.0731532  	0.0730748  	0.998862   	0.897318   	0.0747265  	0.0747993  	1.02916    	0.988553   	0.0777699  	0.077777   	1.00123    	1.28056    	0.0703673  	0.0704039  	1.16998    	1.15989    	0.0691252  	0.0691182  	0.992343   	1.09045    	0.0674537  	0.0674429  	1.10408    	0.969501   	0.0723482  	0.0722548  	1.14471    	1.02742    	0.0731834  	0.0731125  	1.05547    	1.12632    	0.0687926  	0.0687479  	1.00026    	1.06301    	0.0718614  	0.0718833  	1.04965    	1.07709    	0.0790377  	0.0789409  	8.82002	9.07759	8.28647	8.29931	8.78385	9.254	9.62796	9.14233	9.11534	8.8091	8.75685	9.07128	8.84427	9.41262	9.90335	9.00288e-07	-3.3954e-06	1          	0.884801   	0.133053   	0.132293   	0.142295   	0.142298   	1.9101	
5.5e-11    	6.2        	-0.000226721	-0.000155392	0.999985   	0.871942   	0.000214601	0.000415908	0.999985   	0.871933   	7.76464e-05	-0.000238857	0.999985   	0.871886   	-0.000163165	0.000877382	0.999985   	0.871889   	-0.000614777	-0.000271522	0.999985   	0.871975   	0.000729313	-0.000594334	0.999985   	0.8719     	0.000489631	6.09586e-05	0.999983   	0.871946   	-0.000631536	-0.000500276	0.999986   	0.87194    	0.000186905	0.000440201	0.999984   	0.871924   	1.52243e-05	-1.2285e-05	0.999986   	0.871953   	-0.000354188	0.000175943	0.999986   	0.871944   	0.000314288	-0.000174344	0.999985   	0.872013   	9.65746e-05	4.0351e-05 	0.999986   	0.871874   	-0.000850016	0.000802932	0.999985   	0.871999   	0.000751955	-0.000862465	0.999985   	0.871964   	1.54273    	1.23049    	0.0942221  	0.0942022  	1.41494    	1.35806    	0.0857259  	0.0855886  	1.49177    	1.24615    	0.0925218  	0.0925748  	1.29642    	1.36634    	0.0870521  	0.0870343  	1.19297    	1.53859    	0.0872168  	0.0872319  	1.38059    	1.34686    	0.0931334  	0.0930028  	1.37709    	1.72524    	0.0873567  	0.0871942  	1.2177     	1.36589    	0.0907528  	0.09049    	1.45447    	1.59464    	0.0823393  	0.0822528  	1.27438    	1.44185    	0.0906737  	0.0905399  	1.12589    	1.42308    	0.0871634  	0.0870845  	1.47495    	1.26373    	0.0986928  	0.0985866  	1.34637    	1.21805    	0.0853664  	0.0854399  	1.40028    	1.23482    	0.0834033  	0.0834102  	1.48293    	1.27357    	0.091759   	0.0919596  	10.7928	10.1823	10.2819	10.5111	10.1365	10.7647	9.83591	10.0578	9.82116	10.4381	10.8705	10.7754	9.3968	9.76336	10.0071	2.38171e-06	2.90253e-07	1          	0.871926   	0.135313   	0.130625   	0.195443   	0.195443   	1.92485	
6e-11      	6          	0.00022016 	0.000462629	0.999981   	0.856916   	1.31116e-05	-0.000993884	0.999979   	0.856922   	-0.000243655	0.000523356	0.99998    	0.857077   	0.000881244	1.96513e-05	0.999979   	0.857052   	-0.00121327	-0.000407802	0.999979   	0.857053   	0.00036007 	0.000339855	0.99998    	0.856911   	-0.000181761	-0.000283881	0.99998    	0.856989   	-0.000190863	-0.000189394	0.999981   	0.856947   	0.000382208	0.000452488	0.999982   	0.857025   	-2.32712e-05	-0.000548864	0.999977   	0.857024   	-0.000106244	0.000817235	0.99998    	0.856925   	0.000160851	-0.000232336	0.99998    	0.856986   	-0.000984594	-1.38271e-05	0.999981   	0.856895   	0.000540307	0.000144326	0.999982   	0.857032   	0.000484844	-0.00014667	0.999982   	0.856955   	1.66672    	1.68763    	0.115696   	0.115772   	2.17588    	1.56452    	0.120858   	0.120963   	1.77924    	1.90999    	0.108269   	0.108188   	1.68038    	2.09283    	0.116417   	0.116684   	1.74618    	1.92176    	0.114186   	0.114206   	1.58297    	2.0588     	0.117567   	0.117445   	1.868      	1.75947    	0.109178   	0.109201   	1.71706    	1.71036    	0.106415   	0.106478   	1.70935    	1.5596     	0.10721    	0.107066   	2.24104    	2.00845    	0.119016   	0.119167   	1.89551    	1.68793    	0.107037   	0.106967   	1.82637    	1.80805    	0.109654   	0.109717   	1.72156    	1.66585    	0.113356   	0.113251   	1.51667    	1.76061    	0.110437   	0.110521   	1.68742    	1.51139    	0.110624   	0.110514   	12.2039	11.9443	11.3362	12.07	11.6998	12.8029	11.4044	11.1782	11.7971	11.8599	11.5448	11.4595	11.9507	11.5589	11.4531	6.70224e-06	-3.8962e-06	1          	0.856964   	0.134973   	0.139543   	0.245916   	0.245918   	1.8191	
6.5e-11    	5.8        	-0.000346505	-0.000335438	0.999975   	0.839675   	-0.000323012	0.000118908	0.999976   	0.839523   	0.000764782	0.000130926	0.999973   	0.839604   	-0.000340401	-0.000195823	0.999974   	0.839605   	0.000821854	3.6053e-05 	0.999972   	0.839607   	-0.000465268	0.000152537	0.99997    	0.839551   	0.00014454 	-0.0011188 	0.999974   	0.83956    	-0.00111683	0.000304967	0.999974   	0.839699   	0.000894237	0.000910633	0.999973   	0.83954    	-0.000578439	-0.000634317	0.999978   	0.83956    	1.18187e-05	0.000837326	0.999974   	0.839462   	0.000551951	-0.000249935	0.999976   	0.839602   	-0.000730711	-0.000845186	0.999975   	0.839631   	-0.000265243	0.00065052 	0.999977   	0.839532   	0.000970033	0.000185795	0.999975   	0.839631   	2.04452    	2.35338    	0.143807   	0.14371    	1.96271    	2.19854    	0.150198   	0.150226   	2.22662    	2.46402    	0.137277   	0.137637   	2.49176    	2.1199     	0.145464   	0.145631   	2.59728    	2.23364    	0.136971   	0.137277   	3.0275     	2.24044    	0.143919   	0.14467    	2.43204    	2.05495    	0.136641   	0.136844   	2.32552    	2.03189    	0.145024   	0.14509    	2.154      	2.46104    	0.150413   	0.15       	1.80628    	1.89136    	0.148991   	0.148669   	2.09943    	2.32155    	0.144639   	0.144772   	2.07763    	2.01198    	0.139412   	0.139323   	1.85919    	2.34093    	0.145088   	0.145172   	1.87492    	2.1158     	0.13824    	0.138057   	1.75034    	2.50397    	0.141079   	0.140795   	13.7498	14.065	12.5808	14.1349	13.5696	13.5146	13.2199	13.4999	13.7066	13.851	13.8578	13.7022	12.5396	13.5331	13.9479	-2.53055e-07	-3.51239e-06	1          	0.839564   	0.143925   	0.145375   	0.315195   	0.315194   	1.59666	
7e-11      	5.6        	-0.00154588	-0.000803987	0.999963   	0.819652   	-0.000164626	0.00135937 	0.999964   	0.819486   	0.00178054 	-0.000580438	0.999969   	0.819619   	-0.000782277	-0.00020105	0.999963   	0.819582   	0.00105227 	-0.00179201	0.99996    	0.81965    	-0.00020662	0.00202855 	0.99996    	0.819684   	0.000732468	-0.000972262	0.999966   	0.819709   	0.00111892 	0.000207812	0.999962   	0.819563   	-0.00187111	0.000776393	0.999968   	0.819622   	0.000532624	0.000616262	0.999965   	0.819527   	0.000280714	-0.0011556 	0.999963   	0.819744   	-0.000836967	0.000602226	0.999964   	0.819588   	0.000646008	-0.000622869	0.999965   	0.81963    	-0.000957944	-0.000444361	0.999963   	0.819724   	0.000305784	0.00112804 	0.999956   	0.81949    	3.05407    	2.78402    	0.178931   	0.178717   	2.72245    	3.1186     	0.192435   	0.191824   	2.92782    	1.90186    	0.189334   	0.189223   	3.18342    	2.95174    	0.181303   	0.181326   	3.00844    	3.24567    	0.169427   	0.16928    	2.9114     	3.44279    	0.19475    	0.194547   	2.98889    	2.627      	0.191216   	0.191331   	3.05816    	3.20655    	0.194436   	0.19487    	2.5032     	2.48273    	0.198929   	0.199585   	3.19027    	2.58849    	0.182556   	0.182866   	3.33255    	2.79719    	0.194038   	0.193524   	2.40121    	3.43626    	0.191876   	0.191874   	2.99704    	2.68616    	0.16853    	0.168604   	2.90002    	3.12112    	0.206131   	0.206654   	3.59734    	3.60601    	0.1742     	0.174056   	16.0546	16.6524	16.1822	16.8876	15.3011	17.6569	16.9655	17.313	16.5563	16.8854	17.6102	16.1614	15.0626	17.2771	14.8176	5.67439e-06	9.60136e-06	1          	0.819588   	0.141238   	0.14093    	0.383335   	0.383334   	1.39598	
7.5e-11    	5.4        	0.00288715 	0.0013416  	0.999935   	0.79701    	-0.000890951	-0.00124871	0.999948   	0.796959   	-0.0020112 	-0.000103632	0.999948   	0.796868   	0.00118401 	0.00113831 	0.99994    	0.796846   	-0.000985704	-0.00351129	0.999946   	0.796921   	-0.000136858	0.00230552 	0.999941   	0.797186   	0.000834813	-0.000982163	0.999942   	0.796993   	-0.00123016	0.000310134	0.999941   	0.797008   	0.000523308	0.000798385	0.999939   	0.796983   	-0.000847242	0.000397128	0.999949   	0.796979   	0.000447811	-0.00126441	0.999945   	0.796938   	0.000463149	0.000837593	0.999937   	0.796992   	0.000130486	0.000173726	0.999948   	0.796749   	0.00384609 	0.000192427	0.99993    	0.79713    	-0.00382743	-0.000377566	0.999936   	0.796913   	4.5458     	4.81788    	0.285343   	0.284541   	5.12796    	2.89077    	0.248407   	0.247672   	4.35793    	3.46309    	0.215599   	0.214888   	4.76426    	4.54825    	0.236935   	0.236776   	3.94791    	3.43744    	0.229895   	0.231002   	4.36608    	4.47297    	0.232981   	0.234635   	4.04778    	4.89963    	0.274332   	0.273006   	3.732      	5.42088    	0.248843   	0.248438   	4.95457    	4.63601    	0.269751   	0.268366   	3.89629    	4.00601    	0.248672   	0.249044   	3.77015    	4.80434    	0.257508   	0.257891   	4.59701    	5.20388    	0.285969   	0.286384   	3.40706    	4.83282    	0.236424   	0.236662   	4.43921    	5.41906    	0.255505   	0.255523   	4.2272     	4.65798    	0.257899   	0.25785    	22.2277	19.7787	18.5727	18.2935	19.1912	18.2232	22.673	21.2592	21.0529	21.1438	20.3172	21.2163	19.4795	20.2099	20.9399	2.58063e-05	6.53122e-07	1          	0.796919   	0.140287   	0.141037   	0.462028   	0.462023   	1.38968	
8e-11      	5.2        	0.00012813 	0.000107613	0.999898   	0.77183    	-0.00401046	0.00567694 	0.999856   	0.771419   	0.00395653 	-0.00584159	0.999894   	0.771754   	-0.0028021 	0.00737966 	0.999897   	0.771633   	0.00319468 	-0.00414205	0.999903   	0.771602   	-0.000268614	-0.00320381	0.999908   	0.771518   	-0.00180373	0.00172268 	0.999915   	0.771637   	0.00140466 	-0.00254267	0.999899   	0.771484   	0.000273412	0.000853059	0.99992    	0.771718   	0.000192138	-0.000234647	0.999889   	0.771468   	0.00219967 	-0.00159569	0.999916   	0.771759   	-0.00243848	0.00187381 	0.999893   	0.771731   	0.00518133 	-0.00320086	0.999895   	0.771823   	-0.00339102	0.0023171  	0.999909   	0.77155    	-0.00178087	0.000991104	0.99992    	0.771479   	9.08563    	5.99558    	0.324709   	0.320152   	8.4202     	9.25513    	0.310742   	0.310421   	5.67858    	6.37044    	0.364376   	0.36413    	4.97238    	5.62402    	0.354686   	0.356561   	6.92019    	5.36384    	0.332748   	0.334258   	7.12582    	5.68334    	0.3364     	0.33703    	5.50503    	6.59546    	0.355844   	0.352185   	5.98855    	8.23985    	0.345823   	0.348296   	4.25225    	7.53903    	0.326903   	0.326333   	7.29507    	9.08885    	0.338077   	0.339682   	6.87628    	4.98596    	0.347658   	0.351154   	7.448      	7.59293    	0.320364   	0.31945    	6.2963     	6.50033    	0.317664   	0.317658   	5.3143     	6.90055    	0.343981   	0.343072   	5.98772    	5.46984    	0.339568   	0.338356   	23.2773	24.4766	26.0693	26.37	25.1184	23.9953	26.8772	25.1452	24.5133	25.2984	24.7186	23.9733	24.2792	23.9274	26.7759	2.97059e-06	9.52432e-06	1          	0.771551   	0.143944   	0.144074   	0.548015   	0.54801    	1.79442	
8.5e-11    	5          	-0.00857447	-0.00784201	0.999714   	0.744157   	-0.00661501	0.00519478 	0.999766   	0.743136   	0.0151804  	0.00269205 	0.999616   	0.743639   	-0.0174391 	0.00296909 	0.999672   	0.743622   	0.0128195  	0.0069545  	0.999598   	0.744018   	0.00469236 	-0.00996175	0.999747   	0.743457   	-0.00693247	0.0066884  	0.999671   	0.742947   	0.0162316  	7.98121e-05	0.999691   	0.743886   	-0.00908169	-0.00671399	0.999557   	0.744235   	0.0125382  	0.00469043 	0.999687   	0.743828   	0.000696963	-0.00620018	0.9998     	0.743523   	-0.0131795 	0.00149114 	0.999773   	0.74347    	0.00871324 	-0.00585337	0.999786   	0.743458   	-0.0133184 	-0.0024822 	0.999641   	0.74426    	0.00480112 	0.00832938 	0.999735   	0.743284   	13.3628    	16.7308    	0.569685   	0.589715   	13.5654    	13.6726    	0.534172   	0.536578   	19.0113    	17.3385    	0.458482   	0.437855   	11.8492    	11.6263    	0.483463   	0.488133   	26.005     	14.5915    	0.580727   	0.579199   	18.994     	7.28387    	0.571542   	0.547642   	23.7389    	15.0017    	0.494677   	0.494435   	13.9074    	10.3905    	0.544249   	0.552564   	31.7319    	20.3789    	0.574116   	0.578262   	16.6752    	13.9507    	0.523213   	0.527172   	13.4223    	11.2811    	0.542686   	0.542983   	12.5988    	6.5193     	0.587491   	0.581102   	12.7439    	9.07088    	0.470146   	0.468389   	18.8734    	17.8423    	0.475826   	0.474371   	10.2604    	19.7641    	0.466345   	0.47115    	37.1539	31.6619	31.4943	31.8991	39.2983	36.5068	30.0223	39.1151	38.5391	34.551	34.0674	38.6658	32.9094	33.1721	27.9118	3.45353e-05	9.48401e-07	1          	0.743436   	0.142638   	0.143884   	0.675143   	0.675141   	4.00051	
9e-11      	4.8        	-0.112204  	-0.0139119 	0.992819   	0.715292   	0.0292236  	-0.0286457 	0.998963   	0.715188   	0.0830209  	0.0426634  	0.995077   	0.715078   	-0.0618103 	-0.0462396 	0.996551   	0.714706   	0.115103   	0.0220984  	0.992084   	0.715747   	-0.0534427 	0.0240353  	0.997976   	0.715356   	0.076348   	-0.0123325 	0.996636   	0.715186   	0.0426848  	0.0384559  	0.997934   	0.715781   	-0.119121  	-0.0262038 	0.991721   	0.7152     	0.11326    	0.0312156  	0.99231    	0.714574   	-0.0952655 	0.000763619	0.995043   	0.715273   	-0.0178718 	-0.0318448 	0.99901    	0.715859   	-0.00500612	0.0280644  	0.999428   	0.715937   	-0.0991513 	-0.0368099 	0.993761   	0.714433   	0.103983   	0.00868587 	0.994019   	0.715101   	82.218     	14.8144    	0.832185   	0.897392   	13.1163    	12.1544    	0.784855   	0.811141   	62.6477    	7.60855    	0.819791   	0.774782   	49.0554    	9.58857    	0.977501   	0.887062   	112.566    	16.3432    	1.14557    	0.932742   	26.5123    	12.4667    	1.00236    	1.28016    	29.7156    	17.1397    	1.03128    	1.26367    	27.0716    	25.5474    	1.07224    	1.16031    	84.5582    	16.989     	1.67695    	0.865809   	69.0887    	27.0236    	1.45508    	1.23733    	41.9758    	9.40484    	1.02825    	0.78341    	12.4041    	28.7075    	0.796613   	0.947167   	9.21108    	11.8507    	0.889514   	0.956732   	65.186     	14.0002    	1.22358    	1.00725    	57.9049    	7.86043    	0.752425   	0.718888   	33.4889	54.028	49.3574	51.2366	47.0015	77.0541	72.6962	72.5846	65.0852	54.5211	52.4308	71.0643	76.4534	48.2221	38.2113	-6.22636e-06	5.02175e-06	1          	0.712067   	0.14551    	0.150235   	1.50638    	1.50638    	35.5632	
9.5e-11    	4.6        	-0.26069   	-0.0912494 	0.960545   	0.695922   	0.136002   	-0.0198962 	0.98971    	0.689561   	0.126114   	0.111013   	0.985362   	0.695226   	-0.08432   	-0.0987045 	0.990984   	0.692856   	0.253119   	0.101502   	0.961737   	0.696949   	-0.171144  	-0.00351873	0.984311   	0.689827   	0.213351   	0.0264769  	0.975649   	0.691939   	0.0399868  	0.0836681  	0.994987   	0.692216   	-0.250826  	-0.109123  	0.961655   	0.698768   	0.218982   	0.116154   	0.968583   	0.699322   	-0.246375  	-0.049377  	0.966962   	0.692504   	0.0252789  	-0.0680173 	0.996495   	0.691419   	-0.0914583 	0.0407444  	0.994122   	0.689626   	-0.174103  	-0.116266  	0.977562   	0.698383   	0.265562   	0.0763563  	0.960258   	0.695223   	49.649     	12.2135    	3.95182    	1.96025    	78.0066    	14.5771    	1.68945    	1.076      	25.5406    	24.5798    	3.64407    	3.93608    	44.003     	20.7913    	3.56517    	3.07817    	27.0063    	15.9231    	1.35802    	2.92588    	94.4074    	10.8632    	4.03119    	1.40281    	94.7792    	13.7563    	4.94733    	1.36169    	72.0868    	10.6175    	2.95948    	2.39627    	15.4614    	9.08396    	1.98746    	2.44501    	16.8322    	7.77585    	1.50047    	1.81997    	95.1698    	10.8196    	5.20077    	1.78491    	90.3267    	12.3047    	2.67193    	2.64335    	82.4476    	18.0146    	1.05839    	1.56913    	14.664     	18.8759    	3.22825    	4.044      	82.6976    	6.40208    	5.7793     	2.23521    	151.362	69.6848	209.901	188.626	68.4355	164.24	188.091	158.663	111.921	87.9256	191.483	161.36	63.8506	190.265	217.633	1.10884e-06	-1.1368e-05	1          	0.678629   	0.142061   	0.150453   	1.2677     	1.26772    	31.8814	
1e-10      	4.4        	-0.381982  	-0.155285  	0.910474   	0.675955   	0.23214    	-0.0344621 	0.97141    	0.665695   	0.148741   	0.182795   	0.970602   	0.697692   	-0.0754499 	-0.16971   	0.981492   	0.695452   	0.359358   	0.174465   	0.916016   	0.682447   	-0.291912  	-0.00092798	0.955971   	0.660712   	0.348087   	0.0449502  	0.936018   	0.661779   	-0.00433488	0.146755   	0.988408   	0.6915     	-0.330022  	-0.190642  	0.923776   	0.688919   	0.279382   	0.197084   	0.938602   	0.694627   	-0.38373   	-0.0900676 	0.918731   	0.66642    	0.0902681  	-0.112692  	0.988744   	0.68273    	-0.16148   	0.0742828  	0.983526   	0.673587   	-0.223049  	-0.19315   	0.954216   	0.697314   	0.3932     	0.126229   	0.910236   	0.671817   	11.6883    	46.537     	2.7567     	3.58315    	17.0241    	52.586     	3.58144    	2.49006    	6.85304    	143.407    	3.24354    	10.2313    	26.0858    	110.996    	5.82309    	13.1903    	9.49582    	66.4878    	3.32594    	2.13041    	29.2286    	18.0375    	4.01823    	2.27473    	24.4877    	11.4743    	4.07652    	2.8325     	34.3222    	56.9302    	2.62001    	5.49308    	7.19728    	75.5095    	2.26173    	4.06024    	11.4726    	118.453    	2.11093    	5.18516    	13.6224    	18.2393    	2.69934    	2.98832    	26.7057    	63.3143    	2.57978    	4.05169    	10.3477    	51.5244    	2.88304    	4.10675    	6.68268    	143.948    	1.92787    	7.90149    	13.3305    	37.9503    	3.68435    	2.86417    	108.937	153.854	159.377	283.09	129.577	153.702	152.912	133.574	110.202	101.051	98.9996	131.118	137.251	92.2376	149.268	-1.59198e-05	-9.22784e-06	1          	0.646416   	0.147456   	0.141861   	0.817084   	0.817081   	12.8588	
1.05e-10   	4.2        	-0.448158  	-0.200307  	0.871      	0.664743   	0.311885   	-0.0326127 	0.949253   	0.629703   	0.146779   	0.221477   	0.963784   	0.692784   	-0.0604374 	-0.204649  	0.97679    	0.684261   	0.412728   	0.232329   	0.880531   	0.676579   	-0.379257  	-0.0267491 	0.924709   	0.627517   	0.421592   	0.0936113  	0.901744   	0.628341   	-0.0395452 	0.170128   	0.984337   	0.670376   	-0.348341  	-0.252628  	0.902299   	0.684612   	0.286683   	0.24351    	0.92625    	0.691789   	-0.451939  	-0.134856  	0.881665   	0.637364   	0.137281   	-0.126365  	0.98221    	0.653291   	-0.227458  	0.0829885  	0.970007   	0.639467   	-0.219564  	-0.233062  	0.947046   	0.693155   	0.457468   	0.16703    	0.873229   	0.650073   	13.9257    	4.90042    	4.69796    	2.1629     	10.5147    	15.775     	9.12747    	6.69102    	17.9039    	11.5416    	4.66365    	2.99106    	11.1909    	8.78286    	1.31535    	1.069      	11.6227    	6.22808    	3.92708    	2.24216    	11.4629    	6.64288    	4.3002     	4.71451    	11.8101    	4.39407    	4.73372    	3.576      	14.6651    	15.2717    	7.12006    	5.15022    	27.8983    	9.98747    	4.3474     	1.92102    	17.6704    	14.9574    	3.69025    	2.13252    	5.19524    	5.18281    	4.06699    	2.77471    	11.5675    	12.2246    	2.757      	2.83752    	10.6206    	11.845     	3.30335    	2.33362    	20.0121    	11.8755    	5.32737    	2.8498     	9.90643    	5.79743    	2.46468    	2.65949    	191.534	341.339	211.99	62.4531	163.415	161.494	188.967	289.538	178.043	160.267	166.77	109.759	127.715	228.196	94.6028	-2.66749e-05	2.33277e-06	1          	0.614788   	0.150556   	0.141252   	0.657542   	0.65754    	6.9901	
1.1e-10    	4          	-0.478345  	-0.218995  	0.850242   	0.639204   	0.363668   	0.0308866  	0.930613   	0.582889   	0.137691   	0.178627   	0.974008   	0.681734   	-0.0563154 	-0.146107  	0.987277   	0.665938   	0.440231   	0.220974   	0.870029   	0.658739   	-0.435942  	-0.0826863 	0.895679   	0.579878   	0.487493   	0.125628   	0.86373    	0.588532   	-0.0354895 	0.115502   	0.992066   	0.649714   	-0.393757  	-0.222783  	0.891374   	0.67       	0.317408   	0.214651   	0.923109   	0.6819     	-0.519876  	-0.170644  	0.836769   	0.599427   	0.151302   	-0.0701933 	0.985366   	0.628197   	-0.267454  	0.0233453  	0.96274    	0.604483   	-0.227903  	-0.201399  	0.95225    	0.685535   	0.514136   	0.201186   	0.833555   	0.617856   	9.6984     	5.98278    	3.82898    	3.46992    	11.4121    	22.1461    	3.36119    	5.17096    	7.87465    	18.1407    	1.76087    	2.31616    	5.88488    	36.4469    	2.76618    	2.97112    	9.82207    	7.30933    	9.77777    	4.42742    	15.1228    	23.954     	9.70154    	12.2944    	13.3907    	9.97273    	6.28617    	6.52703    	18.8326    	44.0871    	6.03796    	5.77018    	15.5715    	25.7596    	5.70741    	3.89082    	13.8664    	43.3661    	6.60575    	3.53958    	4.32017    	12.3762    	5.92636    	3.56078    	15.3777    	46.2122    	3.46497    	4.47413    	13.1551    	36.4463    	3.79451    	5.48948    	17.464     	24.5342    	2.06711    	2.13926    	9.09439    	8.44624    	3.16992    	3.02207    	146.609	110.663	79.5953	108.323	366.27	338.927	217.041	228.297	211.867	245.599	212.661	133.255	136.534	91.6012	117.774	-6.53724e-05	1.6311e-05 	1          	0.583319   	0.143058   	0.144621   	0.582889   	0.582899   	5.54109	
1.15e-10   	3.8        	-0.521928  	-0.231232  	0.820765   	0.623728   	0.414505   	0.0519098  	0.907992   	0.547129   	0.148974   	0.173096   	0.973341   	0.665088   	-0.0454039 	-0.136933  	0.989203   	0.645865   	0.468315   	0.232128   	0.852215   	0.646738   	-0.503867  	-0.112203  	0.855996   	0.543976   	0.552064   	0.165569   	0.816721   	0.559679   	-0.0638092 	0.0915867  	0.993218   	0.618586   	-0.407327  	-0.226201  	0.884475   	0.661019   	0.331295   	0.212253   	0.919005   	0.668304   	-0.567948  	-0.192937  	0.799756   	0.575805   	0.178869   	-0.0524769 	0.981975   	0.592046   	-0.297092  	0.00323353 	0.954288   	0.565536   	-0.246695  	-0.197454  	0.948424   	0.669672   	0.554884   	0.218155   	0.80251    	0.599521   	14.8414    	7.56616    	5.42034    	5.27882    	22.1684    	16.4032    	6.30627    	6.19286    	7.36023    	15.8034    	5.04562    	3.37179    	16.5811    	17.6354    	4.64928    	4.49863    	7.78061    	12.8579    	10.6789    	3.97077    	13.3892    	8.95036    	15.2183    	8.35002    	16.3018    	11.2582    	6.78903    	4.16138    	33.0151    	17.0571    	2.40865    	2.28479    	12.8046    	14.976     	7.99471    	2.08468    	9.7295     	17.1347    	10.7989    	3.18159    	9.6307     	13.7579    	4.45663    	3.11978    	21.7667    	17.8328    	7.72539    	4.96694    	20.8058    	18.3551    	5.62223    	2.7373     	6.549      	26.202     	5.02759    	1.90774    	15.1166    	8.32092    	2.4505     	4.00393    	191.514	201.124	182.434	169.679	367.76	494.871	218.646	89.8586	261.602	354.089	156.102	267.832	188.682	164.151	85.1335	-2.08195e-05	-2.66376e-05	1          	0.551995   	0.141562   	0.143588   	0.538011   	0.538006   	4.48409	
1.2e-10    	3.6        	-0.570093  	-0.20435   	0.795254   	0.605322   	0.493005   	0.0521073  	0.867958   	0.505944   	0.146331   	0.147221   	0.978019   	0.655614   	-0.0507721 	-0.127813  	0.990246   	0.628709   	0.51135    	0.210909   	0.832886   	0.628224   	-0.567953  	-0.10149   	0.815996   	0.509767   	0.639689   	0.133625   	0.756295   	0.512003   	-0.068012  	0.0795246  	0.99428    	0.600752   	-0.436195  	-0.178415  	0.88174    	0.65413    	0.34076    	0.175615   	0.923447   	0.661083   	-0.639222  	-0.174393  	0.748589   	0.542728   	0.218265   	-0.0395822 	0.974866   	0.558737   	-0.367694  	-0.0115332 	0.929563   	0.525005   	-0.247512  	-0.157212  	0.955812   	0.661009   	0.616121   	0.190701   	0.763798   	0.578424   	11.2606    	15.8984    	19.1733    	9.72107    	7.67867    	20.1352    	3.19785    	3.16736    	12.1384    	10.5112    	11.2749    	13.0223    	7.29981    	15.6817    	10.7098    	9.21615    	7.84765    	7.47051    	5.05673    	3.73477    	4.67067    	31.38      	13.3049    	8.24143    	4.02957    	26.264     	8.04054    	7.04728    	8.68339    	11.1922    	5.1542     	4.59831    	7.82786    	13.7551    	4.54599    	2.997      	7.97743    	6.9434     	3.73886    	3.10156    	7.61093    	12.7184    	7.47158    	5.911      	7.34086    	9.16468    	5.60152    	5.45499    	6.35189    	12.5318    	7.06915    	6.08323    	14.9358    	9.34659    	4.66374    	4.80187    	8.60441    	16.304     	6.56282    	4.92295    	580.893	106.45	356.664	337.514	167.419	423.212	250.706	172.309	149.335	122.585	231.098	176.467	228.162	145.253	199.787	0.00021535 	-0.00015165	1          	0.520532   	0.164602   	0.138099   	0.550812   	0.550799   	3.96083	
1.25e-10   	3.4        	-0.589227  	-0.186648  	0.785417   	0.534725   	0.443248   	0.0428993  	0.894324   	0.460215   	0.174546   	0.122577   	0.976849   	0.643551   	-0.0604713 	-0.0939302 	0.993385   	0.630937   	0.553795   	0.189767   	0.810549   	0.573844   	-0.601328  	-0.105576  	0.79103    	0.463309   	0.653584   	0.107939   	0.748744   	0.480282   	-0.0538795 	0.101357   	0.992904   	0.563198   	-0.454446  	-0.177987  	0.872615   	0.619624   	0.352182   	0.18665    	0.916886   	0.622989   	-0.678522  	-0.167738  	0.714749   	0.500667   	0.22457    	-0.0627119 	0.972151   	0.545012   	-0.355078  	-0.0179624 	0.93421    	0.461845   	-0.288733  	-0.11283   	0.950401   	0.646635   	0.640092   	0.146373   	0.753321   	0.549935   	60.0638    	9.95226    	9.88996    	40.9508    	33.8336    	8.70269    	29.6977    	21.9432    	11.8752    	5.7497     	19.1152    	22.7842    	7.94089    	27.7177    	3.9236     	4.69202    	13.9521    	5.15713    	5.67959    	12.145     	9.35648    	29.784     	3.76745    	2.16703    	11.5978    	4.86115    	27.6737    	27.904     	27.4128    	7.5683     	25.7715    	23.062     	12.8763    	6.78245    	8.94568    	12.3529    	15.3574    	7.03351    	4.29846    	4.989      	5.34411    	6.05899    	22.0078    	14.6098    	13.0611    	10.2399    	20.6341    	23.6626    	17.3697    	10.6277    	23.6578    	29.19      	12.3049    	22.6301    	9.82216    	11.5906    	8.13288    	17.561     	38.4027    	12.7533    	209.279	1044.84	379.322	123.873	119.554	140.536	946.218	570.704	192.898	104.564	557.605	816.939	552.554	139.623	1337.85	0.0010234  	-0.000608352	0.999999   	0.486485   	0.233911   	0.234623   	4.85714    	4.85536    	38.3201	
1.3e-10    	3.2        	-0.644415  	-0.231532  	0.728357   	0.437881   	0.317916   	0.0807055  	0.943954   	0.504712   	0.225934   	0.105413   	0.968009   	0.550333   	-0.0159089 	-0.0227114 	0.999468   	0.634398   	0.506212   	0.192155   	0.840045   	0.538587   	-0.712305  	-0.25095   	0.653811   	0.364268   	0.513075   	0.122038   	0.847718   	0.536045   	-0.180216  	0.108726   	0.976906   	0.412267   	-0.381639  	-0.214597  	0.898727   	0.521371   	0.321196   	0.153329   	0.933627   	0.611304   	-0.853095  	-0.207996  	0.472715   	0.378997   	0.213362   	-0.0264409 	0.976324   	0.589494   	-0.452847  	-0.0628691 	0.888352   	0.362622   	-0.287559  	-0.0773026 	0.954424   	0.61268    	0.62035    	0.126435   	0.773839   	0.547453   	4.38937    	9.71861    	12.4963    	11.8625    	13.3967    	13.7677    	45.5865    	30.8178    	13.1992    	13.3609    	36.1007    	32.4643    	7.96466    	6.39762    	4.94848    	4.67409    	15.9751    	19.3957    	8.48687    	2.56172    	7.60178    	17.0416    	38.1068    	25.3088    	19.6907    	12.9819    	134.278    	58.1996    	9.64808    	13.9397    	61.9436    	56.2568    	33.3135    	8.57555    	41.5939    	63.2386    	23.8173    	24.5483    	52.2566    	23.8859    	13.4673    	21.4752    	130.642    	62.5159    	7.9299     	17.866     	9.03786    	10.3832    	16.255     	11.9201    	9.04496    	7.53883    	9.58635    	11.0803    	3.04734    	4.69409    	7.66646    	8.71731    	2.71931    	5.99988    	228.804	1568.01	647.505	331.108	415.102	901.538	4191.63	1196.2	799.445	1891.02	3118.27	493.286	149.272	95.0957	183.568	0.000714536	-0.00120887	0.999999   	0.44244    	0.195146   	0.17683    	9.05025    	9.05096    	58.6947	
1.35e-10   	3          	-0.717607  	-0.234521  	0.653854   	0.315099   	0.228223   	0.0606416  	0.971494   	0.50344    	0.220186   	0.0801758  	0.971799   	0.509859   	-0.0050706 	-0.0208275 	0.999677   	0.624451   	0.410494   	0.15728    	0.89799    	0.497329   	-0.827332  	-0.284143  	0.481769   	0.238354   	0.346403   	0.102565   	0.931808   	0.525481   	-0.0604    	0.133511   	0.988247   	0.394696   	-0.436944  	-0.306398  	0.84256    	0.362926   	0.207208   	0.102064   	0.972724   	0.638712   	-0.93257   	-0.343752  	-0.0297853 	0.250335   	0.168825   	0.0322406  	0.984727   	0.577159   	-0.464373  	-0.145846  	0.869977   	0.248892   	-0.237834  	-0.0486206 	0.969737   	0.581178   	0.516991   	0.130509   	0.843952   	0.486677   	13.1367    	7.70964    	26.8994    	16.8556    	5.65659    	6.4511     	16.1984    	14.628     	6.00398    	16.5135    	1.69734    	1.78542    	3.24999    	5.75496    	1.61575    	1.60039    	6.03369    	6.73141    	5.88147    	7.26225    	9.52403    	8.00234    	17.6513    	15.5863    	22.181     	11.2002    	13.9551    	5.89721    	23.8392    	10.6939    	81.491     	80.9564    	4.8657     	19.7921    	201.885    	134.29     	8.69666    	13.0564    	8.96731    	7.84649    	46.9674    	39.2123    	40.0362    	35.5087    	22.8414    	9.28863    	1.24058    	1.58441    	11.4246    	25.7561    	72.9688    	63.9108    	20.9835    	10.3409    	1.80824    	4.81822    	45.5688    	16.0304    	58.7535    	17.958     	510.976	650.426	38.4755	98.8916	321.561	317.397	598.762	2374.78	4427.18	515.747	884.601	144.006	1471.66	61.7962	1810.94	1.79745e-06	-0.00151471	0.999998   	0.395825   	0.20667    	0.155707   	11.7534    	11.753     	28.2748	
1.4e-10    	2.8        	-0.477687  	-0.221505  	0.832737   	0.123967   	0.0849076  	0.0181285  	0.995176   	0.486454   	0.0437694  	0.038211   	0.997634   	0.47006    	-0.0208919 	-0.00986692	0.999614   	0.627182   	0.128283   	0.04812    	0.987841   	0.421391   	-0.808841  	-0.312013  	0.205227   	0.0439521  	0.0702403  	0.0323237  	0.995386   	0.478882   	0.0317404  	0.00952797 	0.998652   	0.374965   	-0.209637  	-0.0935386 	0.966762   	0.208514   	0.0570808  	0.0337137  	0.997183   	0.63079    	-0.265869  	-0.198253  	-0.91511   	0.154271   	0.00863725 	0.0186349  	0.999206   	0.560808   	-0.316585  	-0.0615042 	0.919965   	0.097987   	-0.0485468 	-0.0487479 	0.997218   	0.550317   	0.135806   	0.0889167  	0.98349    	0.422927   	129.641    	23.6425    	6.16606    	91.3321    	48.3926    	14.1896    	0.475786   	1.44127    	29.4217    	8.78543    	0.542922   	1.2337     	6.447      	5.15543    	0.778514   	0.763871   	108.873    	26.316     	1.26193    	11.6614    	143.127    	30.6326    	8.7125     	154.596    	84.8547    	10.878     	0.395142   	2.39526    	9.51534    	18.8544    	3.65663    	3.85948    	62.3732    	41.8571    	10.0969    	37.5004    	44.7031    	15.9676    	0.670972   	0.494088   	160.103    	29.9064    	17.2121    	25.6984    	38.0386    	7.20829    	0.622535   	0.46796    	66.5486    	22.258     	5.96802    	30.1217    	25.2257    	5.68308    	0.43762    	0.393003   	148.879    	11.7367    	1.38121    	13.7472    	77.1805	44.6232	36.4082	136.908	22.328	121.65	55.7777	98.2979	138.257	128.861	308.619	108.688	72.6013	85.5677	25.9579	6.66528e-05	5.13386e-05	0.999999   	0.35066    	0.214993   	0.187673   	14.2584    	14.2585    	18.2957	
1.45e-10   	2.6        	-0.035937  	-0.0256056 	0.984676   	0.0606193  	0.00944257 	0.00133212 	0.999747   	0.467274   	-0.00426982	0.00163748 	0.999872   	0.459888   	-0.000678579	0.00136175 	0.999945   	0.624079   	0.00523272 	-0.00349714	0.999689   	0.388277   	-0.0421509 	0.0152644  	-0.945606  	0.0285289  	0.00164131 	0.00427712 	0.999857   	0.465217   	0.00675506 	-0.0043554 	0.999687   	0.362613   	-0.0194856 	-0.00260831	0.998178   	0.159433   	0.00360728 	0.00369314 	0.999905   	0.625536   	-0.00743928	-0.0225209 	-0.998252  	0.188498   	-0.00188246	0.00338013 	0.999904   	0.547871   	-0.0703984 	-0.0470909 	0.97763    	0.0565815  	0.000713772	-0.0041728 	0.999846   	0.541545   	0.00930816 	0.0134106  	0.999357   	0.389898   	11.1144    	3.51181    	0.785249   	1.70655    	7.81225    	3.49348    	0.29352    	0.339038   	3.7205     	2.46349    	0.267251   	0.26552    	2.8945     	2.26368    	0.208021   	0.206899   	7.23622    	3.7967     	0.513815   	0.580873   	6.49369    	4.83643    	0.430334   	0.70542    	4.49416    	2.60038    	0.23441    	0.231919   	5.13958    	4.0232     	0.38711    	0.389281   	4.1484     	6.17118    	0.500832   	0.53572    	3.72974    	4.22482    	0.209934   	0.201205   	4.42429    	8.057      	0.975594   	0.722712   	3.5158     	3.0728     	0.190871   	0.192542   	9.78014    	5.80745    	0.532198   	0.9856     	4.52352    	6.04339    	0.210847   	0.203094   	14.6295    	5.02671    	0.510388   	0.746467   	11.0968	7.61614	14.4997	12.1359	9.11611	8.22796	11.7106	8.40787	7.49415	12.5333	13.7064	8.4955	8.055	14.2705	8.36379	3.39503e-05	-3.85102e-05	0.999999   	0.328682   	0.144448   	0.144719   	0.840441   	0.840451   	5.33144	
1.5e-10    	2.4        	0.0344304  	-0.0480824 	0.9781     	0.0386234  	-0.00266845	0.0035679  	0.999888   	0.454903   	-0.000263952	0.000430803	0.999898   	0.448674   	0.00140591 	0.000400589	0.999958   	0.616051   	0.000129251	-5.45971e-05	0.99984    	0.372991   	-0.0180489 	-0.00415626	-0.988397  	0.0488211  	-0.00048333	-0.000258452	0.99991    	0.454514   	-0.000899178	0.000179635	0.999805   	0.361496   	0.00503702 	-0.000248564	0.998552   	0.125487   	0.00136979 	-0.00135089	0.99995    	0.617275   	-0.0113608 	0.00229574 	-0.999336  	0.213726   	0.0027664  	0.000717044	0.999927   	0.536927   	0.0559584  	-0.00828786	0.980438   	0.0357627  	-0.000150859	9.0902e-05 	0.999931   	0.531947   	-0.00516521	0.000750601	0.999842   	0.374502   	3.05198    	4.53866    	0.3099     	0.399021   	2.50448    	2.71079    	0.166952   	0.167345   	2.15971    	2.91426    	0.179447   	0.179402   	2.10984    	1.75334    	0.154881   	0.15464    	2.80694    	2.70442    	0.183741   	0.184599   	2.95145    	3.84931    	0.23576    	0.262092   	1.99841    	2.60813    	0.16257    	0.162421   	2.85563    	3.40597    	7.3254     	7.31183    	2.55101    	3.04983    	7.93919    	7.94023    	2.25713    	2.3231     	0.158023   	0.158415   	3.58215    	3.17381    	0.282449   	0.281962   	2.44437    	2.46401    	0.144526   	0.144923   	2.47544    	3.33332    	0.284859   	0.363585   	2.61947    	2.23781    	0.170294   	0.171014   	2.75086    	2.27991    	0.216925   	0.22086    	5.04383	4.86857	5.71354	5.63413	4.68869	4.09974	5.14051	116.549	96.8815	5.17497	4.30084	4.94853	4.91048	6.011	5.06166	-7.26103e-06	-1.52174e-05	0.999999   	0.313674   	0.135959   	0.143441   	0.223131   	0.223119   	2.40708	
1.55e-10   	2.2        	0.0142836  	0.0199754  	0.959053   	0.0223313  	-0.000155879	0.000168958	0.999906   	0.443024   	-0.000528169	-0.00133366	0.999894   	0.436428   	0.000373742	-0.000392328	0.999953   	0.605583   	-0.00145571	-0.00207911	0.999862   	0.359659   	0.00403404 	0.0153542  	-0.994808  	0.0649202  	2.42325e-05	-0.00173324	0.999913   	0.443011   	0.00148279 	0.000811013	0.99985    	0.35415    	-0.00503618	0.00473869 	0.998259   	0.103701   	0.000900589	-0.00117861	0.999951   	0.606749   	-0.00188416	0.000962933	-0.999615  	0.23151    	-0.000229177	0.000931682	0.999942   	0.525311   	-0.01451   	-0.0431902 	0.946881   	0.0202599  	0.00131512 	0.00214977 	0.999935   	0.520805   	-0.00101299	-0.000427117	0.999866   	0.361039   	2.31501    	2.82932    	0.218328   	0.296291   	2.41017    	2.15736    	0.160494   	0.159889   	2.37474    	2.5972     	0.155663   	0.155705   	1.78144    	2.44957    	0.167818   	0.167105   	2.1658     	2.1546     	0.205177   	0.204523   	2.52937    	2.76844    	0.206043   	0.212      	2.04509    	2.10052    	0.147651   	0.14831    	2.45387    	2.17711    	0.195389   	0.196627   	2.70932    	1.87451    	0.187745   	0.190392   	2.44895    	1.92053    	0.140738   	0.141222   	2.62241    	2.463      	0.25646    	0.257589   	1.83662    	2.07603    	0.162241   	0.161771   	2.55847    	2.96172    	0.19856    	0.343189   	2.03628    	2.1219     	0.155359   	0.155236   	1.84165    	2.46749    	0.176731   	0.177309   	3.98067	4.4748	4.13011	4.78034	4.61417	4.12133	4.24693	4.27442	3.92486	4.65703	4.0713	4.36831	4.01042	4.23562	3.90502	-1.03917e-05	1.06705e-05	0.999999   	0.300227   	0.129337   	0.136302   	0.173428   	0.173428   	1.85807	
1.6e-10    	2          	0.113936   	0.066446   	0.786588   	0.00928851 	-0.00197244	9.7735e-05 	0.999912   	0.430067   	-0.000935763	-0.00167362	0.999895   	0.422869   	0.000236152	-0.000473262	0.999953   	0.592176   	-0.00069313	-0.00268694	0.999814   	0.346227   	0.0017798  	0.0144304  	-0.996917  	0.0785284  	-0.000850272	0.000728422	0.999894   	0.43074    	0.00129276 	-0.00043134	0.999809   	0.34021    	-0.00118622	-0.00175712	0.99717    	0.0894909  	-0.000589308	-0.00124506	0.999943   	0.593691   	0.000825289	0.00347759 	-0.999656  	0.245709   	0.000345907	-0.000324854	0.999928   	0.512196   	0.0600391  	0.0215494  	0.660222   	0.00791629 	0.00108057 	0.000694953	0.999929   	0.50718    	-0.00314631	-0.00200429	0.999834   	0.347969   	2.57925    	2.02745    	0.20155    	0.584329   	2.225      	1.74071    	0.16983    	0.169959   	2.71085    	1.85532    	0.187666   	0.187056   	1.71809    	2.35227    	0.177491   	0.177709   	3.09387    	2.32304    	0.159143   	0.158987   	2.25633    	2.30467    	0.169308   	0.173861   	2.90461    	1.95015    	0.138631   	0.138484   	2.44151    	3.0085     	0.16517    	0.165171   	2.544      	3.08718    	0.17973    	0.186826   	2.74933    	2.12012    	0.167687   	0.168071   	2.68161    	2.37733    	0.197236   	0.197483   	2.20886    	2.4617     	0.155371   	0.154787   	2.19466    	3.23035    	0.192205   	0.851844   	2.07616    	2.40393    	0.167367   	0.167204   	2.07087    	2.69875    	0.159049   	0.157844   	3.65761	4.07966	4.45504	4.34476	3.64002	3.20835	4.12019	3.66627	3.62294	4.37122	3.06658	4.13387	3.33894	4.32434	3.46194	-7.32088e-06	-3.30388e-05	0.999999   	0.286679   	0.135467   	0.137332   	0.173984   	0.173982   	1.5936	
1.65e-10   	1.8        	0.0101815  	-0.0205034 	-0.756771  	0.00900495 	-0.00039366	0.000421105	0.99989    	0.415408   	0.000395556	-0.000182042	0.999865   	0.406721   	0.000272884	0.00120478 	0.999947   	0.575924   	-0.000362038	-0.00036824	0.999827   	0.331388   	0.000968193	-0.00622906	-0.997889  	0.0916996  	-0.000598083	0.00206768 	0.999887   	0.416634   	0.00208903 	-0.00146532	0.999811   	0.324157   	-0.00566477	-0.00530281	0.996972   	0.0750258  	-8.48377e-05	0.000359074	0.99994    	0.577433   	0.00160577 	0.00114253 	-0.999723  	0.258077   	-0.000772381	-0.000979273	0.99992    	0.496423   	0.00750899 	-0.0201143 	-0.85182   	0.0108376  	0.000526011	0.000732941	0.999918   	0.490847   	-0.000947822	-0.000158011	0.999839   	0.33377    	2.84788    	2.17689    	0.172392   	0.554021   	2.52193    	2.18551    	0.167362   	0.16681    	2.86052    	2.69452    	0.192838   	0.194064   	2.30909    	2.0214     	0.196425   	0.196309   	2.34402    	2.36621    	0.191527   	0.189625   	2.82081    	1.55778    	0.178519   	0.18749    	2.65038    	2.09412    	0.165006   	0.165128   	2.58362    	2.26137    	0.203726   	0.203801   	1.85223    	2.34152    	0.196148   	0.200743   	2.49484    	2.49663    	0.198494   	0.198548   	2.37546    	2.17515    	0.157084   	0.156622   	2.50253    	2.35447    	0.216438   	0.216658   	1.95001    	2.61843    	0.174007   	0.448371   	2.49515    	2.40671    	0.201103   	0.200837   	2.01227    	2.42619    	0.191218   	0.190587   	3.205	3.66527	4.15527	4.43996	4.03237	3.51334	4.3162	3.89095	3.59653	4.09898	3.2729	4.49737	3.49011	3.57548	3.78347	3.93054e-05	-1.25372e-05	0.999999   	0.271855   	0.141574   	0.142562   	0.21744    	0.21745    	1.86876	
1.7e-10    	1.6        	0.0200077  	0.0209715  	-0.956499  	0.0219281  	-0.000318703	9.38631e-05	0.999836   	0.397742   	-0.00129319	-0.00152162	0.999807   	0.386799   	0.00153958 	0.00103858 	0.99991    	0.554563   	-0.00261944	-0.00147867	0.999758   	0.314238   	-0.000265507	-0.000790936	-0.997918  	0.104976   	-0.001508  	0.00294011 	0.999858   	0.399946   	0.000527672	-0.00394662	0.999723   	0.304937   	0.00697682 	-0.000691425	0.993002   	0.0592472  	0.000543338	0.000522917	0.999912   	0.556683   	0.00258773 	-0.0013292 	-0.999748  	0.269435   	-0.00200163	0.000349698	0.999878   	0.477073   	0.0182133  	-0.0017139 	-0.967518  	0.0248587  	-0.00127318	0.00145931 	0.99988    	0.469984   	0.000373452	-0.00221635	0.999727   	0.317614   	2.98558    	2.3615     	0.211904   	0.338039   	3.70165    	2.72259    	0.244088   	0.2436     	3.62381    	3.46897    	0.270755   	0.270999   	3.0645     	3.70414    	0.2546     	0.253664   	2.36965    	3.45185    	0.215585   	0.217484   	2.84341    	2.84968    	0.186529   	0.188738   	3.18646    	2.23097    	0.179342   	0.180764   	3.62199    	2.57364    	0.241441   	0.240249   	3.92664    	2.21314    	0.206461   	0.240087   	3.60809    	3.14712    	0.280044   	0.27826    	2.34855    	2.11478    	0.197911   	0.196253   	4.12592    	2.65258    	0.229485   	0.229228   	2.90617    	2.1624     	0.204704   	0.272171   	3.31426    	3.14426    	0.248113   	0.248632   	3.73939    	3.02319    	0.197629   	0.1962     	3.6493	4.66666	4.20055	4.36901	3.82884	3.76992	4.51968	4.55617	3.88222	4.65336	3.53678	4.12718	4.35057	4.74476	4.04247	-3.91932e-05	-2.75139e-05	0.999999   	0.254578   	0.138469   	0.136418   	0.312809   	0.312797   	1.78387	
1.75e-10   	1.4        	-0.0599505 	-0.00898136	-0.980397  	0.0380063  	-0.00182028	-9.38462e-05	0.999769   	0.377079   	0.00852346 	0.00123541 	0.99968    	0.360833   	-0.0015789 	0.00278077 	0.999821   	0.526556   	0.00431574 	-0.00399357	0.999598   	0.293694   	-0.00475275	-0.00242641	-0.99759   	0.118981   	-0.00404582	0.00131602 	0.999726   	0.380078   	0.00830175 	-0.00416011	0.999471   	0.280512   	-0.0204858 	0.0170663  	0.97874    	0.0412576  	0.00324276 	-0.00316258	0.999846   	0.529922   	-0.00182866	0.000168025	-0.999679  	0.280425   	-0.00272865	0.00358325 	0.999781   	0.452339   	0.0123391  	0.00684547 	-0.985997  	0.0414202  	-0.00381912	0.000507691	0.99982    	0.44316    	0.00362158 	-0.00241314	0.999673   	0.298404   	3.63491    	2.84026    	0.213632   	0.284738   	4.13461    	3.96059    	0.28525    	0.286815   	4.7767     	4.3587     	0.384863   	0.382904   	4.16735    	7.80035    	0.401536   	0.401375   	4.31978    	3.92109    	0.244786   	0.245712   	3.17258    	5.26013    	0.245736   	0.259015   	4.19311    	5.29096    	0.242718   	0.241164   	4.16691    	5.31965    	0.359241   	0.358376   	3.75232    	5.26503    	0.271907   	0.373739   	4.8598     	5.17726    	0.380615   	0.381056   	3.14206    	3.08572    	0.188633   	0.187415   	4.99248    	5.58949    	0.323268   	0.3241     	2.98591    	2.98655    	0.277298   	0.315301   	4.28626    	4.11104    	0.395729   	0.397086   	3.49798    	3.51572    	0.26412    	0.263378   	4.29391	5.4548	5.17195	5.88772	4.80567	5.17105	4.3009	4.93339	4.80038	5.58354	4.18977	5.04876	4.74915	5.22906	5.3193	-6.80055e-05	-1.59534e-05	0.999999   	0.233654   	0.146318   	0.145236   	0.502      	0.502016   	1.72763	
1.8e-10    	1.2        	-0.0107494 	-0.150696  	-0.95196   	0.0594093  	0.0560248  	0.00666951 	0.997348   	0.351476   	-0.0554339 	0.0208892  	0.996526   	0.325439   	0.0430154  	-0.0208235 	0.998199   	0.486356   	-0.0558248 	0.0203679  	0.99548    	0.268708   	-0.0511696 	0.0312892  	-0.993211  	0.134832   	0.00761892 	-0.00758659	0.999299   	0.357742   	-0.0625785 	0.0193564  	0.99547    	0.246006   	0.466903   	-0.0264746 	0.655958   	0.0261616  	-0.042052  	0.0112913  	0.998321   	0.493524   	0.00601381 	-0.00391565	-0.999328  	0.29032    	0.0451653  	-0.0117385 	0.99818    	0.41852    	-0.196447  	0.0686645  	-0.959983  	0.0648224  	0.0413698  	-0.015553  	0.998036   	0.404738   	-0.0154466 	0.00880395 	0.998734   	0.276708   	12.6035    	19.404     	0.395114   	1.09942    	23.405     	8.93937    	0.507768   	0.445787   	24.0164    	20.9957    	0.697679   	0.691944   	22.1718    	16.3455    	0.898953   	0.813281   	11.6822    	37.5399    	0.452913   	0.445781   	9.79105    	12.8155    	0.330825   	0.448295   	7.4336     	12.9749    	0.369735   	0.3726     	27.9209    	7.74658    	0.938498   	0.801849   	17.864     	14.8988    	0.440741   	4.18612    	35.3253    	8.79305    	0.689558   	0.685026   	7.07652    	6.43508    	0.321428   	0.325337   	25.3236    	6.22126    	0.703756   	0.588254   	12.1832    	7.29946    	0.436295   	1.28403    	25.9415    	14.1341    	0.792427   	0.763245   	10.7129    	10.2982    	0.343343   	0.336352   	5.75009	8.47797	6.14827	8.67035	5.43342	6.0804	7.92772	6.28321	5.81805	6.46678	6.09681	6.86658	5.4544	7.218	6.78734	-7.07321e-06	-1.23172e-05	0.999998   	0.206315   	0.1504     	0.145155   	1.48512    	1.48514    	5.42379	
1.85e-10   	1          	0.276056   	-0.459575  	-0.829031  	0.0974611  	0.261914   	-0.00360397	0.963129   	0.333589   	-0.389714  	0.159497   	0.900054   	0.291311   	0.288335   	-0.105102  	0.948526   	0.436972   	-0.275524  	0.178013   	0.939945   	0.251584   	-0.362082  	-0.00769279	-0.925817  	0.157781   	0.0940957  	0.000148205	0.993987   	0.341324   	-0.543517  	0.125707   	0.819283   	0.223747   	0.93993    	-0.270183  	-0.190595  	0.0963227  	-0.281809  	0.0392023  	0.957004   	0.450817   	0.0549836  	-0.0565493 	-0.996345  	0.294262   	0.28568    	-0.00670504	0.955551   	0.385321   	-0.71307   	0.0727362  	-0.680837  	0.133659   	0.339345   	-0.0695617 	0.934067   	0.358082   	-0.0979415 	0.0595905  	0.992428   	0.260263   	23.9888    	12.7601    	0.793431   	8.70104    	32.8907    	20.7998    	0.681145   	2.74078    	93.2811    	42.8654    	5.15503    	9.5748     	95.6517    	48.9089    	6.16307    	5.30649    	43.0242    	30.467     	1.03825    	5.40183    	17.3713    	19.6503    	0.591498   	1.73439    	16.1013    	29.5191    	0.833462   	1.2148     	64.7053    	48.886     	4.48699    	11.7863    	28.3605    	9.07326    	1.70939    	31.5518    	67.3812    	9.29363    	5.63648    	1.59639    	3.327      	8.32666    	1.20637    	1.30592    	73.3615    	23.4827    	2.11105    	2.46067    	54.3667    	18.6466    	0.935409   	27.6433    	97.9179    	18.1223    	7.69739    	3.74534    	11.2051    	5.14843    	0.74566    	0.854745   	7.54122	34.0781	10.8821	20.0615	25.358	7.85551	48.9764	8.31008	9.03962	23.1384	9.74215	27.5742	8.05194	13.2546	32.5819	-8.46706e-05	6.42463e-05	0.999997   	0.16804    	0.15194    	0.149454   	9.6305     	9.63058    	75.3184	
1.9e-10    	0.8        	0.505477   	-0.324706  	-0.796639  	0.136037   	0.383398   	-0.0850438 	0.919059   	0.323407   	-0.662009  	0.247405   	0.706191   	0.288965   	0.503272   	-0.183202  	0.843599   	0.407034   	-0.488583  	0.221771   	0.842385   	0.24873    	-0.466283  	0.0918393  	-0.87721   	0.179057   	0.123663   	-0.0595803 	0.990106   	0.32988    	-0.825674  	0.211645   	0.520351   	0.230426   	0.930371   	-0.15337   	-0.329092  	0.161139   	-0.459049  	0.0598233  	0.885897   	0.415577   	0.0646758  	0.0132213  	-0.997421  	0.293235   	0.465576   	-0.0882086 	0.880004   	0.366417   	-0.771188  	0.229683   	-0.591571  	0.192401   	0.591068   	-0.138277  	0.793703   	0.32931    	-0.185139  	0.0154438  	0.981779   	0.250514   	7.00467    	6.31143    	1.65277    	4.92764    	7.79792    	7.12218    	1.35993    	1.93326    	20.0764    	5.71521    	2.6447     	9.89807    	24.2951    	8.43562    	2.9437     	4.86583    	16.0169    	7.96115    	1.68623    	6.61858    	5.67568    	13.9883    	1.15385    	2.28667    	4.6991     	6.76732    	0.821885   	0.859305   	19.1756    	8.02014    	2.15492    	11.9981    	13.6989    	5.43524    	1.46179    	12.4475    	11.8928    	7.59761    	1.96876    	2.57316    	3.46168    	4.98774    	0.934289   	0.91785    	11.4075    	7.85465    	1.11414    	2.95271    	9.09404    	7.03535    	1.45756    	5.87158    	12.5393    	8.12383    	3.70717    	3.56573    	5.49519    	7.05976    	1.09733    	1.2351     	7.06722	11.3512	7.74914	9.30213	9.3548	8.15882	11.4885	6.90661	7.43339	8.24053	7.2593	8.56926	8.03366	9.99298	14.9865	7.90619e-05	4.97394e-05	0.999996   	0.131574   	0.14609    	0.142768   	1.73305    	1.73305    	4.89048	
1.95e-10   	0.6        	0.391093   	-0.423303  	-0.813993  	0.179496   	0.47561    	-0.0478526 	0.877729   	0.319476   	-0.773395  	0.318713   	0.546638   	0.285914   	0.648265   	-0.245164  	0.720159   	0.373025   	-0.532345  	0.364205   	0.762728   	0.252217   	-0.540354  	-0.0210418 	-0.839411  	0.199015   	0.172762   	0.0112021  	0.984468   	0.324425   	-0.936446  	0.262237   	0.229988   	0.246418   	0.853419   	-0.309669  	-0.416072  	0.205474   	-0.554153  	0.148764   	0.818501   	0.38288    	0.0265146  	-0.059519  	-0.997349  	0.295377   	0.585171   	-0.122181  	0.8011     	0.347894   	-0.798654  	0.174831   	-0.574089  	0.230875   	0.76705    	-0.2575    	0.585447   	0.291629   	-0.155073  	0.142918   	0.97657    	0.256655   	8.44866    	11.6649    	6.99687    	6.09998    	5.18595    	9.27124    	2.72276    	3.34403    	9.29709    	6.02746    	6.27468    	6.68854    	6.24584    	10.0996    	9.91276    	8.58805    	5.86314    	11.4893    	4.08468    	4.13268    	4.5694     	11.0345    	1.85937    	2.88149    	4.41602    	6.86282    	1.71352    	1.93505    	5.58454    	6.00965    	3.60779    	4.63764    	4.46818    	9.23034    	3.02484    	2.78943    	6.99544    	8.63166    	4.65255    	5.03012    	5.39768    	5.97911    	1.30831    	1.35724    	5.80922    	7.83229    	2.49714    	2.80409    	5.46049    	8.13073    	3.26584    	3.62761    	10.3846    	11.5898    	16.2485    	10.6802    	5.93092    	9.47172    	6.14644    	6.67496    	10.063	9.68057	10.0848	11.9156	9.49459	7.70868	10.9166	8.13076	8.04554	12.8586	7.92544	9.99984	7.95512	14.4939	14.2114	0.000259559	-7.1154e-05	0.999992   	0.0974337  	0.146091   	0.141984   	1.13939    	1.13935    	2.80422	
2e-10      	0.4        	0.329979   	-0.322799  	-0.882996  	0.257151   	0.451816   	-0.00180133	0.890545   	0.332078   	-0.839663  	0.30517    	0.444896   	0.276888   	0.801016   	-0.273742  	0.529276   	0.302081   	-0.518641  	0.352921   	0.77363    	0.304166   	-0.387879  	-0.117427  	-0.908969  	0.224534   	0.145269   	0.0848866  	0.984959   	0.347898   	-0.960399  	0.274051   	-0.0324748 	0.245442   	0.7326     	-0.368778  	-0.566701  	0.25669    	-0.602725  	0.193736   	0.772581   	0.358134   	0.0150976  	-0.125549  	-0.991546  	0.324736   	0.65134    	-0.0953035 	0.750644   	0.32515    	-0.788283  	0.0783617  	-0.607214  	0.245476   	0.923923   	-0.311713  	0.199484   	0.250383   	-0.136752  	0.20096    	0.968545   	0.297486   	13.919     	7.701      	96.9606    	59.9818    	5.3516     	15.161     	48.1436    	31.127     	22.6469    	18.082     	11.6971    	15.5589    	30.8136    	18.0211    	73.4514    	84.3399    	10.6239    	4.05343    	212.707    	134.305    	22.0604    	17.5468    	50.901     	29.9176    	8.15981    	12.9861    	58.2967    	56.3905    	21.8585    	4.1438     	7.03462    	21.9791    	11.4483    	9.22018    	51.0989    	21.2229    	14.787     	7.81583    	21.5909    	7.95393    	4.0372     	8.73665    	52.1902    	54.0088    	14.3662    	15.8833    	18.0947    	5.90774    	8.43972    	15.5289    	8.74716    	4.79972    	22.0945    	7.86454    	85.5243    	41.2788    	16.6755    	7.98197    	72.2152    	65.7611    	42.7018	8.45271	34.1035	7.51184	38.4356	45.1847	9.90417	40.4503	36.1284	51.2741	61.4998	12.8119	23.4775	11.803	15.6182	0.000358395	-0.000436377	0.999981   	0.0641544  	0.141613   	0.148154   	1.05004    	1.05001    	2.40094	
2.05e-10   	0.2        	0.0227469  	-0.245819  	-0.961486  	0.400901   	0.301366   	0.192171   	0.926475   	0.386002   	-0.636898  	0.11888    	0.70269    	0.17744    	0.819958   	-0.0343499 	0.498148   	0.154331   	-0.124753  	0.266152   	0.939824   	0.385259   	-0.228224  	-0.252153  	-0.936177  	0.36124    	0.138783   	0.191932   	0.967776   	0.474446   	-0.876388  	-0.0722717 	-0.352337  	0.156408   	0.213692   	-0.251316  	-0.917376  	0.342002   	-0.29758   	0.179093   	0.916772   	0.321767   	-0.105353  	-0.194719  	-0.969703  	0.452072   	0.50916    	0.11092    	0.836213   	0.289799   	-0.523545  	-0.197033  	-0.808885  	0.281448   	0.732256   	-0.241416  	-0.488656  	0.148735   	0.0656805  	0.225959   	0.96545    	0.401687   	273.214    	40.6944    	375.844    	404.462    	19.3684    	324.727    	203.668    	294.322    	261.636    	134.435    	29.8781    	87.5971    	152.666    	197.846    	6.64       	139.261    	446.811    	6.42606    	264.577    	170.38     	77.0975    	225.482    	225.137    	399.002    	162.641    	200.493    	300.963    	454.445    	101.991    	276.314    	8.35359    	77.2554    	500.782    	14.4206    	331.733    	136.885    	381.846    	16.7445    	136.646    	28.3998    	210.105    	180.678    	153.95     	271.373    	34.7496    	277.278    	3.87867    	7.63359    	14.6539    	307.339    	15.0311    	13.2529    	321.65     	51.434     	163.944    	92.0371    	238.642    	105.38     	190.878    	285.006    	14.3568	8.36788	13.3953	23.3052	168.176	73.5441	12.187	27.8602	20.1196	118.389	41.5631	39.6548	37.0191	8.87474	44.0219	0.000546421	0.000177349	0.999923   	0.0317038  	0.140579   	0.145888   	0.726868   	0.726715   	4.42222	
2.1e-10    	-0         	-0.216894  	-0.272882  	-0.936961  	0.537073   	0.34517    	0.423817   	0.836709   	0.490361   	-0.441967  	-0.434483  	0.778679   	0.124973   	0.662736   	0.706329   	0.225852   	0.133671   	0.200541   	0.234981   	0.950747   	0.465244   	-0.323378  	-0.379121  	-0.866546  	0.547726   	0.304052   	0.335753   	0.890956   	0.585652   	-0.617506  	-0.654249  	-0.428696  	0.202065   	-0.130435  	-0.145787  	-0.980388  	0.443307   	0.065124   	0.0625197  	0.995085   	0.342011   	-0.2849    	-0.299991  	-0.909895  	0.596641   	0.499966   	0.536706   	0.676494   	0.301128   	-0.433337  	-0.507585  	-0.743403  	0.372099   	0.104548   	0.0657617  	-0.98986   	0.19119    	0.275082   	0.330228   	0.902592   	0.512648   	21.7433    	9.10182    	23.5253    	33.3218    	42.7954    	28.8239    	15.9756    	54.2541    	10.3631    	17.7698    	8.86632    	19.3918    	12.5575    	25.4823    	9.18143    	24.1706    	14.1312    	8.18832    	29.2249    	34.4844    	40.5146    	24.1442    	23.3394    	58.7989    	45.2321    	20.3193    	9.42678    	32.0189    	24.0682    	29.0987    	9.0388     	28.3952    	8.92423    	5.40733    	19.8012    	20.4214    	8.57168    	13.7738    	18.5402    	17.4169    	48.3888    	11.8806    	10.9508    	30.3299    	38.8252    	32.9775    	6.31886    	29.6463    	37.9792    	33.4992    	7.5565     	46.8262    	6.82285    	16.3639    	17.6124    	19.0512    	25.749     	12.0952    	23.0581    	41.2452    	11.7345	7.85561	8.40639	10.5831	13.1687	7.39274	9.56995	14.1941	13.0027	9.47777	9.42539	11.2048	8.25848	7.68949	13.9311	0.0386819  	-0.0128602 	-0.00657552	0.000472719	0.141091   	0.140888   	0.600897   	0.469087   	1.93915	
