#----------------------------------------------------------------------------------------------------------------------------------------------------------
# Output file for vampire simulation
#   time       : 2025-05-27 20:59:05     process id : 273592
#   hostname   : thor8.psi.ch
#   path       : /scratch/dossan_f/Na2BaMn(PO4)2/vampire_tripleUC_15mat_J2Ja_small_k0.035_Jnn0.11_Bc
#   version    : 6.0.0
#   githash    : 4c9651daecc86c3e6b6df0c8055fcd9e89fd900c
#----------------------------------------------------------------------------------------------------------------------------------------------------------
1e-11      	8          	-0.00130619	0.000295853	0.999696   	0.946773   	0.000156751	0.00077457 	0.999571   	0.946326   	0.000902012	-0.000637218	0.999854   	0.947111   	-0.00136604	0.000746727	0.999292   	0.946388   	0.00118233 	-0.000598489	0.999802   	0.947029   	-0.00023992	0.000104246	0.999987   	0.946843   	0.000701909	0.000219719	0.999721   	0.946456   	0.000526006	-0.000546421	0.999918   	0.947053   	-0.00122757	0.000596076	0.999558   	0.94668    	0.000892906	-0.000478731	0.999843   	0.947142   	-0.000688206	0.00018187 	0.999902   	0.946838   	-0.000759031	0.000724866	0.999284   	0.946219   	0.000246378	-3.78439e-06	0.99998    	0.946931   	-0.00140156	0.000469227	0.999364   	0.946536   	0.00101724 	-0.000366237	0.999765   	0.946778   	8.03481    	0.992008   	115.11     	99.8575    	0.466049   	1.37389    	163.974    	156.284    	7.26411    	3.29608    	70.6011    	61.9839    	7.07139    	2.06395    	174.612    	140.433    	9.39667    	2.03974    	83.6003    	72.3709    	0.529035   	0.514386   	89.3162    	88.8355    	1.71985    	0.836201   	142.924    	136.267    	3.46619    	2.55514    	70.4311    	65.7407    	8.29414    	1.05968    	132.476    	110.587    	8.78565    	2.668      	70.6844    	61.5474    	3.67764    	0.522168   	96.0419    	91.2657    	1.67441    	2.02099    	188.051    	163.481    	0.684684   	0.786413   	79.0532    	78.1049    	9.47451    	1.56209    	157.487    	123.809    	6.97064    	0.639813   	108.866    	97.3718    	18226	32060	6939.14	35664.1	10289.3	11121.5	25851.7	6686.07	23199.4	7208.8	13003.7	39643.4	8574.06	30538.9	16441.6	-4.0562e-06	6.94501e-06	1          	0.946669   	0.117011   	0.115044   	1692.13    	1692.12    	260369	
1.5e-11    	7.8        	-3.19363e-05	0.000173613	0.999996   	0.944702   	0.000133905	-0.000129964	0.999997   	0.944748   	-4.34793e-05	-8.22168e-06	0.999996   	0.944733   	6.07032e-05	-2.80977e-05	0.999996   	0.94471    	3.37764e-05	0.000299383	0.999996   	0.944746   	-9.42759e-05	-0.000285359	0.999996   	0.944746   	0.0002088  	1.65853e-05	0.999996   	0.944736   	-0.0001447 	-0.000215961	0.999997   	0.944727   	-8.13117e-05	9.6244e-05 	0.999997   	0.944722   	-0.000131098	-0.000121448	0.999996   	0.944732   	-5.16746e-05	-0.000159555	0.999996   	0.944712   	0.000147845	0.00026585 	0.999996   	0.944703   	0.000169248	1.59156e-06	0.999997   	0.944747   	-7.99328e-06	-0.000147536	0.999997   	0.944719   	-0.000258274	9.44153e-05	0.999996   	0.944722   	0.496577   	0.442097   	0.0186396  	0.0186425  	0.425894   	0.443555   	0.0180218  	0.0180064  	0.448682   	0.472524   	0.019549   	0.0195416  	0.5128     	0.459049   	0.0201009  	0.0201085  	0.467199   	0.481615   	0.0184656  	0.0184625  	0.450562   	0.471144   	0.0199228  	0.0199278  	0.516871   	0.408692   	0.0192315  	0.0192357  	0.428588   	0.436424   	0.0194681  	0.0194719  	0.423803   	0.468182   	0.0191477  	0.0191436  	0.479252   	0.453289   	0.0182848  	0.0182887  	0.464828   	0.500855   	0.0189244  	0.0189206  	0.441939   	0.46988    	0.0197606  	0.0197742  	0.459799   	0.43018    	0.0198453  	0.0198471  	0.495118   	0.400547   	0.0183425  	0.0183298  	0.459219   	0.472692   	0.0202803  	0.0202835  	4.95537	4.69368	5.22259	5.22117	5.07062	5.44699	5.22819	4.83744	5.12287	4.82189	5.0602	5.17125	5.21181	4.76851	5.25338	-6.03668e-06	-9.90763e-06	1          	0.944724   	0.112658   	0.116619   	0.0324456  	0.0324455  	2.15299	
2e-11      	7.6        	-7.30995e-05	-0.000225236	0.999996   	0.940592   	-0.000120938	5.108e-05  	0.999996   	0.940595   	0.00011148 	0.000166601	0.999996   	0.940601   	-4.20555e-05	-0.000411329	0.999996   	0.940598   	6.64956e-05	0.000230176	0.999996   	0.940587   	2.60728e-05	0.000158468	0.999996   	0.940583   	3.04223e-05	0.000147765	0.999996   	0.940606   	-2.29569e-05	-0.000114242	0.999996   	0.940558   	-1.74349e-05	-2.86259e-05	0.999996   	0.940589   	-0.000115986	-7.75554e-05	0.999996   	0.940585   	6.7995e-06 	0.000136263	0.999996   	0.940602   	7.86939e-05	-3.04615e-05	0.999996   	0.940576   	-7.33e-05  	5.26603e-05	0.999996   	0.94057    	-0.000160832	-0.000279085	0.999996   	0.940587   	0.000255091	0.000196902	0.999996   	0.94058    	0.500843   	0.488936   	0.021752   	0.0217531  	0.495095   	0.487062   	0.0241775  	0.0241697  	0.498245   	0.510038   	0.0201689  	0.02017    	0.479431   	0.532166   	0.0219129  	0.0219157  	0.492424   	0.526782   	0.0194295  	0.0194209  	0.52268    	0.479545   	0.0239196  	0.0238795  	0.541237   	0.495109   	0.0215191  	0.0215361  	0.513514   	0.511208   	0.0234481  	0.0234531  	0.496581   	0.504039   	0.0226549  	0.0226416  	0.47752    	0.53418    	0.0210917  	0.0211026  	0.520705   	0.518857   	0.0211146  	0.0210977  	0.460766   	0.526625   	0.0216834  	0.0216834  	0.493915   	0.481949   	0.0230782  	0.0230851  	0.473163   	0.490271   	0.0213053  	0.0213174  	0.470468   	0.503345   	0.0214683  	0.0214617  	5.36704	5.8238	5.058	5.65001	4.95498	5.77734	5.28691	5.84771	5.59692	5.23927	5.24001	5.36048	5.56743	5.31279	5.28975	-3.43846e-06	-1.77444e-06	1          	0.940584   	0.124763   	0.118707   	0.0366574  	0.0366568  	2.02978	
2.5e-11    	7.4        	-7.13342e-05	0.000176625	0.999996   	0.935822   	0.000168694	8.70323e-05	0.999996   	0.935824   	-0.000105091	-0.000214979	0.999995   	0.935844   	-7.03119e-05	0.000115165	0.999996   	0.935812   	8.14471e-05	-7.16834e-05	0.999996   	0.935814   	-0.000102719	-5.59083e-05	0.999996   	0.935811   	0.000207762	-0.000150601	0.999995   	0.935838   	-8.29312e-05	0.000110518	0.999996   	0.935825   	-3.24399e-05	6.44081e-05	0.999996   	0.935837   	-8.79917e-05	6.68552e-05	0.999996   	0.935818   	-9.89881e-05	-2.04064e-05	0.999995   	0.935808   	0.000165183	-2.93912e-05	0.999995   	0.935843   	-1.29713e-05	0.000256959	0.999995   	0.93584    	9.20124e-05	-0.000172981	0.999995   	0.935831   	-1.93329e-05	-0.00011021	0.999995   	0.935816   	0.539177   	0.575748   	0.0238903  	0.0238737  	0.55169    	0.555897   	0.0295514  	0.0295649  	0.545173   	0.612999   	0.0268707  	0.0268301  	0.474077   	0.555429   	0.0267576  	0.0267689  	0.542633   	0.557561   	0.025718   	0.0256989  	0.515814   	0.548079   	0.0275101  	0.0275329  	0.621605   	0.579281   	0.0237616  	0.0237554  	0.57617    	0.55996    	0.026706   	0.0266786  	0.531519   	0.608229   	0.0243537  	0.0243561  	0.556653   	0.568356   	0.0273619  	0.0273719  	0.62281    	0.590303   	0.0279944  	0.0279864  	0.591497   	0.573252   	0.0252052  	0.0252162  	0.603545   	0.550543   	0.0259836  	0.0259958  	0.575822   	0.615891   	0.0252683  	0.0252858  	0.593584   	0.593999   	0.0273588  	0.0273201  	5.62817	6.30612	5.91505	6.12967	5.94741	6.08302	5.22921	5.83282	5.64864	5.85959	6.11074	5.67195	5.74803	5.79872	5.89246	2.06651e-06	3.42803e-06	1          	0.935821   	0.120392   	0.12935    	0.0528916  	0.0528922  	2.38105	
3e-11      	7.2        	-0.000277405	-2.28328e-05	0.999995   	0.930318   	0.000105886	-4.64077e-05	0.999994   	0.930236   	0.000218306	6.05151e-05	0.999995   	0.930268   	0.000144831	0.000355843	0.999995   	0.930271   	-0.000171556	-0.000229581	0.999995   	0.930267   	6.95125e-05	-0.000218423	0.999995   	0.930269   	-0.000107986	-8.51729e-05	0.999995   	0.930258   	0.000145293	-6.26531e-05	0.999995   	0.93032    	-3.12297e-05	7.40899e-05	0.999995   	0.930296   	4.35859e-05	2.17646e-05	0.999995   	0.93031    	5.60138e-05	-0.000110313	0.999995   	0.930269   	-0.000111151	6.81694e-05	0.999994   	0.930299   	-5.75939e-06	-6.51916e-05	0.999995   	0.930269   	-0.000301308	2.69747e-05	0.999995   	0.930282   	0.00030495 	2.31341e-05	0.999995   	0.930252   	0.661929   	0.640885   	0.0321406  	0.0321246  	0.698618   	0.722551   	0.0310219  	0.0310097  	0.680007   	0.685023   	0.0313633  	0.0313441  	0.659664   	0.56943    	0.030398   	0.0303632  	0.560982   	0.577824   	0.0292559  	0.029251   	0.68524    	0.5836     	0.032765   	0.0327881  	0.641374   	0.598896   	0.027464   	0.0274664  	0.661865   	0.646645   	0.0295488  	0.02952    	0.695192   	0.662368   	0.0315808  	0.0315512  	0.58384    	0.643255   	0.0318046  	0.0317963  	0.575547   	0.68629    	0.0326716  	0.0326514  	0.748104   	0.647504   	0.0342083  	0.0342149  	0.651411   	0.663746   	0.029664   	0.0296393  	0.635449   	0.679739   	0.0301243  	0.0301598  	0.716748   	0.631002   	0.0315382  	0.0315358  	6.29663	6.52487	6.49899	6.17108	6.30229	6.61421	5.755	6.22093	6.56422	6.64731	6.79193	7.13272	6.37569	6.384	6.77423	5.44719e-06	-1.39816e-05	1          	0.930274   	0.125366   	0.128726   	0.0577287  	0.0577279  	2.18635	
3.5e-11    	7          	0.000102779	0.000195752	0.999994   	0.923828   	-0.000120041	-0.000105166	0.999994   	0.923794   	6.36218e-06	-0.000125934	0.999994   	0.923805   	-0.000194889	0.000248429	0.999994   	0.923792   	1.00053e-05	0.000129347	0.999994   	0.923806   	0.000159954	-0.000427974	0.999994   	0.923802   	-6.7052e-05	0.000394071	0.999994   	0.923767   	-7.27571e-05	-4.66525e-06	0.999994   	0.923801   	0.000102883	-0.000353323	0.999994   	0.923791   	-0.000175717	9.05783e-05	0.999994   	0.923787   	0.000191245	-0.000259546	0.999994   	0.923813   	-4.89722e-05	4.90744e-05	0.999994   	0.923753   	6.25833e-05	0.000228747	0.999994   	0.92379    	-6.97763e-06	-0.00031112	0.999994   	0.923787   	-3.75287e-05	5.24158e-05	0.999994   	0.923806   	0.693204   	0.732768   	0.0386745  	0.0386819  	0.714564   	0.750746   	0.0380184  	0.0379992  	0.746925   	0.875953   	0.0361378  	0.036117   	0.713561   	0.79919    	0.0358825  	0.0358971  	0.700389   	0.759004   	0.034436   	0.034471   	0.75897    	0.774626   	0.0362452  	0.0362756  	0.839959   	0.698032   	0.0360281  	0.0360992  	0.795874   	0.663739   	0.0389229  	0.0388983  	0.760505   	0.780779   	0.0385062  	0.0385237  	0.730346   	0.768995   	0.0366058  	0.0365964  	0.649587   	0.734028   	0.0378903  	0.0378793  	0.664138   	0.809574   	0.0394053  	0.0394088  	0.794976   	0.740911   	0.0367398  	0.0367722  	0.780851   	0.723588   	0.038291   	0.038313   	0.748216   	0.721323   	0.0402297  	0.0402014  	7.07549	7.11746	6.8991	6.76043	6.85932	6.71742	6.82446	7.33209	7.14169	7.04232	7.17766	7.64282	6.95283	7.26157	7.72335	-5.85483e-06	-1.32956e-05	1          	0.923789   	0.130983   	0.129405   	0.0723376  	0.0723373  	2.21428	
4e-11      	6.8        	0.00042632 	3.94404e-05	0.999993   	0.916119   	-0.000347872	-5.21989e-05	0.999992   	0.91618    	-6.30925e-05	1.18984e-06	0.999993   	0.916117   	-0.000154082	-3.8766e-05	0.999992   	0.916151   	-0.000283865	-0.000744884	0.999992   	0.916181   	0.000401075	0.000825781	0.999992   	0.91614    	-0.000185084	-0.000101684	0.999992   	0.91615    	-8.62755e-05	0.000253457	0.999993   	0.916091   	0.000336418	-8.0083e-05	0.999993   	0.916163   	0.000210973	6.00952e-05	0.999993   	0.916118   	-0.000114148	-0.000159815	0.999993   	0.916147   	-8.08078e-05	0.000113077	0.999992   	0.916103   	0.000276549	-0.000598554	0.999992   	0.916141   	-0.000205718	0.000173154	0.999993   	0.916168   	-7.58842e-05	0.000377365	0.999994   	0.916154   	0.859272   	0.919711   	0.0492716  	0.0492509  	0.906083   	1.04275    	0.0422956  	0.0422858  	0.815522   	0.900289   	0.0427623  	0.0427637  	0.943656   	1.0234     	0.040777   	0.0407383  	0.950281   	0.900542   	0.0462899  	0.0463299  	0.841778   	0.990169   	0.0467011  	0.0467092  	0.914766   	0.931268   	0.0448616  	0.044726   	0.878249   	0.85657    	0.0451509  	0.0451267  	0.854283   	0.788636   	0.0431773  	0.0432278  	0.816151   	0.878167   	0.0463673  	0.046407   	0.820319   	0.884597   	0.0440525  	0.0439946  	0.927103   	0.942584   	0.046222   	0.0461747  	0.920494   	0.888955   	0.0456767  	0.0456366  	0.863309   	0.733062   	0.046036   	0.0459793  	0.772139   	0.807103   	0.0468117  	0.0467486  	8.15636	7.49559	7.32987	7.14805	7.86779	7.73934	7.43238	7.1829	7.77876	7.66483	7.22555	7.44342	7.81805	7.85051	8.21338	3.62805e-06	4.50345e-06	1          	0.916135   	0.132475   	0.132421   	0.094578   	0.0945779  	2.21075	
4.5e-11    	6.6        	0.000128267	0.00019775 	0.999992   	0.907115   	-0.000293009	-0.000194697	0.999992   	0.907101   	0.000159302	7.63256e-05	0.999991   	0.907064   	2.09851e-05	0.000159969	0.999992   	0.907007   	-0.000264435	-5.87654e-05	0.999991   	0.907103   	0.00022978 	-8.22153e-05	0.999991   	0.907125   	0.000197891	-0.000217086	0.99999    	0.90706    	-2.32943e-05	0.000104169	0.999991   	0.907038   	-0.000198146	-3.19289e-05	0.999992   	0.907066   	-0.000326467	-0.000129019	0.999991   	0.907083   	4.7702e-05 	-0.000149817	0.999992   	0.907018   	0.000273785	0.000278965	0.999991   	0.907065   	-0.000198628	0.000305578	0.999991   	0.907046   	0.000474501	0.000187895	0.999991   	0.907141   	-0.000288321	-0.000554065	0.999991   	0.907062   	0.981574   	1.01138    	0.0534115  	0.0533993  	0.93679    	1.09331    	0.0571688  	0.0571047  	1.04818    	1.08861    	0.0526083  	0.052637   	1.07779    	0.959331   	0.0559979  	0.0560088  	1.04822    	1.00432    	0.0562233  	0.0562003  	1.04574    	1.10784    	0.0509584  	0.0509227  	1.14169    	1.17876    	0.0524813  	0.0524577  	1.10602    	1.15342    	0.0537251  	0.0536519  	1.06027    	0.899436   	0.0535993  	0.0535626  	1.01651    	1.23696    	0.0623185  	0.0623733  	1.00839    	1.02133    	0.0596314  	0.0597097  	1.09235    	1.1258     	0.0571445  	0.0571493  	1.08119    	0.980173   	0.0592604  	0.0592062  	1.03294    	0.999102   	0.0580143  	0.0580488  	1.17028    	0.970649   	0.0594922  	0.0594857  	8.80049	8.84756	8.18617	9.02309	8.91154	8.09283	8.16795	8.28841	8.43613	9.60246	9.47086	8.90436	8.9634	9.06713	9.17837	-4.03772e-06	-7.10239e-06	1          	0.907065   	0.127499   	0.132517   	0.126899   	0.126897   	2.29379	
5e-11      	6.4        	5.04365e-05	0.000119692	0.999987   	0.8963     	-0.000614608	1.02658e-05	0.999988   	0.896294   	0.000659914	-0.000107957	0.999988   	0.896262   	-0.000329761	-0.000166282	0.999988   	0.896272   	-7.01955e-05	-5.31728e-06	0.999989   	0.896283   	0.000440328	0.00016026 	0.999988   	0.896316   	-0.000748207	-6.37413e-05	0.999988   	0.896279   	0.000401447	7.74705e-05	0.99999    	0.896286   	0.000360119	7.14751e-06	0.999989   	0.896269   	-0.000183889	-0.000186954	0.999989   	0.896279   	0.000199062	-0.000167633	0.999988   	0.896279   	4.46266e-05	0.000393368	0.999989   	0.896235   	-0.000158845	-0.000184784	0.999989   	0.89628    	0.000761997	0.000440385	0.999989   	0.896236   	-0.000569584	-0.000257765	0.99999    	0.896283   	1.55379    	1.46553    	0.066714   	0.0667649  	1.4958     	1.30449    	0.0691688  	0.0691749  	1.29917    	1.51381    	0.0724198  	0.0723308  	1.33086    	1.41023    	0.0756589  	0.075603   	1.12246    	1.40909    	0.0735542  	0.0734364  	1.20901    	1.48865    	0.0719215  	0.0720082  	1.35679    	1.29328    	0.0658016  	0.065726   	1.16085    	1.13511    	0.0673617  	0.0673795  	1.48405    	1.06558    	0.0650127  	0.0648959  	1.38773    	1.18166    	0.066596   	0.0666566  	1.47659    	1.45726    	0.0715852  	0.0715885  	1.31064    	1.36248    	0.0696521  	0.0696184  	1.35078    	1.2766     	0.0631559  	0.0630378  	1.17214    	1.2119     	0.074541   	0.0745058  	1.12429    	1.07083    	0.0700251  	0.0699275  	9.39291	9.9484	10.0839	10.4566	10.1534	9.85011	9.50145	9.19259	8.65168	9.45158	10.1081	9.36957	9.54754	9.88034	9.8308	1.61746e-05	4.54806e-06	1          	0.896267   	0.131481   	0.138415   	0.163537   	0.163539   	2.0809	
5.5e-11    	6.2        	0.000492828	-0.000288875	0.999984   	0.883328   	-0.000156509	-0.000737653	0.999985   	0.883338   	-0.000329545	0.00100134 	0.999986   	0.883471   	-0.000367179	-7.05856e-05	0.999985   	0.883377   	0.000444225	0.00026239 	0.999985   	0.883331   	-9.90819e-05	-0.000189055	0.999985   	0.883297   	0.000539059	4.99021e-05	0.999984   	0.88338    	-0.000394511	0.000166858	0.999985   	0.88332    	-0.000124719	-0.000205759	0.999986   	0.8834     	-0.000261638	-0.000322849	0.999986   	0.883333   	7.05603e-05	-0.00037464	0.999986   	0.883326   	0.000205342	0.000659588	0.999987   	0.883353   	-0.000328456	-0.00045892	0.999985   	0.883397   	0.000117976	0.000148694	0.999986   	0.883302   	0.00016254 	0.000328076	0.999984   	0.883347   	1.99986    	1.57334    	0.0946184  	0.0946765  	1.71391    	1.74898    	0.093599   	0.0936631  	1.3796     	1.74743    	0.0993586  	0.0994191  	1.71084    	1.77543    	0.0839924  	0.083924   	1.76377    	1.63232    	0.09371    	0.0940004  	1.59523    	1.71854    	0.0928007  	0.092671   	1.92148    	1.7309     	0.0889674  	0.0889207  	1.61896    	1.70179    	0.0870092  	0.0871895  	1.64833    	1.62598    	0.0901967  	0.0902557  	1.69577    	1.5378     	0.0948169  	0.0952308  	1.67608    	1.45773    	0.0971885  	0.0971256  	1.37967    	1.51647    	0.0972987  	0.0971814  	1.53083    	1.91511    	0.0983873  	0.0984303  	1.69394    	1.42952    	0.0906633  	0.0906647  	2.05462    	1.58579    	0.094658   	0.0946429  	11.4151	11.833	12.5211	11.5103	11.7259	11.285	11.1627	10.873	11.7572	12.7759	12.0529	12.4772	11.7521	11.9953	12.5608	-1.91239e-06	-2.09044e-06	1          	0.88334    	0.138025   	0.142284   	0.225277   	0.225278   	1.99493	
6e-11      	6          	0.000861178	-0.00140703	0.999978   	0.867983   	-0.00136125	0.000494421	0.999976   	0.867975   	0.000429165	0.00087286 	0.999979   	0.86794    	-0.000282339	-0.000764162	0.999979   	0.867969   	0.000741736	0.000951757	0.999978   	0.868108   	-0.00046342	-0.000198507	0.999978   	0.867852   	-0.000486554	-0.000584688	0.99998    	0.867968   	0.000165701	1.62268e-05	0.999981   	0.867945   	0.000254651	0.000569882	0.999979   	0.868026   	0.000253596	0.000231308	0.999978   	0.867954   	-0.000169119	4.47568e-05	0.999983   	0.868019   	-5.95008e-05	-0.000192715	0.999978   	0.868035   	0.000975097	-0.000309547	0.999979   	0.868042   	1.21548e-05	-0.000817929	0.999979   	0.867974   	-0.00100073	0.00103985 	0.999981   	0.867963   	1.99486    	2.47793    	0.116451   	0.116251   	2.44061    	2.62681    	0.109138   	0.108996   	2.4063     	2.19766    	0.115017   	0.115051   	1.91089    	2.57292    	0.119305   	0.1193     	2.06318    	2.57563    	0.125939   	0.125837   	2.41319    	2.41085    	0.13146    	0.131532   	2.26154    	2.13834    	0.109343   	0.109088   	2.29552    	1.98139    	0.115146   	0.114956   	2.20927    	2.45622    	0.112035   	0.112241   	2.15718    	2.58584    	0.123863   	0.123871   	1.73619    	1.97462    	0.115614   	0.115493   	2.66264    	2.28303    	0.118732   	0.118632   	2.10922    	2.40977    	0.11846    	0.118386   	2.39836    	2.12108    	0.123218   	0.123479   	1.98384    	1.93071    	0.124172   	0.123851   	13.1533	12.0981	12.8898	13.039	13.9679	14.4503	12.6025	13.2287	13.1387	13.6827	12.7762	13.8958	13.6253	13.5537	13.597	-8.58887e-06	-3.6847e-06	1          	0.867965   	0.136277   	0.141181   	0.311419   	0.311421   	1.8273	
6.5e-11    	5.8        	0.0002345  	0.00062705 	0.999969   	0.849754   	-0.000221007	0.000355582	0.99997    	0.84976    	-4.50139e-05	-0.00103789	0.999967   	0.849701   	0.00150321 	-0.000303633	0.999966   	0.849729   	0.000815515	0.000124875	0.999968   	0.849735   	-0.00222301	0.000245268	0.999969   	0.849682   	0.00122685 	-0.00117514	0.999968   	0.849734   	-0.00044961	0.000626984	0.999968   	0.849801   	-0.000822367	0.00050853 	0.999968   	0.849655   	-0.000436928	0.000893486	0.999972   	0.849731   	0.000453012	0.000151001	0.999967   	0.849799   	-1.38926e-05	-0.0010035 	0.999969   	0.849773   	-0.000783738	0.000133919	0.999964   	0.849757   	-0.000176675	0.0010111  	0.999961   	0.849684   	0.000988094	-0.00108553	0.999967   	0.849805   	2.94782    	3.46782    	0.171305   	0.171013   	2.68147    	3.60588    	0.148711   	0.148503   	3.13366    	3.70684    	0.173935   	0.174175   	3.75419    	3.14273    	0.155252   	0.154246   	3.48324    	3.29094    	0.16352    	0.163067   	3.15723    	2.82552    	0.156355   	0.156417   	2.79145    	3.57223    	0.151098   	0.150757   	3.18571    	3.44413    	0.162122   	0.162475   	2.98729    	3.71352    	0.162242   	0.161915   	2.89998    	2.96787    	0.167538   	0.16768    	3.60729    	3.31606    	0.143802   	0.144076   	2.94866    	3.55873    	0.158698   	0.157602   	3.82711    	3.71912    	0.17244    	0.172731   	3.58923    	4.48521    	0.160199   	0.16081    	3.72217    	3.01842    	0.17753    	0.177537   	18.0865	16.0716	18.0134	15.8356	16.2665	16.2364	16.7945	15.9218	17.0348	16.8695	15.1668	17.4528	17.7116	16.4315	17.5482	3.08852e-06	5.1145e-06 	1          	0.849713   	0.141891   	0.142987   	0.42351    	0.423509   	1.6559	
7e-11      	5.6        	0.00158859 	-0.00238762	0.999951   	0.828413   	-0.000145432	0.00177689 	0.99995    	0.828329   	-0.00147948	0.000661174	0.999952   	0.828376   	-0.00110214	0.00153692 	0.999926   	0.828326   	0.00152542 	0.00173984 	0.999933   	0.828421   	-0.000438983	-0.00321596	0.999942   	0.828364   	-0.000487298	0.0016968  	0.999947   	0.82834    	0.00093815 	0.00043936 	0.999949   	0.828444   	-0.000466927	-0.00212162	0.999944   	0.828255   	0.00102577 	0.000162991	0.99995    	0.828438   	-0.000146813	-0.0012418 	0.99995    	0.828404   	-0.000848631	0.00107993 	0.99995    	0.828331   	-0.00109061	-0.000108819	0.999959   	0.828502   	0.00271442 	2.87455e-06	0.999938   	0.828274   	-0.00164264	0.000109644	0.99995    	0.82845    	3.89858    	5.07376    	0.223078   	0.223193   	5.28264    	4.54364    	0.20825    	0.209132   	4.81959    	4.51188    	0.21218    	0.211951   	6.26613    	8.2673     	0.228022   	0.227536   	5.00055    	8.01439    	0.225565   	0.225768   	4.7608     	5.77994    	0.219153   	0.218996   	5.28227    	5.03522    	0.239561   	0.240814   	4.70754    	5.40398    	0.206089   	0.2054     	5.31847    	5.53107    	0.233001   	0.233057   	5.28424    	4.6057     	0.227828   	0.226615   	5.73479    	4.20288    	0.222746   	0.223007   	4.71507    	5.09834    	0.206783   	0.206903   	4.40894    	3.62696    	0.206255   	0.206837   	7.00889    	4.73532    	0.206021   	0.205552   	5.34246    	4.43507    	0.208345   	0.209227   	21.6756	20.0857	19.4658	20.5963	21.6718	21.3496	21.8157	19.7889	21.767	21.4799	20.9782	19.4294	18.7407	19.3516	18.9729	-4.00966e-06	8.6292e-06 	1          	0.828333   	0.146517   	0.148274   	0.55557    	0.555568   	1.44645	
7.5e-11    	5.4        	-0.00337128	0.000746471	0.999939   	0.803473   	0.00133456 	-0.000374789	0.999928   	0.803671   	0.00200063 	-0.000341692	0.999915   	0.803495   	-0.00225619	0.000674817	0.999912   	0.80353    	0.00159797 	0.00247333 	0.999929   	0.803778   	0.000681172	-0.00311511	0.999929   	0.803421   	0.00222254 	0.00127853 	0.99992    	0.803542   	-0.000727355	0.00189041 	0.999892   	0.80344    	-0.00146166	-0.00314788	0.999903   	0.803759   	-0.000591612	0.00134449 	0.999926   	0.803458   	0.00046223 	-0.00193913	0.999929   	0.803406   	8.97923e-05	0.000555577	0.999924   	0.803772   	7.59245e-05	-0.00275446	0.999939   	0.803524   	-0.00162308	0.00195101 	0.999913   	0.803756   	0.00156315 	0.000783029	0.999931   	0.803411   	5.06729    	5.42796    	0.352951   	0.349932   	6.76483    	6.59648    	0.344673   	0.345756   	9.05938    	6.60378    	0.330835   	0.331324   	11.6013    	4.57064    	0.387936   	0.387696   	7.75325    	4.94293    	0.364048   	0.361938   	6.8137     	5.69072    	0.290418   	0.289898   	8.45211    	5.97492    	0.351647   	0.349076   	13.2319    	6.78211    	0.333469   	0.336485   	8.70946    	8.61163    	0.322493   	0.323435   	8.08401    	5.72198    	0.344019   	0.344676   	7.7392     	5.40203    	0.32517    	0.323995   	7.21717    	7.14956    	0.31798    	0.313906   	5.63375    	5.22331    	0.316835   	0.316589   	10.2205    	5.63635    	0.332821   	0.334429   	6.67223    	6.17907    	0.326843   	0.326945   	30.0606	29.5812	27.1201	31.2245	30.1914	24.0319	28.638	28.1017	28.5545	28.7314	27.64	26.1158	28.5152	26.1234	26.8252	5.39834e-08	1.42631e-06	1          	0.8035     	0.141627   	0.144335   	0.746601   	0.746601   	2.44582	
8e-11      	5.2        	0.0047747  	-0.00984437	0.999816   	0.775078   	0.0366504  	0.0159904  	0.998969   	0.77512    	-0.0415153 	-0.0061971 	0.99896    	0.774955   	0.0480483  	0.00482378 	0.998582   	0.775278   	-0.0191534 	0.00827202 	0.999667   	0.775176   	-0.0289282 	-0.0130329 	0.999278   	0.77505    	0.0194884  	0.0128948  	0.999439   	0.77472    	-0.0534311 	-0.00986356	0.998225   	0.775613   	0.0340128  	-0.00290066	0.999244   	0.775353   	-0.038638  	0.00151651 	0.999132   	0.774787   	-0.00920508	-0.00786052	0.999682   	0.774919   	0.0477733  	0.00628455 	0.998609   	0.77558    	-0.0398042 	-0.00888921	0.998935   	0.775044   	0.0375233  	-0.00217164	0.999164   	0.774538   	0.00236227 	0.0110509  	0.999728   	0.775294   	11.8717    	10.0452    	0.466373   	0.459882   	25.9513    	14.6488    	0.380722   	0.35557    	19.5611    	8.2926     	0.532441   	0.519701   	32.6198    	11.5556    	0.585611   	0.545555   	9.70532    	10.5853    	0.546672   	0.558439   	20.9805    	17.5684    	0.470895   	0.471455   	22.4598    	28.1831    	0.563637   	0.548844   	34.7521    	17.6021    	0.531557   	0.480599   	13.0913    	17.4433    	0.528528   	0.506727   	11.5156    	9.53315    	0.827501   	0.760414   	12.7123    	30.3343    	0.495586   	0.484483   	18.4435    	21.9138    	0.542072   	0.521101   	19.771     	21.3271    	0.673024   	0.794714   	12.168     	10.4477    	0.81205    	0.743446   	17.7135    	18.9788    	0.590567   	0.58823    	35.9623	30.5147	34.3956	42.9564	40.3121	36.0806	37.7223	46.3296	36.5873	52.1398	38.8207	41.2102	57.4142	48.3939	47.0341	-4.02201e-06	4.33197e-06	1          	0.774451   	0.151557   	0.151168   	1.31366    	1.31365    	14.0688	
8.5e-11    	5          	0.00305902 	0.00785339 	0.999788   	0.739485   	0.140584   	0.0863811  	0.985516   	0.751142   	-0.142687  	-0.0935711 	0.98456    	0.755455   	0.158972   	0.100296   	0.9815     	0.757579   	-0.0358982 	-0.0271194 	0.998776   	0.741305   	-0.125633  	-0.074629  	0.988812   	0.747891   	0.104112   	0.0546045  	0.992772   	0.743582   	-0.170375  	-0.101956  	0.979392   	0.759115   	0.0699625  	0.0496257  	0.996032   	0.744767   	-0.100288  	-0.0679199 	0.992086   	0.748317   	-0.0696169 	-0.0283712 	0.996902   	0.739777   	0.166751   	0.0944441  	0.980569   	0.758169   	-0.154615  	-0.0905515 	0.982776   	0.75446    	0.124306   	0.0801338  	0.988258   	0.752825   	0.0311674  	0.0108209  	0.999264   	0.738504   	11.2862    	16.9648    	1.22961    	1.21899    	61.4083    	66.1658    	1.14754    	2.04319    	80.8404    	49.5459    	0.699692   	3.65559    	76.468     	38.5163    	1.04697    	4.72306    	22.1819    	11.6483    	1.27252    	1.13745    	32.2801    	40.8426    	1.52997    	1.01113    	25.8592    	20.6277    	1.86718    	1.13406    	82.8003    	37.4309    	1.0927     	6.1987     	36.1643    	9.41364    	1.22527    	1.03364    	64.1319    	26.4856    	1.26458    	2.01343    	22.5062    	20.148     	2.2948     	1.90815    	92.2611    	60.0964    	0.834551   	5.79502    	97.0307    	74.5214    	1.31706    	2.52657    	81.3528    	43.3878    	1.0654     	4.05525    	13.0982    	17.4338    	1.49743    	1.40418    	63.3881	55.2177	70.2191	97.6252	66.8228	79.399	74.2458	121.535	64.2819	79.5192	93.9188	100.609	54.3824	124.933	61.4189	-1.3008e-06	9.23092e-06	1          	0.741126   	0.142149   	0.146049   	3.15813    	3.15811    	75.5252	
9e-11      	4.8        	0.025549   	0.00115129 	0.999551   	0.70367    	0.235327   	0.120367   	0.963533   	0.730925   	-0.253953  	-0.118596  	0.958892   	0.748183   	0.272971   	0.122648   	0.95291    	0.753278   	-0.085525  	-0.0271132 	0.995685   	0.709957   	-0.201376  	-0.101625  	0.973602   	0.719238   	0.161573   	0.0881692  	0.982579   	0.710923   	-0.285773  	-0.130934  	0.947978   	0.755279   	0.14046    	0.0504301  	0.988279   	0.718949   	-0.185321  	-0.0818046 	0.978433   	0.731927   	-0.1083    	-0.0663844 	0.991671   	0.703784   	0.28243    	0.142096   	0.947372   	0.75046    	-0.2631    	-0.133933  	0.954242   	0.741673   	0.224363   	0.102406   	0.968164   	0.740941   	0.041274   	0.0333804  	0.998423   	0.700976   	8.49433    	9.13221    	1.43558    	1.40254    	53.1751    	81.4643    	2.57093    	1.05226    	65.5168    	97.8846    	0.918122   	2.60886    	77.6598    	123.337    	1.27658    	2.10792    	14.0142    	27.8536    	2.16003    	2.47742    	37.8393    	53.8374    	2.35989    	1.50285    	22.2843    	26.2351    	1.68773    	1.33328    	76.5026    	136.019    	0.929034   	1.72436    	23.2753    	55.1702    	2.12113    	2.32609    	50.1267    	78.3706    	2.2867     	2.49445    	11.95      	20.6373    	1.41555    	1.1937     	72.8125    	136.255    	1.94131    	1.77848    	64.6197    	117.072    	2.2689     	1.33142    	56.0876    	92.0436    	1.61124    	2.21781    	13.6121    	10.352     	1.55986    	1.56413    	100.256	129.487	68.7115	81.5016	148.795	122.787	102.963	60.0619	128.913	142.55	90.9344	115.874	124.58	112.368	98.4479	1.56689e-05	1.18686e-05	1          	0.708332   	0.138431   	0.142157   	1.09461    	1.0946     	14.6532	
9.5e-11    	4.6        	0.0398423  	-0.0192938 	0.998911   	0.674238   	0.367498   	0.0404892  	0.928727   	0.725456   	-0.394865  	-0.0218421 	0.917821   	0.74352    	0.421837   	0.027833   	0.905687   	0.750492   	-0.143778  	0.00574347 	0.989386   	0.684248   	-0.308099  	-0.0349952 	0.950423   	0.707983   	0.237129   	0.0325541  	0.970749   	0.693288   	-0.433905  	-0.0378366 	0.899619   	0.754437   	0.233751   	0.00828798 	0.971955   	0.697428   	-0.30554   	-0.0128687 	0.951756   	0.714596   	-0.149638  	-0.0290255 	0.988121   	0.679289   	0.425985   	0.0387385  	0.90323    	0.750915   	-0.404816  	-0.0410531 	0.912823   	0.740516   	0.355674   	0.0194959  	0.933841   	0.731719   	0.058999   	0.0236719  	0.997839   	0.671896   	3.42765    	11.1119    	2.91403    	3.00321    	44.6956    	21.3332    	2.2991     	8.98634    	58.0688    	39.2883    	3.3394     	2.91776    	58.0065    	26.8158    	2.77601    	4.42327    	11.2292    	17.3278    	3.69707    	4.10711    	30.7541    	11.5482    	3.20695    	5.47702    	17.8037    	8.38004    	2.96007    	4.0417     	53.7405    	29.3668    	2.78489    	4.3295     	23.3254    	20.3989    	2.11268    	3.44483    	29.3546    	18.4653    	2.86163    	2.82965    	16.8568    	9.86217    	2.3878     	3.24716    	66.5483    	37.8377    	1.96305    	6.72006    	65.4438    	35.6779    	3.09636    	9.0338     	52.049     	29.6337    	4.71422    	3.5347     	8.75793    	9.61497    	3.0686     	3.17843    	162.754	139.129	169.697	141.075	200.366	193.827	177.23	141.664	124.307	148.001	143.711	106.098	178.974	241.88	177.173	8.19367e-06	-8.0915e-06	1          	0.676516   	0.135177   	0.141132   	0.916542   	0.916543   	9.57625	
1e-10      	4.4        	0.056926   	-0.0327593 	0.9976     	0.656231   	0.462055   	0.0151891  	0.886406   	0.725557   	-0.504359  	0.0142971  	0.862735   	0.739031   	0.529746   	-0.00481026	0.84734    	0.7508     	-0.176777  	0.0230628  	0.983635   	0.667346   	-0.398766  	-0.0168062 	0.916694   	0.701309   	0.312368   	0.0143724  	0.949655   	0.682195   	-0.545301  	0.000665504	0.837547   	0.754385   	0.289383   	-0.0149751 	0.956785   	0.685209   	-0.38029   	0.013613   	0.924461   	0.703554   	-0.202647  	-0.0239399 	0.978703   	0.663892   	0.534491   	0.00848598 	0.844623   	0.752118   	-0.508741  	-0.012298  	0.860357   	0.741722   	0.455546   	-0.0123678 	0.889605   	0.723582   	0.073023   	0.0273382  	0.996767   	0.655718   	11.9268    	18.6275    	6.29762    	6.5127     	35.0699    	15.7532    	4.6077     	12.4718    	61.2735    	18.4357    	11.673     	2.86333    	82.4439    	26.5964    	9.77317    	6.58669    	32.9195    	14.8776    	3.0533     	6.3507     	18.5325    	13.4272    	4.41975    	9.46362    	14.522     	13.5846    	8.79978    	11.4004    	66.2073    	27.6493    	8.51044    	5.68186    	33.3109    	9.58517    	2.09644    	3.97049    	34.2286    	7.31235    	2.40759    	2.76278    	10.3063    	22.1235    	8.90583    	9.00336    	40.3545    	30.1155    	4.79567    	3.96461    	42.6838    	27.0373    	3.24084    	7.09315    	47.9723    	17.912     	8.40372    	3.02245    	10.389     	12.8871    	10.4972    	10.0512    	320.099	247.383	541.016	457.416	173.522	221.78	435.187	404.926	120.409	124.411	433.215	238.186	164.225	404.635	528.691	4.20355e-06	1.70953e-06	1          	0.645098   	0.145447   	0.13989    	0.699402   	0.699395   	5.4396	
1.05e-10   	4.2        	0.102049   	-0.0321764 	0.994069   	0.637132   	0.499554   	-0.0396315 	0.865185   	0.720167   	-0.586178  	0.0678946  	0.807174   	0.725136   	0.61209    	-0.0679971 	0.787699   	0.74171    	-0.235138  	0.0437021  	0.970822   	0.647111   	-0.432085  	0.03164    	0.901078   	0.698612   	0.328973   	-0.0143369 	0.944057   	0.671223   	-0.609698  	0.0654591  	0.789637   	0.748226   	0.355599   	-0.0594978 	0.932569   	0.662052   	-0.453068  	0.0654444  	0.888819   	0.681971   	-0.201888  	-0.0054242 	0.979241   	0.649697   	0.590824   	-0.0550729 	0.804737   	0.744836   	-0.552296  	0.0443992  	0.83232    	0.737655   	0.532452   	-0.067381  	0.843485   	0.701592   	0.0536985  	0.0224121  	0.998112   	0.637347   	8.74355    	13.6522    	3.74067    	3.71465    	7.15897    	16.5453    	3.07426    	1.76648    	7.86784    	11.3127    	2.37985    	1.86272    	7.21289    	12.6909    	2.08691    	1.54771    	8.72914    	9.93343    	2.91386    	2.90771    	9.91996    	15.7086    	2.0975     	2.01332    	20.1059    	6.07169    	3.53481    	8.01287    	16.1996    	16.3536    	6.52504    	1.58848    	4.23       	16.1628    	3.0037     	2.57658    	7.60918    	22.8189    	3.73552    	3.73975    	8.42917    	10.5833    	2.54107    	3.03949    	9.70323    	11.4824    	4.34979    	1.84442    	4.89759    	13.4863    	3.18979    	2.34163    	14.6936    	19.7856    	3.8087     	3.05875    	8.67631    	14.2549    	2.49017    	2.39256    	192.733	151.677	121.692	96.4917	135.945	117.209	177.344	298.328	148.594	171.415	135.378	199.011	154.515	182.409	129.801	9.464e-06  	-2.1154e-07	1          	0.613945   	0.143975   	0.138616   	0.668808   	0.668805   	4.64022	
1.1e-10    	4          	0.110912   	-0.0495106 	0.992401   	0.618306   	0.547477   	-0.0509691 	0.834981   	0.70713    	-0.639064  	0.0937051  	0.763188   	0.713636   	0.671722   	-0.0882018 	0.735263   	0.728985   	-0.262581  	0.0615199  	0.96272    	0.633144   	-0.472409  	0.0367044  	0.880257   	0.684934   	0.369109   	-0.0269107 	0.928511   	0.660696   	-0.677455  	0.0851413  	0.730385   	0.736419   	0.391947   	-0.0688608 	0.91707    	0.651249   	-0.493291  	0.0829317  	0.865752   	0.675619   	-0.240175  	0.00569216 	0.970566   	0.636297   	0.662641   	-0.0811807 	0.744417   	0.733591   	-0.612095  	0.0661548  	0.787815   	0.724594   	0.584125   	-0.0945359 	0.806008   	0.693743   	0.0625405  	0.0280283  	0.997491   	0.620104   	13.5193    	8.61167    	8.62621    	9.02377    	12.7801    	11.7468    	12.8122    	2.45074    	17.1404    	11.0322    	5.14873    	6.46409    	16.9723    	11.9009    	5.94415    	3.9304     	14.1806    	8.52304    	22.8697    	19.9125    	24.2957    	7.03046    	14.8309    	2.86608    	37.0489    	10.2635    	15.2169    	4.89695    	11.9632    	9.59436    	7.8072     	2.10214    	17.1457    	7.11338    	31.1014    	16.7826    	5.41039    	5.89283    	15.002     	8.85394    	8.75794    	6.82878    	6.05789    	4.76259    	7.35276    	4.75932    	4.18158    	3.61891    	8.93014    	7.8463     	10.0549    	3.01306    	6.73677    	7.53411    	7.98936    	7.36101    	10.2251    	7.66464    	2.31651    	2.49574    	357.58	525.575	224.002	249.766	936.203	606.496	623.8	334.692	1282.92	616.878	259.722	165.31	411.088	329.904	111.201	2.69384e-05	3.75208e-06	1          	0.582865   	0.143631   	0.145502   	0.603824   	0.603816   	3.63342	
1.15e-10   	3.8        	0.0880755  	-0.0444946 	0.994975   	0.595118   	0.6061     	-0.0753651 	0.791604   	0.680686   	-0.659534  	0.111052   	0.743238   	0.705071   	0.708892   	-0.114466  	0.695558   	0.719036   	-0.245045  	0.0631696  	0.967189   	0.620642   	-0.540434  	0.0649596  	0.838701   	0.661773   	0.456675   	-0.0528096 	0.887773   	0.634052   	-0.726227  	0.112903   	0.677882   	0.722858   	0.362687   	-0.0737518 	0.928647   	0.648554   	-0.479476  	0.0829756  	0.872804   	0.667255   	-0.320181  	0.0307741  	0.945997   	0.608331   	0.715434   	-0.103055  	0.690825   	0.719161   	-0.675623  	0.0856389  	0.732019   	0.70074    	0.583697   	-0.096383  	0.805739   	0.689715   	0.119869   	0.0105783  	0.992203   	0.590697   	4.85452    	9.86237    	6.65334    	6.45043    	10.1442    	10.5398    	4.71614    	3.29254    	8.86114    	10.0633    	4.02181    	2.63717    	12.6084    	14.2127    	18.6013    	2.37895    	8.2215     	21.6416    	8.68367    	9.94237    	3.92721    	14.0339    	8.62077    	7.85244    	22.3066    	8.69494    	3.41737    	4.00645    	10.2083    	13.1241    	4.54801    	3.12131    	21.9202    	16.4251    	5.72085    	5.04936    	54.5208    	20.4382    	22.1139    	3.64339    	54.2318    	23.2084    	16.6022    	5.9537     	6.9995     	14.0975    	5.34411    	3.97772    	3.51205    	16.6739    	7.07383    	2.36036    	30.0051    	11.5877    	16.9665    	3.06315    	36.3449    	14.9588    	6.82526    	4.36937    	245.843	208.136	158.32	750.905	342.502	352.985	136.147	201.78	232.088	854.47	631.5	227.467	284.092	671.22	241.08	-5.67094e-05	3.81418e-05	1          	0.55167    	0.158839   	0.143053   	0.627391   	0.627386   	3.82358	
1.2e-10    	3.6        	0.0548674  	-0.0176251 	0.998028   	0.568977   	0.667414   	-0.106074  	0.736786   	0.661571   	-0.678238  	0.115525   	0.725327   	0.694031   	0.752437   	-0.129161  	0.645478   	0.699284   	-0.25877   	0.0502235  	0.964367   	0.610326   	-0.57384   	0.0923741  	0.813512   	0.639297   	0.536421   	-0.0846196 	0.839265   	0.607801   	-0.748207  	0.124309   	0.651331   	0.725482   	0.354996   	-0.063146  	0.93245    	0.619318   	-0.449889  	0.0757313  	0.889559   	0.672372   	-0.366202  	0.0603919  	0.928327   	0.568667   	0.759841   	-0.127341  	0.637091   	0.678009   	-0.67091   	0.107633   	0.733305   	0.716479   	0.644309   	-0.115878  	0.754435   	0.633225   	0.138968   	-0.00878112	0.989992   	0.559863   	20.2525    	9.67919    	4.39719    	4.89798    	8.27838    	8.36503    	14.5787    	2.13199    	8.97416    	16.9567    	16.9391    	4.22924    	5.43667    	21.941     	11.8128    	2.37063    	9.67043    	17.8212    	6.39213    	6.01425    	5.58408    	8.08478    	12.5514    	3.97181    	18.8831    	5.80257    	18.6131    	3.96071    	5.53951    	16.5836    	27.7142    	11.2762    	22.3005    	11.6982    	4.35827    	8.69316    	11.1831    	25.4185    	9.42914    	9.6427     	14.1388    	5.93546    	5.4604     	3.71605    	6.31444    	20.2454    	14.5146    	4.5006     	5.33575    	11.6339    	87.4323    	62.7824    	6.45664    	41.256     	136.283    	50.2525    	4.32052    	19.7123    	7.70418    	7.5727     	163.426	540.289	758.187	451.68	245.52	500.418	647.025	1104.38	154.919	433.373	221.038	544.967	3451.27	4785.77	342.696	0.00206756 	-0.000274782	0.999997   	0.519677   	0.692961   	0.155682   	0.963239   	0.961632   	5.4334	
1.25e-10   	3.4        	-0.086101  	0.000430037	0.994859   	0.53359    	0.805291   	-0.156671  	0.567427   	0.578601   	-0.567609  	0.121852   	0.811799   	0.71568    	0.840025   	-0.194049  	0.503644   	0.601599   	-0.296139  	0.0851011  	0.951158   	0.628948   	-0.484832  	0.0935431  	0.867356   	0.62591    	0.537767   	-0.0324518 	0.840774   	0.510596   	-0.640143  	0.128603   	0.751862   	0.758539   	0.449554   	-0.166936  	0.874364   	0.509512   	-0.451958  	0.107457   	0.885292   	0.704453   	-0.309108  	0.0346792  	0.949991   	0.556017   	0.854464   	-0.166741  	0.489494   	0.593786   	-0.605904  	0.123417   	0.78554    	0.74286    	0.777962   	-0.22367   	0.585038   	0.540801   	0.0868835  	0.0465676  	0.994611   	0.5458     	98.5601    	17.781     	7.61596    	5.30565    	7.67227    	18.1688    	292.73     	68.45      	94.1227    	3.98389    	242.861    	48.2219    	88.0583    	18.0792    	328.792    	270.216    	11.4338    	8.74711    	53.9238    	53.3564    	164.513    	5.156      	56.2172    	2.41678    	160.081    	45.0691    	26.6525    	122.976    	187.47     	15.2762    	578.776    	80.6124    	5.39042    	37.6992    	529.056    	360.711    	4.82081    	8.86973    	49.1369    	30.525     	6.99861    	21.2366    	19.7904    	13.2849    	5.79138    	8.47432    	183.804    	68.6758    	14.0631    	12.7421    	22.9284    	3.51768    	12.0614    	13.4042    	101.687    	18.8722    	28.0894    	13.9859    	13.741     	11.3452    	135.328	8447.82	10583.6	9887.79	3124.89	3121.65	480.275	22669.9	15373.6	2689.75	1133.38	5682.78	1286.95	3050.56	788.483	0.0113442  	-0.00236488	0.999927   	0.481511   	5.46584    	0.46029    	17.9733    	17.7593    	107.149	
1.3e-10    	3.2        	-0.10296   	0.0137889  	0.99444    	0.477641   	0.900853   	-0.145394  	0.408404   	0.462999   	-0.468837  	0.0786528  	0.879607   	0.730182   	0.930873   	-0.191822  	0.308816   	0.468261   	-0.312728  	0.063199   	0.947653   	0.618103   	-0.345358  	0.0740549  	0.935269   	0.61967    	0.475007   	-0.00235329	0.879581   	0.41235    	-0.501617  	0.0914707  	0.860118   	0.766901   	0.599001   	-0.202451  	0.774174   	0.370328   	-0.40665   	0.0808044  	0.909834   	0.701046   	-0.232984  	0.0331013  	0.971489   	0.585932   	0.96117    	-0.172401  	0.20772    	0.471757   	-0.505666  	0.100212   	0.85651    	0.737231   	0.857726   	-0.226765  	0.460055   	0.436951   	0.0555788  	0.0445132  	0.997239   	0.476844   	5.28382    	5.68003    	8.2212     	9.21552    	7.01649    	15.2926    	9.48272    	14.8268    	2.94674    	13.5111    	13.6181    	7.01183    	3.64732    	36.7625    	8.35405    	6.436      	2.70964    	5.29493    	3.12291    	2.1458     	4.05163    	21.7456    	6.09014    	3.00811    	7.39602    	12.4191    	1.87996    	4.24865    	5.69925    	13.0102    	1.42382    	1.8828     	4.71871    	13.797     	4.45884    	5.48779    	12.8384    	9.26074    	1.75228    	1.65001    	10.6375    	16.0187    	55.3325    	41.0139    	6.85808    	38.7466    	74.55      	11.526     	17.7069    	14.3026    	27.3941    	7.93534    	11.3728    	23.3595    	8.677      	8.70556    	11.7415    	5.5261     	33.8671    	36.1893    	180.682	208.052	646.868	198.964	90.1633	326.497	60.2625	115.875	106.733	70.6389	2143.74	1920.72	1364.87	210.943	837.967	0.0226294  	-0.00364524	0.999736   	0.436039   	0.661904   	0.175524   	7.03465    	6.95911    	29.5059	
1.35e-10   	3          	-0.0810312 	-0.042475  	0.995309   	0.430377   	0.967969   	-0.0459244 	0.242911   	0.325282   	-0.361001  	0.0435302  	0.931377   	0.707763   	0.982973   	-0.164239  	0.0673859  	0.345235   	-0.252778  	0.0769943  	0.96419    	0.595956   	-0.269165  	0.0129332  	0.962802   	0.597128   	0.449978   	0.0601586  	0.890643   	0.333745   	-0.396674  	0.0446823  	0.91672    	0.730394   	0.628136   	-0.209603  	0.748844   	0.273971   	-0.320861  	0.059727   	0.945113   	0.677405   	-0.16933   	-0.0151413 	0.98532    	0.578625   	0.985323   	-0.10139   	-0.13222   	0.352476   	-0.390529  	0.0478655  	0.919092   	0.707797   	0.932294   	-0.21413   	0.284893   	0.306951   	0.0425442  	0.0657791  	0.996525   	0.429642   	2.9742     	23.9847    	1.70417    	1.73807    	14.6189    	30.3068    	7.61204    	21.4679    	13.4997    	10.233     	1.13804    	1.11509    	23.3393    	30.2117    	9.9067     	23.6037    	7.49895    	19.1916    	0.743798   	0.694848   	7.17908    	13.4279    	0.859797   	0.75672    	5.74536    	7.80761    	2.68526    	5.45008    	15.723     	7.42604    	0.868422   	1.91164    	7.2656     	6.43531    	4.54282    	10.078     	9.11467    	7.27362    	0.856274   	0.803449   	5.52624    	6.44752    	0.68542    	0.735792   	19.7022    	16.5943    	10.2442    	19.5354    	21.341     	14.6504    	1.1037     	2.45804    	22.6447    	46.6942    	7.82443    	24.761     	2.72649    	18.9763    	1.39705    	1.42878    	43.3996	159.275	180.52	242.668	94.6543	106.247	50.4687	146.942	84.7554	133.83	74.2908	237.611	162.659	166.288	37.681	0.0247979  	-0.00307839	0.999687   	0.389573   	0.209463   	0.303756   	11.1036    	11.0765    	13.0903	
1.4e-10    	2.8        	0.0195529  	-0.00571588	0.999381   	0.39413    	0.884791   	-0.0477054 	-0.390408  	0.061386   	-0.0986509 	0.00865697 	0.99365    	0.665231   	0.628099   	-0.131157  	-0.73598   	0.126865   	-0.0787897 	0.0201165  	0.995933   	0.567969   	-0.0657539 	0.00942521 	0.996911   	0.566878   	0.142511   	-0.00808781	0.986355   	0.23924    	-0.0999293 	0.011578   	0.993311   	0.677482   	0.266541   	-0.0427192 	0.951746   	0.141818   	-0.0747728 	0.0110628  	0.996045   	0.647353   	-0.0233117 	-0.00148069	0.99933    	0.561606   	0.336472   	-0.036258  	-0.918248  	0.188723   	-0.0976289 	0.006469   	0.993584   	0.659269   	0.943656   	-0.15556   	-0.210775  	0.0664546  	0.00767638 	0.011372   	0.999553   	0.39399    	11.9815    	7.11249    	0.816571   	0.9512     	326.512    	9.43469    	9.80982    	305.489    	185.152    	7.30705    	0.569085   	4.0894     	330.906    	18.3046    	15.0893    	200.635    	58.9048    	13.9027    	0.463082   	1.2439     	80.3067    	4.32331    	0.289205   	1.17544    	61.1986    	9.87199    	3.54733    	13.335     	221.27     	8.36536    	1.23386    	8.41218    	85.7143    	14.6798    	3.99133    	30.5918    	131.039    	5.8998     	0.540554   	1.58567    	32.1352    	4.62161    	0.291564   	0.287918   	344.347    	5.59716    	15.9634    	79.0534    	209.486    	5.396      	0.651376   	5.09206    	241.885    	11.4728    	9.61909    	235.267    	7.21878    	8.86376    	0.736133   	0.765347   	25.2795	155.491	149.961	288.622	114.791	108.64	28.9022	146.611	51.1789	153.749	94.1652	331.88	146.02	164.81	26.6787	0.00247417 	-0.000123806	0.999986   	0.346532   	5.6718     	0.228767   	17.5793    	17.7242    	19.2387	
1.45e-10   	2.6        	-0.000131255	-0.000215913	0.999837   	0.381678   	0.0695348  	-0.048041  	-0.976203  	0.0454947  	-0.00520466	0.00366996 	0.99986    	0.644588   	0.0268481  	-0.0378656 	-0.993766  	0.127535   	-0.00357086	0.00593585 	0.999847   	0.55479    	-0.00272445	0.00238123 	0.999895   	0.555509   	0.0189613  	-0.00479746	0.998896   	0.212796   	-0.00915974	-0.00245592	0.999852   	0.65905    	0.0188792  	0.0243817  	0.996361   	0.112922   	-0.00485145	-0.00216225	0.999906   	0.639918   	0.000298298	0.00159465 	0.999934   	0.553563   	0.0151385  	0.00340712 	-0.998809  	0.212351   	-0.00607585	0.000300546	0.999876   	0.643181   	0.0951172  	-0.0081225 	-0.966719  	0.0439832  	-0.00141447	0.00128486 	0.999834   	0.381911   	3.26015    	3.72118    	0.181206   	0.182132   	6.56857    	6.09216    	0.301683   	0.555527   	8.37389    	6.37323    	0.262308   	0.322551   	15.965     	8.49382    	0.569603   	0.33077    	6.18975    	5.4558     	0.143623   	0.156058   	5.86688    	3.04901    	0.17799    	0.17772    	7.38628    	4.77982    	0.282198   	0.317411   	10.0782    	3.16453    	6.37041    	6.4771     	6.38853    	5.54586    	5.56363    	5.54368    	7.08791    	2.45125    	0.135125   	0.134097   	2.89569    	2.89583    	0.140701   	0.140664   	9.34731    	4.71516    	0.659249   	0.601302   	8.56374    	4.26563    	0.20063    	0.22249    	12.6391    	4.74867    	0.41677    	0.864293   	3.68996    	3.34341    	0.178034   	0.179063   	7.96556	6.33544	8.01527	8.66841	7.8112	10.0109	6.90764	120.066	126.402	9.19389	8.56276	12.8678	7.13093	7.31582	9.93966	3.32029e-05	4.27722e-05	0.999999   	0.327534   	0.145631   	0.156816   	0.721979   	0.721984   	3.93393	
1.5e-10    	2.4        	-6.10144e-05	-0.000385087	0.999865   	0.370504   	0.00594358 	0.00767906 	-0.994067  	0.0620366  	-0.000535935	-0.000577361	0.999965   	0.635311   	0.00459498 	0.00749721 	-0.999016  	0.146809   	-0.000364349	-0.000807295	0.999949   	0.545172   	-0.000808327	-0.00124216	0.999944   	0.54636    	0.00303027 	0.00305732 	0.999558   	0.198205   	-0.00100874	-0.00103602	0.999963   	0.634278   	0.000293128	0.000575088	0.998093   	0.112436   	0.000543696	-0.000162222	0.999963   	0.632366   	-0.000513384	0.000700691	0.999937   	0.544521   	-0.000198432	-0.00166931	-0.999553  	0.232995   	-0.00080178	-0.000281458	0.999965   	0.634565   	-0.0155864 	0.00690462 	-0.993841  	0.0610042  	0.00388332 	-0.000806553	0.999866   	0.37054    	3.19551    	2.21807    	0.143938   	0.143265   	3.50776    	3.1401     	0.19085    	0.197788   	2.24848    	1.82796    	0.107587   	0.107792   	2.62983    	3.35695    	0.210957   	0.217653   	1.9653     	2.47222    	0.118446   	0.118948   	2.5473     	2.25012    	0.116515   	0.116792   	2.57222    	2.4086     	0.163974   	0.163578   	2.17658    	2.04682    	0.109355   	0.109827   	3.1468     	3.94464    	0.167378   	0.18132    	2.08419    	2.19882    	0.106556   	0.106607   	2.39786    	3.06526    	0.126569   	0.127322   	3.73279    	3.36018    	0.218435   	0.219453   	2.26952    	1.8193     	0.12729    	0.127226   	4.24692    	2.32342    	0.250816   	0.259505   	2.34338    	2.75016    	0.140969   	0.14026    	4.65152	4.1957	4.90978	4.39631	4.38965	5.27743	4.43694	4.76041	4.1956	4.66337	5.05851	4.56544	5.3453	5.13164	4.81645	7.19495e-06	-3.9657e-05	0.999999   	0.314788   	0.137924   	0.135336   	0.193649   	0.193648   	1.97507	
1.55e-10   	2.2        	-0.00185513	-0.00154557	0.99988    	0.359463   	0.0048594  	0.0109866  	-0.996826  	0.0754699  	0.000397231	-0.000316272	0.999965   	0.625103   	-0.00308577	-0.0054324 	-0.999244  	0.161551   	0.000817362	0.000498233	0.99995    	0.534852   	3.84474e-05	0.00115882 	0.999945   	0.536168   	-0.00120228	-0.00512639	0.999535   	0.185774   	0.00172658 	0.000365073	0.999963   	0.6248     	-0.00865927	0.00725463 	0.998354   	0.0990818  	0.000845144	0.000330372	0.999967   	0.622801   	0.000516716	9.23094e-05	0.999957   	0.534324   	-0.00304457	-0.000819424	-0.999729  	0.247886   	7.52938e-05	0.000567014	0.999957   	0.624874   	0.00065242 	-0.0142131 	-0.996758  	0.0750628  	-0.000267028	0.00209894 	0.999892   	0.359291   	2.09256    	2.32824    	0.138489   	0.137523   	2.41121    	2.78373    	0.154978   	0.164308   	1.92452    	2.06967    	0.118611   	0.119125   	2.66685    	2.96626    	0.18331    	0.18202    	1.69132    	2.47383    	0.131019   	0.131222   	2.22895    	2.30737    	0.124108   	0.124077   	1.88696    	2.68579    	0.137973   	0.141862   	2.11826    	1.89186    	0.115034   	0.115249   	2.00873    	2.54307    	0.148129   	0.148811   	2.1297     	1.52382    	0.112113   	0.111961   	1.83036    	1.794      	0.132242   	0.133021   	2.48193    	2.30623    	0.172826   	0.175177   	2.65927    	2.28148    	0.113449   	0.113448   	2.53965    	2.651      	0.173716   	0.175351   	2.10164    	1.90288    	0.136945   	0.136895   	3.95609	3.28852	3.99549	3.68063	4.11125	4.60424	3.76413	4.10436	3.76582	3.95624	4.45638	3.28971	4.10154	3.92918	3.94826	-9.74872e-06	3.87553e-05	0.999999   	0.303116   	0.131257   	0.136201   	0.161672   	0.161678   	1.64414	
1.6e-10    	2          	0.000498029	-0.00169882	0.999857   	0.347157   	0.000702876	0.00121178 	-0.998181  	0.0874732  	-0.000346671	0.00086833 	0.999959   	0.613161   	0.00700769 	-0.00011606	-0.999324  	0.17417    	-0.00209718	0.000274107	0.999931   	0.522778   	-0.000252945	-0.000301945	0.999932   	0.524218   	-0.00132649	-0.00389927	0.999497   	0.173204   	0.000378849	0.000192189	0.999963   	0.6132     	-0.000341635	0.00663723 	0.998023   	0.086639   	0.000454507	-0.000946834	0.999966   	0.611145   	-0.000143874	0.00159892 	0.999945   	0.52223    	-0.000775254	-0.0010293 	-0.99975   	0.260576   	-0.000825098	-9.30252e-05	0.999962   	0.613206   	0.00117129 	0.0102745  	-0.997524  	0.0877258  	0.000870589	-0.00266025	0.999863   	0.347217   	2.11277    	2.87779    	0.14062    	0.140331   	1.8947     	2.19214    	0.155129   	0.160161   	2.00501    	2.43532    	0.124128   	0.123154   	2.22371    	3.56352    	0.161266   	0.160384   	2.62248    	2.692      	0.14008    	0.140989   	2.28741    	3.20061    	0.130219   	0.130675   	1.90179    	2.45174    	0.145436   	0.147479   	1.82088    	2.28094    	0.118191   	0.118428   	2.25895    	2.0517     	0.146268   	0.151676   	1.70825    	1.97136    	0.126377   	0.126241   	2.26769    	2.02733    	0.121218   	0.121378   	2.54252    	2.41525    	0.1306     	0.129965   	2.32327    	1.80135    	0.126527   	0.125849   	2.89132    	2.57111    	0.153772   	0.154514   	2.21351    	2.4903     	0.146171   	0.146449   	3.94994	3.42135	3.92547	3.22582	4.23229	4.04805	3.90089	4.06896	3.2052	4.03538	3.84107	3.05731	3.82506	3.27676	3.64384	-2.40348e-05	-1.37827e-05	0.999999   	0.290948   	0.133478   	0.134508   	0.16198    	0.161987   	1.6103	
1.65e-10   	1.8        	-0.00220535	0.00185272 	0.99978    	0.332759   	0.00548116 	0.0113252  	-0.997925  	0.0994875  	0.000278689	-0.00304545	0.999941   	0.59825    	0.00431694 	0.00239795 	-0.999419  	0.186188   	-0.000350689	-0.00157118	0.999937   	0.507624   	-0.00120791	0.000753958	0.999927   	0.509649   	0.000881036	0.00467471 	0.999275   	0.159503   	-0.000207337	-0.000430693	0.999946   	0.598688   	0.00112673 	-0.00676526	0.996353   	0.0732521  	0.000569713	-0.000172752	0.999949   	0.596262   	-0.00101653	-0.000946235	0.999926   	0.5072     	0.000570496	0.00211118 	-0.999769  	0.271949   	0.00146008 	-0.00144247	0.999941   	0.598563   	-0.01445   	0.00906785 	-0.998173  	0.100093   	0.00169567 	-5.68974e-05	0.999816   	0.332697   	2.96276    	4.02914    	0.143505   	0.143759   	2.49021    	3.30396    	0.158213   	0.16159    	2.65725    	3.03538    	0.143459   	0.143296   	2.51555    	3.26789    	0.157877   	0.159557   	2.32891    	2.34255    	0.174339   	0.173964   	2.45597    	3.05517    	0.150455   	0.150433   	2.50771    	2.81765    	0.158725   	0.158652   	2.67721    	2.99452    	0.146813   	0.147299   	2.89033    	2.82682    	0.153829   	0.16451    	2.78631    	2.45656    	0.146597   	0.145831   	3.39376    	2.10265    	0.160362   	0.161006   	2.50668    	2.4513     	0.152851   	0.152866   	2.83382    	3.12038    	0.176689   	0.176878   	2.71056    	2.2325     	0.135734   	0.139408   	3.20406    	2.71898    	0.180477   	0.181669   	3.95361	3.71191	4.14442	3.31536	3.96995	3.92454	3.70305	4.14664	3.8437	4.32055	3.85024	3.81246	4.34789	3.684	3.86876	1.27068e-05	-9.0868e-06	0.999999   	0.277102   	0.139644   	0.144503   	0.236647   	0.236644   	1.77135	
1.7e-10    	1.6        	-0.00333312	-0.00225795	0.999731   	0.314578   	-0.00325029	-0.000863168	-0.997792  	0.112696   	0.00254433 	0.00126457 	0.999909   	0.579041   	0.00126976 	-0.00321156	-0.999431  	0.198876   	-0.00209589	0.00087923 	0.999872   	0.488084   	0.00147356 	0.000594974	0.999893   	0.490927   	0.000305092	-0.000642453	0.998251   	0.142936   	-0.00156591	0.00347697 	0.999889   	0.579942   	0.0148635  	-0.0343314 	0.990819   	0.0579363  	-0.000646793	0.00203548 	0.999918   	0.576533   	0.00269454 	0.000183003	0.999889   	0.487418   	-0.00315794	-0.00447714	-0.999702  	0.283252   	0.00343932 	-0.000226304	0.999896   	0.579361   	-0.019307  	-0.00450087	-0.997893  	0.113939   	0.000487392	0.0023598  	0.999635   	0.314711   	3.57608    	4.00449    	0.218291   	0.218437   	3.63862    	4.60504    	0.163202   	0.186553   	4.67363    	3.83146    	0.193455   	0.192885   	3.82013    	2.7118     	0.173907   	0.174176   	4.33553    	4.45256    	0.232172   	0.234237   	3.67736    	3.78411    	0.238809   	0.237105   	3.99554    	6.48464    	0.21014    	0.216368   	4.26886    	5.94813    	0.215591   	0.216611   	4.59181    	3.78397    	0.217522   	0.242966   	4.22142    	3.5774     	0.195077   	0.195012   	3.4155     	4.0838     	0.237669   	0.238198   	2.15137    	4.49757    	0.147248   	0.148524   	4.4996     	5.17916    	0.247306   	0.245997   	4.22436    	3.05975    	0.193178   	0.202998   	4.72683    	5.79269    	0.217567   	0.216903   	4.70744	4.25119	4.60927	4.34033	4.7774	3.9961	4.40511	5.55871	4.47763	4.49833	5.08738	4.19127	4.81251	4.719	4.6016	-4.68132e-06	2.38806e-06	0.999999   	0.260134   	0.148625   	0.139536   	0.396281   	0.396281   	1.83053	
1.75e-10   	1.4        	0.0129077  	0.00596966 	0.999141   	0.289944   	0.0375705  	-0.0450258 	-0.996296  	0.128758   	-0.0154266 	0.00722182 	0.999613   	0.552681   	0.0322591  	-0.0230865 	-0.998134  	0.214428   	-0.00684949	0.00566232 	0.999698   	0.461271   	-0.00793569	0.0051895  	0.999723   	0.465428   	0.0464162  	-0.0245974 	0.995841   	0.120937   	-0.0177539 	0.00292466 	0.999666   	0.555275   	0.113362   	0.0321766  	0.961762   	0.0381557  	-0.0139836 	0.000626643	0.99969    	0.549859   	-0.00214392	0.00999099 	0.999602   	0.460289   	0.0284497  	-0.017052  	-0.999066  	0.296399   	-0.00889901	0.014487   	0.999665   	0.554298   	0.0335068  	-0.0362252 	-0.99637   	0.1311     	0.00252155 	-0.0107254 	0.999138   	0.289694   	13.0166    	5.67226    	0.344189   	0.355334   	5.16833    	4.47831    	0.206157   	0.230068   	13.2085    	8.4397     	0.340891   	0.348682   	7.80211    	6.73241    	0.288878   	0.295557   	9.93337    	6.42867    	0.390666   	0.389002   	6.59514    	8.13182    	0.326382   	0.335086   	5.20054    	6.76626    	0.353758   	0.388013   	4.1221     	11.3888    	0.371185   	0.370061   	7.0521     	6.84047    	0.289741   	0.699509   	12.6151    	6.14482    	0.40701    	0.418847   	14.9199    	6.57571    	0.423901   	0.425493   	3.86928    	6.02084    	0.210066   	0.214462   	10.4041    	6.70438    	0.391739   	0.388193   	4.83753    	7.34216    	0.241005   	0.270835   	12.8097    	6.92603    	0.362895   	0.376001   	6.01869	5.46361	7.13434	5.76772	6.33225	6.35087	5.51222	8.65423	5.92959	7.10929	5.54679	6.77637	7.0077	5.82693	6.10457	0.000103535	1.03967e-05	0.999999   	0.23767    	0.14645    	0.145817   	0.997983   	0.997967   	2.19812	
1.8e-10    	1.2        	0.0763534  	-0.0182813 	0.994927   	0.246432   	0.204199   	0.272779   	-0.932413  	0.160699   	-0.100766  	-0.0794213 	0.99033    	0.516327   	0.210935   	0.144611   	-0.963585  	0.246403   	-0.0713438 	0.0494031  	0.995381   	0.417186   	-0.0516505 	-0.128403  	0.98906    	0.431984   	0.250697   	0.399143   	0.859826   	0.0943324  	-0.1038    	-0.079298  	0.990468   	0.525071   	0.922561   	0.114477   	0.141258   	0.0310842  	-0.101815  	-0.00935761	0.993919   	0.509513   	-0.0108481 	-0.0818616 	0.995871   	0.414007   	0.175689   	0.112033   	-0.974822  	0.320491   	-0.125808  	-0.0951488 	0.985884   	0.5247     	0.304703   	0.125214   	-0.935825  	0.169901   	0.0568805  	0.124194   	0.98889    	0.249475   	23.5654    	11.2126    	2.913      	2.25751    	21.8621    	36.4611    	0.644939   	6.58279    	74.0578    	34.3796    	1.37385    	0.857666   	21.518     	35.7279    	0.973853   	5.2171     	25.0645    	17.4788    	2.79622    	2.12847    	5.21147    	65.3631    	1.42446    	0.648271   	23.6679    	28.3404    	2.49403    	4.90993    	43.4986    	33.7875    	0.850658   	0.9769     	11.2876    	5.84064    	1.79546    	7.66191    	55.5414    	7.32428    	2.3231     	1.34178    	5.29181    	29.6026    	3.56475    	2.56785    	56.4712    	40.21      	0.334297   	3.05911    	92.83      	34.7098    	0.872165   	1.6691     	62.8932    	9.14582    	1.45363    	9.98464    	7.79506    	22.769     	2.79445    	1.76261    	13.935	11.2221	56.7588	23.7059	32.956	56.3323	7.28229	79.3812	8.64452	46.0635	32.6632	21.5217	63.0012	12.4978	12.09	2.33588e-05	-5.91808e-07	0.999998   	0.201857   	0.147089   	0.149639   	16.1115    	16.1115    	97.9634	
1.85e-10   	1          	0.195347   	0.130515   	0.970171   	0.202335   	0.326311   	0.333559   	-0.883174  	0.193263   	-0.205771  	-0.190734  	0.959613   	0.488991   	0.315568   	0.265683   	-0.910199  	0.289228   	-0.156595  	-0.0383084 	0.986085   	0.372117   	-0.0819335 	-0.154452  	0.984349   	0.395777   	0.656897   	0.552448   	0.502148   	0.07155    	-0.179443  	-0.182561  	0.966248   	0.507725   	0.54082    	0.675184   	-0.468716  	0.076643   	-0.177073  	-0.101413  	0.978382   	0.471762   	-0.0394779 	-0.0744617 	0.996032   	0.363258   	0.284326   	0.202306   	-0.936615  	0.351805   	-0.255319  	-0.138834  	0.956638   	0.501986   	0.403027   	0.240229   	-0.881609  	0.214673   	0.197309   	0.105096   	0.972902   	0.206575   	6.49944    	14.9782    	1.49918    	1.47963    	7.70776    	5.55274    	0.646422   	1.50401    	5.40918    	9.63421    	1.09155    	1.32664    	7.57936    	11.325     	1.1596     	3.53263    	4.78915    	28.5431    	1.45643    	1.29898    	4.27069    	7.11888    	0.96239    	1.13115    	5.14314    	6.23538    	1.42852    	4.30584    	5.74889    	27.0044    	0.763694   	2.00227    	3.62762    	45.2348    	1.48579    	27.4764    	4.45317    	32.5457    	1.27771    	1.45092    	5.1381     	10.8114    	1.43774    	1.54679    	9.04041    	10.021     	0.673155   	2.02255    	10.3224    	3.71454    	0.893963   	0.890943   	4.48602    	14.7598    	1.15608    	2.77586    	7.33452    	14.6746    	1.35945    	1.44271    	9.55299	8.48479	14.2539	10.2279	11.6517	14.3758	8.62537	19.4516	8.78284	17.337	11.1467	11.7702	17.0655	10.484	9.59313	0.000172234	-0.000235588	0.999997   	0.164364   	0.151786   	0.150854   	2.91925    	2.9192     	9.81702	
1.9e-10    	0.8        	0.324974   	0.465155   	0.81098    	0.184576   	0.324345   	0.307297   	-0.893632  	0.212855   	-0.264042  	-0.323173  	0.907678   	0.478004   	0.326178   	0.364442   	-0.87154   	0.329966   	-0.220793  	-0.2581    	0.937356   	0.342302   	-0.0852428 	-0.0877916 	0.991163   	0.361702   	0.861455   	0.0968291  	-0.219917  	0.0436021  	-0.197224  	-0.268923  	0.942548   	0.496397   	0.355794   	0.81114    	-0.45148   	0.158177   	-0.218279  	-0.258396  	0.93953    	0.449093   	-0.0299198 	0.0544786  	0.995333   	0.317502   	0.295752   	0.250743   	-0.921606  	0.375048   	-0.26928   	-0.16001   	0.949312   	0.491218   	0.386269   	0.399549   	-0.829212  	0.286459   	0.116997   	-0.19072   	0.961222   	0.166398   	22.9397    	98.8659    	3.06395    	23.8338    	6.55496    	5.77197    	1.15704    	1.62184    	11.7605    	71.7912    	3.04721    	21.1988    	6.36786    	18.4655    	1.53585    	7.1592     	8.82507    	101.839    	1.57192    	9.48038    	13.3323    	37.0822    	1.30126    	1.49785    	9.47745    	54.8457    	2.76701    	11.8602    	4.22334    	10.5588    	1.44465    	2.29166    	5.34849    	101.329    	1.36044    	69.6109    	7.11765    	84.0393    	1.97636    	8.68302    	7.89835    	72.445     	2.36946    	2.14661    	3.27329    	3.3284     	0.933491   	1.33678    	7.95046    	4.05258    	75.7766    	62.8656    	21.8211    	76.6427    	79.8759    	138.165    	40.6184    	67.1412    	3.11087    	5.15931    	11.2096	13.0555	21.3139	10.5847	10.3111	11.8382	10.9571	17.1388	9.08721	13.9768	13.0265	12.0475	71.867	44.8885	13.7322	6.91908e-05	-0.000130892	0.999996   	0.130252   	0.145613   	0.136942   	1.59891    	1.59889    	3.4686	
1.95e-10   	0.6        	0.445388   	0.697376   	0.558688   	0.168696   	0.330944   	0.365758   	-0.868452  	0.24342    	-0.316218  	-0.430153  	0.845329   	0.485364   	0.341992   	0.43727    	-0.831284  	0.385921   	-0.271883  	-0.441375  	0.854706   	0.32454    	-0.123884  	-0.0769913 	0.988647   	0.339044   	0.455025   	-0.209513  	-0.854246  	0.0634811  	-0.210415  	-0.327789  	0.920878   	0.497621   	0.306038   	0.79615    	-0.520485  	0.22634    	-0.274739  	-0.360509  	0.891201   	0.445789   	0.000671601	0.121093   	0.992232   	0.261819   	0.312402   	0.303581   	-0.8999    	0.403882   	-0.286222  	-0.219884  	0.932378   	0.516639   	0.393659   	0.439058   	-0.807288  	0.380475   	-0.0334429 	-0.384092  	0.918997   	0.125721   	11.0086    	5.01826    	2.67509    	5.52543    	18.8145    	6.50978    	1.67631    	5.45817    	7.5133     	7.25325    	1.81112    	2.97197    	12.1693    	9.22237    	2.8748     	6.86799    	5.85558    	6.28916    	2.03246    	2.65763    	18.2263    	4.01062    	2.91576    	3.51395    	7.4338     	4.6151     	3.43082    	4.29576    	6.31265    	4.286      	3.05378    	4.11725    	5.23368    	7.01409    	5.49494    	5.89104    	3.76658    	5.90258    	1.55207    	2.09163    	5.20634    	2.96687    	2.20626    	2.2103     	5.99603    	4.44036    	1.73214    	2.06174    	12.452     	3.51984    	2.1317     	2.54322    	5.06512    	7.70976    	2.00126    	3.17505    	11.1853    	4.73165    	2.05061    	2.27387    	8.16573	9.19066	12.2554	10.625	8.92385	11.819	9.68934	16.527	10.6956	11.4763	8.90603	9.88046	14.8418	9.99016	8.71164	-0.000474032	2.58148e-05	0.999993   	0.0969972  	0.149692   	0.133258   	1.25787    	1.25789    	2.27503	
2e-10      	0.4        	0.393762   	0.894882   	0.160811   	0.146465   	0.422929   	0.366969   	-0.827168  	0.270414   	-0.351443  	-0.477458  	0.804993   	0.487423   	0.377875   	0.466773   	-0.799214  	0.46018    	-0.279277  	-0.54218   	0.790877   	0.307545   	-0.256566  	-0.142146  	0.953703   	0.331463   	0.517295   	0.0432808  	-0.818067  	0.10124    	-0.276466  	-0.368875  	0.887064   	0.537458   	0.309925   	0.660533   	-0.680293  	0.299289   	-0.300706  	-0.455571  	0.837307   	0.452844   	-0.0899908 	0.157807   	0.980538   	0.202263   	0.350446   	0.375241   	-0.857515  	0.448524   	-0.334875  	-0.284859  	0.897874   	0.49077    	0.360437   	0.514586   	-0.777043  	0.430276   	0.0556802  	-0.663457  	0.736925   	0.115017   	37.877     	7.51819    	17.0576    	4.43009    	20.6342    	6.06657    	4.28479    	6.64908    	6.69933    	12.8364    	6.57975    	8.47444    	20.9236    	26.1377    	19.6751    	48.9052    	26.7589    	7.37667    	5.17792    	3.73628    	69.1067    	14.6254    	5.25832    	19.0574    	53.2194    	17.1662    	27.503     	4.45798    	34.5827    	27.2136    	34.2691    	70.6983    	9.46376    	5.96986    	102.015    	56.3593    	7.50973    	29.4883    	7.61911    	16.3148    	26.3479    	5.50063    	6.27582    	4.95641    	11.0143    	32.2583    	3.91117    	16.4717    	8.75618    	15.2072    	4.07822    	9.07521    	8.72175    	41.3407    	6.01306    	15.9692    	19.6564    	10.7682    	4.86142    	8.93138    	9.41001	26.8453	36.9031	20.834	55.6021	27.9097	10.0431	14.0028	16.4781	31.6494	8.37725	31.0669	10.9995	9.32987	8.97904	-0.000311425	0.000289943	0.999984   	0.0638093  	0.143881   	0.146378   	1.13712    	1.13708    	1.83704	
2.05e-10   	0.2        	0.339959   	0.894909   	-0.227465  	0.118479   	0.464735   	0.382974   	-0.797448  	0.363827   	-0.393753  	-0.478721  	0.783796   	0.522157   	0.383097   	0.45275    	-0.804295  	0.555262   	-0.281699  	-0.549336  	0.781925   	0.277356   	-0.369263  	-0.26608   	0.888538   	0.364967   	0.477466   	0.219897   	-0.843712  	0.181243   	-0.364211  	-0.402661  	0.839106   	0.579762   	0.372254   	0.589668   	-0.712481  	0.330154   	-0.365076  	-0.525306  	0.766311   	0.447391   	-0.244832  	0.0684493  	0.959937   	0.163618   	0.406769   	0.429258   	-0.805275  	0.508621   	-0.396127  	-0.381135  	0.834704   	0.502112   	0.408663   	0.543001   	-0.731311  	0.458439   	0.11729    	-0.94409   	0.257501   	0.0558285  	35.402     	34.303     	7.10278    	11.7231    	31.5644    	67.8746    	62.8586    	135.932    	118.561    	10.4089    	90.7074    	161.188    	131.027    	22.8212    	60.6498    	152.621    	51.3669    	34.0623    	2.54306    	4.15832    	28.6169    	98.1683    	49.7895    	112.902    	6.19978    	67.9253    	34.7733    	54.0277    	100.378    	16.7112    	31.2787    	93.7129    	74.3567    	21.85      	7.5792     	5.5947     	92.6963    	9.79446    	11.0627    	9.3406     	8.28479    	45.3374    	4.23278    	3.05331    	93.4281    	25.4119    	12.2957    	62.7762    	49.7512    	22.7344    	25.3796    	57.8604    	90.0599    	14.566     	17.8497    	19.1456    	12.3835    	43.7672    	6.41396    	50.9249    	18.6351	16.4757	8.7818	46.5315	21.8281	15.5631	8.65147	18.9796	15.2979	12.2286	28.4709	60.7218	19.8318	9.05253	27.3424	-0.000315517	-0.00119112	0.999935   	0.0316037  	0.147301   	0.136421   	0.793205   	0.793262   	2.52274	
2.1e-10    	-0         	0.542436   	0.554299   	-0.619162  	0.126373   	0.493483   	0.367247   	-0.786924  	0.456745   	-0.506956  	-0.413723  	0.754575   	0.576132   	0.451329   	0.377905   	-0.807735  	0.66454    	-0.440837  	-0.440583  	0.780154   	0.274469   	-0.458347  	-0.338222  	0.820648   	0.38964    	0.464134   	0.268361   	-0.839581  	0.239241   	-0.476112  	-0.392059  	0.786309   	0.618258   	0.483246   	0.481128   	-0.729298  	0.376965   	-0.497777  	-0.453395  	0.737714   	0.460535   	-0.40726   	-0.172336  	0.889708   	0.121374   	0.481639   	0.386456   	-0.785565  	0.584895   	-0.48772   	-0.375731  	0.786952   	0.529569   	0.503145   	0.431027   	-0.747375  	0.526795   	-0.335981  	-0.740777  	-0.39948   	0.0337762  	12.4734    	7.18665    	26.7068    	12.4042    	41.036     	32.4289    	10.073     	11.2837    	62.8035    	50.3223    	42.2435    	37.2884    	37.4447    	25.3852    	49.0332    	43.8203    	14.6957    	7.73838    	34.6657    	25.3497    	28.9948    	19.1929    	13.4155    	15.3259    	18.7562    	22.0429    	53.9216    	32.1825    	35.7786    	35.9763    	7.81737    	5.64045    	22.9643    	7.18187    	80.1252    	44.8368    	26.1229    	22.7787    	58.5157    	32.5883    	6.03629    	12.6064    	29.6951    	21.4302    	34.1212    	41.0912    	10.9441    	8.06321    	35.9881    	32.8539    	9.05968    	9.54612    	53.8427    	37.4897    	45.7296    	36.73      	9.03401    	8.69805    	24.584     	12.0118    	11.8617	9.77781	10.5149	13.2433	12.0078	15.0268	8.48122	11.4524	9.05975	9.3704	9.18581	13.6017	9.54078	8.38493	9.9608	0.0572245  	0.0129834  	0.0334008  	0.000443395	0.1425     	0.15072    	0.687414   	0.55379    	1.79347	
